Fp1,Fz,F3,F7,FT9,FC5,FC1,C3,T7,TP9,CP5,CP1,Pz,P3,P7,O1,Oz,P8,TP10,CP6,CP2,C4,T8,FT10,FC6,FC2,F4,F8,Fp2,AF7,AF3,AFz,F1,F5,FT7,FC3,FCz,C1,C5,TP7,CP3,P1,P5,PO7,PO3,POz,PO4,PO8,P6,P2,CPz,CP4,TP8,FC4,FT8,F6,F2,AF4,AF8,O2,P4,C6,C2
1.0,0.7398439656012372,0.6121562314096144,0.6894764964301928,-0.2057080093779646,0.13512149947501034,0.5208585247219469,-0.14533407450110802,0.20789201704064775,-0.016113222706071885,0.1018163860069101,0.11173172141125103,0.40496483790813737,0.5222460151730584,0.23648813991047768,0.5677214838844414,-0.16242332316386193,-0.382163699238495,-0.3778612742232121,-0.3037514429539326,-0.20275789148572373,0.5137010625586939,0.6436367636847661,0.5137010625586939,0.542733128864513,-0.14275814587213762,0.01924867565652167,0.44629865917779094,-0.13632015931779135,0.018413722580769003,0.10279735075571564,0.08715105874804459,0.11148795149287942,0.30092792090999004,0.4557117465453126,0.22368980392880988,0.5392445429913401,-0.06442825221484215,-0.30387282699670387,-0.30142239287557643,-0.29306264024719136,-0.14534112229628587,0.8990604007058831,0.6250939190898889,0.4960394301501193,0.5649854635118595,-0.10795888995482494,0.17178157952917728,0.4006226905511572,0.038103961554297586,0.15789703924228146,-0.007252610399465766,0.22119439463322302,0.15924597339650878,0.3833320836350384,0.43261879205968556,0.26991589931025367,0.5006651083846313,0.020176816717449808,-0.24088557148345274,-0.2416037533777807,-0.23535069369042985,-0.10364389839838534
0.7398439656012372,1.0,0.5701960604073192,0.9562439095199842,-0.012145453679024242,0.2571435208329001,0.7870807917519196,0.01941679069854229,0.3663730489747278,-0.2762944031830458,-0.31547729321488055,0.038675790189918034,0.10767962466919659,0.6207608982791246,0.30916195675467834,0.22404095159644655,-0.06770682105237613,-0.20108226119697084,-0.42474533636595957,-0.022829227014610123,-0.1745006521610431,0.46838091435920576,0.6985877899077734,0.46838091435920576,0.684462668673603,-0.31011713413981484,-0.18392094328297812,0.6419090297087222,-0.27992563416542027,-0.006426550210182351,-0.18861147311547166,-0.32958474896314394,-0.03031925416148127,-0.01300518622042442,0.5430543761538766,0.25904553491094395,0.2385495268064399,-0.0386980788440529,-0.18278727354960983,-0.42334816332372677,-0.032325379644857224,-0.16813782732163865,0.5904414401404156,0.649785968674612,0.4260147018816412,0.6402842723124497,-0.23612306991429183,-0.06386350264887022,0.5877044474894101,-0.11685823393993655,0.07731331787137717,-0.2898426262989777,-0.20149130436391466,0.015950999324461243,0.0907649549750996,0.48603550155592795,0.2677475284993379,0.2066858530885511,0.016481573355420873,-0.1612207234360317,-0.3804379333363573,-0.029942682187465052,-0.13366111382390863
0.6121562314096144,0.5701960604073192,1.0,0.40613456732423414,-0.056610289788174145,0.24315064486849375,0.2788746665167077,0.34583990122595754,-0.08157949394204823,0.2714292987416786,0.18886718533741884,0.5657286931496731,0.15532361756034765,0.15348423532498404,-0.21585563814439285,0.10188685897281129,0.10420801666315131,0.2614194482364474,0.3063778254713694,-0.1487820604485309,0.2997505126535618,0.8497921626049254,0.36417061682553226,0.8497921626049254,0.22590764727393406,-0.20526941022780018,0.020533872425131557,0.17744266699635836,0.07186295644761652,-0.28775647341218574,0.2610854626151297,0.2090473906960302,0.4023868183132444,0.089576739603732,0.11288256551033694,-0.2055402541526765,0.07275098680899486,0.15163030289421933,0.22235191712191738,0.27778860875791106,-0.11966378446125173,0.247089067096582,0.4202084369318463,0.41957236014072496,0.8031920627877018,0.2915434309607113,-0.132454280134182,0.1942102855935207,0.26343119413651156,0.25690310831629765,-0.09074229469759094,0.23062723971988272,0.3499090331205915,0.4179132666646481,0.23883370338450116,0.1461382634082826,-0.10003584775603484,0.14695861321280124,0.21024604406154282,0.20560793047504342,0.29473863535167194,-0.09124818757677157,0.2560087221038593
0.6894764964301928,0.9562439095199842,0.40613456732423414,1.0,0.04381321793298362,0.23006575147614675,0.8691910685182621,0.010625836969744793,0.46317497795771617,-0.36663511954755607,-0.42846546671284297,-0.15332269035297433,0.11951824039388785,0.7054694935402969,0.5186261837349085,0.20941928380582625,-0.055210751103039676,-0.25239509586646985,-0.5558618436601048,0.11668576977198547,-0.3506824107589408,0.27654412234761355,0.6428338409337169,0.27654412234761355,0.7201608492703219,-0.23556479695782798,-0.21237061025099183,0.7281157562999843,-0.3079297509892767,0.09343714549198594,-0.26564365890590524,-0.4583702120725591,-0.18117384227397404,-0.007205381354037315,0.6101710455980512,0.44677361969036555,0.23028018409663997,-0.05452721620581609,-0.2251305670063945,-0.5369983748732106,0.08274697836025441,-0.32010421036671693,0.5426285487321003,0.5972836593738118,0.24166152607767058,0.6709350956419615,-0.14998437855086214,-0.11023199138359396,0.6520165034792654,-0.15573951319211318,0.16511598220500054,-0.3580586006699011,-0.3309659497061606,-0.10598783057741232,0.08169212991147076,0.5349983140833962,0.43076301987612287,0.1822440777702539,-0.0066402677943879305,-0.19473978331802272,-0.48748264624254767,0.08051681088828765,-0.27809099118177616
-0.2057080093779646,-0.012145453679024242,-0.056610289788174145,0.04381321793298362,1.0,-0.06251285798070952,0.16670718431815143,0.24290294279013452,-0.10091341599536482,0.005838751783198531,-0.20510666554331522,0.009241200519878366,-0.12093351571023236,0.1253916346715387,0.14965774483819602,-0.26751247295426445,0.44380558589062813,0.15016939060564616,0.08636403704616975,0.49754945428427816,0.04156659708604819,-0.2411783590676602,-0.24424792365985762,-0.2411783590676602,-0.13687398459559846,0.6614629167336405,-0.19768876081630887,0.12277832115778642,-0.012615387030248993,-0.12684809017069776,-0.06730828349370138,-0.1808317948422176,-0.03384989485889888,-0.049366397225044004,0.0898723382201454,0.0813136158154919,-0.23919733678775754,0.32435236239913984,0.09111986261581065,0.0242796195024478,0.43591512083086736,0.004308515447020044,-0.3034566891463619,-0.18024975513485392,-0.1554358659467274,-0.08128090952295623,0.610913355720079,-0.23615157805236434,0.116714816537133,-0.08354288601010483,-0.1464418957350605,0.010747886778382922,-0.17509575834286667,-0.07558609615136432,-0.0452091407447966,0.06624095005833362,0.05833482050701223,-0.2121878757618508,0.2838125300567529,0.09138452802154644,0.01072134740768314,0.3953417516244368,0.005767092997635617
0.13512149947501034,0.2571435208329001,0.24315064486849375,0.23006575147614675,-0.06251285798070952,1.0,0.263462626165714,0.4870151628939099,0.13660368518370952,0.48233455168722794,0.2622830354764331,0.5096985823189286,0.21916129136737436,0.07262130743051974,0.08835219653360686,0.2787268961741076,0.27985819144104246,0.3393267723220455,0.1907292404830613,0.03146388312198332,0.3920290472952969,0.39371431602402335,0.13382352121090513,0.39371431602402335,0.26323206796606613,0.11524627654797243,0.2577144010085773,0.23647638113951677,0.2676574061016766,0.02642252672017157,0.39928006091585666,0.22079195186832343,0.39167900748507156,0.1902050864445165,0.11905925545331456,0.08868687965943503,0.2507220769681612,0.27823039841480945,0.3907027768314251,0.20560509369122856,0.11527606171681685,0.43027904978720677,0.14264934434896276,0.1457231295307018,0.47234162716467276,0.26456555395947634,0.28286088540808835,0.3772003636737453,0.36243366847489367,0.250141122511966,0.12691974086737703,0.41608562776886815,0.25865951838664153,0.4082732627340461,0.21686492164166538,0.20941805698449173,0.1228317531141133,0.3025258263634491,0.282946687030278,0.41761147136199644,0.20867691425697082,0.16744333343240966,0.43272970285954376
0.5208585247219469,0.7870807917519196,0.2788746665167077,0.8691910685182621,0.16670718431815143,0.263462626165714,1.0,0.12158751078186804,0.3057208405024065,-0.33419837873738234,-0.5165557466669591,-0.06516483869376215,0.19090875468607926,0.7908955947147922,0.6486055362364851,0.07111132739237408,0.2408803938409208,-0.05077871220792875,-0.35628534720228944,0.44282937114272564,-0.22645508609499357,0.2166806000608004,0.6880091440673146,0.2166806000608004,0.824622929733819,-0.11890148277090862,0.006367062862567034,0.9096873383402223,0.004442053619295415,0.08663753792026552,-0.20969996358444296,-0.5055187055034097,0.027660683625083386,0.13268265319210465,0.7612233984178879,0.6160050565475462,0.19166547891742286,0.21548901676667576,0.004338489574229789,-0.29910170951866344,0.4333377423206655,-0.15003503818036354,0.42328818381456607,0.6585189113788689,0.21722600004604767,0.7909979994055432,0.009316639093681262,0.038724731071112274,0.8391634525773082,0.08879626537802145,0.1974680624168513,-0.16164609991109843,-0.31544990710730425,0.1024950354619918,0.25185378973515704,0.7197247037121155,0.6204830803446447,0.1892301466423791,0.2562830348901499,0.0586072288799223,-0.23545624179873048,0.44537239720127864,-0.09786263957551992
-0.14533407450110802,0.01941679069854229,0.34583990122595754,0.010625836969744793,0.24290294279013452,0.4870151628939099,0.12158751078186804,1.0,-0.07880513978496839,0.34810131381760445,-0.01407813538771473,0.42790586403831943,0.33978730221926284,0.04438086184945055,0.02805535120917685,-0.3384621841617371,0.48743767373527475,0.5082709675808905,0.5173157321212604,0.4662856204745325,0.3138536778814754,0.2815237851207247,-0.23676070410843092,0.2815237851207247,-0.10718566512475323,0.09770971131357849,-0.02471294370871718,0.045675135283040756,0.34557343886678304,-0.16623123456839603,0.26301245961477565,-0.06275232705976838,0.2265535911460472,0.2669070585451589,0.01568876993110389,-0.06605294089027801,-0.3266176631707806,0.35375027865527325,0.45331180184907816,0.4284661321323996,0.48532962971495347,0.24874957004104956,-0.20298689775720288,-0.16322133378731576,0.3349281710770835,-0.08399924631162206,0.1818094271795336,-0.031202101268145516,0.14357018730819146,0.2774945015902063,-0.07642574991095731,0.2871108998851774,-0.018264406730150874,0.25408024093977266,0.2630668567859713,0.02416761479433663,-0.04280659403200463,-0.25696854412627507,0.3243150830774105,0.3977268202848836,0.3955201160862889,0.4713785468995319,0.2297422857872629
0.20789201704064775,0.3663730489747278,-0.08157949394204823,0.46317497795771617,-0.10091341599536482,0.13660368518370952,0.3057208405024065,-0.07880513978496839,1.0,-0.1800393880784379,-0.11119013671897021,-0.2436566029409532,0.16958272986527734,0.3889504532807092,0.45649298650247366,0.22219874736802453,-0.2710675653860194,-0.2356163343667246,-0.4662791260390731,0.08842345576937567,-0.29253827643518765,-0.1725023547298854,0.12040027613539127,-0.1725023547298854,0.30507892333075803,-0.07377687672569626,-0.21107743165361795,0.2124994526215494,-0.36049238626291447,0.7714862204966916,-0.12618563609007485,-0.1912818402315655,-0.2978072699400381,0.053045389010580236,0.3060192459080302,0.3861857054755519,0.15576958395392584,-0.2621482981056703,-0.2510024533128646,-0.4640760216085537,0.042735006798404536,-0.2755460958429644,0.20140058206049327,0.05836248574281818,-0.1496676799997234,0.22692315621987325,-0.031751888503818576,-0.1711126761790641,0.24192420330147846,-0.21460028400547848,0.6787492129764108,-0.2632671687998631,-0.2110040819467152,-0.28709386092756584,0.027198470629175086,0.24929349126066958,0.3359597782083106,-0.001277698025261172,-0.2275501651060516,-0.21004636467965349,-0.45492927731792815,0.05557744833719227,-0.26513181025988825
-0.016113222706071885,-0.2762944031830458,0.2714292987416786,-0.36663511954755607,0.005838751783198531,0.48233455168722794,-0.33419837873738234,0.34810131381760445,-0.1800393880784379,1.0,0.7869944568729305,0.7861312421279496,0.1887164168668413,-0.44427530759479783,-0.34215278418759865,0.33621795568914975,0.08168642464214863,0.5671053578427464,0.6369071812613613,-0.1495771912018161,0.699093286352833,0.39671163697628564,-0.26306390169382,0.39671163697628564,-0.2544732083042779,0.31035802296843035,0.5072824626397522,-0.2963217442545844,0.4216436535410603,-0.04726574092936156,0.8390919817657131,0.7720583329363175,0.6603131657365108,0.3072391499967778,-0.3640358480149064,-0.2829839044865819,0.2663856253760814,0.11446913193731911,0.6130938726565924,0.6344428050845978,-0.06657498945387444,0.6829870261429749,0.04882309150444368,-0.18377350793865954,0.49522853011849005,-0.16204285666686732,0.365916417764964,0.486842761087321,-0.14047985724946177,0.3581071795786835,0.06484748876325379,0.8677546155265817,0.755265388690239,0.5703499611154165,0.29409833202938757,-0.23465866276738082,-0.20342787319474323,0.32371590818006607,0.13502326318674898,0.6045420450634502,0.6136210255181503,-0.00332821055478965,0.6583931872486214
0.1018163860069101,-0.31547729321488055,0.18886718533741884,-0.42846546671284297,-0.20510666554331522,0.2622830354764331,-0.5165557466669591,-0.01407813538771473,-0.11119013671897021,0.7869944568729305,1.0,0.5988786092876571,0.2321816150366132,-0.39980049997331946,-0.44240585820556233,0.6193027235605312,-0.09322527605235995,0.16161667396202964,0.37042252872985937,-0.5610742997128922,0.4374702087381095,0.3771175481950127,-0.20602316569145435,0.3771175481950127,-0.2592117673161837,0.34339079362234703,0.399173423719948,-0.4442846506344684,0.2216544116377039,0.08936400456586217,0.6955132455720946,0.9569726812365612,0.4986819875586797,0.24523708718454312,-0.31608821137776155,-0.3420707529007404,0.5057659057871537,0.024137565171947886,0.20113435880960268,0.3947611364933934,-0.4863682057104322,0.4321372284685251,0.23040558131725156,-0.20455598034350103,0.41831508878992457,-0.21054309351029069,0.3162092388928848,0.41116084138557224,-0.3243090254750295,0.17735364751575955,0.11993203703231943,0.6345133276627462,0.873090055215957,0.37235401598284384,0.2066088862395982,-0.21132590462114156,-0.28883187960639606,0.49264319232411136,0.037138333377176085,0.22492052161603737,0.3740501602291373,-0.41345617567804555,0.4064684708670173
0.11173172141125103,0.038675790189918034,0.5657286931496731,-0.15332269035297433,0.009241200519878366,0.5096985823189286,-0.06516483869376215,0.42790586403831943,-0.2436566029409532,0.7861312421279496,0.5988786092876571,1.0,0.22169419375988667,-0.17933842479347056,-0.3735273369672584,0.19909081559058364,0.26987104973825493,0.660892993464233,0.7524095952484808,-0.0570868020414853,0.8459851383459497,0.744643491736475,0.14003776918926997,0.744643491736475,0.03969433203460043,0.0957397502766691,0.5154575364418353,-0.025546325533172983,0.5374382950080875,-0.12691864811955272,0.7482986941491641,0.6471140660005874,0.8992188807108762,0.33232611271199525,-0.0661343473857464,-0.28283469119380406,0.2197697347442572,0.3507454480059179,0.6837015454863345,0.7491780708894673,0.06034076401763731,0.8267127166666851,0.15871396392483936,0.19625594893777643,0.8063746426080911,0.1131836214525632,0.18414902069300995,0.5206449058497754,0.13833244114805787,0.5149512212067175,0.029706355126743855,0.8026268008568217,0.7215082769726031,0.8105339617253939,0.40588305248955636,0.06313539994205299,-0.17023234458376466,0.32147998791759735,0.3873243081740171,0.6868106879648953,0.7425251130888957,0.12488114930201077,0.8125425651675348
0.40496483790813737,0.10767962466919659,0.15532361756034765,0.11951824039388785,-0.12093351571023236,0.21916129136737436,0.19090875468607926,0.33978730221926284,0.16958272986527734,0.1887164168668413,0.2321816150366132,0.22169419375988667,1.0,0.4326705319019355,0.31941147456674657,0.3162617253512779,0.2566326596220966,-0.1514901230858625,0.033305776905271305,0.09897437641563327,0.0014208619160978922,0.2374218119858551,0.21844722354069984,0.2374218119858551,0.2781281032651174,0.2211891966089399,0.22911553481612107,0.26753158326378806,0.34551248308134436,0.3718201198464047,0.24473403686657988,0.22694212304167466,0.2676773701755823,0.9072395087408744,0.42904318069188385,0.3042404482985166,0.3491180253390447,0.3114955478722546,-0.05575471421557711,0.11668548652769788,0.15166679957126672,0.09142867108354598,0.54027653271775,0.2398918620850145,0.35152946967444937,0.29400425802353347,0.24203323922397196,0.25598838950811564,0.3052059685428464,0.3423761075162941,0.45285410753985267,0.31164049032633845,0.31161602070842054,0.34710328391616524,0.856687105323179,0.43565075884214416,0.3194381850878988,0.3377914242308194,0.3400090116130116,0.016007739810848163,0.14568255156984058,0.20617837945569464,0.11593032647706376
0.5222460151730584,0.6207608982791246,0.15348423532498404,0.7054694935402969,0.1253916346715387,0.07262130743051974,0.7908955947147922,0.04438086184945055,0.3889504532807092,-0.44427530759479783,-0.39980049997331946,-0.17933842479347056,0.4326705319019355,1.0,0.7844500258778034,0.2206745310452501,0.3430062112779696,-0.3217943665508835,-0.43193420951217837,0.37675843094224376,-0.39125042683314976,0.11665593726152472,0.7107497444875109,0.11665593726152472,0.8064513028781279,0.01667121742589962,-0.05789209603934344,0.8014666430020092,0.0474395707439976,0.36622962873662174,-0.2755644997508309,-0.3631516483602452,-0.03126425562062879,0.3086413690959464,0.959017223651022,0.7549321622686804,0.36231644798258733,0.3756154382894633,-0.208300988308921,-0.3253563902352172,0.3507906291219492,-0.27319502084778247,0.5510590447011442,0.6814069356934042,0.13877298388746337,0.7770486505395983,0.09864210541919134,0.018371583382430483,0.7618531460208952,0.16660129925547382,0.44481955490749375,-0.22180576969428073,-0.18053809263009166,0.08348639543321315,0.4058785286976658,0.8890274677179265,0.7434647710578076,0.32788189940498075,0.4178829304205058,-0.12153309656767598,-0.26497917142641,0.37103404982145083,-0.21898250589866944
0.23648813991047768,0.30916195675467834,-0.21585563814439285,0.5186261837349085,0.14965774483819602,0.08835219653360686,0.6486055362364851,0.02805535120917685,0.45649298650247366,-0.34215278418759865,-0.44240585820556233,-0.3735273369672584,0.31941147456674657,0.7844500258778034,1.0,0.1855554416826387,0.25919801426110717,-0.16055247357759125,-0.4206508337326517,0.5893982415399516,-0.4251883998452656,-0.26079772748634283,0.42576914804664406,-0.26079772748634283,0.6377437391126519,0.16892884881234962,0.0844358453846452,0.7052292371978252,0.157602313360238,0.528863817081117,-0.19256516082062106,-0.4050648867497585,-0.1846341923138663,0.30891203584271815,0.7496423979702682,0.9645651992594619,0.31446035444263537,0.25357554153734885,-0.051219341261049336,-0.2945776476758702,0.5524638539952778,-0.27948658900137757,0.2685599276599478,0.44608986435148834,-0.2105402600903317,0.6240526531985404,0.2878262063999996,0.10100809884240458,0.6691404927861346,0.20446149222893556,0.589847052908576,-0.12014360278871478,-0.27569999575248477,-0.03004812126865346,0.3472999050098686,0.6885072805810324,0.9265393236382264,0.2659012753188361,0.2940114506465923,0.022133874528487568,-0.23495704130885434,0.5751258172722586,-0.22614884205451793
0.5677214838844414,0.22404095159644655,0.10188685897281129,0.20941928380582625,-0.26751247295426445,0.2787268961741076,0.07111132739237408,-0.3384621841617371,0.22219874736802453,0.33621795568914975,0.6193027235605312,0.19909081559058364,0.3162617253512779,0.2206745310452501,0.1855554416826387,1.0,-0.11953427622932743,-0.2957384025033137,-0.2828293373275611,-0.5032210572001179,-0.013572995625990677,0.2663843695500707,0.3614110956286386,0.2663843695500707,0.3930353419669202,0.278510285021498,0.35436506598659784,0.11439172181211103,0.030076029988053626,0.3363517058217814,0.4093075972302558,0.5900040772429676,0.2309776841425722,0.27434208703320545,0.23968763921728883,0.262240239102637,0.9487197815918216,0.03765176409618221,-0.16901062995877228,-0.1688794110153979,-0.4604697754250876,0.08005884441593668,0.7046302512856545,0.308957448089289,0.2947847846931969,0.38328235780131126,0.30254503344268285,0.41989283189943977,0.12230531323906602,0.05543746067363892,0.38159483096797026,0.28840717069023597,0.5886484612734996,0.20899995513812827,0.2732519407679838,0.2582216158342677,0.2770725410995349,0.8842202723368493,0.08657890926606693,-0.09429085766998824,-0.13337659534717594,-0.37157818604576337,0.09656485393995434
-0.16242332316386193,-0.06770682105237613,0.10420801666315131,-0.055210751103039676,0.44380558589062813,0.27985819144104246,0.2408803938409208,0.48743767373527475,-0.2710675653860194,0.08168642464214863,-0.09322527605235995,0.26987104973825493,0.2566326596220966,0.3430062112779696,0.25919801426110717,-0.11953427622932743,1.0,0.307728383713501,0.39126320650914337,0.5375769705077352,0.2983463149345688,0.15727052425422539,0.11484827263351718,0.15727052425422539,0.26280772943582703,0.48920318023769754,0.2884526299740358,0.32727584671171567,0.5494350616848755,-0.0450988376603474,0.039013793465044466,0.020456631446535277,0.3722880887299077,0.30727235854154195,0.380998491161574,0.3046328724326548,0.04839536159437195,0.9581028077101884,0.3624987581491177,0.4377028844059109,0.5756986501137439,0.36731592830592213,-0.1052893909868033,0.17729232370464754,0.26940988237376134,0.29698253087842535,0.5718770820246702,0.3333070877341357,0.4031869992181555,0.5360140862990384,0.05506282969198209,0.30766812935102833,0.1396020644169799,0.4599710550778495,0.39357651356855716,0.3964095012797253,0.3512904222259914,0.19067577556795096,0.925364780138446,0.37022192298208356,0.44844905733839874,0.5920501888473886,0.38357406917155495
-0.382163699238495,-0.20108226119697084,0.2614194482364474,-0.25239509586646985,0.15016939060564616,0.3393267723220455,-0.05077871220792875,0.5082709675808905,-0.2356163343667246,0.5671053578427464,0.16161667396202964,0.660892993464233,-0.1514901230858625,-0.3217943665508835,-0.16055247357759125,-0.2957384025033137,0.307728383713501,1.0,0.8463442644297464,0.437676768396482,0.7531636890555027,0.36137681797409904,-0.11311777206399719,0.36137681797409904,-0.09269705711111431,0.03382023721058985,0.4554888059461455,0.024964231183734326,0.5992668087878991,-0.09402474212856825,0.5174871277394285,0.2444040626350578,0.6212533398382045,0.07479466201741122,-0.20604398453377554,-0.08761503647163191,-0.2217044541964667,0.2965180797418881,0.9501200999364623,0.8233096490540373,0.5143196697679814,0.7219887558387065,-0.4078222140904668,0.007745765759638417,0.3957308054496116,-0.009781658656982412,0.1704130146898074,0.39920716346654733,0.17896869572118954,0.5508809029413094,0.0476599728357307,0.6637341796118577,0.3149461768528578,0.5982626042930205,0.15224396651750247,-0.08620967375093726,-0.008288944293950013,-0.09076614619097213,0.309254444745227,0.9046174029631907,0.8123254644719214,0.5274521497312729,0.7093447530052253
-0.3778612742232121,-0.42474533636595957,0.3063778254713694,-0.5558618436601048,0.08636403704616975,0.1907292404830613,-0.35628534720228944,0.5173157321212604,-0.4662791260390731,0.6369071812613613,0.37042252872985937,0.7524095952484808,0.033305776905271305,-0.43193420951217837,-0.4206508337326517,-0.2828293373275611,0.39126320650914337,0.8463442644297464,1.0,0.24009131871715902,0.832514265913602,0.4078000427704547,-0.22568024484878202,0.4078000427704547,-0.3160976324372512,0.10640805194488283,0.42424422283341784,-0.25860976850631967,0.650361721530026,-0.2114166221511527,0.5779782849413139,0.46461218370047996,0.7024204418434977,0.21136093986086005,-0.31701348974167387,-0.3401790183309548,-0.22347541727259382,0.3968394740367484,0.8006521862934896,0.970607907574241,0.3273522659873804,0.7903853920996681,-0.35849667879505476,-0.10874428154681391,0.45319523282802465,-0.2294008660624912,0.16552907333992334,0.38270869149784587,-0.09625546953594191,0.589728594049315,-0.0918437662616153,0.7259591980812751,0.5085309128649259,0.6604208609324856,0.26017974049247417,-0.1936562810525121,-0.24395119886056305,-0.07996829778707287,0.39624097372420863,0.753458342687538,0.9462661815115566,0.34347541537058424,0.7673653253631274
-0.3037514429539326,-0.022829227014610123,-0.1487820604485309,0.11668576977198547,0.49754945428427816,0.03146388312198332,0.44282937114272564,0.4662856204745325,0.08842345576937567,-0.1495771912018161,-0.5610742997128922,-0.0570868020414853,0.09897437641563327,0.37675843094224376,0.5893982415399516,-0.5032210572001179,0.5375769705077352,0.437676768396482,0.24009131871715902,1.0,0.06591743750744132,-0.23937161743056803,0.04353316870787393,-0.23937161743056803,0.21586230888718455,0.1885267983396691,0.07651993931473082,0.4995980145768254,0.4208916124114106,0.18631039513198422,-0.09753949398909523,-0.4708801772757642,0.07072708647893115,0.2196651413641685,0.3947655102484214,0.546257431756261,-0.3217375382851478,0.42063176407638325,0.44121966805048923,0.2566634516039513,0.9821768701630654,0.11281209122923276,-0.3305380373416534,0.13220386880664536,-0.15883298036956953,0.23812133366425964,0.28828675485664557,-0.0033706952281461603,0.5131281447422376,0.3683354366038492,0.23884356161778825,0.10218305682112552,-0.3490758890223749,0.15600908493915358,0.2633844394389695,0.38423025547636586,0.540842470970564,-0.27426504169651716,0.4177225560390294,0.4414121469511598,0.274597929809227,0.9535569921290528,0.13858725026351806
-0.20275789148572373,-0.1745006521610431,0.2997505126535618,-0.3506824107589408,0.04156659708604819,0.3920290472952969,-0.22645508609499357,0.3138536778814754,-0.29253827643518765,0.699093286352833,0.4374702087381095,0.8459851383459497,0.0014208619160978922,-0.39125042683314976,-0.4251883998452656,-0.013572995625990677,0.2983463149345688,0.7531636890555027,0.832514265913602,0.06591743750744132,1.0,0.4896393688210642,-0.014290652724117036,0.4896393688210642,-0.12433627800951631,0.08174013467145541,0.540244899524783,-0.1748750486379268,0.579830964992615,-0.08837330351581901,0.6501965833452118,0.5300467209467611,0.7864415463687128,0.2116730504754841,-0.26856152485430856,-0.3281723749813584,0.024148290940748694,0.3392085326059482,0.7364934901655007,0.8102724730620244,0.1842928712585666,0.9708842172997527,-0.16007153889575518,0.04742283123094476,0.5661945610249902,-0.07948202496657049,0.15652334373936916,0.5014889228309086,-0.02728180215497818,0.5006295073731353,0.0009735627709529368,0.7380026626129554,0.5559301511532543,0.7090538463310833,0.25258304199396125,-0.1495642798797209,-0.23197069040669194,0.143159175611723,0.3535531130626698,0.6941812983744197,0.7960158070425107,0.2182735601633411,0.9522935966710158
0.5137010625586939,0.46838091435920576,0.8497921626049254,0.27654412234761355,-0.2411783590676602,0.39371431602402335,0.2166806000608004,0.2815237851207247,-0.1725023547298854,0.39671163697628564,0.3771175481950127,0.744643491736475,0.2374218119858551,0.11665593726152472,-0.26079772748634283,0.2663843695500707,0.15727052425422539,0.36137681797409904,0.4078000427704547,-0.23937161743056803,0.4896393688210642,1.0,0.504617551364998,1.0,0.3565809059742153,-0.19825692031796247,0.3740287611052083,0.23884154964259902,0.34066647827590435,-0.1999978450345984,0.406950621940935,0.4403938737310849,0.6797347266181026,0.25597563936524315,0.18721188119414117,-0.16732601149193982,0.31048530624673204,0.28051075313709034,0.3949431140277304,0.4316554406721597,-0.13354921612304244,0.48753955258834825,0.5007903192668947,0.5343022297436181,0.9697160347514597,0.40835171350942023,-0.09482561774922595,0.4935072365529654,0.33423295229366895,0.45993904489254184,0.013741483269466124,0.4406408476686887,0.574080390584817,0.6660775476373862,0.3935090313663819,0.2623806800798261,-0.054541170038153244,0.40904467370675973,0.3373966927687747,0.39560720112731007,0.4486673532533458,-0.07117967631478962,0.494025035390057
0.6436367636847661,0.6985877899077734,0.36417061682553226,0.6428338409337169,-0.24424792365985762,0.13382352121090513,0.6880091440673146,-0.23676070410843092,0.12040027613539127,-0.26306390169382,-0.20602316569145435,0.14003776918926997,0.21844722354069984,0.7107497444875109,0.42576914804664406,0.3614110956286386,0.11484827263351718,-0.11311777206399719,-0.22568024484878202,0.04353316870787393,-0.014290652724117036,0.504617551364998,1.0,0.5046175513649979,0.8921644031031517,-0.3039620517308816,0.27972186024489193,0.7658310687641902,0.2199446146820141,0.17158727361781576,-0.06802196909828123,-0.08868984188841858,0.33711942847613385,0.2465857820471226,0.7672958005058559,0.5139475437839386,0.5283457252339162,0.2645359066753817,0.02339453241547546,-0.0894292581085452,0.10434528134898886,0.10676777615423806,0.696021311699839,0.9722235021158543,0.4822975243856065,0.8893760715398067,-0.1852354772228845,0.3748105902031942,0.7355730889279651,0.33948208231783766,0.32332902916214284,0.005698021743596917,0.12078368576685825,0.41160643185859885,0.3971204771520829,0.7691866378612163,0.5649299222573775,0.5506667544417503,0.34886123128677177,0.10136783961798158,-0.0160499405559433,0.15778676552977103,0.15953852717433376
0.5137010625586939,0.46838091435920576,0.8497921626049254,0.27654412234761355,-0.2411783590676602,0.39371431602402335,0.2166806000608004,0.2815237851207247,-0.1725023547298854,0.39671163697628564,0.3771175481950127,0.744643491736475,0.2374218119858551,0.11665593726152472,-0.26079772748634283,0.2663843695500707,0.15727052425422539,0.36137681797409904,0.4078000427704547,-0.23937161743056803,0.4896393688210642,1.0,0.5046175513649979,1.0,0.3565809059742153,-0.19825692031796247,0.3740287611052083,0.23884154964259902,0.34066647827590435,-0.1999978450345984,0.406950621940935,0.4403938737310849,0.6797347266181026,0.25597563936524315,0.18721188119414117,-0.16732601149193982,0.31048530624673204,0.28051075313709034,0.3949431140277304,0.4316554406721597,-0.13354921612304244,0.48753955258834825,0.5007903192668947,0.5343022297436181,0.9697160347514597,0.40835171350942023,-0.09482561774922595,0.4935072365529654,0.33423295229366895,0.45993904489254184,0.013741483269466124,0.4406408476686887,0.574080390584817,0.6660775476373862,0.3935090313663819,0.2623806800798261,-0.054541170038153244,0.40904467370675973,0.3373966927687747,0.39560720112731007,0.4486673532533458,-0.07117967631478962,0.494025035390057
0.542733128864513,0.684462668673603,0.22590764727393406,0.7201608492703219,-0.13687398459559846,0.26323206796606613,0.824622929733819,-0.10718566512475323,0.30507892333075803,-0.2544732083042779,-0.2592117673161837,0.03969433203460043,0.2781281032651174,0.8064513028781279,0.6377437391126519,0.3930353419669202,0.26280772943582703,-0.09269705711111431,-0.3160976324372512,0.21586230888718455,-0.12433627800951631,0.3565809059742153,0.8921644031031517,0.3565809059742153,1.0,-0.1176398761016718,0.2753555716313933,0.8760124090162618,0.18303527482959936,0.31221521618281434,-0.0939500100308372,-0.17289247831324314,0.23307165484480144,0.2683822478924747,0.8439973669117566,0.7057821410354554,0.564110787136099,0.3620333039671662,0.04745222790886779,-0.1832922869933349,0.2579976342984128,0.00751897748525099,0.6163591585552604,0.8585063631877282,0.3635464737218717,0.9619429612968731,0.034994697035144164,0.3456405784981441,0.8447398319567211,0.28722857250316136,0.44875286187824887,-0.003751496141032818,0.02370563041310495,0.3174229965146344,0.4020643468088268,0.829571696349038,0.7308514702259769,0.5700370640682836,0.4261748662746179,0.13182341705720754,-0.11339721243145619,0.315195798853597,0.05783617215919781
-0.14275814587213762,-0.31011713413981484,-0.20526941022780018,-0.23556479695782798,0.6614629167336405,0.11524627654797243,-0.11890148277090862,0.09770971131357849,-0.07377687672569626,0.31035802296843035,0.34339079362234703,0.0957397502766691,0.2211891966089399,0.01667121742589962,0.16892884881234962,0.278510285021498,0.48920318023769754,0.03382023721058985,0.10640805194488283,0.1885267983396691,0.08174013467145541,-0.19825692031796247,-0.3039620517308816,-0.19825692031796247,-0.1176398761016718,1.0,0.1878632651540339,-0.028538066142076195,0.2248754090191671,0.15774300181535175,0.22281854716066132,0.37447856192776435,0.12709504919172387,0.29304134571979,0.047655578182389205,0.19898296290226244,0.28874456205471977,0.4693391811463281,0.051723320747609526,0.13921979023886183,0.18763570353900672,0.13239544257247152,-0.07757780968474354,-0.2459971770030101,-0.0677217285180085,-0.07102234756679414,0.961416754741179,0.19401525522806357,0.012286577337098762,0.14377347210551836,0.14854276049389203,0.3356901902089747,0.3236112701458462,0.10246095297763713,0.24920142602712736,0.08025421447523776,0.18964813722874044,0.2970797970572898,0.43502059118846265,0.10021147734426997,0.13509142995873222,0.21871969138690042,0.13573796241654376
0.01924867565652167,-0.18392094328297812,0.020533872425131557,-0.21237061025099183,-0.19768876081630887,0.2577144010085773,0.006367062862567034,-0.02471294370871718,-0.21107743165361795,0.5072824626397522,0.399173423719948,0.5154575364418353,0.22911553481612107,-0.05789209603934344,0.0844358453846452,0.35436506598659784,0.2884526299740358,0.4554888059461455,0.42424422283341784,0.07651993931473082,0.540244899524783,0.3740287611052083,0.27972186024489193,0.3740287611052083,0.2753555716313933,0.1878632651540339,1.0,0.20575272048043267,0.7736309537716295,0.18352606313114084,0.45574176027129326,0.5258443922779888,0.7308542283781823,0.491258880724524,0.1274848034865484,0.27515760464388594,0.5004293110142899,0.4225760318143908,0.5875943934369482,0.5603915866112065,0.21362420813546382,0.6672034706887723,0.19311756507166622,0.3289358673297129,0.44832946766437703,0.34968465357112816,0.3126667951600514,0.9288698539867951,0.2901563084295535,0.7536676813228219,0.3504982627859664,0.744295641419874,0.6100747010677205,0.7591382996441789,0.553034404354193,0.2335264053516085,0.3718466481589668,0.6037550508591732,0.47542588086381943,0.6135730479122843,0.596616755895418,0.31937500652874357,0.6845588901065747
0.44629865917779094,0.6419090297087222,0.17744266699635836,0.7281157562999843,0.12277832115778642,0.23647638113951677,0.9096873383402223,0.045675135283040756,0.2124994526215494,-0.2963217442545844,-0.4442846506344684,-0.025546325533172983,0.26753158326378806,0.8014666430020092,0.7052292371978252,0.11439172181211103,0.32727584671171567,0.024964231183734326,-0.25860976850631967,0.4995980145768254,-0.1748750486379268,0.23884154964259902,0.7658310687641902,0.23884154964259902,0.8760124090162618,-0.028538066142076195,0.20575272048043267,1.0,0.2438653967071174,0.18337233510110534,-0.16045490042937463,-0.35427295471191644,0.18750387098178523,0.3142261732189237,0.8522378878837773,0.7385119844482442,0.3047291869964201,0.37396431209706443,0.15617843264188827,-0.13395285177023478,0.5326748992951409,-0.0431759538306318,0.4502293646301982,0.7803304816069438,0.2770313025043841,0.8895244232387555,0.12093981741556792,0.26192558262547067,0.9582839050809439,0.3423888259084084,0.3333823712093585,-0.00642199717030428,-0.13898353584804224,0.30004846311430294,0.44316599667364864,0.8580610132105491,0.7547774580704378,0.32997213238366024,0.42914876192800927,0.23985000630547074,-0.06177914923596802,0.5621318467014323,0.016689380711012673
-0.13632015931779135,-0.27992563416542027,0.07186295644761652,-0.3079297509892767,-0.012615387030248993,0.2676574061016766,0.004442053619295415,0.34557343886678304,-0.36049238626291447,0.4216436535410603,0.2216544116377039,0.5374382950080875,0.34551248308134436,0.0474395707439976,0.157602313360238,0.030076029988053626,0.5494350616848755,0.5992668087878991,0.650361721530026,0.4208916124114106,0.579830964992615,0.34066647827590435,0.2199446146820141,0.34066647827590435,0.18303527482959936,0.2248754090191671,0.7736309537716295,0.2438653967071174,1.0,0.12279922113588758,0.45133379096148496,0.37891344562960294,0.727195732487473,0.584488359489693,0.2261261156217219,0.297742544497907,0.22163252738667427,0.6191466463531072,0.7105827422407199,0.7648546981397689,0.5508306491753796,0.6886981534281309,0.023787588832755124,0.3216689396269426,0.4317593157174834,0.27528467557646746,0.3596683749764147,0.7397392962536762,0.3521307556587438,0.8909226961490827,0.3022380993694507,0.7227987447743597,0.5048293901969662,0.7742642996386983,0.6463515224292747,0.3313700782994878,0.38828161635114455,0.3422353968193031,0.6553069135745354,0.7365218918362689,0.7898550737468498,0.6239643579963391,0.7066121833672648
0.018413722580769003,-0.006426550210182351,-0.28775647341218574,0.09343714549198594,-0.12684809017069776,0.02642252672017157,0.08663753792026552,-0.16623123456839603,0.7714862204966916,-0.04726574092936156,0.08936400456586217,-0.12691864811955272,0.3718201198464047,0.36622962873662174,0.528863817081117,0.3363517058217814,-0.0450988376603474,-0.09402474212856825,-0.2114166221511527,0.18631039513198422,-0.08837330351581901,-0.1999978450345984,0.17158727361781576,-0.1999978450345984,0.31221521618281434,0.15774300181535175,0.18352606313114084,0.18337233510110534,0.12279922113588758,1.0,0.038341702397921285,0.10837803142003746,-0.012893561911129843,0.3893252411160275,0.37953723282539176,0.5595915001193459,0.36536065991167443,0.041479326645772245,-0.0447435814704124,-0.12324281402246923,0.1913802246102419,0.004416973309379977,0.19491476849753359,0.15597599246260893,-0.12382304199520207,0.2889657162152456,0.2062035005840587,0.18783243110664574,0.25930782207980807,0.16197613748144238,0.9453349949111881,0.06146403708755661,0.11671984518985437,0.022784912288127766,0.35527294401133613,0.3653744122395401,0.5319651411332551,0.2587607839149569,0.08206788109069169,0.025016597877908674,-0.10198100512825656,0.23741663092462323,0.02294292440327013
0.10279735075571564,-0.18861147311547166,0.2610854626151297,-0.26564365890590524,-0.06730828349370138,0.39928006091585666,-0.20969996358444296,0.26301245961477565,-0.12618563609007485,0.8390919817657131,0.6955132455720946,0.7482986941491641,0.24473403686657988,-0.2755644997508309,-0.19256516082062106,0.4093075972302558,0.039013793465044466,0.5174871277394285,0.5779782849413139,-0.09753949398909523,0.6501965833452118,0.406950621940935,-0.06802196909828123,0.406950621940935,-0.0939500100308372,0.22281854716066132,0.45574176027129326,-0.16045490042937463,0.45133379096148496,0.038341702397921285,1.0,0.6954596228209392,0.6730381900577626,0.376056353871349,-0.21056101982877812,-0.1452471373999775,0.35707650280887765,0.11659759976529166,0.5538445368108111,0.6136287684866328,-0.008927696867467546,0.6644483327727649,0.17809330117768002,-0.010390940511201086,0.4743863712654261,-0.03231449501708449,0.29892701428762825,0.4267340027334315,-0.038618371780894264,0.37639818104490663,0.1487609961866125,0.8187015135885845,0.7186305310927332,0.5894881035931356,0.3795410185578063,-0.09753875864308888,-0.07494005104176484,0.4042964003943573,0.15161024077852076,0.5742085043940243,0.61512031015809,0.060797836197873795,0.6550619384399657
0.08715105874804459,-0.32958474896314394,0.2090473906960302,-0.4583702120725591,-0.1808317948422176,0.22079195186832343,-0.5055187055034097,-0.06275232705976838,-0.1912818402315655,0.7720583329363175,0.9569726812365612,0.6471140660005874,0.22694212304167466,-0.3631516483602452,-0.4050648867497585,0.5900040772429676,0.020456631446535277,0.2444040626350578,0.46461218370047996,-0.4708801772757642,0.5300467209467611,0.4403938737310849,-0.08868984188841858,0.4403938737310849,-0.17289247831324314,0.37447856192776435,0.5258443922779888,-0.35427295471191644,0.37891344562960294,0.10837803142003746,0.6954596228209392,1.0,0.633477479836566,0.32287743200340835,-0.24534804783894928,-0.2681051918156835,0.544568520083629,0.17072360532863962,0.3187395877755009,0.5207982944338122,-0.3754319024803481,0.5566021739002852,0.25289378309838134,-0.05387413298954768,0.4986760455036737,-0.10902225152881409,0.3643344093063189,0.5602221469374711,-0.22515407305596405,0.35008867171923375,0.17641675934898787,0.7263420469858414,0.9553089037051199,0.5283747891745751,0.31383276535076216,-0.12384446315547888,-0.19647830211112716,0.5689460265330285,0.19631084275142066,0.3516694446491631,0.5087600323826542,-0.29337201121733725,0.5392731247529559
