Fp1,Fz,F3,F7,FT9,FC5,FC1,C3,T7,TP9,CP5,CP1,Pz,P3,P7,O1,Oz,P8,TP10,CP6,CP2,C4,T8,FT10,FC6,FC2,F4,F8,Fp2,AF7,AF3,AFz,F1,F5,FT7,FC3,FCz,C1,C5,TP7,CP3,P1,P5,PO7,PO3,POz,PO4,PO8,P6,P2,CPz,CP4,TP8,FC4,FT8,F6,F2,AF4,AF8,O2,P4,C6,C2
1.0,0.04268024545450463,-0.12877915643732735,0.25928917030367615,-0.11351714034748901,0.4838859347193173,0.2171643657244619,-0.13626238801795296,0.3973904991674166,-0.26939239645562546,-0.37262204009751104,-0.037713542236116775,0.15583014989266003,0.5219113953145275,0.5991774990769055,0.3776721871491585,0.061026708334846136,-0.4066562308460951,-0.2698245025206371,0.0942360121480522,-0.13972038118297353,0.039456347325205046,0.04938564049497597,0.039456347325205046,0.1585416900338586,0.005490968871569476,0.45216751750605155,0.3783588162949231,0.08909348873091764,0.2544918220808349,-0.06602947405066821,-0.32516681228542177,0.12203303077829628,0.15849677714536908,0.4797164635392815,0.5680452727453545,0.4992284912015759,0.11299904449198436,-0.334871781983492,-0.2724574288416409,0.09463277973673537,-0.1000536395045438,0.8197483307216612,0.0015391310942251225,0.14684526714957605,0.228438122709315,-0.10879754146853002,0.39599631730604795,0.3154856306967232,0.027041129822573375,0.3246965844197007,-0.22548663227824445,-0.3086072056618539,-0.0559052003407229,0.1315414121398048,0.49159636104699433,0.6346101846319977,0.520528137979604,0.04369091426572667,-0.44382559214923784,-0.26922223178142685,0.08578002894709828,-0.07834751607673877
0.04268024545450463,1.0,0.13641042927286093,-0.1233433867087246,-0.03311166772597022,0.4195360397694403,-0.05054524302326917,0.35898822105728123,0.12718845473187826,0.2701590593363171,0.7100315250362005,0.31618829393945797,0.5270667392894678,0.13390884895560856,0.1731738209503913,0.08077712940915203,0.3434469217508104,0.7376154306474001,0.31188166874393347,0.28359135041598066,0.315703347483009,0.21212756369085695,0.643887156531445,0.21212756369085695,0.15286834269005678,0.013154178455475608,0.3966560616916159,0.13972937968663265,0.3836129937412717,0.3148113594336382,0.302434623166224,0.685071750498836,0.3454178649036516,0.6443173859908751,0.2900549587035652,0.2853689786534088,0.14738579555711104,0.374401872669974,0.7238608797738253,0.372895642167416,0.34300333912817754,0.3961500660524401,0.21736473632402004,0.7592504236034764,0.25574096352663483,0.24637697893194407,0.04866913714326346,0.47343254204920354,0.20090459320838897,0.3780643897178777,0.2904273490572241,0.3469826503343655,0.6887565840055587,0.3983001239686022,0.5887424126619497,0.14811325403868528,0.2449683173542372,0.14016096421522248,0.40234874996093994,0.6993592606769943,0.38389736552653075,0.23358706617795366,0.3457646265423882
-0.12877915643732735,0.13641042927286093,1.0,-0.08662669217878756,0.2520283385719717,-0.18581742473062443,-0.3988535275251055,-0.10346278061090274,0.17553213825370262,0.015640817551755497,0.07487502559330131,0.21978425649828018,-0.10717937729653544,-0.11275176351569821,-0.07903623192895462,0.00900505036426259,0.03299933787707527,0.19178114014888167,-0.11394353499543278,-0.14281569051516402,0.2470805923461977,0.5636565844906901,-0.188551471347762,0.5636565844906901,-0.29162415175661444,0.13718977532676277,-0.05855527010402182,-0.43789359732128164,-0.1627360959719123,0.16334504207266282,0.06997467759374967,0.1306181359286057,0.3107029444110937,-0.022262253309300144,-0.06361100032716331,-0.03794750595833457,-0.04733706094252805,0.03108239329626551,0.2237494268166204,-0.09718922582671402,-0.17784042634648534,0.24682761609600584,-0.10664436866203238,-0.1749478832448339,0.5920643492591108,-0.2669746122202078,0.21096156947487993,-0.14801856307740663,-0.30769408460181763,-0.18423344435684638,0.2495878529339616,-0.015964917999823105,0.040926871111950494,0.16564568318951578,-0.11234485157642343,-0.2191462611594726,-0.10411560140214228,-0.20515992086056214,0.006299237706280027,0.18573735723304188,-0.10489852031873691,-0.20551171555013836,0.2675048181251882
0.25928917030367615,-0.1233433867087246,-0.08662669217878756,1.0,-0.07325426371368285,-0.20236235096311853,0.5788999492041637,-0.10742528374369648,0.3597704646630046,-0.47078841501883906,-0.3742951825554599,-0.20536282731381048,0.03383658161735602,0.5032859307632167,-0.06107117199778666,0.07987637931311166,-0.17846727647562538,-0.3228746734725815,0.12326029162312781,-0.00895560966123933,-0.5310742236949789,-0.13654651147225635,-0.02531039140441581,-0.13654651147225635,0.4103573166005512,-0.0508358808932184,-0.08713146794522898,0.5935390279976906,-0.028745076896928685,0.10416483167491834,-0.2647562487244026,-0.368907986260666,-0.18730058420048876,0.03642544801633411,0.37956600726773365,-0.08165231314993099,0.18664238499735553,-0.20406917020556348,-0.2297369075900914,0.12129672846420209,-0.0004925777668064064,-0.49118766388507956,0.14636735457087036,-0.14014419074777235,-0.11175833014649152,0.4632814587371027,-0.16179818457343215,-0.08721852335257725,0.5444704545411165,-0.11911661236397617,0.23888991558230138,-0.3881418640240722,-0.3507556766378106,-0.2221580256664629,0.053874608967463745,0.4386041531452778,-0.07902884576039729,0.23791113347527576,-0.24805909721517483,-0.31644969955044105,0.1312880333615833,-0.05167738250596992,-0.4891461151136175
-0.11351714034748901,-0.03311166772597022,0.2520283385719717,-0.07325426371368285,1.0,-0.3864682825623393,-0.33259680312538553,-0.022784392647520794,0.11890578692839196,-0.16294671614613718,-0.12240698682422486,-0.14205457374087793,-0.03542512676215396,-0.12579452155800305,-0.3406037851021357,-0.24859465667773908,-0.026912086929502928,0.09299125517381242,0.2334818389605672,0.36542576953659434,-0.2635597282789585,-0.18310774303915836,-0.2956668885421879,-0.18310774303915836,-0.4361046334983286,0.7860195724225796,-0.3115068928790395,-0.2165574400738404,-0.16503817393160858,0.09247634396611515,-0.11736992497071298,-0.04508909876193738,-0.15440627375976215,0.03757638183966618,-0.1551389426208176,-0.3812437457371206,-0.26239554720926267,-0.07816320083299766,0.03146540943197594,0.23351345048652503,0.291712931347788,-0.2674367059400494,-0.27746862899200864,-0.31474845113372535,-0.08946910856520707,-0.37456251058484413,0.8349061962704938,-0.3471056492842199,-0.245343939337582,-0.2007022092857186,0.03822006859955943,-0.22559169496257997,-0.15736863707254814,-0.1821350439575876,0.012052777978866704,-0.23129199137303408,-0.4222120274681943,-0.2982271635831755,-0.08078054343787082,0.08057895685804786,0.27938375795356485,0.39193121827032534,-0.2556143911606337
0.4838859347193173,0.4195360397694403,-0.18581742473062443,-0.20236235096311853,-0.3864682825623393,1.0,0.04232235305257172,0.42454047000658124,-0.07347870190479705,0.3008044521188876,0.3134099354731515,0.4382271171049664,0.4574467724384165,0.40570955769187306,0.7348748486806947,0.2077893710714702,0.5219472777110719,0.18220941362305432,0.13450693340170428,0.1665439964772883,0.4717548650573294,0.4448581179691749,0.5814356540246616,0.4448581179691749,0.5148244548637723,-0.05475413128555836,0.818032332844657,0.20611987622457345,0.5823236957640684,0.04136604780578812,0.4564757528237864,0.3040563918704843,0.5852612422211595,0.44252227981756426,0.5078755669293838,0.7982875705138366,0.3737350623237342,0.605516406628142,0.28918447262931585,0.17241261654534307,0.2478230622991091,0.524691122883636,0.7234962351884051,0.5808525711147825,0.4495217073873488,0.5345698060734078,-0.15231241573288323,0.8495295067923999,0.20085392209259328,0.5665769716602611,0.07122202557511685,0.43416012206030247,0.3872143145306088,0.5832338419795637,0.4425643458269896,0.49458129089089703,0.7697389270678144,0.4445966984514019,0.5357621628893806,0.12258296210366598,0.14508990295221919,0.0911443665524129,0.4962824224520509
0.2171643657244619,-0.05054524302326917,-0.3988535275251055,0.5788999492041637,-0.33259680312538553,0.04232235305257172,1.0,0.2102867110863845,0.07944543968290377,-0.404348487447323,-0.23598644642913494,-0.107907633031323,0.020536271986642048,0.5965846623906611,-0.026693494757772482,-0.10410245935899723,0.03192312135334309,-0.22233705034521728,0.23432081370781188,0.16562682787721072,-0.1303419901900539,-0.18111868646791307,0.10410472725493422,-0.18111868646791307,0.4306791509175734,-0.3363057221436889,0.020850021302339324,0.7444076449133086,0.1573732792938099,-0.12679938164736335,-0.2209157046841678,-0.2320529332461447,-0.12987445887133273,0.023552367634427408,0.5519313303105119,0.0012878421000353003,0.09644102427605021,0.010413045344393114,-0.11389296330303872,0.223263001671768,0.19607744910087646,-0.12533286123196097,0.24365838212852264,0.0199669460342131,-0.24340355817271273,0.45194819521707524,-0.37673198318281886,0.048302113404951955,0.779809626504792,0.134913732586556,0.02016392799304942,-0.2695734260772125,-0.21417671574496464,-0.09374846160189243,0.008112553737919134,0.5163650052898168,0.00012046898988058329,0.059773082914467125,-0.03422464738044689,-0.25385405133745753,0.20914285279457528,0.12274996926959254,-0.12214969564739955
-0.13626238801795296,0.35898822105728123,-0.10346278061090274,-0.10742528374369648,-0.022784392647520794,0.42454047000658124,0.2102867110863845,1.0,-0.11327068653408202,0.3578579021463823,0.41574324126621315,0.4756168510581995,0.5438741689201925,0.3835464260967805,0.11595290109057851,-0.24307488870950258,0.6837316461748256,0.43812439877314024,0.4460336739605078,0.6519954184163558,0.4627778997697886,0.3089033144803163,0.576389244271244,0.3089033144803163,0.4712945276244568,0.19394095858612476,0.4795634079035338,0.21749396532062154,0.7774968651930187,-0.06973613166370034,0.5147361755390979,0.42865541321528633,0.4687017251554115,0.5165987110020547,0.523838115242868,0.248752290429758,-0.05643000599460475,0.6865297051756765,0.5720498522165465,0.48501620204147916,0.725117775103399,0.4922835649338052,0.16816451229486995,0.5656008623937034,0.30656611672779754,0.48887457535170026,0.22108432174342557,0.5101541108199302,0.3106657090387562,0.8189059773203267,0.022193644797413845,0.509061732153588,0.5074817253596756,0.5340171548948379,0.5186870548118576,0.42528799337783574,0.17061427799047613,-0.140834654291266,0.6903891697522436,0.3972576073419054,0.47789432731104203,0.5676593953314543,0.4052553539430773
0.3973904991674166,0.12718845473187826,0.17553213825370262,0.3597704646630046,0.11890578692839196,-0.07347870190479705,0.07944543968290377,-0.11327068653408202,1.0,-0.25144394910246276,-0.16096228797880524,-0.15114998799357418,0.15152117267591092,0.42426455192184687,0.03840181997116323,0.49196393816154577,-0.10978912345093364,-0.12449247335795852,-0.00215706222139293,-0.02884401811927104,-0.2401145433118366,0.09682071371730847,0.016512891473147308,0.09682071371730847,-0.04148617548017746,0.10116402085729023,0.08735585471667595,0.056865568769412046,0.01539393010667662,0.8409715101501655,-0.006840343794384638,-0.004353364225889363,0.009928329131610791,0.15254733778842747,0.34937492043150925,0.03297390589325998,0.5254603112840813,-0.030944072617674064,-0.08035818142665065,0.004272688763738523,0.029980950716341596,-0.17819961537668033,0.27185631465698523,-7.546682292808647e-05,0.19711240504561667,0.02053034218553664,0.017751765947027,-0.004226354634110555,0.12946092204599058,-0.05360910734993125,0.9055095424050849,-0.18014078726377764,-0.05202240474368403,-0.07700305942152347,0.1317655949679274,0.2510472828357145,0.04753981671592371,0.45185348844529977,-0.04540128304474848,-0.19614743349043937,0.01788095259283162,-0.05742675699056753,-0.20341506166516046
-0.26939239645562546,0.2701590593363171,0.015640817551755497,-0.47078841501883906,-0.16294671614613718,0.3008044521188876,-0.404348487447323,0.3578579021463823,-0.25144394910246276,1.0,0.6943946317068579,0.48522523654391275,0.4176641251795613,-0.30957096337847956,0.37091752649541126,0.3147547884825789,0.3433059914546131,0.6350599888852468,-0.09168518881802117,0.00023633870241561927,0.5431049534479937,0.3934611733774243,0.4841969570211958,0.3934611733774243,0.24785845173194218,0.13691811666385298,0.46817077663731865,-0.2055905121415051,0.5354143758308915,0.1387367727873595,0.8232494111066574,0.6975315139090734,0.5112770201441549,0.44492021107490903,-0.10777839530901547,0.44322640771515154,0.28386801344667817,0.4340162474625684,0.6305162671253777,-0.04675635998336417,0.10109146093009919,0.6069879025032967,0.08240951024726002,0.5083405974075533,0.3689367038904838,0.18626511377673677,0.21766304711777562,0.43472171630127016,-0.10827539345104233,0.5053317051187267,0.025207890814845604,0.9134731638177451,0.7193756625979751,0.5793607239329159,0.4224196868107907,-0.21137523372991582,0.3836121817777833,0.23900534980008864,0.48831678322966776,0.6310780671803264,-0.039753313965567784,0.02463079562151733,0.562667590509488
-0.37262204009751104,0.7100315250362005,0.07487502559330131,-0.3742951825554599,-0.12240698682422486,0.3134099354731515,-0.23598644642913494,0.41574324126621315,-0.16096228797880524,0.6943946317068579,1.0,0.5558951595881723,0.4827642837659885,-0.11721186714009345,0.11733029115575076,0.10631245279041676,0.3572573346791698,0.8942063140296904,0.3096234952565481,0.131022873866805,0.531682829728196,0.36288438494280556,0.6298771731093582,0.36288438494280556,0.24489449018144324,0.06753204734003676,0.4142711235108625,0.003979563271256186,0.5377508448808682,0.19501712783769545,0.6190672295302713,0.9149544562535675,0.5125750752187583,0.581571008182931,0.09399806702209641,0.2671768032945103,0.12491748864744286,0.42291239584245033,0.8644943605954191,0.36400862421941843,0.2505329369642674,0.60644002689603,0.006777734166220487,0.715703886521446,0.3478168068682591,0.22411186478773432,0.12703436495961415,0.4630372432108436,0.024866616240624972,0.5101487015762933,0.13869985445851607,0.7215159621637572,0.9157305537844871,0.6027455320584935,0.544041658852084,-0.042038768620360524,0.19727097285192122,0.10728429994757482,0.45986048276415753,0.8711065906724657,0.36622315627301005,0.1300793707310416,0.5556004196594345
-0.037713542236116775,0.31618829393945797,0.21978425649828018,-0.20536282731381048,-0.14205457374087793,0.4382271171049664,-0.107907633031323,0.4756168510581995,-0.15114998799357418,0.48522523654391275,0.5558951595881723,1.0,0.14463555783486712,0.2509103732564616,0.37231590737321424,0.07448377015041657,0.4133896806776971,0.37622947174192,0.22210928990101342,0.06211211309014117,0.6955588887605947,0.7044757951125539,0.42105056322246714,0.7044757951125539,0.40262116894735145,0.1640403024256577,0.5827097923962439,0.11082339165415682,0.5751586717152416,0.11608736688574411,0.5425592656912934,0.45360194825193084,0.8467393958055252,0.22999376068236257,0.38056538405611917,0.49892485172590106,0.13560791758299817,0.4771989397386275,0.4536918996029381,0.2535501812686889,0.16857209776668688,0.702501908326711,0.3510524133353573,0.41103710386167747,0.6863147408702521,0.34586833738694617,0.1281152694239471,0.5583807146240252,0.14967143583322912,0.5870234944336968,0.16935627724446548,0.5484208241642936,0.4768704653011496,0.7746753624193553,0.19078177333811716,0.3339360775191358,0.4455000874060523,0.03136815141006089,0.5024614399305788,0.34844976837935854,0.2479263409993816,0.04847436105932466,0.7089553526674555
0.15583014989266003,0.5270667392894678,-0.10717937729653544,0.03383658161735602,-0.03542512676215396,0.4574467724384165,0.020536271986642048,0.5438741689201925,0.15152117267591092,0.4176641251795613,0.4827642837659885,0.14463555783486712,1.0,0.2523080367591806,0.382382527707688,0.19800353274021967,0.5288547253529877,0.4988471457151143,0.1519038033334317,0.5947732169020165,-0.00039293097267321773,0.1107727243097391,0.5488008760357186,0.1107727243097391,0.31421059658112205,0.181289351522305,0.4725832769877165,0.241564750058425,0.5206614833269266,0.25793429716821387,0.5520682165896911,0.551415164369656,0.2641508559138456,0.9552508633402998,0.3790906198156142,0.4309141851137165,0.3480491094248055,0.5991703398393068,0.5819653068781278,0.2532868612466483,0.6592152572848606,0.12129837248633747,0.33591381461734376,0.555817380447228,0.2357356099143736,0.45297184470463436,0.22167045017630677,0.5219085304442703,0.2891469489591103,0.5020142602698403,0.2631392136797643,0.462795515871157,0.5787746633119109,0.2167195271004681,0.9699507685979717,0.2752684005271403,0.370049967193293,0.3424553640703231,0.5746513845246894,0.48085934865265245,0.27461070032724966,0.5564044820053561,0.050216967466421694
0.5219113953145275,0.13390884895560856,-0.11275176351569821,0.5032859307632167,-0.12579452155800305,0.40570955769187306,0.5965846623906611,0.3835464260967805,0.42426455192184687,-0.30957096337847956,-0.11721186714009345,0.2509103732564616,0.2523080367591806,1.0,0.3670766719246664,0.21718394937038418,0.42729039266799973,-0.11977174707648074,0.47112462142365275,0.3168383838661526,0.06664382531630067,0.3243256524713616,0.30021387321659787,0.3243256524713616,0.5770775961980814,0.14727943543132196,0.5138469825578,0.7033224058865583,0.505718045068786,0.32031900008862996,0.10382428909673158,-0.029156068555302346,0.3699766642845618,0.2849271294878976,0.9573712058645387,0.42774217216645566,0.44778822900185977,0.44851151376229653,0.06119003819297999,0.4762096240934835,0.3973345212181283,0.13094281381754794,0.70527522470366,0.22933444900914948,0.3664083921598693,0.6297154460680525,-0.02221082472827324,0.5023186517947573,0.7220476084858991,0.47750676457268904,0.4953634081614321,-0.06106235261576186,-0.013531302852178621,0.30499014994795354,0.27371456069078387,0.9384392278858417,0.4188770480603729,0.4029781682951955,0.38096807081325607,-0.1652335224971287,0.46578933069621903,0.25228364275859866,0.11537737700630124
0.5991774990769055,0.1731738209503913,-0.07903623192895462,-0.06107117199778666,-0.3406037851021357,0.7348748486806947,-0.026693494757772482,0.11595290109057851,0.03840181997116323,0.37091752649541126,0.11733029115575076,0.37231590737321424,0.382382527707688,0.3670766719246664,1.0,0.535955474938054,0.4182836529418306,0.00858703150845726,-0.11985542299591245,0.03304235049464126,0.2854320216165183,0.4670783797630303,0.346384348722328,0.4670783797630303,0.4284860890735942,0.08543362041984123,0.7590720466294827,0.2735490164913635,0.45047372489601434,0.22625531356575793,0.49058792242403654,0.20864977478381444,0.5461350805254688,0.4079793973009218,0.42938697271126236,0.9578400561290725,0.618917547784291,0.5165778535878639,0.1203425014911932,-0.07501822392618122,0.0996921541003049,0.3743123532173991,0.8109756096962012,0.3271541331627383,0.5119598002444934,0.42712379529643635,-0.021227039100201465,0.71574295570181,0.32595618374307134,0.42036301870290305,0.21057195244940186,0.43249714403489925,0.20823509292432846,0.4700273650509024,0.3929026665750205,0.4176106820535688,0.9399185420644092,0.5925349509788963,0.4798174501413793,-0.007432944753998029,-0.08296429258407062,0.018290829973318573,0.384518342856702
0.3776721871491585,0.08077712940915203,0.00900505036426259,0.07987637931311166,-0.24859465667773908,0.2077893710714702,-0.10410245935899723,-0.24307488870950258,0.49196393816154577,0.3147547884825789,0.10631245279041676,0.07448377015041657,0.19800353274021967,0.21718394937038418,0.535955474938054,1.0,0.043162917861785444,0.0868945089440989,-0.1614163776807504,-0.3186182603180162,0.047911786529249004,0.3236593131305704,0.20770190007897818,0.3236593131305704,0.17427405098424947,0.003509754598649427,0.4106351143140496,0.07825570578778676,0.21168173872221901,0.6061698522809678,0.3921546332734247,0.25477109837489903,0.30405647005086706,0.20418202059385415,0.21650098097089257,0.49767466688212614,0.9330202360382679,0.1505713927194015,0.09842164728397863,-0.14487394580853782,-0.2118456278143032,0.1634662475816102,0.5115290525484257,0.18687749397786851,0.3630342912128573,0.17238380473152481,-0.07780059630592084,0.31439138487358836,0.2400306276689363,0.1122306353148687,0.6162555557428645,0.31652575951523537,0.22119718025793894,0.24105028247412438,0.20702839613751084,0.21191410853221673,0.5219247050170577,0.8064164902959442,0.14395455783474606,0.0704785562562815,-0.14918668442136226,-0.2776138377340884,0.1642224313929015
0.061026708334846136,0.3434469217508104,0.03299933787707527,-0.17846727647562538,-0.026912086929502928,0.5219472777110719,0.03192312135334309,0.6837316461748256,-0.10978912345093364,0.3433059914546131,0.3572573346791698,0.4133896806776971,0.5288547253529877,0.42729039266799973,0.4182836529418306,0.043162917861785444,1.0,0.4537942906660866,0.4381884013373252,0.56233898927696,0.43321042497737755,0.44860574494423744,0.5655238658740547,0.44860574494423744,0.4765802898525188,0.21589945488599674,0.6533751090271592,0.25700133412394083,0.7150177175924548,0.06745348100992042,0.6384910349570777,0.47045000337325,0.5874917403445457,0.5530246673395011,0.5613934402667496,0.5208069110440461,0.19522778916495415,0.9724045250079569,0.5778146123374351,0.4898047941986012,0.6121174575849079,0.5375642624404421,0.41106218602350164,0.5489493095854409,0.507342192608049,0.5279823499342781,0.2947681995548075,0.6754650269208483,0.3304594430779304,0.7559973133309216,0.09551125393207367,0.543302250106296,0.5329798881675599,0.5258248765836488,0.5552001906447549,0.48967402764857365,0.4386733395037705,0.1682681983548421,0.9568199527816345,0.4617107999297228,0.4720313313352589,0.5197769952459655,0.47706442109461217
-0.4066562308460951,0.7376154306474001,0.19178114014888167,-0.3228746734725815,0.09299125517381242,0.18220941362305432,-0.22233705034521728,0.43812439877314024,-0.12449247335795852,0.6350599888852468,0.8942063140296904,0.37622947174192,0.4988471457151143,-0.11977174707648074,0.00858703150845726,0.0868945089440989,0.4537942906660866,1.0,0.3762342561389898,0.28619247142822435,0.4267314924670003,0.30027101234529735,0.5938234071599253,0.30027101234529735,0.17313950370175232,0.16800431143096592,0.3236118061749563,-0.010870506010824347,0.5213648131509357,0.2046455307333537,0.6186815413007793,0.9061760367098093,0.43741418842091334,0.6297209863031439,0.09243085785272932,0.14965420059813214,0.11301239629168822,0.48345603608739524,0.966803069662722,0.4234692325626639,0.3693730702220606,0.5258812870203102,-0.0791078559093457,0.6729361312038199,0.3077827864468184,0.1873953958594822,0.3074940359493789,0.3693483721850215,0.08146014952821454,0.4863647389860926,0.13533138863203292,0.6791165696461748,0.8768579459671119,0.5143985275767904,0.5699966880403499,-0.094443143382385,0.044079281551669104,0.059560531780940264,0.5219024810747254,0.9840076158841425,0.4320575561902176,0.2729819429012241,0.4608778099855702
-0.2698245025206371,0.31188166874393347,-0.11394353499543278,0.12326029162312781,0.2334818389605672,0.13450693340170428,0.23432081370781188,0.4460336739605078,-0.00215706222139293,-0.09168518881802117,0.3096234952565481,0.22210928990101342,0.1519038033334317,0.47112462142365275,-0.11985542299591245,-0.1614163776807504,0.4381884013373252,0.3762342561389898,1.0,0.38803431671478117,0.23480853532817308,0.2297835900739235,0.4582337016093465,0.2297835900739235,0.44710410477089757,0.4274452097201786,0.2400790876812818,0.3770062691766534,0.4770947076172441,0.0978152683278132,0.21834217507078962,0.35494124813731526,0.29939443055036125,0.24877873126102684,0.5064595735550087,-0.01862480337132468,0.010064877317790181,0.43240858248457503,0.4574080155714595,0.9852258743192701,0.45393396153061144,0.27341633022663403,0.05659925287796134,0.43066124136720896,0.21138593625091778,0.4701627095858396,0.3544975269774005,0.32490102968996176,0.3821673258912525,0.5188759619830611,0.1527899419920539,0.19308385116960852,0.3832279731923265,0.4370584398887903,0.2698833650667253,0.5060239542398796,-0.07453056500235401,0.06405945040797892,0.40577703204030063,0.372007887460733,0.9756646022244114,0.3619687442596173,0.24300842432832798
0.0942360121480522,0.28359135041598066,-0.14281569051516402,-0.00895560966123933,0.36542576953659434,0.1665439964772883,0.16562682787721072,0.6519954184163558,-0.02884401811927104,0.00023633870241561927,0.131022873866805,0.06211211309014117,0.5947732169020165,0.3168383838661526,0.03304235049464126,-0.3186182603180162,0.56233898927696,0.28619247142822435,0.38803431671478117,1.0,-0.048172989517366024,-0.0927142848392665,0.3403131603668954,-0.0927142848392665,0.16541405220343014,0.3859022937688259,0.23917046081056592,0.327704433204484,0.4589606898720268,-0.05776384558255977,0.27329624612776554,0.20383588336167646,0.1622443177255378,0.6119980566857596,0.4094552696882434,0.10005544055168643,-0.10975032538577024,0.544998379758676,0.37123891075631316,0.4133344543507555,0.9776402316125891,0.012525523319416674,0.12463617957532869,0.30458955988507186,0.04908226800076628,0.263247105339935,0.5086852177801109,0.2962060906387095,0.32409268209237674,0.5033508896724848,-0.02235517699047219,0.14744924631148754,0.2232378004702496,0.06021671987900849,0.598165266582412,0.327752995101316,0.02845314124046437,-0.1605470391637256,0.5190973778926976,0.28110076266397016,0.43435070122169894,0.9788341152982084,-0.04358395751573569
-0.13972038118297353,0.315703347483009,0.2470805923461977,-0.5310742236949789,-0.2635597282789585,0.4717548650573294,-0.1303419901900539,0.4627778997697886,-0.2401145433118366,0.5431049534479937,0.531682829728196,0.6955588887605947,-0.00039293097267321773,0.06664382531630067,0.2854320216165183,0.047911786529249004,0.43321042497737755,0.4267314924670003,0.23480853532817308,-0.048172989517366024,1.0,0.7360359589583928,0.5181458636023435,0.7360359589583928,0.3190735566460853,0.021657672999144555,0.5967678872161228,-0.15308616316926962,0.5578279015071254,0.009133424370360417,0.5798007609974085,0.5102841165789435,0.7339918474938782,0.08912478669626102,0.26416023364833835,0.4350889514141623,0.1213176917012655,0.49991807789998877,0.4994175751029252,0.23401134833635612,0.04487628103151188,0.9786047498155414,0.2713564276075445,0.5353126724276948,0.6307220609204071,0.2428519375801511,0.03375009642202223,0.5610252927283763,-0.009352484163898635,0.6051319000134321,0.06371145138236689,0.6662688156547691,0.5666293224723559,0.821635644302428,0.03803731471021519,0.16255607926985532,0.40728810743470206,0.023534723854701674,0.4979399573701915,0.4045715027443063,0.1965294102760505,-0.0735538971215677,0.9762294566627537
0.039456347325205046,0.21212756369085695,0.5636565844906901,-0.13654651147225635,-0.18310774303915836,0.4448581179691749,-0.18111868646791307,0.3089033144803163,0.09682071371730847,0.3934611733774243,0.36288438494280556,0.7044757951125539,0.1107727243097391,0.3243256524713616,0.4670783797630303,0.3236593131305704,0.44860574494423744,0.30027101234529735,0.2297835900739235,-0.0927142848392665,0.7360359589583928,1.0,0.4084519683220236,1.0,0.4249525756033277,0.17643029217941156,0.6557666740917524,-0.07115405729480495,0.5298204473491402,0.26352514236615215,0.6084861928397902,0.43592317093246447,0.8825566327854966,0.19539402312231996,0.4452802334394896,0.588391807957262,0.40932268032932423,0.5419408523713609,0.4458729367983939,0.24505843801835714,0.01592498559935182,0.7760377200071193,0.4418862997493773,0.3583764555488316,0.9655984832851265,0.3760738653148529,0.12015520170973867,0.5740075745024272,0.09988680456374423,0.4982959435448803,0.3925618062445174,0.5474281946445119,0.45055990553069614,0.8321754607284336,0.13966795761055126,0.3572292570682654,0.512833273160321,0.26464826050416673,0.48135370215602763,0.2711756514295097,0.2058252949879527,-0.15308796191346943,0.7840704372658152
0.04938564049497597,0.643887156531445,-0.188551471347762,-0.02531039140441581,-0.2956668885421879,0.5814356540246616,0.10410472725493422,0.576389244271244,0.016512891473147308,0.4841969570211958,0.6298771731093582,0.42105056322246714,0.5488008760357186,0.30021387321659787,0.346384348722328,0.20770190007897818,0.5655238658740547,0.5938234071599253,0.4582337016093465,0.3403131603668954,0.5181458636023435,0.4084519683220236,1.0,0.4084519683220236,0.7266488110402969,0.03332611996878896,0.7631311578107826,0.3463202186900169,0.8070730754153813,0.2036442229078736,0.6933768564380092,0.6810690616470307,0.5765747154222023,0.613948670029866,0.49220908169215405,0.5131402321122999,0.3812667547543523,0.6538308947022103,0.6859477811026282,0.4993034941091642,0.4642117937167987,0.6042990861923302,0.4000310618203066,0.9645278328814212,0.41915707334266616,0.737444673647709,0.06557951256132302,0.8198844723762213,0.4145039414748886,0.8045640167976872,0.25329838436413443,0.711698027473542,0.798114809852783,0.6550814525449684,0.607020312679836,0.438422791975379,0.4689818620768376,0.40036530147174854,0.6299609080777396,0.5872083054032528,0.4858534970249769,0.3155103494664449,0.546043266371733
0.039456347325205046,0.21212756369085695,0.5636565844906901,-0.13654651147225635,-0.18310774303915836,0.4448581179691749,-0.18111868646791307,0.3089033144803163,0.09682071371730847,0.3934611733774243,0.36288438494280556,0.7044757951125539,0.1107727243097391,0.3243256524713616,0.4670783797630303,0.3236593131305704,0.44860574494423744,0.30027101234529735,0.2297835900739235,-0.0927142848392665,0.7360359589583928,1.0,0.4084519683220236,1.0,0.4249525756033277,0.17643029217941156,0.6557666740917524,-0.07115405729480495,0.5298204473491402,0.26352514236615215,0.6084861928397902,0.43592317093246447,0.8825566327854966,0.19539402312231996,0.4452802334394896,0.588391807957262,0.40932268032932423,0.5419408523713609,0.4458729367983939,0.24505843801835714,0.01592498559935182,0.7760377200071193,0.4418862997493773,0.3583764555488316,0.9655984832851265,0.3760738653148529,0.12015520170973867,0.5740075745024272,0.09988680456374423,0.4982959435448803,0.3925618062445174,0.5474281946445119,0.45055990553069614,0.8321754607284336,0.13966795761055126,0.3572292570682654,0.512833273160321,0.26464826050416673,0.48135370215602763,0.2711756514295097,0.2058252949879527,-0.15308796191346943,0.7840704372658152
0.1585416900338586,0.15286834269005678,-0.29162415175661444,0.4103573166005512,-0.4361046334983286,0.5148244548637723,0.4306791509175734,0.4712945276244568,-0.04148617548017746,0.24785845173194218,0.24489449018144324,0.40262116894735145,0.31421059658112205,0.5770775961980814,0.4284860890735942,0.17427405098424947,0.4765802898525188,0.17313950370175232,0.44710410477089757,0.16541405220343014,0.3190735566460853,0.4249525756033277,0.7266488110402969,0.4249525756033277,1.0,0.0005144901195550507,0.713032997574535,0.644025635477699,0.7637596652419202,0.034486708139203834,0.5325970078817328,0.26346534192019583,0.5348729694268429,0.351978521351651,0.6599788534995701,0.5505001347660378,0.39381755917973055,0.5400204500113734,0.3425835818939007,0.4570016291800839,0.286341220261617,0.39141603442186296,0.5054701024755183,0.6015808408502762,0.3916557731518088,0.9615536797674256,-0.08791697774100485,0.7397559853378671,0.6288404221093243,0.7265375518823118,0.14940609632960208,0.4994978986672433,0.3813849736069824,0.5966336967616664,0.3684012030981,0.6886628641114956,0.5061578146410319,0.46876285730500133,0.4806854298005887,0.17231310414015993,0.434196457964375,0.12026038716838613,0.3565810699582135
0.005490968871569476,0.013154178455475608,0.13718977532676277,-0.0508358808932184,0.7860195724225796,-0.05475413128555836,-0.3363057221436889,0.19394095858612476,0.10116402085729023,0.13691811666385298,0.06753204734003676,0.1640403024256577,0.181289351522305,0.14727943543132196,0.08543362041984123,0.003509754598649427,0.21589945488599674,0.16800431143096592,0.4274452097201786,0.3859022937688259,0.021657672999144555,0.17643029217941156,0.03332611996878896,0.17643029217941156,0.0005144901195550507,1.0,0.15940635854015797,-0.008869056698474162,0.2500444188053331,0.2444566045335268,0.25597021092381567,0.159164430970824,0.2185760077792689,0.27350779552522725,0.16392964478267247,0.08222989176258899,0.06632994267192867,0.23762065763062057,0.19820012617855978,0.4298327539973655,0.3932964832152251,0.048902345501646245,0.11262797865340517,-0.004507641616109174,0.2601152028063434,0.04732166861195559,0.9187289983987418,0.11874050477806375,-0.018225142183659077,0.22775926978439004,0.20953915212018454,0.16583845850126372,0.10003875218922464,0.25351697370243303,0.2739750833076786,0.13516239406365896,0.06027270809972674,0.05696591814306235,0.22830902946402704,0.1686663845553181,0.4725194436064376,0.42202379283112124,0.05072953744946917
0.45216751750605155,0.3966560616916159,-0.05855527010402182,-0.08713146794522898,-0.3115068928790395,0.818032332844657,0.020850021302339324,0.4795634079035338,0.08735585471667595,0.46817077663731865,0.4142711235108625,0.5827097923962439,0.4725832769877165,0.5138469825578,0.7590720466294827,0.4106351143140496,0.6533751090271592,0.3236118061749563,0.2400790876812818,0.23917046081056592,0.5967678872161228,0.6557666740917524,0.7631311578107826,0.6557666740917524,0.713032997574535,0.15940635854015797,1.0,0.3439416219164721,0.8341946342447548,0.2866997027181575,0.7400015417890796,0.48250323038487963,0.7954235320555699,0.5380805354939804,0.6675174744867671,0.8824920292380076,0.5949562176000466,0.7617146376698549,0.4660340826823745,0.2694808811413253,0.36055825519812323,0.6871796263278199,0.8007969587488477,0.7131961336935144,0.6907065150910745,0.7057696110865637,0.10425167951352968,0.975540653737651,0.38988185940719017,0.7996920333391123,0.35024828218131576,0.6755523868862109,0.5585675879391503,0.7614216780352762,0.51482822244357,0.6108525525305198,0.852750031339276,0.5862836645950444,0.7064228249316847,0.2959499566610963,0.252267990526691,0.20767443073680755,0.6546746043989038
0.3783588162949231,0.13972937968663265,-0.43789359732128164,0.5935390279976906,-0.2165574400738404,0.20611987622457345,0.7444076449133086,0.21749396532062154,0.056865568769412046,-0.2055905121415051,0.003979563271256186,0.11082339165415682,0.241564750058425,0.7033224058865583,0.2735490164913635,0.07825570578778676,0.25700133412394083,-0.010870506010824347,0.3770062691766534,0.327704433204484,-0.15308616316926962,-0.07115405729480495,0.3463202186900169,-0.07115405729480495,0.644025635477699,-0.008869056698474162,0.3439416219164721,1.0,0.41999834022799964,0.035738620192262746,0.028474929844401003,0.009004027679269168,0.11425475957249508,0.3148408881262831,0.6907993164183733,0.3313858424736947,0.2774897602156693,0.25687404265297686,0.09628290355848301,0.37842222993861396,0.3865993657244491,-0.07651712770038804,0.5107028649851477,0.27183044098814113,-0.03087027246885922,0.6574358339310705,-0.09398074164033653,0.3968964554130992,0.8958748669488747,0.3833992147767752,0.1276511159483305,-0.04523523544968323,0.02284462643620211,0.07467191954304381,0.2911723122441028,0.6966271629353954,0.3290050652795392,0.31270043021571403,0.22621152980291032,-0.004985044256581447,0.3857308015597592,0.32863796739610796,-0.08202208793743987
0.08909348873091764,0.3836129937412717,-0.1627360959719123,-0.028745076896928685,-0.16503817393160858,0.5823236957640684,0.1573732792938099,0.7774968651930187,0.01539393010667662,0.5354143758308915,0.5377508448808682,0.5751586717152416,0.5206614833269266,0.505718045068786,0.45047372489601434,0.21168173872221901,0.7150177175924548,0.5213648131509357,0.4770947076172441,0.4589606898720268,0.5578279015071254,0.5298204473491402,0.8070730754153813,0.5298204473491402,0.7637596652419202,0.2500444188053331,0.8341946342447548,0.41999834022799964,1.0,0.1978071668245743,0.7960970971164179,0.6113512991736394,0.722824456688632,0.5841966063811092,0.6776413616883419,0.6066178324171813,0.41315379751529135,0.7889252397945731,0.6629435684504068,0.49790358413640917,0.5986931189502342,0.652002722370353,0.49880509788100447,0.7502122659186907,0.5376006987119706,0.7184905392162546,0.24603343663809887,0.8240338576698241,0.4840338364425872,0.9559495518416355,0.26713491843797926,0.7594974671706175,0.6746137797055953,0.7618616943521042,0.5602799860443872,0.5740908822587306,0.5262863487581343,0.35454111280771317,0.7645416544275307,0.4853466519528651,0.4863151274221472,0.4170670623811136,0.5772174606667142
0.2544918220808349,0.3148113594336382,0.16334504207266282,0.10416483167491834,0.09247634396611515,0.04136604780578812,-0.12679938164736335,-0.06973613166370034,0.8409715101501655,0.1387367727873595,0.19501712783769545,0.11608736688574411,0.25793429716821387,0.32031900008862996,0.22625531356575793,0.6061698522809678,0.06745348100992042,0.2046455307333537,0.0978152683278132,-0.05776384558255977,0.009133424370360417,0.26352514236615215,0.2036442229078736,0.26352514236615215,0.034486708139203834,0.2444566045335268,0.2866997027181575,0.035738620192262746,0.1978071668245743,1.0,0.30611841279895274,0.3504383860470866,0.24302072086330181,0.3392188689507598,0.31920367211437284,0.2491033334352633,0.6197002761004539,0.180842577918431,0.22440930047393734,0.11492132317983934,0.038677709618502754,0.09529051920957152,0.34078688602180984,0.2397290641348685,0.35832473990168306,0.08509666680348783,0.18909718213091853,0.2150392259690482,0.12014146586639986,0.15363076529228334,0.9386595101114557,0.19463322799338484,0.28862461390150074,0.19114243786204224,0.30549520691706256,0.1913066242763424,0.2520224090502043,0.5841255132318208,0.22277305401428676,0.1516160195211113,0.14538709174654846,-0.041763266444046335,0.065078768225662
-0.06602947405066821,0.302434623166224,0.06997467759374967,-0.2647562487244026,-0.11736992497071298,0.4564757528237864,-0.2209157046841678,0.5147361755390979,-0.006840343794384638,0.8232494111066574,0.6190672295302713,0.5425592656912934,0.5520682165896911,0.10382428909673158,0.49058792242403654,0.3921546332734247,0.6384910349570777,0.6186815413007793,0.21834217507078962,0.27329624612776554,0.5798007609974085,0.6084861928397902,0.6933768564380092,0.6084861928397902,0.5325970078817328,0.25597021092381567,0.7400015417890796,0.028474929844401003,0.7960970971164179,0.30611841279895274,1.0,0.7154427621393509,0.7553396613997232,0.611565772779399,0.31787777908953213,0.6011285768787077,0.5082401151714099,0.7537569903074615,0.7134435897918252,0.2578460571946601,0.3958276972098732,0.688902029166143,0.3406888744345704,0.6339442242186567,0.6397142142076737,0.5008447962045314,0.3464595659461238,0.6929741082893602,0.14021633295028343,0.7572620488200587,0.2847173641111499,0.9415124041568612,0.7537188905408101,0.728803465009482,0.5867334683396811,0.185359531372388,0.5004919894561799,0.4526996321696208,0.7435102888501719,0.6018143849913739,0.25190030210889414,0.2706436495220061,0.6326107407029856
-0.32516681228542177,0.685071750498836,0.1306181359286057,-0.368907986260666,-0.04508909876193738,0.3040563918704843,-0.2320529332461447,0.42865541321528633,-0.004353364225889363,0.6975315139090734,0.9149544562535675,0.45360194825193084,0.551415164369656,-0.029156068555302346,0.20864977478381444,0.25477109837489903,0.47045000337325,0.9061760367098093,0.35494124813731526,0.20383588336167646,0.5102841165789435,0.43592317093246447,0.6810690616470307,0.43592317093246447,0.26346534192019583,0.159164430970824,0.48250323038487963,0.009004027679269168,0.6113512991736394,0.3504383860470866,0.7154427621393509,1.0,0.5188826663747673,0.6560639825975336,0.1757723610801843,0.3390481437545812,0.2850534924176446,0.5542100852480427,0.9080091129289238,0.42495942650393637,0.3274680010609815,0.6105111328105624,0.07474021550139748,0.7437198055329038,0.4404576178873132,0.2483667753348858,0.25792215397773494,0.5086200102104028,0.1298069435228154,0.5769536568027799,0.29582980598618813,0.7755235211854438,0.9619840462031796,0.5990189341171761,0.6052527006958398,-0.008859250316425801,0.24124790811493,0.19289555812545434,0.5740076065680862,0.8868173061174642,0.4283896233637703,0.1994195420234738,0.5600365915443148
