Fp1,Fz,F3,F7,FT9,FC5,FC1,C3,T7,TP9,CP5,CP1,Pz,P3,P7,O1,Oz,P8,TP10,CP6,CP2,C4,T8,FT10,FC6,FC2,F4,F8,Fp2,AF7,AF3,AFz,F1,F5,FT7,FC3,FCz,C1,C5,TP7,CP3,P1,P5,PO7,PO3,POz,PO4,PO8,P6,P2,CPz,CP4,TP8,FC4,FT8,F6,F2,AF4,AF8,O2,P4,C6,C2
1.0,0.5859504791626067,-0.05447092883093427,0.2879170370383076,-0.20546841826633022,-0.17121850181462328,-0.31071271931606026,-0.29548557983730184,0.07300583036950606,-0.12210570616286653,0.3962971732942847,0.28977986808005607,0.09798291268563253,-0.10336435257017909,-0.15186951397514464,0.3901968088347325,-0.1428512771076818,-0.14171048190000524,-0.015397499404662911,-0.2072942675880186,0.011152897121139716,0.06214998570783072,0.0031146006853634586,0.06214998570783072,0.26098914916434063,-0.20274877049899429,-0.24387623144286816,-0.2584616532450014,-0.24898776677019432,0.08945956255190403,0.2826237736614243,0.3255314056468311,0.2552879825798713,0.19319575212899356,0.05066425488400596,-0.11175414274537361,0.44794310205455085,-0.0858512813126406,-0.11051515269881818,-0.0014401972103835477,-0.20106185578371444,-0.01791927127972721,0.6817883522004805,0.18336056071691956,0.13193235389662544,0.3128463954458256,-0.19788416398765185,0.08412620902970598,-0.23614755154905442,-0.24816390392169188,0.07492965074520848,0.23860788872688352,0.3638304607352786,0.33840262447716457,0.19312767835460323,0.07076629009785389,-0.004951343028799559,0.4423484258910011,-0.023395897015242386,-0.11331369059786663,-0.04141591808752911,-0.20904542675621848,0.03971431201132538
0.5859504791626067,1.0,0.24286555213315825,0.30564713603183447,-0.3093497606026619,-0.24327063242933228,0.22788189394780414,-0.3367407625213874,-0.015090332846575237,-0.20810101527161412,0.10929869937186841,0.09139824705971136,0.4197113682886154,-0.06622395014097189,-0.12970410947317831,0.37316306820185513,-0.034287355331577944,0.17820803296767784,0.08171914225186278,-0.2939419360690889,0.01995150655330717,0.11417608116875083,0.5314141405152587,0.11417608116875083,0.2103232827066375,-0.3212288238871042,-0.16650166067939745,0.2986098021332888,-0.2526100893054695,0.12256251088611864,0.11351518083524538,0.08718587641400607,0.17310892419957022,0.4735152180933533,0.04358894162209239,-0.07505881411067339,0.40579193646889616,0.03684027071662903,0.19375384144574764,0.12024817493729148,-0.2666117793377657,0.024114980006906792,0.3845205114789347,0.6604299277686643,0.2719376060433452,0.2522970718403025,-0.3428496134950242,-0.2142287180586694,0.2711817184755255,-0.267035488531683,0.12715240996481406,0.150692053535791,0.11222038013120374,0.14225735442388104,0.43065198178527886,0.0824053297036022,0.021237979920553134,0.4404579681111175,0.06604559224797145,0.21084800425677228,0.16472982770656971,-0.2570646534676982,0.04053281300654158
-0.05447092883093427,0.24286555213315825,1.0,0.22268425526015648,-0.1092751313642824,-0.2421449215376519,0.23794530075443296,-0.3178317441253042,-0.190529403116559,-0.2542549128089415,-0.557022332351941,-0.2491406021763193,0.2509949490139343,0.14486484878593514,-0.05756157197181789,-0.4072483743298744,0.07703343366104655,0.3490795045586499,0.18825831114385716,0.23909828683878984,0.4361878626379785,0.8113169582631998,0.2836200170054604,0.8113169582631998,0.21745601131347456,-0.09049654623936873,-0.23745496536696734,0.1707675270455639,-0.21777329679890717,0.11381628410848939,-0.10736444304738142,-0.4316235707749361,-0.20577040258710605,0.31633902796373886,0.14937047606560205,0.03213746620286576,-0.3141594297374801,0.17465623430950125,0.3284831462034999,0.2842880593839283,0.2038848592186298,0.4536110928387728,-0.329974425760328,0.11385950320436172,0.8877485775131847,0.20214805313065654,-0.130396593735873,-0.38239525458886425,-0.04801665349609643,-0.1911473429621013,0.05146045928659595,-0.06454253253717196,-0.4299772051757656,-0.08445170456046645,0.2645408994535333,0.19137340534346348,0.07098820786665698,-0.2642924329906283,0.14993803392279123,0.32479460500748153,0.24286806498999597,0.2317126172717709,0.463509340191008
0.2879170370383076,0.30564713603183447,0.22268425526015648,1.0,0.232228543607483,0.06494267314432384,0.14487404242742227,-0.06384680529447495,-0.2231946655884849,-0.3043848808902566,0.047755990350469436,0.2283061469253143,0.25264143981894427,0.24559201260442706,0.37464543082795637,0.2646585449340772,-0.090844951051831,0.20509630891535544,-0.03458976436811032,0.00562993762566835,0.3133744321410795,0.14354954050820184,0.21292836022812867,0.14354954050820184,0.8898289916384642,0.16355228340037123,0.08976253734958993,0.09631844504145817,-0.11567324489742367,-0.05568722316836539,0.017253760070127855,0.02531570229737818,0.2941600472623446,0.39844686265987284,0.2609144455087613,0.32089005348577987,0.34694749179366335,-0.3225821576790902,0.21668929048804028,0.022497464142114298,0.028631418921257906,0.3540168386840439,-0.07787908092059992,0.22338723952827869,0.2148918520371342,0.8681410239261118,0.13581700287435605,0.1553843254090057,0.06964066520978114,0.011277332868156386,-0.023229715923488135,0.01803020147067606,0.10632661378801561,0.36494705539356165,0.37614746459773135,0.2661555391606362,0.45985738634534673,0.3429410688896526,0.1335104125028014,0.2575791983009746,0.014187769687994081,0.02312088940631003,0.36643726860650355
-0.20546841826633022,-0.3093497606026619,-0.1092751313642824,0.232228543607483,1.0,0.17074100538923725,-0.325663975515202,-0.23178500124139023,-0.5117973358403545,-0.26306615054832466,-0.14691830145343748,-0.03843566369213612,-0.3219090407721145,0.5051875121460297,0.8556714422843332,0.10915389659805565,0.3903987850594138,-0.3733606312707745,-0.37787474989731895,0.5397555792960894,0.0693406355630366,-0.23022619325174334,-0.239700350262588,-0.23022619325174334,0.12184984535339409,0.9440953590051008,0.22676561891100375,-0.3822452611945117,-0.3179054627584657,-0.41769182111464903,-0.2694818605263792,-0.15302380324987575,0.023735171743035542,-0.24546274365171528,0.5116190852936935,0.8073091980847718,0.14314459202733584,0.29735116715272086,-0.3878682069147572,-0.2644997838357611,0.5886874310306324,0.1535161875375377,-0.24413087277879758,-0.1981335240698019,-0.22364399642503835,0.09145762260778759,0.9283134676219492,0.2905386540962478,-0.38097924186374044,-0.17549551551366932,-0.4529029628013847,-0.23400136415627518,-0.025781295366180575,-0.03612019675946973,-0.25819790758440236,0.3869858554268669,0.7149081425602534,0.10946402261203639,0.3855351818100437,-0.3699713942614796,-0.30433415107905554,0.535094701251442,0.18749461067845546
-0.17121850181462328,-0.24327063242933228,-0.2421449215376519,0.06494267314432384,0.17074100538923725,1.0,-0.2350022474460827,0.6014462636455898,0.042689534889958775,0.13212310216925957,-0.37560275107985736,-0.23568208876491756,0.13814811374896355,-0.16056206466580708,0.19806142309430283,-0.2496135935286986,0.22569079250181898,0.3542655464718381,0.3525886176155325,0.2058887089423106,0.40460944672783944,-0.13625091529123848,0.2610942936023847,-0.13625091529123848,0.15620874148877842,0.30491752587356535,0.8694885129716192,-0.07588874462458926,0.5073824745488191,0.26806699721590904,0.062431689840882,-0.2121318595594908,-0.17864219848568633,0.0953223982182704,-0.13713812424913063,0.2404933849495051,-0.2622802339585356,0.062470291553241304,0.35089929928064684,0.3435000754368429,0.21033427114315492,0.37017500419692334,0.11493135878972258,0.26271306093194097,-0.1952582534569851,0.2039583171810005,0.2996780524062196,0.8882240758786373,-0.04095175821304006,0.5706435296035901,0.23697027613629323,0.1574144732569762,-0.10858331163158225,-0.10708954010439187,0.18521283246199446,0.021756624864732253,0.23370960445293643,-0.03851308215342708,0.08475878379937703,0.4811641608543949,0.3502902541463345,0.2627607797861288,0.3139226595700532
-0.31071271931606026,0.22788189394780414,0.23794530075443296,0.14487404242742227,-0.325663975515202,-0.2350022474460827,1.0,0.17601421769935624,0.1839158946220294,-0.0203603401067557,-0.14422473060861166,-0.05561386191535664,0.3794794338525845,-0.13672185671470446,-0.16036895641961452,-0.15266978326317274,-0.37600280896945637,0.5831317894363125,0.20973154827605725,-0.6132580025834298,-0.07008127903678825,-0.027266130156791694,0.20977797285095848,-0.027266130156791694,0.20249527007800885,-0.4241844565149881,-0.16940554728936283,0.7951578013849409,0.14933332746779995,0.23677613334651812,-0.12268584358751608,-0.1288912776594591,-0.0731846436238418,0.3724514443116828,-0.22633286089211388,-0.14269977739154618,-0.14996331985877626,-0.325309836470818,0.598809656477661,0.19726587684541466,-0.5891822638636606,-0.03545676946879788,-0.40351509560159043,0.28787148100138105,0.03212282005391767,0.21730275636254495,-0.39054390213590756,-0.41900380486671923,0.8866553886724149,0.17974758069608832,0.2014926915883889,-0.13426966437885415,-0.2163300277931852,0.021766984859186718,0.3954882446505909,-0.20099529691470722,-0.15316378724952032,-0.15260211551092023,-0.25776056304481526,0.5229987386718384,0.2028055562798679,-0.5411474755437636,-0.07657104274804027
-0.29548557983730184,-0.3367407625213874,-0.3178317441253042,-0.06384680529447495,-0.23178500124139023,0.6014462636455898,0.17601421769935624,1.0,0.18913565055133794,0.3934861651567563,-0.07211065138997916,-0.27091905426919277,0.3086287116531923,-0.25500116758446273,-0.10628251546756359,-0.11338372899671874,-0.031106422911671046,0.44235127440055233,0.4643474431841799,-0.04778309228458439,0.22061906634746414,-0.18611063014246046,0.10836409808871184,-0.18611063014246046,0.17025320134553298,-0.0946163293420415,0.6649906584603775,0.42476357871836273,0.9341878078899408,0.29431106342205826,0.3182656829518255,0.19569711530585632,-0.10845449167026348,0.2057194389181016,-0.2525742557230621,-0.07393699468017327,-0.11602877945561897,-0.1499416983517347,0.4529329299546242,0.42090102685043895,-0.046358688319469515,0.15832876183301473,0.05150744050115574,0.04365751620620279,-0.2900621411713224,0.21572381365359172,-0.08191609745908675,0.5746128098091159,0.41737693509514406,0.9642667271059938,0.4359464133168574,0.32946216644278903,0.1722433369447294,-0.06897104081774565,0.34705754991462795,-0.10086595456078185,-0.0331158970958293,0.042979760256661226,-0.0296645691572819,0.5241572928425349,0.4475729884986393,0.014088454892358286,0.17045202648000768
0.07300583036950606,-0.015090332846575237,-0.190529403116559,-0.2231946655884849,-0.5117973358403545,0.042689534889958775,0.1839158946220294,0.18913565055133794,1.0,0.4306927757573699,0.19787701937011176,0.3303992469932506,-0.11905331183964943,-0.23964973561355574,-0.3037717190757632,-0.09327155233436066,-0.13694559819675975,0.0375054348096737,0.22876990587700297,-0.35133809547479367,-0.0067279109648907985,0.0065738278005256215,0.15524541117249843,0.0065738278005256215,-0.11696447900787284,-0.5225078828812593,-0.22343118969250714,0.0834289765210382,0.09321213056260157,0.7866597555738926,0.3528202796213142,0.10871375545322338,0.20624328056698504,-0.17188396126765604,-0.24100350109179156,-0.3469924515386673,-0.1467309264360029,-0.2374593570424991,0.06636667402689436,0.08241787181136913,-0.35281228146759297,-0.03581476401701449,0.278843767744786,0.22198655459378805,-0.015730508832644447,-0.07021101488816041,-0.45593855065084077,-0.0436273195048876,0.1763651107947484,0.11397355995493752,0.750190755303549,0.33906239580186165,0.04891243369167638,0.23621921644904778,-0.06313095173963053,-0.294000248592405,-0.33317656230542053,-0.15648935067322267,-0.21351311088123834,0.0701305135618032,0.19864001040109142,-0.304749675971221,-0.1431241983449809
-0.12210570616286653,-0.20810101527161412,-0.2542549128089415,-0.3043848808902566,-0.26306615054832466,0.13212310216925957,-0.0203603401067557,0.3934861651567563,0.4306927757573699,1.0,0.24200206081617934,-0.03369266131595823,0.2115071135002501,-0.17131025751910117,-0.05429440592642868,0.20799236753007166,0.4318134273712817,-0.011974352634114326,0.3633067069235988,0.03866061477544516,-0.019433224233602137,0.18914871800057434,0.08956128656538745,0.18914871800057434,-0.17602870479751212,-0.12549764897887128,0.19202703776221453,0.18516022909951158,0.5482130867695887,0.46457059377234955,0.7165155510929113,0.5401961643642361,0.014557312579258103,0.08651635612851544,-0.16898409902529649,-0.07894903144982506,0.2077023318279251,0.3979872887337924,0.010433794104612001,0.25986341308011174,0.028335341961775045,-0.031505323861811554,0.4422949629620704,-0.11129433176221346,0.057750714072762555,-0.18284946793274776,0.02036764547489009,0.23419963391099902,0.1673016946414174,0.3998084819916111,0.6273196374597373,0.7414527798796184,0.5788212995794856,0.09038548659778736,0.2322280853655482,-0.10268852904964022,0.10604264312298149,0.27746476258501945,0.2703045145167235,0.07424200863468455,0.32212036302829294,0.11919348877290749,-0.04624803494821318
0.3962971732942847,0.10929869937186841,-0.557022332351941,0.047755990350469436,-0.14691830145343748,-0.37560275107985736,-0.14422473060861166,-0.07211065138997916,0.19787701937011176,0.24200206081617934,1.0,0.63846577434181,-0.2904294543840644,0.0760679551409224,-0.13378645312111392,0.5431396542243404,-0.1805714157681306,-0.5525997945207961,-0.5192968873983738,-0.18871801401059865,-0.37159660177217624,-0.28536038286371823,-0.24479211287802408,-0.28536038286371823,-0.011391548403528908,-0.2238122497829361,-0.2395936124222248,-0.027734783632007796,-0.04422723851642985,-0.18003389742292888,0.2238558123685751,0.8138859929980016,0.6476377307707826,-0.29607539494857316,0.13628208791386834,-0.30075714736741804,0.5469641417049007,-0.15939676644637496,-0.510828725953455,-0.6041941004627188,-0.1553850006989106,-0.40150733920955417,0.4970654918358778,-0.1498105141790103,-0.30096474460650896,-0.02571678764875846,-0.12046201280603627,-0.1422737960488457,0.04454354946070871,-0.10806678770543264,0.018791947975893033,0.1904042022235616,0.7743034114607744,0.5773279230734677,-0.2766855276046712,0.08803443490384652,-0.12810006518695466,0.45511160307308646,-0.20907397889532173,-0.47975540522637344,-0.509486550707989,-0.17682315987413447,-0.3290259052158766
0.28977986808005607,0.09139824705971136,-0.2491406021763193,0.2283061469253143,-0.03843566369213612,-0.23568208876491756,-0.05561386191535664,-0.27091905426919277,0.3303992469932506,-0.03369266131595823,0.63846577434181,1.0,-0.5766134003537569,-0.0020681418419499953,-0.14215970187357038,0.1299571538402657,-0.13752920190615395,-0.49790086005575834,-0.5221451043064886,-0.21355830092953623,0.024190750400192744,-0.08905617930425598,0.03424298251191921,-0.08905617930425598,0.20854792745246917,-0.2325327024379269,-0.30535586657559327,-0.13392713463250464,-0.2835792763786745,-0.05333812389574499,0.1289718375183184,0.2933217608220753,0.9075267281221766,-0.522217700628995,0.057141073134322616,-0.3076733503313376,0.16818660430027854,-0.3153316142256485,-0.44202272322907915,-0.5677834011957918,-0.15980864099849998,0.0433479239570787,0.3344242252528844,0.09333854542881322,-0.05415369422063037,0.19954982304647556,-0.043239202398859714,-0.2209175565365925,-0.004153033668499271,-0.328321609523707,0.05013569175973405,0.11888439587116383,0.3074418793547234,0.8788875963572275,-0.43831075869707103,0.01582021237275508,-0.11941251078562092,0.11344073925331802,-0.11222558998914425,-0.34593147871070723,-0.48585768410830554,-0.17002362904856896,0.009076112989982342
0.09798291268563253,0.4197113682886154,0.2509949490139343,0.25264143981894427,-0.3219090407721145,0.13814811374896355,0.3794794338525845,0.3086287116531923,-0.11905331183964943,0.2115071135002501,-0.2904294543840644,-0.5766134003537569,1.0,-0.20800794826309454,-0.06144162263388961,0.15853804618783798,0.027971110807570254,0.7201776275976742,0.6345576465157772,-0.21161865044967698,-0.08107795680645244,0.22151171886793627,0.3316429926889487,0.22151171886793627,0.24198237475774487,-0.1814607218574083,0.24455438213536174,0.4539814437983905,0.3752844001756706,0.24211126288893772,0.23562772062573,0.05286882564144457,-0.5026947811680389,0.9679361258338539,-0.19480595721935984,0.044513587716965536,0.1740538537273039,0.05961053601174184,0.709150203185389,0.6242083786532082,-0.24130007190868452,-0.10266022247237377,0.027013083401634885,0.29033248463306427,0.22340542861538085,0.31884931855452053,-0.27504761575865766,0.18085338720345703,0.41017948702504964,0.36713513622281435,0.24826183464168414,0.2430325027262483,0.013183251444887308,-0.33592871169420047,0.9414982565521217,-0.09106958464527487,0.07807499447663488,0.2700885934234043,0.17625698206483875,0.6637512274617676,0.5884805814497397,-0.19086088848527563,-0.07108977392859234
-0.10336435257017909,-0.06622395014097189,0.14486484878593514,0.24559201260442706,0.5051875121460297,-0.16056206466580708,-0.13672185671470446,-0.25500116758446273,-0.23964973561355574,-0.17131025751910117,0.0760679551409224,-0.0020681418419499953,-0.20800794826309454,1.0,0.5595651827809678,0.2235557814595993,0.3870792086486916,-0.44159388690480866,-0.36496278296873114,0.5140240159291096,0.028169760407041503,0.03381955281612026,-0.3938166980493571,0.03381955281612026,0.023059969143968292,0.45970097336815113,-0.07165874316525216,-0.1014131538924018,-0.3186967085900625,-0.27192656419057015,-0.2901697362213091,0.011939384584663688,0.16679912201682096,-0.10049245868412385,0.9619238385691186,0.5160694080221276,0.27325220410543827,0.34457783278646537,-0.4389291138483115,-0.28686820168706495,0.5866019836769925,0.07265330933303077,-0.22656584296068538,-0.3973564306449966,0.11875837168395469,-0.0757807112292138,0.46756443313131596,-0.05623552712846286,-0.2676124591993758,-0.1754313146569819,-0.04873816611000019,-0.19391953492384775,0.18137151685528627,0.07085020457042342,-0.12193011562899998,0.884897731239837,0.49739017801952573,0.2563108317089,0.34170957591245343,-0.36718747917868466,-0.2004751277004516,0.5594352791265628,0.1247928693904317
-0.15186951397514464,-0.12970410947317831,-0.05756157197181789,0.37464543082795637,0.8556714422843332,0.19806142309430283,-0.16036895641961452,-0.10628251546756359,-0.3037717190757632,-0.05429440592642868,-0.13378645312111392,-0.14215970187357038,-0.06144162263388961,0.5595651827809678,1.0,0.3258303499367918,0.48910251445150577,-0.23288544957247356,-0.11289995628530079,0.4864168792328011,0.1759615310894903,-0.12526039429620295,-0.07697472423419612,-0.12526039429620295,0.2858980853046452,0.8378784686671302,0.3062817050335559,-0.19603727838566545,-0.1807663319678476,-0.08133744028277153,-0.11446448591560536,-0.030088870576527156,-0.016668827441379097,-0.014503033018575848,0.55156659900216,0.9663364234522114,0.35153277521819926,0.35848093760583466,-0.2560719605589493,-0.01696479490229313,0.5271813178268095,0.2568744340504823,-0.1456833556743569,-0.029126841164166657,-0.09787539039500133,0.24524949853838157,0.8074612349048622,0.3493450797672747,-0.22630244172509928,-0.03201970075692454,-0.14134406020141363,-0.032561617048905846,0.11977728930192977,-0.078683399089178,-0.0016857951679249313,0.419227729582744,0.9092721463741863,0.3302977422544362,0.4836064243948041,-0.2354814971428249,-0.026015913501317524,0.5031904859008917,0.28669807489790233
0.3901968088347325,0.37316306820185513,-0.4072483743298744,0.2646585449340772,0.10915389659805565,-0.2496135935286986,-0.15266978326317274,-0.11338372899671874,-0.09327155233436066,0.20799236753007166,0.5431396542243404,0.1299571538402657,0.15853804618783798,0.2235557814595993,0.3258303499367918,1.0,0.3178965413780773,-0.312412541116613,-0.002617863260545712,0.007284071870211906,-0.18052236527751359,-0.24343556883699347,-0.016602786004557026,-0.24343556883699347,0.17593531932308862,0.1091971132932295,-0.06467947168552485,-0.01667034154478121,-0.061205740652912524,-0.14870839590178056,0.3333930208583189,0.6256461701205612,0.22984759683921763,0.1961224523454542,0.24195633347794684,0.27231806110789586,0.9775652637321626,0.23914820289891836,-0.3172256298724585,-0.015156271253243184,0.0307871015985648,-0.16965479454029161,0.42987002738278807,-0.00957517946736385,-0.21369891794943482,0.10677449254324979,0.09366432998296113,0.09493475276426885,-0.034281446647709254,-0.11320459650875751,-0.02178134730890587,0.36460750411034437,0.6767663974023699,0.06699182796892604,0.17821879158171355,0.16680942134978732,0.4064450640812684,0.8909699318480027,0.4174176518382414,-0.31980261538279364,0.035868687167039545,0.020753757048717843,-0.10416748735683087
-0.1428512771076818,-0.034287355331577944,0.07703343366104655,-0.090844951051831,0.3903987850594138,0.22569079250181898,-0.37600280896945637,-0.031106422911671046,-0.13694559819675975,0.4318134273712817,-0.1805714157681306,-0.13752920190615395,0.027971110807570254,0.3870792086486916,0.48910251445150577,0.3178965413780773,1.0,-0.26268018557782485,0.2360058586212083,0.6289442787925945,0.31213349419158737,0.2806206736407379,0.15163292328566638,0.2806206736407379,-0.10581440431320353,0.4776952626755743,0.3180215485696012,-0.172041464389823,0.10234561139900217,0.03269822813007361,0.35806579654426884,0.09577564203694974,0.03187357168780957,0.016929811082687766,0.42799918555872823,0.51244979571588,0.3649172421642478,0.8634780606612511,-0.2621126076596696,0.29212025429349653,0.6652825678964123,0.3516698094811855,0.26027981276885276,-0.08108560996045594,0.2751501315893312,-0.16469470356489455,0.5752486043028718,0.3451284709820737,-0.31620266734815755,0.043069658458564135,0.22480464150287316,0.5259861146653133,0.2891101663869622,-0.0294649443600803,0.120898358519193,0.45131178266454064,0.6458343623730919,0.48155357280509,0.8953761224526408,-0.11451484097706399,0.3613611588237444,0.7149466697842315,0.35619018762236443
-0.14171048190000524,0.17820803296767784,0.3490795045586499,0.20509630891535544,-0.3733606312707745,0.3542655464718381,0.5831317894363125,0.44235127440055233,0.0375054348096737,-0.011974352634114326,-0.5525997945207961,-0.49790086005575834,0.7201776275976742,-0.44159388690480866,-0.23288544957247356,-0.312412541116613,-0.26268018557782485,1.0,0.6638646221784343,-0.3507995734043272,0.2313001769357007,0.2079126187668294,0.4154401049654284,0.2079126187668294,0.3204514782866727,-0.28695677409426185,0.2790449860076882,0.5191522253472761,0.4178704740744395,0.35820143445741537,0.030243192373476665,-0.2949708072837901,-0.528673423430068,0.7183131192109331,-0.48004179408373054,-0.12197697175935296,-0.30826949486248273,-0.22136095087745342,0.9876106237803216,0.6489986047971686,-0.3919072812010191,0.19918719800140927,-0.2469508544138573,0.4020606980418446,0.19902775084737326,0.3795103498896618,-0.37428485574375076,0.1917899238925312,0.53153493468188,0.4665177358216509,0.24172467013835813,0.039785213455349536,-0.38256674559597437,-0.3204706855652297,0.7067920128958037,-0.327284336627363,-0.12586761319305922,-0.17287006578822323,-0.16033589175310653,0.9363422483111565,0.5964528978760426,-0.3156185537173936,0.15855418251102538
-0.015397499404662911,0.08171914225186278,0.18825831114385716,-0.03458976436811032,-0.37787474989731895,0.3525886176155325,0.20973154827605725,0.4643474431841799,0.22876990587700297,0.3633067069235988,-0.5192968873983738,-0.5221451043064886,0.6345576465157772,-0.36496278296873114,-0.11289995628530079,-0.002617863260545712,0.2360058586212083,0.6638646221784343,1.0,-0.16147612648586238,0.2913126373544419,0.2502182019135999,0.31794817498641503,0.2502182019135999,0.11584397019079885,-0.2655527233206368,0.25588103778709753,0.1755727496728677,0.5284818816149441,0.49929055059600747,0.39644625279137996,-0.18875009661746867,-0.5164945701633251,0.5865664401945914,-0.38462156323603336,0.03876748189282528,-0.0013479551759070295,0.1321855026374408,0.6654710766552443,0.9743795609427102,-0.19660618952796172,0.2666396845541663,0.07786488222286202,0.21713489935590163,0.2199636943550973,0.1422339477831885,-0.28598522951581296,0.34143488485293555,0.1918112212633882,0.4959566579209527,0.5078820425841359,0.4593223547200468,-0.16570537806292118,-0.4021304415545883,0.6762893408096542,-0.26469379676683424,0.07753352059253489,0.11918580969976429,0.3299741833016342,0.6533781653756902,0.95650085324537,-0.11500998704242434,0.21151278956134126
-0.2072942675880186,-0.2939419360690889,0.23909828683878984,0.00562993762566835,0.5397555792960894,0.2058887089423106,-0.6132580025834298,-0.04778309228458439,-0.35133809547479367,0.03866061477544516,-0.18871801401059865,-0.21355830092953623,-0.21161865044967698,0.5140240159291096,0.4864168792328011,0.007284071870211906,0.6289442787925945,-0.3507995734043272,-0.16147612648586238,1.0,0.40857843007221867,0.3751913268841559,0.026001670701383633,0.3751913268841559,-0.0159059159958933,0.6744193708231853,0.29283092264638205,-0.32714090448339794,-0.03316840449763745,-0.19572361252696938,0.09697594643784023,0.029851412721134802,-0.007273236371652062,-0.18668737164494514,0.553943955792315,0.46890476200925807,0.052929564083212144,0.5819618853308783,-0.400127911246392,-0.08388827193492812,0.986981044395046,0.3940773656059394,0.014030519852974816,-0.22144244934649449,0.3187627677183823,-0.08579279254290526,0.6255080448736831,0.29971516595710734,-0.6369657591769378,0.023365208030385474,-0.07431620474728728,0.16629945528521314,0.11663335342286632,-0.1344416699853303,-0.20487740061138132,0.5360210772082371,0.5127287874296406,0.11399324248443413,0.5095193814592914,-0.2867642942482477,-0.04605334903903017,0.9749064825618433,0.4645876364799089
0.011152897121139716,0.01995150655330717,0.4361878626379785,0.3133744321410795,0.0693406355630366,0.40460944672783944,-0.07008127903678825,0.22061906634746414,-0.0067279109648907985,-0.019433224233602137,-0.37159660177217624,0.024190750400192744,-0.08107795680645244,0.028169760407041503,0.1759615310894903,-0.18052236527751359,0.31213349419158737,0.2313001769357007,0.2913126373544419,0.40857843007221867,1.0,0.5126250016467363,0.4759665514217164,0.5126250016467363,0.539388630454274,0.14875175491660855,0.37310973087911725,0.12690703793430355,0.25711961492656826,0.30997021846692696,0.28535068108790795,-0.1454616460808582,0.18426790962142048,-0.021179707831499674,0.06254720470593539,0.24341956749921212,-0.09823199715213925,0.19174920874246565,0.207657474422263,0.3849190360236168,0.396923927397589,0.9851935821026605,0.14282616424644773,0.2938580197763595,0.5127126417879339,0.4628630255041131,0.1970654136099603,0.33351838169296893,-0.08778604539029415,0.28134670232853026,0.29845559848216513,0.36528954259271307,-0.03615638720008334,0.18159152638360132,0.08145713464047674,0.2028690263845605,0.41465841051399993,0.06547427621211416,0.28591336010553586,0.3535291731778837,0.36640252083791874,0.47197490610684967,0.9692526297872339
0.06214998570783072,0.11417608116875083,0.8113169582631998,0.14354954050820184,-0.23022619325174334,-0.13625091529123848,-0.027266130156791694,-0.18611063014246046,0.0065738278005256215,0.18914871800057434,-0.28536038286371823,-0.08905617930425598,0.22151171886793627,0.03381955281612026,-0.12526039429620295,-0.24343556883699347,0.2806206736407379,0.2079126187668294,0.2502182019135999,0.3751913268841559,0.5126250016467363,1.0,0.3067790668035363,1.0,0.23770860622737686,-0.13079352711897774,-0.12066400358260755,0.06619261892353195,-0.01583476470718948,0.2613676432908883,0.29728025266614266,-0.01288692994215271,-0.05516332309993896,0.2503032356255915,0.054835550049112336,-0.0770287560271707,-0.15471289609651614,0.3182229304478467,0.17437399078459506,0.28473717233152385,0.3072136569102146,0.4832355818713799,0.08874615016050628,0.015928111379612156,0.9591457751481243,0.18781508026987598,-0.0993121394302046,-0.1796464484562423,-0.2144137603927076,-0.08646711931819712,0.25995829550494254,0.3165303389735696,-0.03561312157184284,0.09700665755855094,0.24769088833539932,0.12086684081182791,0.09732543190912317,-0.08243258098084986,0.2723452683275733,0.23402302387786209,0.25896638906020436,0.3732617104459552,0.4926778762940168
0.0031146006853634586,0.5314141405152587,0.2836200170054604,0.21292836022812867,-0.239700350262588,0.2610942936023847,0.20977797285095848,0.10836409808871184,0.15524541117249843,0.08956128656538745,-0.24479211287802408,0.03424298251191921,0.3316429926889487,-0.3938166980493571,-0.07697472423419612,-0.016602786004557026,0.15163292328566638,0.4154401049654284,0.31794817498641503,0.026001670701383633,0.4759665514217164,0.3067790668035363,1.0,0.3067790668035362,0.29986549518462907,-0.16786100440834711,0.2639634424540863,0.3705771845306603,0.16646683995863099,0.3855064386249177,0.3893470947827684,-0.08465920500351529,0.14005344304207992,0.30028294641372216,-0.31810004586915863,-0.06169517525316983,-0.0039878415551977955,0.041952145137314885,0.4003148099199169,0.31378056499818335,0.011597725262805458,0.462639659085925,0.25565436327269825,0.8811353621278277,0.33493689909552526,0.3390310083521121,-0.1722461227623462,0.10383731080556541,0.29257496686966433,0.12818995230883282,0.35755354748451773,0.4429614061669725,-0.09718051103359354,0.06793026203977014,0.33036828552790376,-0.21672632114435889,0.0993768597808963,0.11962515240008474,0.1538241550054041,0.4911308820821106,0.38649039652862105,0.06402503367581272,0.4123593611922778
0.06214998570783072,0.11417608116875083,0.8113169582631998,0.14354954050820184,-0.23022619325174334,-0.13625091529123848,-0.027266130156791694,-0.18611063014246046,0.0065738278005256215,0.18914871800057434,-0.28536038286371823,-0.08905617930425598,0.22151171886793627,0.03381955281612026,-0.12526039429620295,-0.24343556883699347,0.2806206736407379,0.2079126187668294,0.2502182019135999,0.3751913268841559,0.5126250016467363,1.0,0.3067790668035362,1.0,0.23770860622737686,-0.13079352711897774,-0.12066400358260755,0.06619261892353195,-0.01583476470718948,0.2613676432908883,0.29728025266614266,-0.01288692994215271,-0.05516332309993896,0.2503032356255915,0.054835550049112336,-0.0770287560271707,-0.15471289609651614,0.3182229304478467,0.17437399078459506,0.28473717233152385,0.3072136569102146,0.4832355818713799,0.08874615016050628,0.015928111379612156,0.9591457751481243,0.18781508026987598,-0.0993121394302046,-0.1796464484562423,-0.2144137603927076,-0.08646711931819712,0.25995829550494254,0.3165303389735696,-0.03561312157184284,0.09700665755855094,0.24769088833539932,0.12086684081182791,0.09732543190912317,-0.08243258098084986,0.2723452683275733,0.23402302387786209,0.25896638906020436,0.3732617104459552,0.4926778762940168
0.26098914916434063,0.2103232827066375,0.21745601131347456,0.8898289916384642,0.12184984535339409,0.15620874148877842,0.20249527007800885,0.17025320134553298,-0.11696447900787284,-0.17602870479751212,-0.011391548403528908,0.20854792745246917,0.24198237475774487,0.023059969143968292,0.2858980853046452,0.17593531932308862,-0.10581440431320353,0.3204514782866727,0.11584397019079885,-0.0159059159958933,0.539388630454274,0.23770860622737686,0.29986549518462907,0.23770860622737686,1.0,0.1110026063443463,0.20996511122309525,0.2603494253248445,0.13150185317581184,0.13302773958027772,0.22497573304768223,0.12111510797701963,0.3034480467283442,0.35719017884698206,0.044099765431963235,0.27626704088107124,0.25595410338849633,-0.33902198608211076,0.3077225679639785,0.18689596356684768,-0.02070052154890311,0.5553835403846241,0.04597442829082481,0.2598087835610858,0.2400370758478887,0.9648016511186135,0.10519767140616712,0.22828918663215766,0.17055890964135553,0.2234104866861114,0.08556685693417139,0.16482133228045448,0.14264782991753608,0.3907319890400683,0.392550738808553,0.06781826913076908,0.42348279901887387,0.2744202223416364,0.13207448613985054,0.3562518262106122,0.12168219026053538,0.0038652182724050305,0.5631110181724408
-0.20274877049899429,-0.3212288238871042,-0.09049654623936873,0.16355228340037123,0.9440953590051008,0.30491752587356535,-0.4241844565149881,-0.0946163293420415,-0.5225078828812593,-0.12549764897887128,-0.2238122497829361,-0.2325327024379269,-0.1814607218574083,0.45970097336815113,0.8378784686671302,0.1091971132932295,0.4776952626755743,-0.28695677409426185,-0.2655527233206368,0.6744193708231853,0.14875175491660855,-0.13079352711897774,-0.16786100440834711,-0.13079352711897774,0.1110026063443463,1.0,0.383142486875383,-0.3220076528332128,-0.16346078742723222,-0.30000982627426537,-0.12342591209732275,-0.07787346443531458,-0.11488015746491022,-0.12836835285320652,0.474617233393988,0.8275907161852128,0.13123007230771708,0.42422965100830556,-0.3256069557477764,-0.15185075450259575,0.6980061893526345,0.20926291114551412,-0.1420063848606205,-0.19560893421687228,-0.16562427018948023,0.07936598512942446,0.9444409591611729,0.4398695455754348,-0.42069536505973715,-0.038803666747930086,-0.3639344963902793,-0.10960256260291003,0.042064643058914816,-0.17258963349390521,-0.14727507882292204,0.3824264664671916,0.7325432700325833,0.13483698143051287,0.4294656044750164,-0.2978280650073359,-0.21375780119158636,0.661261137042526,0.25779985665851224
-0.24387623144286816,-0.16650166067939745,-0.23745496536696734,0.08976253734958993,0.22676561891100375,0.8694885129716192,-0.16940554728936283,0.6649906584603775,-0.22343118969250714,0.19202703776221453,-0.2395936124222248,-0.30535586657559327,0.24455438213536174,-0.07165874316525216,0.3062817050335559,-0.06467947168552485,0.3180215485696012,0.2790449860076882,0.25588103778709753,0.29283092264638205,0.37310973087911725,-0.12066400358260755,0.2639634424540863,-0.12066400358260755,0.20996511122309525,0.383142486875383,1.0,0.14090497865306684,0.6553246493185527,0.0818468251393823,0.07156217937736375,0.02721399454646577,-0.10877574791938888,0.15768040361140342,-0.03568683112979454,0.34334850500706965,-0.05789691207708286,0.20300252267335225,0.2639249090051618,0.29298559219940656,0.2994496532231806,0.3425439409949882,0.12990338709040658,0.21901003767021046,-0.18368198370044755,0.23450394004771746,0.3910227067940681,0.8101960080359814,0.1027618405194431,0.6660635927201389,0.10507624392344979,0.17209729801223478,0.12315359902638771,-0.08545434896400375,0.24627528619240824,0.12534192906361544,0.3755683806116812,0.16167493247130607,0.1868922187831333,0.41349448575926173,0.2873774262346642,0.3460150728002577,0.3502363854972947
-0.2584616532450014,0.2986098021332888,0.1707675270455639,0.09631844504145817,-0.3822452611945117,-0.07588874462458926,0.7951578013849409,0.42476357871836273,0.0834289765210382,0.18516022909951158,-0.027734783632007796,-0.13392713463250464,0.4539814437983905,-0.1014131538924018,-0.19603727838566545,-0.01667034154478121,-0.172041464389823,0.5191522253472761,0.1755727496728677,-0.32714090448339794,0.12690703793430355,0.06619261892353195,0.3705771845306603,0.06619261892353195,0.2603494253248445,-0.3220076528332128,0.14090497865306684,1.0,0.45714832811521033,0.2713538783434751,0.18390842764940624,0.19413711530571912,0.05058090197639462,0.41751804102830253,-0.13486275358579275,-0.15412571445552664,-0.0035141347864111367,-0.09648558978039543,0.5124216100551026,0.19193962181811694,-0.30985365916307817,0.12604504639612418,-0.09954072200274072,0.3127565670927834,0.07745464180179686,0.24992526317589514,-0.29128446989911877,-0.20699999009064585,0.8869698840339589,0.43954260310684956,0.3264803810363449,0.145650687428283,0.12889564762911035,0.0661212533838267,0.4673068941887902,-0.035723680394284724,-0.08373907648113509,0.06970190016395647,-0.12461285292706403,0.5274842473517196,0.2048123116792437,-0.23973936477694285,0.13582453580814854
-0.24898776677019432,-0.2526100893054695,-0.21777329679890717,-0.11567324489742367,-0.3179054627584657,0.5073824745488191,0.14933332746779995,0.9341878078899408,0.09321213056260157,0.5482130867695887,-0.04422723851642985,-0.2835792763786745,0.3752844001756706,-0.3186967085900625,-0.1807663319678476,-0.061205740652912524,0.10234561139900217,0.4178704740744395,0.5284818816149441,-0.03316840449763745,0.25711961492656826,-0.01583476470718948,0.16646683995863099,-0.01583476470718948,0.13150185317581184,-0.16346078742723222,0.6553246493185527,0.45714832811521033,1.0,0.2536009134864699,0.4451635693239371,0.28543401807279656,-0.09306201146848922,0.24888373708647302,-0.30117485322772375,-0.12985266774613358,-0.0364976934941404,0.024028876914124277,0.4380844857940164,0.5003724391145442,-0.037698743573152005,0.20302138787860977,0.16416537063734316,0.021546020765868243,-0.12353749015140729,0.1581150886289464,-0.09587831814410008,0.4991924226068749,0.4277681200116757,0.9382934315668561,0.44726576327302725,0.47465696385012285,0.2958629503149704,-0.032447188829194736,0.4073747628907428,-0.10309806965570079,-0.006207487094556113,0.14028438527443446,0.07532384605376521,0.5322843249331134,0.516454023794781,0.040547184089135206,0.22519458879267157
0.08945956255190403,0.12256251088611864,0.11381628410848939,-0.05568722316836539,-0.41769182111464903,0.26806699721590904,0.23677613334651812,0.29431106342205826,0.7866597555738926,0.46457059377234955,-0.18003389742292888,-0.05333812389574499,0.24211126288893772,-0.27192656419057015,-0.08133744028277153,-0.14870839590178056,0.03269822813007361,0.35820143445741537,0.49929055059600747,-0.19572361252696938,0.30997021846692696,0.2613676432908883,0.3855064386249177,0.2613676432908883,0.13302773958027772,-0.30000982627426537,0.0818468251393823,0.2713538783434751,0.2536009134864699,1.0,0.44708170346170184,-0.012623108912278188,-0.07114858228655868,0.18148948352087813,-0.25283276650538244,-0.02012389966035714,-0.17303465665140558,-0.005492888921083082,0.35631696554063785,0.432271609051127,-0.2222545452411328,0.29890260057277224,0.2685671297333808,0.3895451394892198,0.2503585461323756,0.19292142617882752,-0.2898992774372942,0.1741872192578345,0.24394314113044221,0.279770514286965,0.8078507442299022,0.4462663559810479,-0.014167123871681194,0.03987877825960561,0.2937907245303885,-0.24447438440159994,-0.017406834347730552,-0.0992760659511278,-0.04211926289539078,0.3625078898951581,0.45171731601766385,-0.14044676610933654,0.215215703826664
0.2826237736614243,0.11351518083524538,-0.10736444304738142,0.017253760070127855,-0.2694818605263792,0.062431689840882,-0.12268584358751608,0.3182656829518255,0.3528202796213142,0.7165155510929113,0.2238558123685751,0.1289718375183184,0.23562772062573,-0.2901697362213091,-0.11446448591560536,0.3333930208583189,0.35806579654426884,0.030243192373476665,0.39644625279137996,0.09697594643784023,0.28535068108790795,0.29728025266614266,0.3893470947827684,0.29728025266614266,0.22497573304768223,-0.12342591209732275,0.07156217937736375,0.18390842764940624,0.4451635693239371,0.44708170346170184,1.0,0.5545566538325022,0.2399004744924617,0.2112434555607522,-0.19442846996773952,-0.10191001008359854,0.38028743162367895,0.22403001448091325,0.044762027184751585,0.35018515385755017,0.08625339318975,0.2633617453708088,0.6747020209093703,0.16584104690387702,0.18892003749071062,0.23003195908753213,-0.021974596116379308,0.25688359076106765,0.06736878721058148,0.34871830968312545,0.6214495242304275,0.9345728516701195,0.5730654179108849,0.25054806650716116,0.35898304839357836,-0.12722071309531652,0.15111489655456808,0.43803486181425716,0.4088054541984887,0.11952942004856879,0.38096205538965094,0.15978927618203187,0.27338916273136665
