Fp1,Fz,F3,F7,FT9,FC5,FC1,C3,T7,TP9,CP5,CP1,Pz,P3,P7,O1,Oz,P8,TP10,CP6,CP2,C4,T8,FT10,FC6,FC2,F4,F8,Fp2,AF7,AF3,AFz,F1,F5,FT7,FC3,FCz,C1,C5,TP7,CP3,P1,P5,PO7,PO3,POz,PO4,PO8,P6,P2,CPz,CP4,TP8,FC4,FT8,F6,F2,AF4,AF8,O2,P4,C6,C2
1.0,0.6834505791562079,0.560140217816149,0.7162463720730177,-0.28934790703467667,0.59563499923817,0.7722564886634173,-0.05835530817042635,0.6163203105792375,-0.16316351567986875,-0.358870627374816,0.08710386398192697,-0.010484092526279973,0.29442545813612647,0.08155415493224973,0.48802104898775006,-0.2065665746695045,0.472403624087163,-0.2643351422256293,-0.201882158427381,0.36172445517669277,-0.05951754802907456,0.4213358235794921,-0.05951754802907456,0.5258205813803216,-0.4723197596044509,0.3297736952508616,0.6137276507520714,-0.16403137037516716,0.3779903722544015,-0.39558640980371634,-0.49548576990169196,-0.17342304629746236,-0.1345321749251129,0.06398619419102448,-0.16106044062664515,0.3175987099676575,-0.32288635288577017,0.4538608933177441,-0.2733030554624353,-0.25694077654268754,0.27895268507060206,0.7995926076801307,0.38651437532126787,-0.05784832499899058,0.389751365127102,-0.4167714620268948,0.45618860432243036,0.7584012979575653,-0.03950255504759123,0.5308709556207861,-0.3426759767372958,-0.26659944595201984,-0.16833442802010784,0.09354839292801817,0.10433576551955212,0.21198795762674727,0.11037421379555898,-0.3404247984098673,0.4136624963126706,-0.23172811119984005,0.038607683226377795,0.2886048647924214
0.6834505791562079,1.0,0.6794845374482981,0.5303421532319902,-0.5306873251159075,0.37860537700805286,0.8152434880004782,-0.27395655598795393,0.8826453076021284,0.09840801377581962,-0.6472628918677792,0.22191916850867133,-0.19753433823892289,0.7594725210990523,0.017610000563019822,0.3601606804509331,-0.2724942251201112,0.2767556079245484,-0.018874598481038878,-0.5861829274944521,0.5561176073553942,-0.23169689622237058,0.54090455633766,-0.23169689622237058,0.35491449141169,-0.693883542916564,0.11115194013796954,0.6149131898587801,-0.3741838429325885,0.6048468604378745,-0.0026756086096439563,-0.6656802848180136,0.23003321369862656,-0.23246824958901188,0.6509375186924484,-0.24020368189124966,0.3022387492341032,-0.33163130027904064,0.35569297626705393,-0.10712562186281326,-0.45723493365782364,0.49371000688512057,0.7251429097416512,0.6172531253165752,-0.19809094534195354,0.2738705458689726,-0.643217976362441,0.24035940402456166,0.7185714566290792,-0.30252290650287583,0.799760214014575,0.05354103372951144,-0.5729398150435173,0.21658408330897724,-0.11513300760294043,0.687105011254035,0.25448853708405617,0.14677112627728356,-0.5045710809984005,0.38558546752740724,-0.15190861460313138,-0.207443984077172,0.5003698902642416
0.560140217816149,0.6794845374482981,1.0,0.3920326471571434,-0.13123256224366853,0.5843933578724612,0.3575113401318683,0.1717403912964414,0.7346372143957162,0.5887975360955114,-0.06819605691181528,0.6343632694662531,-0.17543675872547349,0.6848181574456781,0.28727593391191636,0.32206556637710676,0.24974666191183306,0.5925631754107586,0.262455612147326,-0.027970271478478394,0.16616796448377788,0.0647485396663928,0.23421125630688863,0.0647485396663928,0.1358905188092878,-0.22061332774606332,0.03796646214388101,0.12746428065001605,0.04463263537664698,0.6391459986925278,0.4424713730054955,-0.08298358111527902,0.5175181001204487,-0.2964033837373237,0.6005062714433061,0.023801530702495247,0.25055595172998,0.06527229099640776,0.5204738529120789,0.09419526774643855,-0.17914516649038137,0.09728991084693636,0.5755813914885757,0.38771483435915727,0.4428958044186937,0.053778695459594204,-0.26263473224765443,0.26751273921037133,0.31739982126398975,-0.02596414221949792,0.7380317565508387,0.499341124748047,-0.00770120113920073,0.5868155688852748,0.11422808233613124,0.5546828623969983,0.5678879558452696,-0.06242484608305594,-0.05485661420772787,0.3679925040748667,0.0939493510032269,0.1988611868839199,0.15238243393741238
0.7162463720730177,0.5303421532319902,0.3920326471571434,1.0,-0.05192650237939911,0.7834603171892894,0.5327866093100829,0.11597072480881,0.36898715024349926,-0.04688438851346272,-0.05819570216442857,-0.027781858173992886,0.18115108227942486,0.1033639461148939,-0.01947030285963641,0.6429433238716031,-0.22312679226544474,0.20656754203745878,-0.11542100872797295,-0.12145066907826801,0.3727189192906961,0.1852160361028054,0.1517282753534451,0.1852160361028054,0.710982692613757,-0.32159150827133826,0.47594020203017967,0.29140079521943507,-0.007056871436950477,0.12381126080126426,-0.26129041492805366,-0.19226976453230926,-0.16134879744742697,0.051185585508821574,-0.08591341107901625,-0.18746904550680812,0.5389435162924613,-0.35248532491010265,0.19882581644876945,-0.05002220686097222,-0.24435678538546213,0.264367369735929,0.413669269609951,0.10166037185044292,-0.053970203291114134,0.628344774250733,-0.24032530977668096,0.6158638271137381,0.49774607967049744,0.14443739272323627,0.32061270294613914,-0.2803437199372113,0.013932208582950904,-0.18790816539966668,0.22167637117094172,0.12135836311652136,0.0590925435804433,0.36975179668457,-0.28676726532432983,-0.005406634846391157,0.0835284701382898,0.07340419684992815,0.2669479900914346
-0.28934790703467667,-0.5306873251159075,-0.13123256224366853,-0.05192650237939911,1.0,0.20550352114163953,-0.7082722239461368,0.5121608482708421,-0.705803674409356,0.39540591530198854,0.8568084583384626,0.1695031550833138,0.05586474733064085,-0.3800421942055385,0.251897827041555,0.1529834348456187,0.6388915346603498,-0.025912460935681038,0.3444599180423594,0.7242970803884359,-0.252799401782735,0.4037028253675453,-0.49578274950471274,0.4037028253675453,-0.0682479130981479,0.842044815145799,0.022384936004293837,-0.7821869099179161,0.5874439632290445,-0.6611902437680492,0.3061937684994113,0.7658322026913397,0.07103715811263793,-0.03135183037071407,-0.4026529503810281,0.4039731924659507,0.13505072873286414,0.4561490863222315,-0.13674872566311047,0.3544816966137765,0.6099652695712838,-0.274985219571124,-0.461411488709904,-0.6584044471593138,0.49333580150087775,0.010614960332805186,0.9078888212437102,0.060065905154419216,-0.6688047963662787,0.4243965201325773,-0.5749527544053158,0.2732055882495396,0.8459011129261892,0.07757564634415831,0.1674862112878211,-0.5729994390057763,0.06285928416898491,0.013465603156859114,0.6732538190939835,-0.45823009612701393,0.4223105912147462,0.5861424087302486,-0.22733982902280403
0.59563499923817,0.37860537700805286,0.5843933578724612,0.7834603171892894,0.20550352114163953,1.0,0.3067237431080238,0.45564037292169923,0.28782249277599153,0.19616500524553954,0.28610863366211414,0.040445800734610224,0.40927144192657217,0.17463281877621864,0.09076683247521214,0.7698117731404857,0.08509631511590086,0.4167885408171729,0.36284425489367805,0.13515466003511353,0.25848546814172557,0.1828387617334672,-0.14305487867740893,0.1828387617334672,0.6071075616759132,-0.0026655615658253496,0.6598977481205525,0.08311979997008438,0.31446980411459624,0.12523566027826685,-0.038438860516766774,0.17218354259022076,-0.03438743609954056,0.21373136656601974,0.04098204720504568,-0.06797071418877966,0.7544352846295175,-0.17532804924729334,0.3116334208317097,0.34075579581261944,-0.05521180984745375,0.20084106974019367,0.31602355095639184,-0.05453469023699469,0.3160400155061631,0.5261991037241822,-0.001132671260917978,0.8190390457079255,0.31965559086760936,0.4626637247680802,0.24812360462740843,-0.05826071710709634,0.2613359983315824,-0.031101643014451345,0.543082574323218,-0.004878645559223845,0.21920906798223436,0.41192292416487947,-0.046699321297046736,-0.006145783103661928,0.47478108607006714,0.3157336113961651,0.18709910404032784
0.7722564886634173,0.8152434880004782,0.3575113401318683,0.5327866093100829,-0.7082722239461368,0.3067237431080238,1.0,-0.3154546454422019,0.7756820002368894,-0.4166302315027312,-0.7727321985890874,-0.2002204403686253,0.0761497116781563,0.44646799329864983,-0.18602042067144123,0.3692632719022246,-0.6214270792324292,0.20457455746724065,-0.2857667274686414,-0.6697400112978181,0.4206178650544408,-0.43913646555050184,0.5171285151165035,-0.43913646555050184,0.43927770478325867,-0.8158259262612505,0.30639958484741125,0.8844642685174399,-0.4170544664138778,0.5156994609977124,-0.5158465902483188,-0.8002252332930514,-0.23942374757148144,0.007003893620030621,0.31031929291040483,-0.41349337318089185,0.3383224709149605,-0.6176699223510589,0.2909380710746779,-0.3019244014164843,-0.5297973565537385,0.3905772610333506,0.7315001665061726,0.5704555672361307,-0.44249951803288756,0.31859142947626873,-0.7727764365827432,0.32076519065626546,0.933224926513217,-0.18148897582405624,0.6171199586536195,-0.4636468348107128,-0.7663268281533812,-0.2540289723388658,-0.021040425817287645,0.4133072978724101,-0.05609367998919614,0.21958091402322105,-0.704310083549441,0.37376777387593957,-0.2773673060980668,-0.41473569358919793,0.3521105803563763
-0.05835530817042635,-0.27395655598795393,0.1717403912964414,0.11597072480881,0.5121608482708421,0.45564037292169923,-0.3154546454422019,1.0,-0.23251224133282322,0.3421544628400906,0.6364423409408771,0.19591312956569215,0.13557228112317832,-0.1034969545483582,0.19422220659864145,0.23545514418410204,0.3910087635709721,0.15338829017252484,0.46817630334323657,0.43470146531043413,-0.43587252068275234,0.4517170854612421,-0.3946081303770609,0.4517170854612421,-0.059470767349451066,0.4028154303899545,0.17304325863722994,-0.38149197703988563,0.8932212697799976,-0.1490371438128601,0.26988738843452276,0.5356888520739502,0.2234363687995536,-0.05096676008061154,-0.10733878149858704,0.19022014317845165,0.32174051318156205,0.17047794469355845,-0.025397388678960416,0.41442062341447555,0.27544245834887754,-0.428048915135827,-0.1318341225137247,-0.26013493110393504,0.4769512911421479,-0.1231641408970874,0.4083805513273818,0.259277325102995,-0.21653110465596628,0.8319691804106636,-0.13219088609887902,0.2302313354455247,0.6311892208057305,0.2710722195773707,0.2348001812427052,-0.16785611373752107,0.16069892765826996,0.059516084383890375,0.32099159118138465,-0.12128539641331665,0.48859714566741175,0.4715274499519426,-0.40590556206317346
0.6163203105792375,0.8826453076021284,0.7346372143957162,0.36898715024349926,-0.705803674409356,0.28782249277599153,0.7756820002368894,-0.23251224133282322,1.0,0.09675100689755908,-0.6348120842039127,0.2770442249074292,-0.09440401796538478,0.737212858538529,0.13170207501707015,0.15502918547136185,-0.2298059684872587,0.3622628230077311,0.004715870179251983,-0.4911946641578721,0.4164458206611511,-0.2512436704239988,0.58286677584911,-0.2512436704239988,0.2773516131694525,-0.6943678399019274,0.07601794921688669,0.6270754845468248,-0.3336007566532164,0.8415525573241103,0.04987798338706396,-0.5929612889033006,0.27752515685804213,-0.14214758485125906,0.6619559237818068,-0.16354758901607475,0.14211791667180995,-0.24027506052333789,0.4217926254973443,-0.09859949027769252,-0.4575028687541744,0.37729431651288237,0.7394129826606266,0.7224251757266995,-0.06989897923775612,0.16820388777077958,-0.7167021939182032,0.18370027202483905,0.7237813598817567,-0.26115143172102495,0.9138545754260644,0.12117230977659442,-0.5862462196860502,0.303454485773185,0.018308652948408857,0.7308621354329036,0.40434382047290823,-0.019744790366960217,-0.45545523916215047,0.5327562636538722,-0.16120957383169218,-0.20123976210715327,0.38545742953511564
-0.16316351567986875,0.09840801377581962,0.5887975360955114,-0.04688438851346272,0.39540591530198854,0.19616500524553954,-0.4166302315027312,0.3421544628400906,0.09675100689755908,1.0,0.45060658761513533,0.859109291510785,-0.35957342741769105,0.4326126544234134,0.4122486406280238,0.008110048591104365,0.6540715414481131,0.09413223018676765,0.47157777940472256,0.3336284538786332,-0.14344286736513687,0.45500649981916685,-0.14379251288736314,0.45500649981916685,-0.33511068372235353,0.2714371828418579,-0.4208862839217405,-0.6398261285304898,0.21451286320593432,0.050529767713466234,0.8090550249337178,0.3885704755406765,0.6537524387637731,-0.3964640678933479,0.41762243831525936,0.3646620973833024,-0.10698701552745857,0.4842636622202189,0.039040567331202945,0.2631374053201149,0.18131014220590747,-0.2086917860113641,-0.16736963170631103,-0.14486532472883978,0.48085488216915184,-0.3356917604455162,0.31749072209030266,-0.2300079587957477,-0.5168238471699081,-0.054334555208455274,0.14896540728442004,0.8464786400885852,0.4995097954153546,0.7708249292301554,-0.17542651636135326,0.2876242973175209,0.426494773162353,-0.22276779395845828,0.44436929663688574,-0.11330939409626883,0.19480732833979428,0.3382403188063444,-0.15587184797336862
-0.358870627374816,-0.6472628918677792,-0.06819605691181528,-0.05819570216442857,0.8568084583384626,0.28610863366211414,-0.7727321985890874,0.6364423409408771,-0.6348120842039127,0.45060658761513533,1.0,0.1661137954811957,0.24056140196420012,-0.3726759079515519,0.3047458607051253,0.1408529359735586,0.6710361830125691,-0.0010515851768350694,0.48172824160223027,0.7975497820333896,-0.3535938738026381,0.5467216262795052,-0.5603223071106984,0.5467216262795052,-0.11847808247586397,0.8119622895094342,0.08035372592960607,-0.8169287142568953,0.6460997818032805,-0.5187439218302922,0.34587979069895236,0.9240560517946399,0.06291804012659971,0.1403898826565024,-0.3791366370984104,0.4303195564014172,0.15211297142846286,0.5364872368531158,-0.10541561859021013,0.4925614820634889,0.5495000612495075,-0.3528349773810839,-0.532869197458395,-0.6046768077421095,0.5837956885351179,-0.051098039035003706,0.8124412378801695,0.14470260750288935,-0.7111126933093561,0.5185566824754926,-0.5430239183861466,0.2937709028292378,0.9393253224023299,0.0969448499427238,0.36298014574193427,-0.5420869143298248,0.13849693247705264,0.007583459099401824,0.7040823107960347,-0.41614110442375946,0.5445490241414904,0.5983330861538574,-0.35638339662835655
0.08710386398192697,0.22191916850867133,0.6343632694662531,-0.027781858173992886,0.1695031550833138,0.040445800734610224,-0.2002204403686253,0.19591312956569215,0.2770442249074292,0.859109291510785,0.1661137954811957,1.0,-0.5982742737655514,0.39525964476096076,0.5240241594765176,-0.20328324039711626,0.581690409882465,0.18879931135731132,0.09964617459644441,0.249986710697589,-0.1863483429227632,0.4066984263856982,0.1421613329653904,0.4066984263856982,-0.341244265691789,0.07316401098721481,-0.6106546058692975,-0.4188777089154188,0.08598493529589665,0.21723692700987352,0.6609176119483303,0.0762445126948487,0.6559453084393366,-0.6777245308548812,0.3328259113115354,0.39582685428994036,-0.40610505504083044,0.4393719871980825,0.14039102920722116,-0.09170901303149935,0.14567181647697894,-0.286159167564656,0.09846717948595703,0.0567853930259801,0.3624292270180489,-0.41463137066577505,0.14592394796503774,-0.422260642111239,-0.3014698298648607,-0.22046588350267043,0.32303915475261114,0.741115911798468,0.30308699007998735,0.7867179943393143,-0.4123835655652798,0.34256685286840427,0.5125546396584435,-0.5320536557449774,0.35839058607083435,0.1433468340949447,-0.16511226830043188,0.274152052345802,-0.20003688781679652
-0.010484092526279973,-0.19753433823892289,-0.17543675872547349,0.18115108227942486,0.05586474733064085,0.40927144192657217,0.0761497116781563,0.13557228112317832,-0.09440401796538478,-0.35957342741769105,0.24056140196420012,-0.5982742737655514,1.0,-0.24862972278888307,-0.12654804655861487,0.2781059524290343,-0.17925998183015654,-0.044514682810016935,0.36055629521454535,0.04158090496342914,0.1735289883605024,-0.18849643659041593,-0.2544933473929923,-0.18849643659041593,0.5131366992608152,0.10146779952901813,0.8013850032860227,0.08881483703509786,0.11766009244837188,-0.11992063494254518,-0.39554143028491934,0.26092578804733696,-0.5061662310689561,0.8678492159091248,-0.25313482816075383,-0.15162675743000112,0.5427699193213475,-0.20196017557364773,-0.040491574564707256,0.3915982993252129,-0.042726448094551894,0.23729229362641027,-0.13219703927191628,-0.17758058817330222,0.07118981100120098,0.4978129980942458,0.04424849923156785,0.6524543910274491,0.13663920829218057,0.5062144232216889,-0.1762186411068579,-0.4028514394538801,0.056850071212349265,-0.48890645111947606,0.7898654035042953,-0.37770265982472934,-0.13209279017714226,0.41126539611183216,-0.11228130297366366,-0.24946401969300214,0.5715120718143075,-0.0511630633676877,0.1374861381114978
0.29442545813612647,0.7594725210990523,0.6848181574456781,0.1033639461148939,-0.3800421942055385,0.17463281877621864,0.44646799329864983,-0.1034969545483582,0.737212858538529,0.4326126544234134,-0.3726759079515519,0.39525964476096076,-0.24862972278888307,1.0,0.11084122356204515,0.21821408207175355,-0.0037135996820265808,0.2100770303867251,0.3615069311033254,-0.39681825320901654,0.3837590268114564,-0.08638053777866195,0.4953109447299703,-0.08638053777866195,-0.08819743792698626,-0.504780013392659,-0.12284327321393661,0.32861383545991324,-0.2534926287087186,0.5746598544882322,0.33368947324207787,-0.3521592354699878,0.41178702293769753,-0.24421230201931263,0.9372777545890413,-0.06793826289670671,0.22479125436622677,-0.025407325182806115,0.3144621069248729,0.14023073179647408,-0.36757303091550714,0.3777716085219786,0.5060610015452338,0.6075441635329861,6.0033162096729966e-05,-0.08416368690371022,-0.4462630989516881,0.022003598482765466,0.378958932284336,-0.23304592166174198,0.7203332021481451,0.4034179439814245,-0.33190698848289774,0.479946551712677,-0.14518578429570334,0.7052004415680998,0.34857545211810687,0.06765999196404508,-0.27330126392134424,0.2848299991357074,0.01924114482808092,-0.0943714011586216,0.36824448830808887
0.08155415493224973,0.017610000563019822,0.28727593391191636,-0.01947030285963641,0.251897827041555,0.09076683247521214,-0.18602042067144123,0.19422220659864145,0.13170207501707015,0.4122486406280238,0.3047458607051253,0.5240241594765176,-0.12654804655861487,0.11084122356204515,1.0,-0.11694965527294023,0.7430421999433888,0.11661332502729238,0.3508969574086391,0.5468497835366682,0.18523338720603644,0.42845360155709306,0.33248070021255416,0.42845360155709306,0.10768814416819365,0.3402864853805346,-0.1675975844625506,-0.29536071493413635,0.3080879784191813,0.09454437969308715,0.34463693113626426,0.297901702763148,0.40001707149502785,-0.3746083140846023,0.04765770420672086,0.9160643782681063,-0.16138388456951172,0.6146144289046824,0.17729045974563115,0.3388966265127592,0.6195911102946271,0.11671919091395641,0.12515289360245,0.07434264076612995,0.22261809160692503,0.10021004275083639,0.47283186430242935,-0.06879870149164423,-0.12875506239905948,0.12798587765108066,0.16957547655956914,0.3765871262308581,0.37368785135009513,0.4104738184732163,0.13615791406837846,-0.0684157390333295,0.7740177380499608,-0.5961209605987972,0.6970035737723749,0.15000895522769234,0.2242599442760261,0.6495771986385969,0.14149167635558071
0.48802104898775006,0.3601606804509331,0.32206556637710676,0.6429433238716031,0.1529834348456187,0.7698117731404857,0.3692632719022246,0.23545514418410204,0.15502918547136185,0.008110048591104365,0.1408529359735586,-0.20328324039711626,0.2781059524290343,0.21821408207175355,-0.11694965527294023,1.0,-0.14340757866752563,0.09713654467425495,0.2506584985410967,-0.0007250971795687025,0.25380227645502135,-0.07956062210165432,-0.19826945512326197,-0.07956062210165432,0.3832545365713221,-0.05041221533396107,0.5027788191200117,0.16535068177882942,0.0808350511821659,-0.07400597242272831,-0.26346225267159923,0.06755222928057454,-0.32925126495006013,0.17890718482394496,0.047727969809234244,-0.14742127545180583,0.8405998108401335,-0.328020664573792,0.06968917665042033,0.21414985671449202,-0.04275020445775428,0.20077122725438154,0.1843300031648643,-0.15360117955810737,-0.056901425528812256,0.3686454577638266,-0.013980690517055756,0.6150418775950103,0.31242191147242726,0.2219559736547672,0.026868594709457738,-0.3103967393126287,0.038588340577057664,-0.3321557350437796,0.3250764214628488,-0.07706548745034383,-0.1640061308944869,0.5729660052865019,-0.11295604784753667,-0.2404763898237142,0.2597616086949267,0.07450339630051364,0.14589401803123045
-0.2065665746695045,-0.2724942251201112,0.24974666191183306,-0.22312679226544474,0.6388915346603498,0.08509631511590086,-0.6214270792324292,0.3910087635709721,-0.2298059684872587,0.6540715414481131,0.6710361830125691,0.581690409882465,-0.17925998183015654,-0.0037135996820265808,0.7430421999433888,-0.14340757866752563,1.0,0.16622139334336186,0.47358980818413754,0.7548286056760096,-0.09939018194104479,0.4585205409582349,-0.08892864602908118,0.4585205409582349,-0.19388277666713447,0.6766307434576669,-0.2421111162724105,-0.6567177329817827,0.4730728074194186,-0.09396996969382529,0.6131582308171581,0.6347924374724482,0.5380243668816274,-0.2942736329555368,0.0004965576639464032,0.7505480286090914,-0.14224772042217934,0.9025916262988665,0.15483269067626534,0.47382925415624616,0.7279153927880708,-0.1188450067380197,-0.10830972890014637,-0.155917017548803,0.6412277104763516,-0.13259056574625527,0.7077121701043958,-0.10028897137974703,-0.5508762353206303,0.2086930993025296,-0.08959004010347507,0.616103727117717,0.7288661935123125,0.5418646256627161,0.1377768974131406,-0.2148270412757054,0.6733002989923613,-0.42631595805326766,0.8656626604801991,0.06021713969691179,0.37402581971331933,0.8081612628489456,-0.07144809420267956
0.472403624087163,0.2767556079245484,0.5925631754107586,0.20656754203745878,-0.025912460935681038,0.4167885408171729,0.20457455746724065,0.15338829017252484,0.3622628230077311,0.09413223018676765,-0.0010515851768350694,0.18879931135731132,-0.044514682810016935,0.2100770303867251,0.11661332502729238,0.09713654467425495,0.16622139334336186,1.0,0.07849164785704417,0.2004028325204756,0.06771275281006203,-0.015130038681327887,0.2661076231239553,-0.015130038681327887,0.21704450717518503,0.04473788860954201,0.31107399717477807,0.23246883563067283,0.2260141104382918,0.5109387125612531,0.2098825675624615,0.050484838572411025,0.3085861963948861,-0.09263025529250359,0.20877280495215694,-0.03007610427745021,0.1418803618838497,0.06747074151284932,0.9060842226494943,0.14375958924045906,-0.008564281079418444,0.09096145951046085,0.5590715477914252,0.33728317676884273,0.5634039624842034,0.21834037429837963,-0.08526048625015388,0.4490594400855821,0.3659089890062729,0.16821716708917353,0.4865110130951451,0.20478231074567205,0.05137797657745792,0.25274700516000115,0.31936553460799033,0.21154170280027496,0.4888840713894097,-0.003679217587641541,-5.3075109550694894e-05,0.5341055368010091,0.15298136099456483,0.3896526092915456,0.16592200187039138
-0.2643351422256293,-0.018874598481038878,0.262455612147326,-0.11542100872797295,0.3444599180423594,0.36284425489367805,-0.2857667274686414,0.46817630334323657,0.004715870179251983,0.47157777940472256,0.48172824160223027,0.09964617459644441,0.36055629521454535,0.3615069311033254,0.3508969574086391,0.2506584985410967,0.47358980818413754,0.07849164785704417,1.0,0.28662303670301237,0.2239999229639749,0.2116297963276101,-0.1819373398488959,0.2116297963276101,0.04638825403949585,0.3825013347217278,0.30170151738246237,-0.33084843598282576,0.4766328637224186,0.0067084942083253645,0.45809420903636794,0.5361396476466301,0.31586862553536205,0.2618570512253071,0.42407420574821375,0.3542133558924249,0.4365348531592936,0.31900183582279923,0.09054919795949566,0.9055756402638213,0.26111224258687366,0.29202541575074537,-0.14281866659190245,-0.06917042517926171,0.38227049037982547,0.1219024600110009,0.36291830837163835,0.35963335771877597,-0.20916003195183466,0.48311596605658313,0.045787271929706,0.4570485685277136,0.3871302091058533,0.3568204350901103,0.47831648423436196,0.038535404175103136,0.3938227629378377,0.19210483296706884,0.3651274038150186,-0.1879312646903132,0.8437570170894754,0.4289453061853487,0.2193472652228055
-0.201882158427381,-0.5861829274944521,-0.027970271478478394,-0.12145066907826801,0.7242970803884359,0.13515466003511353,-0.6697400112978181,0.43470146531043413,-0.4911946641578721,0.3336284538786332,0.7975497820333896,0.249986710697589,0.04158090496342914,-0.39681825320901654,0.5468497835366682,-0.0007250971795687025,0.7548286056760096,0.2004028325204756,0.28662303670301237,1.0,-0.23340885570507292,0.3916936095381323,-0.2583224096896675,0.3916936095381323,-0.0500119487686883,0.8335362485809937,-0.034095279188424046,-0.6538503888785518,0.5333854993975466,-0.2628435554025808,0.28844408534049104,0.7949410830057572,0.11228007704059363,-0.03137215594172078,-0.4239116859347756,0.6879867816860866,-0.08118124450622077,0.6468427223815315,0.12739141692870184,0.3706024817454512,0.7918061212382801,-0.24796458034637636,-0.2564442610583457,-0.4704668165932923,0.5850433214892292,0.035966042186928004,0.844820204617935,0.04440500058654182,-0.5303638173786991,0.3359781059642687,-0.35535859088846383,0.260090747613818,0.8068997019065614,0.13640088314349005,0.3053620114327468,-0.5511177997108775,0.3914868943591871,-0.20972489093893665,0.8729250978996771,-0.15595445192807128,0.33567247560018004,0.8177585428323084,-0.1853934110659788
0.36172445517669277,0.5561176073553942,0.16616796448377788,0.3727189192906961,-0.252799401782735,0.25848546814172557,0.4206178650544408,-0.43587252068275234,0.4164458206611511,-0.14344286736513687,-0.3535938738026381,-0.1863483429227632,0.1735289883605024,0.3837590268114564,0.18523338720603644,0.25380227645502135,-0.09939018194104479,0.06771275281006203,0.2239999229639749,-0.23340885570507292,1.0,-0.042729079899765196,0.521413975698857,-0.042729079899765196,0.6787113322759539,-0.27408039551659824,0.43123983368862734,0.4463160684069203,-0.34995926079705836,0.26051932544564305,-0.11552945726679861,-0.3146138667017129,-0.0012500290035877624,0.17774499584897616,0.34356926276308214,0.08396345581497185,0.29539143051610217,-0.11999142717271266,0.16013909802460904,0.2465919188633531,-0.16864311216169597,0.9783248661385613,0.4137958598769393,0.40187582797138344,-0.22411343693583582,0.7139526526934346,-0.2111053088256283,0.4664731468575229,0.48568450775843025,-0.1797810523528144,0.4370189519113138,-0.10005818962377437,-0.26435024187367784,-0.09629719576563019,0.30299440327589217,0.1939861016899064,0.36572651438932846,0.1813638080339356,-0.1824779283280806,0.22039877329390628,0.1861257299169902,0.10938051947254653,0.9642386702526371
-0.05951754802907456,-0.23169689622237058,0.0647485396663928,0.1852160361028054,0.4037028253675453,0.1828387617334672,-0.43913646555050184,0.4517170854612421,-0.2512436704239988,0.45500649981916685,0.5467216262795052,0.4066984263856982,-0.18849643659041593,-0.08638053777866195,0.42845360155709306,-0.07956062210165432,0.4585205409582349,-0.015130038681327887,0.2116297963276101,0.3916936095381323,-0.042729079899765196,1.0,-0.05260967918190739,1.0,0.035202882691445316,0.27960054922376576,-0.11586416348794644,-0.4754042066660371,0.42456876426648543,-0.2979698395911106,0.3796462818613619,0.4194244187813129,0.3039718329629695,-0.2366480371796326,-0.12286550892972106,0.4697195250937213,-0.14362239001626176,0.3336873050828993,-0.08555282027502666,0.18210555468783315,0.20376565739311564,-0.11506551443022567,-0.2014160919478865,-0.19381773099276983,0.1826231465697588,0.04504397776169875,0.40306204272645063,0.008678046218814413,-0.3795103979903936,0.2698319942536035,-0.15121285989223407,0.33041083747530403,0.6994145925788985,0.3181541839753705,-0.010529621946588769,-0.16527857392858109,0.3343252166992862,-0.16811067795867582,0.44425827652239125,-0.12883793212740915,0.1496364181942037,0.4605193961928193,-0.08820818558718867
0.4213358235794921,0.54090455633766,0.23421125630688863,0.1517282753534451,-0.49578274950471274,-0.14305487867740893,0.5171285151165035,-0.3946081303770609,0.58286677584911,-0.14379251288736314,-0.5603223071106984,0.1421613329653904,-0.2544933473929923,0.4953109447299703,0.33248070021255416,-0.19826945512326197,-0.08892864602908118,0.2661076231239553,-0.1819373398488959,-0.2583224096896675,0.521413975698857,-0.05260967918190739,1.0,-0.052609679181907384,0.21403784394987938,-0.5162910774404974,-0.0908895166192277,0.5709514129855634,-0.34298763989653264,0.5300392170232203,-0.084878622608806,-0.5428920286932334,0.1598668763356678,-0.34787170314952026,0.40636903623573867,0.13282713912665914,-0.1638340601342565,0.027397387301580454,0.4340269349214628,-0.18188120119397774,-0.2204806016637844,0.500296838657614,0.6489231374503754,0.7953416524602577,-0.20066593971677618,0.20755011259870682,-0.38763195672506506,-0.04026303103172901,0.5901459962349984,-0.2732247801117798,0.6700285164778985,-0.016224851173617962,-0.3969763027656444,0.12387383258639963,-0.15401495771491902,0.4333310862064288,0.46496448170776833,-0.3615575870127467,-0.24679464277795748,0.5450200893733994,-0.2513916254988735,0.023063134621274822,0.5344717380154477
-0.05951754802907456,-0.23169689622237058,0.0647485396663928,0.1852160361028054,0.4037028253675453,0.1828387617334672,-0.43913646555050184,0.4517170854612421,-0.2512436704239988,0.45500649981916685,0.5467216262795052,0.4066984263856982,-0.18849643659041593,-0.08638053777866195,0.42845360155709306,-0.07956062210165432,0.4585205409582349,-0.015130038681327887,0.2116297963276101,0.3916936095381323,-0.042729079899765196,1.0,-0.052609679181907384,1.0,0.035202882691445316,0.27960054922376576,-0.11586416348794644,-0.4754042066660371,0.42456876426648543,-0.2979698395911106,0.3796462818613619,0.4194244187813129,0.3039718329629695,-0.2366480371796326,-0.12286550892972106,0.4697195250937213,-0.14362239001626176,0.3336873050828993,-0.08555282027502666,0.18210555468783315,0.20376565739311564,-0.11506551443022567,-0.2014160919478865,-0.19381773099276983,0.1826231465697588,0.04504397776169875,0.40306204272645063,0.008678046218814413,-0.3795103979903936,0.2698319942536035,-0.15121285989223407,0.33041083747530403,0.6994145925788985,0.3181541839753705,-0.010529621946588769,-0.16527857392858109,0.3343252166992862,-0.16811067795867582,0.44425827652239125,-0.12883793212740915,0.1496364181942037,0.4605193961928193,-0.08820818558718867
0.5258205813803216,0.35491449141169,0.1358905188092878,0.710982692613757,-0.0682479130981479,0.6071075616759132,0.43927770478325867,-0.059470767349451066,0.2773516131694525,-0.33511068372235353,-0.11847808247586397,-0.341244265691789,0.5131366992608152,-0.08819743792698626,0.10768814416819365,0.3832545365713221,-0.19388277666713447,0.21704450717518503,0.04638825403949585,-0.0500119487686883,0.6787113322759539,0.035202882691445316,0.21403784394987938,0.035202882691445316,1.0,-0.12278099176594719,0.7864985557496529,0.37956696103544163,0.016411548047283432,0.14722470268269788,-0.3061557603626004,-0.11527211852374564,-0.18965707995903908,0.39637010250374416,-0.15313492286892275,-0.012293152476898704,0.4891654176718984,-0.3212903503856244,0.1693498636851993,0.14940699511040248,-0.09376992755417175,0.6209179865352786,0.36744851524528915,0.11286847140207752,-0.043046054990992774,0.9503027538262894,-0.09341619080536222,0.7782120878266258,0.5418650598230618,0.2695940207196098,0.2921805482420352,-0.332884120987935,-0.06590341652380331,-0.2925400764602988,0.6130396343282856,-0.06505453241484921,0.2472224848270548,0.31184313457756396,-0.18122279412732126,0.10447257578368963,0.27590121915663435,0.17664197738303625,0.6530360851379833
-0.4723197596044509,-0.693883542916564,-0.22061332774606332,-0.32159150827133826,0.842044815145799,-0.0026655615658253496,-0.8158259262612505,0.4028154303899545,-0.6943678399019274,0.2714371828418579,0.8119622895094342,0.07316401098721481,0.10146779952901813,-0.504780013392659,0.3402864853805346,-0.05041221533396107,0.6766307434576669,0.04473788860954201,0.3825013347217278,0.8335362485809937,-0.27408039551659824,0.27960054922376576,-0.5162910774404974,0.27960054922376576,-0.12278099176594719,1.0,0.018127561699726437,-0.7703328802788111,0.6059919433483567,-0.47921488713502447,0.37306938250451543,0.8833952392387746,0.12367510162323173,0.07291497040358974,-0.4301645617786024,0.5300245024658434,-0.04851460879343293,0.5688059708140187,-0.061084744526111116,0.46620945764467403,0.754874774506466,-0.2549045270898751,-0.48824852959787046,-0.6007723779120363,0.5648380513216481,0.0005661963576815839,0.9214718112117727,0.00729755519157771,-0.687313348828418,0.38742446898559435,-0.5501446333255136,0.3182286500631367,0.7720990532221313,0.11871379894214672,0.31901757790330154,-0.5665973132616406,0.18777526092284053,-0.1020277460524617,0.8100188888696241,-0.3876516872332193,0.46162480931189703,0.6282338839917634,-0.21777792588202383
0.3297736952508616,0.11115194013796954,0.03796646214388101,0.47594020203017967,0.022384936004293837,0.6598977481205525,0.30639958484741125,0.17304325863722994,0.07601794921688669,-0.4208862839217405,0.08035372592960607,-0.6106546058692975,0.8013850032860227,-0.12284327321393661,-0.1675975844625506,0.5027788191200117,-0.2421111162724105,0.31107399717477807,0.30170151738246237,-0.034095279188424046,0.43123983368862734,-0.11586416348794644,-0.0908895166192277,-0.11586416348794644,0.7864985557496529,0.018127561699726437,1.0,0.3490439826923353,0.20388578384292572,0.04986960204679809,-0.35969713117279795,0.11279621040459914,-0.3455982473493941,0.695145625490295,-0.1299110580191275,-0.22884836098785635,0.7330576137843835,-0.3508989592918653,0.24105265790463806,0.38691469518301225,-0.11340887958336499,0.4686436981938815,0.21915475826418945,0.011454668347286355,0.11255699299051092,0.776981830832435,-0.056718834269467146,0.9430008510666184,0.45398566493942705,0.5589019589950511,0.07925004123915302,-0.4143402878167608,0.0017485965697589371,-0.4284420824424388,0.8260431742151978,-0.21715749951784932,0.026192240064915655,0.5509294089865618,-0.22381902909679804,-0.0022794080510619725,0.5475206954716465,0.1213836799609993,0.4326532854291165
0.6137276507520714,0.6149131898587801,0.12746428065001605,0.29140079521943507,-0.7821869099179161,0.08311979997008438,0.8844642685174399,-0.38149197703988563,0.6270754845468248,-0.6398261285304898,-0.8169287142568953,-0.4188777089154188,0.08881483703509786,0.32861383545991324,-0.29536071493413635,0.16535068177882942,-0.6567177329817827,0.23246883563067283,-0.33084843598282576,-0.6538503888785518,0.4463160684069203,-0.4754042066660371,0.5709514129855634,-0.4754042066660371,0.37956696103544163,-0.7703328802788111,0.3490439826923353,1.0,-0.4086967511878438,0.562492582102255,-0.5550187462814458,-0.7801628586920893,-0.24828250682410255,0.08977686316343782,0.2842848610331361,-0.462821284629376,0.24187759410462414,-0.5595826773741861,0.29312277279760257,-0.2952802281431653,-0.5409168850859869,0.47353468120546455,0.7320899724423301,0.6922753902256129,-0.4150764264536104,0.30939351744117793,-0.7913580685452463,0.3261350038871061,0.9390131429520779,-0.13190456608961343,0.5711170782487456,-0.5314192466412457,-0.7745723088838581,-0.32152120241782284,0.05261961720541901,0.3349341530052717,-0.04197502897513275,0.17534277790782743,-0.722217149904255,0.5451750119804494,-0.2845218650429948,-0.3653359079403745,0.45145326943052694
-0.16403137037516716,-0.3741838429325885,0.04463263537664698,-0.007056871436950477,0.5874439632290445,0.31446980411459624,-0.4170544664138778,0.8932212697799976,-0.3336007566532164,0.21451286320593432,0.6460997818032805,0.08598493529589665,0.11766009244837188,-0.2534926287087186,0.3080879784191813,0.0808350511821659,0.4730728074194186,0.2260141104382918,0.4766328637224186,0.5333854993975466,-0.34995926079705836,0.42456876426648543,-0.34298763989653264,0.42456876426648543,0.016411548047283432,0.6059919433483567,0.20388578384292572,-0.4086967511878438,1.0,-0.1629352626018175,0.35042146326098683,0.647295630441398,0.3213905263622461,-0.06439791709746794,-0.1791116872908088,0.33557058464990286,0.24368573229240678,0.27280111103001586,0.04608288892111013,0.5292797289569804,0.4291361763351157,-0.31933057594430486,-0.14476115723340163,-0.23037819208371274,0.5503608820514757,0.01857429460198698,0.5577904225054531,0.2657210251674099,-0.23772485392369438,0.8503037578366929,-0.16204628027872603,0.2904077925547697,0.6518960849842098,0.2884466180532368,0.3487060731093678,-0.20636170291541625,0.2914507041958381,-0.03690688340107386,0.44480549550481,-0.07930995351299415,0.5872081506729604,0.6003883936587603,-0.2809763796555848
0.3779903722544015,0.6048468604378745,0.6391459986925278,0.12381126080126426,-0.6611902437680492,0.12523566027826685,0.5156994609977124,-0.1490371438128601,0.8415525573241103,0.050529767713466234,-0.5187439218302922,0.21723692700987352,-0.11992063494254518,0.5746598544882322,0.09454437969308715,-0.07400597242272831,-0.09396996969382529,0.5109387125612531,0.0067084942083253645,-0.2628435554025808,0.26051932544564305,-0.2979698395911106,0.5300392170232203,-0.2979698395911106,0.14722470268269788,-0.47921488713502447,0.04986960204679809,0.562492582102255,-0.1629352626018175,1.0,0.22404793712521257,-0.3698098207060561,0.45046749928913105,-0.1213053831446077,0.6219001423825108,-0.14436744020393755,0.032374086398211536,-0.03111711818146844,0.5059612020669219,-0.023063521779670148,-0.33602448965426257,0.27389709337715246,0.7069362580435079,0.7849528047976907,0.23230587027987828,0.10209653787211267,-0.6203708953122811,0.1710410435356575,0.6045250219231866,-0.13304231486377724,0.9150938698882064,0.26127293458101347,-0.43766155878797125,0.4332691248067697,0.1462346137400081,0.7220848441647667,0.5372104522577271,-0.12789215867903117,-0.320665589643727,0.6997092063229768,-0.07142074802526029,0.0067617109393104105,0.33987151939194765
-0.39558640980371634,-0.0026756086096439563,0.4424713730054955,-0.26129041492805366,0.3061937684994113,-0.038438860516766774,-0.5158465902483188,0.26988738843452276,0.04987798338706396,0.8090550249337178,0.34587979069895236,0.6609176119483303,-0.39554143028491934,0.33368947324207787,0.34463693113626426,-0.26346225267159923,0.6131582308171581,0.2098825675624615,0.45809420903636794,0.28844408534049104,-0.11552945726679861,0.3796462818613619,-0.084878622608806,0.3796462818613619,-0.3061557603626004,0.37306938250451543,-0.35969713117279795,-0.5550187462814458,0.35042146326098683,0.22404793712521257,1.0,0.46448979911145655,0.8984371660165904,-0.36063632750786434,0.4909863584472747,0.33754190165017284,-0.17384569427786542,0.5230761813477716,0.11306654203147337,0.35246284843874415,0.18249590782183522,-0.13024221543848472,-0.15086316669288902,0.044541386818495926,0.5985557957604617,-0.22385789336361409,0.29906072102359454,-0.20778282974976767,-0.4771341153815705,0.03140553102320606,0.24734785005635668,0.9776282837008485,0.42632458154813146,0.8954280720732588,-0.029585962164269865,0.44779175744147687,0.5502780638320134,-0.2598049268025053,0.4228412153072948,0.05655493823728369,0.27687482742550407,0.3855924676282825,-0.019806119644476934
-0.49548576990169196,-0.6656802848180136,-0.08298358111527902,-0.19226976453230926,0.7658322026913397,0.17218354259022076,-0.8002252332930514,0.5356888520739502,-0.5929612889033006,0.3885704755406765,0.9240560517946399,0.0762445126948487,0.26092578804733696,-0.3521592354699878,0.297901702763148,0.06755222928057454,0.6347924374724482,0.050484838572411025,0.5361396476466301,0.7949410830057572,-0.3146138667017129,0.4194244187813129,-0.5428920286932334,0.4194244187813129,-0.11527211852374564,0.8833952392387746,0.11279621040459914,-0.7801628586920893,0.647295630441398,-0.3698098207060561,0.46448979911145655,1.0,0.16376409585045323,0.2005449394034381,-0.27640911162306186,0.45860158411651414,0.15027916200625657,0.5367595134400424,-0.04791082854311431,0.5720267763857908,0.5876653292580233,-0.2927026997904876,-0.5189339070795213,-0.53048943605869,0.6319809276956448,0.018967315533263078,0.8041926565823524,0.1498327757514496,-0.6788721639063955,0.5094311902242628,-0.45684622220986437,0.3887664971915954,0.8492236108086307,0.18024811051323225,0.47461190497570926,-0.42686348970246146,0.20507582714843492,0.017413468547758708,0.7295679739432572,-0.42890845706826014,0.6105013605453002,0.5918362884888987,-0.2774505647736775
