Fp1,Fz,F3,F7,FT9,FC5,FC1,C3,T7,TP9,CP5,CP1,Pz,P3,P7,O1,Oz,P8,TP10,CP6,CP2,C4,T8,FT10,FC6,FC2,F4,F8,Fp2,AF7,AF3,AFz,F1,F5,FT7,FC3,FCz,C1,C5,TP7,CP3,P1,P5,PO7,PO3,POz,PO4,PO8,P6,P2,CPz,CP4,TP8,FC4,FT8,F6,F2,AF4,AF8,O2,P4,C6,C2
1.0,0.8241314626894611,0.4351362386676795,0.8223651380039316,-0.0274965583165604,0.4625341857563765,0.7573181002809259,0.022329719940325565,0.8124414318839001,0.34763841736167267,-0.13952945626567376,0.4909096522597013,0.20945393810836987,0.5657922055928051,0.6543642972518277,0.2189628897343603,0.11708841766374067,-0.1637086695831605,0.21200815549820295,0.26785749154683847,0.7972143460759207,0.41120144863573166,0.5511809403219793,0.41120144863573166,0.5086053794314704,-0.2976190928446368,0.012837280707935356,0.620887936387359,-0.11121514921440225,0.614973155618072,0.16915374683941725,-0.24986728084427895,0.27772961804773955,0.14584934300908428,0.47270709089272184,0.43665585936494283,0.08057675781181821,0.017529266323561526,-0.43891542558343655,0.16758332119013614,-0.013073720262319453,0.7190825483959974,0.32948918590357273,0.46242453791650945,-0.300998318873144,0.3965034432963742,-0.46699533150516753,-0.15024956559845232,0.44308916535181825,-0.3818298145527003,0.523627421903171,-0.05676224545245925,-0.3593311982713885,0.011450574340106922,0.007544285312169614,0.4338159441373553,0.45210676117500026,0.08312805702528361,0.14706485691838303,-0.0369431231805263,0.29491230850113886,-0.1047717979187044,0.8142778114252283
0.8241314626894611,1.0,0.19853005049302577,0.5982351890550601,-0.4079315150239493,0.03777012643588058,0.8511572535789276,-0.3871003205719507,0.9402874791827868,0.154518045197727,-0.5092102776811414,0.41955544540176315,-0.07632495317910884,0.8206576714555971,0.39745177242441504,0.12373468196339012,-0.11685962082968929,-0.108497461571153,-0.13823288732215694,-0.11424352543635208,0.8754375938180251,0.39330531092243604,0.7971885457931508,0.39330531092243604,0.3872813774689455,-0.6323431926645213,-0.34929724210441704,0.7434454635669695,-0.4221556009819907,0.8368996946323687,0.059696353229196204,-0.5619555937175716,0.2844245296839409,-0.18371133039201837,0.7495357925057483,0.21170767781866548,0.06935099906734603,-0.15598287745996742,-0.21956366872158248,-0.0861939054930358,-0.34065654964752456,0.8580553081946386,0.5272763974707645,0.8043540277504336,-0.5505667767133373,0.2990888991231843,-0.7432396204509117,-0.4260809192205297,0.6402601508380373,-0.7453503759071849,0.8192504514657692,-0.12735735113206287,-0.6637645726023605,0.15554139415092652,-0.30691382218788316,0.7536181731316626,0.20804567153122844,0.08840039314773822,-0.021575099798001925,0.04789669159943645,-0.025031666612171075,-0.2970825301981544,0.9066826955467346
0.4351362386676795,0.19853005049302577,1.0,0.09173244235393743,0.6454107762645583,0.15412319347747822,-0.13306804601352562,0.3899901022598019,0.32011697839319725,0.8826604240884421,0.6460014981821315,0.7956618347460492,0.14672063549443548,-0.13996086969421476,0.7748321076443198,-0.18224861533378778,0.8183346154620884,-0.49288790894941187,0.46469889567191397,0.5591231368478852,0.2416946105503846,0.5402030303774049,0.0076092219585559805,0.5402030303774049,-0.3282956997683865,0.5541382020410776,-0.24818559436900375,-0.2864647816216556,-0.0032339126502976263,0.2497838960785046,0.7864430509708857,0.5729097974997133,0.7230618305000691,0.06890962185948522,-0.17053749971445353,0.7238699079119978,-0.2904622467724009,0.7313995285450262,-0.5572131452261638,0.3896664499856759,0.4153189982102664,0.23724508127525967,-0.2810197820242398,-0.0655770083301302,0.5006384316625112,-0.4354604372476626,0.3638747004022811,-0.38132198525324784,-0.4805160141592421,0.09203371682259946,0.08668339668393253,0.7391926558969756,0.4340793383594147,0.5863866638644762,-0.11398232935406874,-0.22583495788421798,0.6809610322289898,-0.3145073808607724,0.8164655883581803,-0.15704422618675276,0.4713637793460703,0.5067111875565778,0.2875298263224249
0.8223651380039316,0.5982351890550601,0.09173244235393743,1.0,-0.056520352163978584,0.7708517326681376,0.7767049003569316,0.15299758325986393,0.47448526050532663,-0.0494504376191685,-0.22028045589583622,-0.003849745698150917,0.4359052336636742,0.4351157944644986,0.2771345685820771,0.5048836379817999,-0.23347045886475584,0.12175099310146259,0.22540278291782778,0.15409084600315,0.6190808701222485,0.009719471900334007,0.4087806920547717,0.009719471900334007,0.8334700790064017,-0.34383164207577704,0.4634218873326827,0.6800122109063127,0.18961891913412052,0.22750133393223082,-0.2337518398870068,-0.3135556336399743,-0.2008202535261273,0.47318225341128883,0.4197286749605142,0.08280672031646766,0.4737787361167609,-0.3480121210157876,-0.19594594874002283,0.2124769886839037,-0.03565635682354191,0.4989037531521972,0.27251922934118633,0.29017464751471894,-0.43108472969560974,0.7630057994238352,-0.4705326786194465,0.31130469862345084,0.5534371155691042,-0.11344466295544607,0.1667520720879016,-0.46339149515714007,-0.40612392941157205,-0.48491825868060157,0.374826777514115,0.39789633553041187,0.06269828228889694,0.4508696865503043,-0.254274435418336,0.14870902660960203,0.28348940228929925,-0.04877711765591607,0.5713907629044978
-0.0274965583165604,-0.4079315150239493,0.6454107762645583,-0.056520352163978584,1.0,0.38050508771591557,-0.5568957852176023,0.8025704313194327,-0.3131535651299234,0.5836040307222302,0.9016285886510778,0.30761062705366377,0.3898008399136268,-0.6513164620226998,0.4113493432521752,-0.04506153494353933,0.7475386217553284,-0.09096217825180113,0.7555651439900379,0.5825314365525857,-0.30174675800658646,0.07779520347171319,-0.5638226416804661,0.07779520347171319,-0.3203768889543171,0.8847065722079698,0.17027138646994347,-0.6382703207940532,0.517327188453427,-0.4259953271048512,0.5580534536391453,0.877445799831108,0.3489031183913506,0.4568143942233436,-0.6433714281742544,0.42237507595974433,-0.0533996395463409,0.6813733517137724,-0.2162896050231663,0.7267517171051584,0.664351700244102,-0.38088066724418607,-0.7007239268626186,-0.660387362305398,0.6461466570420731,-0.3986322959692259,0.8350550759283306,0.05272961019290641,-0.7687579264887491,0.7334006506179332,-0.5391681308118087,0.5936188687115883,0.6813640826862498,0.21208325622128799,0.39667746568515716,-0.6854153425896015,0.37573068371890156,-0.10016480861901421,0.6861614299000165,0.055654347293293764,0.722877985712543,0.5951397293538234,-0.3000379516063803
0.4625341857563765,0.03777012643588058,0.15412319347747822,0.7708517326681376,0.38050508771591557,1.0,0.3046080310185216,0.6662414397804057,-0.05797943399811308,0.019906886964347965,0.23894570382299468,-0.1326786658483065,0.6707643156980423,-0.12226708143550863,0.14917668490595193,0.5782361243746447,-0.07144481329443189,0.261975419242546,0.5154083345187629,0.33327408875779463,0.08987262073149038,-0.27886120545955323,-0.1614867672583948,-0.27886120545955323,0.589565053263628,0.1627817034940893,0.7179912385312929,0.17373248091832072,0.6487198008406273,-0.3422880112574339,-0.1732133341703559,0.1525918427009695,-0.32763360136206343,0.7799372369795864,-0.14552013274052794,-0.029209867816660653,0.5183255147528341,-0.19683393878564873,-0.08770566836647695,0.4851549929264706,0.20350428960816022,-0.04705915387160933,-0.23935089257055486,-0.316100477379696,-0.12224917289628932,0.5537018420734134,0.0320861866399047,0.5958276047664133,0.062172388764665805,0.5038437256215653,-0.42644679457635765,-0.3057037429873571,0.07590205631678401,-0.5695633217640182,0.731242413975399,-0.15801019448108175,-0.03811733265385891,0.4779004665790883,-0.13888657320538425,0.26906289527330013,0.52601776894682,0.20233945533983091,0.03779376366505676
0.7573181002809259,0.8511572535789276,-0.13306804601352562,0.7767049003569316,-0.5568957852176023,0.3046080310185216,1.0,-0.34520077432303586,0.7229862746483154,-0.23413606039990206,-0.7049516679007867,0.00921876201389822,0.12084736608112914,0.7982383085257858,0.11791906637078582,0.3783614918754909,-0.48156261645420834,0.15136372100247023,-0.16631856347474955,-0.29292522665661397,0.8122113151212342,0.057374093779887135,0.7308675157276944,0.057374093779887135,0.7484590856069364,-0.7725124448108763,0.0878738665882103,0.9452616614044711,-0.17816072956016216,0.6054093565142645,-0.3434426876613269,-0.7576293005226816,-0.1283250911699094,0.09158147716680451,0.7710896585436154,-0.04474729240405281,0.35654287146705915,-0.5587479977557062,-0.03016846655958624,-0.16205276088577963,-0.49989606211532384,0.7760328600010973,0.616082871649584,0.7049011814998992,-0.7953086517618707,0.6954308146240422,-0.8626817582795734,0.040104240427495955,0.8787477455474608,-0.5788556328330298,0.615281656988925,-0.554979894515095,-0.8128041874692118,-0.2957244051709516,0.03265819537710092,0.7716321353718745,-0.07082333978322194,0.36826590481123944,-0.4407627169877111,0.12404641972885985,-0.1001241176878514,-0.4725052045209619,0.801873609818674
0.022329719940325565,-0.3871003205719507,0.3899901022598019,0.15299758325986393,0.8025704313194327,0.6662414397804057,-0.34520077432303586,1.0,-0.35638647110105176,0.4161690802548474,0.7617987105387262,0.12553130613170946,0.5894291310805716,-0.6247384302369171,0.19593010759577345,0.30242074558909554,0.4437639668613939,0.21363013682428597,0.7886728643431,0.5101543066396407,-0.33516142275352295,-0.11565362280092001,-0.578176992090092,-0.11565362280092001,-0.08756450728356395,0.7457741878404868,0.39837499157766953,-0.4873512475140635,0.8047032952621112,-0.5533718335992254,0.32793962946254684,0.7517423956377488,0.007966852848530109,0.6692575296745487,-0.6513726161184467,0.0660997240544352,0.2160956616295384,0.33129450725917853,-0.10595143166769436,0.7623112306738636,0.3946765502841435,-0.47145398872211514,-0.8365288099832907,-0.7698365747196468,0.3187976158354881,-0.19016303270343213,0.5727785506224408,0.22733319449442604,-0.6251322328631095,0.8478390408207434,-0.7009737875797228,0.2865462900083543,0.6047737263800577,-0.13521202637995167,0.6432905853739169,-0.6677695885794116,0.0355195397485376,0.20696708166378466,0.3814838547604124,0.2745165899297995,0.7706656303610907,0.4670411070463807,-0.3623725960263432
0.8124414318839001,0.9402874791827868,0.32011697839319725,0.47448526050532663,-0.3131535651299234,-0.05797943399811308,0.7229862746483154,-0.35638647110105176,1.0,0.34752218529850654,-0.3873707101074601,0.6273678107502956,-0.18609369826261735,0.7750505181304206,0.6030559022872554,-0.0433403587761774,0.10200570151647463,-0.15261726114289056,-0.07044822187201465,0.030438904777804386,0.8864889694303614,0.5315351761008518,0.7642333341828362,0.5315351761008518,0.22678770331199094,-0.4935232618654235,-0.44352067393314765,0.6164932962108953,-0.511437799283265,0.9331446257992104,0.26600235719917653,-0.4442877545551409,0.507417811359987,-0.31666275373241465,0.673291469838605,0.42953783982221655,-0.1432525956232854,0.07802277852258013,-0.32042106815996285,-0.056921784854825845,-0.23292085179040853,0.8662794081219731,0.48312724010881636,0.7506415020558229,-0.3922531975975164,0.11354490293545336,-0.6253099326691541,-0.5595572358265741,0.48725987760615447,-0.7379751867451313,0.8820263294280314,0.09718707270542898,-0.5319924889510109,0.3752598398656997,-0.4379625729524305,0.6695981090206244,0.4306599517574273,-0.11476851024294006,0.19514298569603195,-0.04154573968958694,0.015771881134682853,-0.21714729586878742,0.9224514423071031
0.34763841736167267,0.154518045197727,0.8826604240884421,-0.0494504376191685,0.5836040307222302,0.019906886964347965,-0.23413606039990206,0.4161690802548474,0.34752218529850654,1.0,0.660210468414855,0.9055903238563322,-0.039101763359901794,-0.16700646872924726,0.7743863996342994,-0.2866647100387726,0.8758812216714673,-0.4220873679982437,0.40868920283592475,0.6018408879897467,0.14445059208288183,0.6117856502992697,-0.00618398487808054,0.6117856502992697,-0.4759794955138717,0.55914501940418,-0.4055152487372049,-0.4025605505485733,-0.03227790343971495,0.2855154581029233,0.9344002633450278,0.6152233468751479,0.7961493162856764,-0.12485359601386073,-0.26934772118893185,0.6923669804246033,-0.414093553205155,0.8219803618178659,-0.5827074215258824,0.35031834542455703,0.3928805041027653,0.10188279564065114,-0.39776050254032047,-0.11632058780491278,0.5373703807745202,-0.6369587199286414,0.3702048368480027,-0.6142981422629469,-0.5904561398039191,0.053817059425018784,0.09474609784251091,0.8687329900087476,0.5083376632338966,0.70177803975669,-0.27730294675099904,-0.2935380524395814,0.6585401788387535,-0.39152857494731014,0.8848000788742486,-0.112597779112547,0.4274680342918564,0.5005481435172715,0.19663784185832922
-0.13952945626567376,-0.5092102776811414,0.6460014981821315,-0.22028045589583622,0.9016285886510778,0.23894570382299468,-0.7049516679007867,0.7617987105387262,-0.3873707101074601,0.660210468414855,1.0,0.3555080226991311,0.25833498797507637,-0.7135941636773534,0.39659949307568904,-0.12632798362912773,0.7637377942062875,-0.24124677526769764,0.5886222134593838,0.7338760172306583,-0.46129858724562267,0.18946972689610211,-0.6479621909340603,0.18946972689610211,-0.49307253935732187,0.9404649797866449,0.0902048186942214,-0.7850798242474553,0.4487044098744178,-0.4591082152047063,0.6213648553124818,0.972275690910171,0.3141128704627471,0.2913501209082288,-0.7383874293167085,0.3958835131877743,-0.21153186547609196,0.7351140188899457,-0.3074784110602691,0.5431710303958365,0.7205156389876455,-0.5166182485304877,-0.7780377618548183,-0.7208482491457286,0.8320902024174719,-0.5535375668437867,0.8444377945937874,-0.03516915196811859,-0.8882105898957314,0.7047268465734782,-0.5933022625877856,0.6802191481194027,0.9088007502128377,0.2675642053472279,0.24606250903631344,-0.7766313440914954,0.40174564628205156,-0.23180508609904166,0.7134435522223488,-0.05772393513535985,0.5624004563384085,0.6903368558092378,-0.4585932786750883
0.4909096522597013,0.41955544540176315,0.7956618347460492,-0.003849745698150917,0.30761062705366377,-0.1326786658483065,0.00921876201389822,0.12553130613170946,0.6273678107502956,0.9055903238563322,0.3555080226991311,1.0,-0.21884566181638782,0.11928062856557706,0.8221549506021923,-0.37343774454738093,0.7545256477573913,-0.3990484878680987,0.24733232304071417,0.43410021010812405,0.38077132960997156,0.7120633952903035,0.24727278801794253,0.7120633952903035,-0.4229961782136532,0.2549647817614784,-0.597889253484457,-0.15956753822995215,-0.3187127556461465,0.5798288653872105,0.8268452715147542,0.3001442296715221,0.8802652230652881,-0.35455501419471913,-0.024095992841412412,0.6934323140722426,-0.5588583776499904,0.7240937260349636,-0.5725330852296949,0.18713236230964497,0.18482302252623617,0.37405587225882087,-0.11215485840610205,0.1943665218098245,0.29913065260674065,-0.5550807703137549,0.09549789281577248,-0.7469632404303448,-0.32375537962042045,-0.27155685409414343,0.4302409323027555,0.7643159617374425,0.22189034362116936,0.8181228551543236,-0.4883632357012055,-0.046666347252091886,0.7158440914319402,-0.5241568676362258,0.8172076988956436,-0.17111958763391183,0.28996115170930814,0.2209372658113859,0.462391365771153
0.20945393810836987,-0.07632495317910884,0.14672063549443548,0.4359052336636742,0.3898008399136268,0.6707643156980423,0.12084736608112914,0.5894291310805716,-0.18609369826261735,-0.039101763359901794,0.25833498797507637,-0.21884566181638782,1.0,-0.2510040932050358,0.06393469952935292,0.48973280630853494,0.04764286198442786,0.17520786701508764,0.6703977159232494,0.20216678888072465,0.06395370953990902,-0.10471663382896156,-0.207071782956196,-0.10471663382896156,0.4096708101546069,0.29545758390555693,0.5956577812009185,0.07642700976642047,0.5134193641337698,-0.30827151919014933,-0.0025416658358871124,0.254707311954031,-0.16671092838691426,0.9330599808175227,-0.16300963832311835,0.05421205874876622,0.5514826506508547,-0.04684463083522833,0.05093023162116731,0.6703931949681964,0.1325707768864381,-0.03345530464513286,-0.345162739750465,-0.36119493151796966,-0.08986109042777038,0.3590461375642372,0.13826367214525,0.521758284878602,-0.042044163802594764,0.5426024029406038,-0.3770518287680676,-0.12187386260664565,0.10712235303796853,-0.43180416106757563,0.705283469464041,-0.1849987618899874,-0.02505957591619692,0.48274662653246414,-0.003884740156319969,0.18197228948981659,0.6379174018097286,0.13854587509562774,0.0058017482341878885
0.5657922055928051,0.8206576714555971,-0.13996086969421476,0.4351157944644986,-0.6513164620226998,-0.12226708143550863,0.7982383085257858,-0.6247384302369171,0.7750505181304206,-0.16700646872924726,-0.7135941636773534,0.11928062856557706,-0.2510040932050358,1.0,0.15024472594958957,0.20262027442916264,-0.4096313902781583,-0.01673818232399087,-0.42247413248296817,-0.2395350708931637,0.7362172416500748,0.13262801035740016,0.724230639532641,0.13262801035740016,0.42370400425077326,-0.7737926767212597,-0.22310077929040284,0.7960217167205955,-0.4727588862809505,0.7673189340031522,-0.22012781627106762,-0.732698452849024,0.05012845461123618,-0.2943178813512747,0.9326950045865658,0.027716003724355173,0.1797922138083689,-0.3827177348411278,0.06371104002925973,-0.36320661323679077,-0.3735011739451027,0.776220914170587,0.6932931553436954,0.84163035606291,-0.5915010865466528,0.4043161459117075,-0.8040120362038841,-0.23992293145035656,0.7740254388666089,-0.7808553287439693,0.8075217133597794,-0.34199402047642413,-0.7222780980485882,0.02266047960054886,-0.35710704319437536,0.9424069528414366,0.05096629714649258,0.18807855757571126,-0.3205259489531675,0.08031375641886776,-0.3398146311615256,-0.3819768133371033,0.7431736498526527
0.6543642972518277,0.39745177242441504,0.7748321076443198,0.2771345685820771,0.4113493432521752,0.14917668490595193,0.11791906637078582,0.19593010759577345,0.6030559022872554,0.7743863996342994,0.39659949307568904,0.8221549506021923,0.06393469952935292,0.15024472594958957,1.0,-0.1484922666992206,0.7163553920166149,-0.3038644175555218,0.4129481492331489,0.6414258366193817,0.5041593825210693,0.6614664176903955,0.16503054887610258,0.6614664176903955,-0.10232405977065027,0.26951549603781233,-0.22156038003300857,0.006273251300880687,-0.1963499212702455,0.5251475635864011,0.697497545275005,0.2951240082810164,0.7171177978713212,-0.03269064319363455,0.03097605654698461,0.8990747053681408,-0.33991596538225977,0.6981376223992056,-0.4982090542775631,0.32733655136462,0.4204022297416559,0.4656760023760636,-0.04636218178588784,0.12026178281640013,0.33127916038914357,-0.21520101323224866,0.11426185479334858,-0.39224775608145035,-0.1909173816799467,-0.12703764741043405,0.385801921225793,0.6096316741318928,0.20410545046053305,0.5397915971401331,-0.16977731427276438,-0.009436228297421464,0.9102029151038468,-0.33997445125004183,0.7405294118460065,-0.18670884812120253,0.4286626696322878,0.22754903784714664,0.5282399417836048
0.2189628897343603,0.12373468196339012,-0.18224861533378778,0.5048836379817999,-0.04506153494353933,0.5782361243746447,0.3783614918754909,0.30242074558909554,-0.0433403587761774,-0.2866647100387726,-0.12632798362912773,-0.37343774454738093,0.48973280630853494,0.20262027442916264,-0.1484922666992206,1.0,-0.3974777601835758,0.5807486645490736,0.2055819845775252,0.005631203039997411,0.08499356717886501,-0.4255138262759592,-0.12503212453807705,-0.4255138262759592,0.4937541442209758,-0.11769221860513192,0.5024205467585124,0.3325885270121626,0.4951515888811351,-0.17816012196516723,-0.39095857789510585,-0.11918876810165493,-0.5812427442274577,0.5668290713635482,0.17206740020614922,-0.3616460426114499,0.873915170650579,-0.44680858184221106,0.5530895982284306,0.2612983761397134,-0.10639316970955255,0.04919761505875538,-0.21332228256814847,-0.1382643648367385,-0.45081561966715133,0.5033852976964727,-0.30774618834566175,0.43117238402496716,0.2453740312388495,0.23065577132176743,-0.22368439071381346,-0.4751361224728996,-0.20169709537242053,-0.6199796829452315,0.5584173475466598,0.1925540409454027,-0.3890937498682207,0.892357282949288,-0.4265585957328258,0.6672082075300838,0.2526428248481732,-0.12461127015614852,0.0026894426344239845
0.11708841766374067,-0.11685962082968929,0.8183346154620884,-0.23347045886475584,0.7475386217553284,-0.07144481329443189,-0.48156261645420834,0.4437639668613939,0.10200570151647463,0.8758812216714673,0.7637377942062875,0.7545256477573913,0.04764286198442786,-0.4096313902781583,0.7163553920166149,-0.3974777601835758,1.0,-0.4056435421045742,0.5662972426007379,0.5830156311459628,0.002162353735330784,0.5977163889839455,-0.17984165723649537,0.5977163889839455,-0.5407188295064608,0.7458408426436854,-0.3216716100720064,-0.5689740238671601,-0.005843213833947853,0.10442013627989732,0.9090499520272636,0.7510745763393876,0.797563303315079,-0.039615598431811096,-0.4348336437386515,0.7365555236926389,-0.47649354646285547,0.9588211720794213,-0.5094760273522556,0.48940506079386853,0.5215499556381598,-0.025813802581972113,-0.46684619244591574,-0.2976298180905846,0.6811004354992592,-0.6704759202599938,0.6364981860882101,-0.48441619913976064,-0.7345928086684833,0.2362801203934133,-0.05342501581541439,0.9057484944878158,0.6103956476953208,0.6957662309397387,-0.16621281596896348,-0.48779653195464573,0.7162073389030628,-0.4805888876248073,0.9750204712896684,-0.24436732999948033,0.5467242968281745,0.489792723561161,0.04639990803902415
-0.1637086695831605,-0.108497461571153,-0.49288790894941187,0.12175099310146259,-0.09096217825180113,0.261975419242546,0.15136372100247023,0.21363013682428597,-0.15261726114289056,-0.4220873679982437,-0.24124677526769764,-0.3990484878680987,0.17520786701508764,-0.01673818232399087,-0.3038644175555218,0.5807486645490736,-0.4056435421045742,1.0,0.12080286625996174,-0.20920993417706163,-0.06382065545059666,-0.5719971261831943,-0.25174553602383093,-0.5719971261831943,0.2553334085175382,-0.1420511842231511,0.3008832593603512,0.15619011790016266,0.3733639321520124,-0.2104329764294679,-0.435864247904493,-0.20828937312863113,-0.45125650899230424,0.2778796570623097,-0.05898848542668632,-0.4309547264016381,0.5232815596269369,-0.40102236030223176,0.7732246423010619,0.18996295303291388,-0.1853512486501868,-0.1226176707414298,-0.2518031748931129,-0.21417675719236523,-0.49760828412897046,0.2636830392961672,-0.1732603938272549,0.29739459666590545,0.16398171308261633,0.28014946867638557,-0.18192502103681663,-0.41089047643078397,-0.28920376429776584,-0.408705154728905,0.456055574419027,-0.0059507215865509154,-0.47645544099022147,0.5693965278910028,-0.41225420293363774,0.7663118275865178,0.1016110686315242,-0.30750012436620916,-0.13616271149218037
0.21200815549820295,-0.13823288732215694,0.46469889567191397,0.22540278291782778,0.7555651439900379,0.5154083345187629,-0.16631856347474955,0.7886728643431,-0.07044822187201465,0.40868920283592475,0.5886222134593838,0.24733232304071417,0.6703977159232494,-0.42247413248296817,0.4129481492331489,0.2055819845775252,0.5662972426007379,0.12080286625996174,1.0,0.3703830105122898,0.03919527417514796,0.2302882222783738,-0.25725823103139284,0.2302882222783738,0.03055259728367639,0.6365723560874008,0.3051577241774064,-0.2304370502833861,0.5332902870091728,-0.19838041553441987,0.4212105796662647,0.619461570909742,0.26690612498800387,0.653062247825991,-0.38883604387034953,0.34115321356280826,0.1653224433014393,0.44673515475570896,-0.1864994873970775,0.9451769329671139,0.24816860385047587,-0.10197923233636493,-0.6051049259238165,-0.5064078830699195,0.16372790369336204,-0.1149107351882077,0.45632347522611516,0.10483741440171115,-0.4330755534227943,0.6104442940586923,-0.3517099593908596,0.3247412151258164,0.3307804533451055,0.012733494022470756,0.5028827107314978,-0.437919918571405,0.2467589403012822,0.14740012941759123,0.5226416880763252,0.06764549671262488,0.9702043205260885,0.2986204768816255,0.00043929845514114246
0.26785749154683847,-0.11424352543635208,0.5591231368478852,0.15409084600315,0.5825314365525857,0.33327408875779463,-0.29292522665661397,0.5101543066396407,0.030438904777804386,0.6018408879897467,0.7338760172306583,0.43410021010812405,0.20216678888072465,-0.2395350708931637,0.6414258366193817,0.005631203039997411,0.5830156311459628,-0.20920993417706163,0.3703830105122898,1.0,-0.08252526056255637,0.2859126293762877,-0.42198896086292076,0.2859126293762877,-0.17817260820481637,0.5872851268475265,0.10322330705720402,-0.38842771311408314,0.16344948581014868,-0.08961556535176084,0.49099220857051423,0.6231196538224275,0.2644759011412308,0.18392204854159008,-0.3393696652285218,0.5085432031527539,-0.20495432640597058,0.62042414105232,-0.36025622092514825,0.35883026606757623,0.8538549987774354,-0.14298275608053534,-0.44432678983547963,-0.420421776738823,0.6804931621363219,-0.2221756144866721,0.4176919680267428,-0.054198241705112345,-0.5060802251485224,0.35788356578053687,-0.20540174912752032,0.48774039324831653,0.6740856708652357,0.17146151236548998,0.12560621047141127,-0.387559288234261,0.6267766394393338,-0.22382629807618623,0.5634563105803474,-0.087609695726638,0.39953346938646994,0.6296588194059328,-0.09891626504371692
0.7972143460759207,0.8754375938180251,0.2416946105503846,0.6190808701222485,-0.30174675800658646,0.08987262073149038,0.8122113151212342,-0.33516142275352295,0.8864889694303614,0.14445059208288183,-0.46129858724562267,0.38077132960997156,0.06395370953990902,0.7362172416500748,0.5041593825210693,0.08499356717886501,0.002162353735330784,-0.06382065545059666,0.03919527417514796,-0.08252526056255637,1.0,0.4202923117667188,0.8073537521319171,0.4202923117667188,0.5038000557229088,-0.5057839337676608,-0.14398677446215602,0.7701456723942472,-0.3911499603890165,0.8532364546547112,0.10670288096824868,-0.5046897947946346,0.3610395981944516,-0.0415538202486492,0.7713369572826804,0.4312729594737725,0.09704363026673288,-0.0857442902170166,-0.25124135282422133,0.005019288994589515,-0.28372369763694366,0.9670090890397313,0.5626595212535813,0.7309644817237502,-0.49692651690610046,0.37735222063788687,-0.6497323197072006,-0.2818745189886718,0.6194000278263473,-0.6349363544446499,0.7920807016157225,-0.10947474455863737,-0.6479064781939606,0.1248786103538522,-0.19355181242444694,0.7370314513975764,0.33789203304507653,0.09242328387048014,0.03744769492742532,-0.04245199038338297,0.05735303697667643,-0.21643929520259902,0.9826358592960683
0.41120144863573166,0.39330531092243604,0.5402030303774049,0.009719471900334007,0.07779520347171319,-0.27886120545955323,0.057374093779887135,-0.11565362280092001,0.5315351761008518,0.6117856502992697,0.18946972689610211,0.7120633952903035,-0.10471663382896156,0.13262801035740016,0.6614664176903955,-0.4255138262759592,0.5977163889839455,-0.5719971261831943,0.2302882222783738,0.2859126293762877,0.4202923117667188,1.0,0.43919642902279254,1.0,-0.16705910630331283,0.12029536956492842,-0.4174975237744801,0.05138887645769463,-0.4026165957242313,0.5785000015287999,0.673199888790106,0.20917875096846733,0.6972858361640852,-0.28257737466243726,0.08195982275756658,0.6526212515177563,-0.49728356990735073,0.5812023705913472,-0.6518557474709813,0.13389713375799311,0.02114746847833946,0.3894574543666549,0.03836244797598072,0.33598891938642345,0.2538782399953379,-0.32518853787559215,0.010845935025071378,-0.6056875728065836,-0.09105731543788996,-0.36699364101267146,0.44277156340407475,0.5367073589884375,0.13504507880131986,0.5910758594209379,-0.4761865605301093,0.03251957261483739,0.6315171040216473,-0.4477096155751774,0.6343193308899678,-0.5163431233788375,0.27094085118077993,0.07092311352293125,0.4577219859423593
0.5511809403219793,0.7971885457931508,0.0076092219585559805,0.4087806920547717,-0.5638226416804661,-0.1614867672583948,0.7308675157276944,-0.578176992090092,0.7642333341828362,-0.00618398487808054,-0.6479621909340603,0.24727278801794253,-0.207071782956196,0.724230639532641,0.16503054887610258,-0.12503212453807705,-0.17984165723649537,-0.25174553602383093,-0.25725823103139284,-0.42198896086292076,0.8073537521319171,0.43919642902279254,1.0,0.4391964290227926,0.43311118616170613,-0.6542520088581495,-0.2526804633775208,0.7277964176851078,-0.5379379621352355,0.788403093677378,0.007370510648081558,-0.6168234282964321,0.2727523328432944,-0.3217821466273522,0.754512877793527,0.15866334809907337,0.005849235267545363,-0.24592567699528406,-0.3101424437601747,-0.2708430755849058,-0.5899699623896613,0.7885237405395,0.6947161156631514,0.8956918577639426,-0.5347025735474898,0.324796329380645,-0.6836655463327389,-0.3532030499585331,0.668540684146978,-0.7948357208190682,0.7621542505482113,-0.19447462860553352,-0.6768793144334044,0.1433413529917322,-0.47313899846300567,0.7620638897829849,0.06088497938597388,0.026750782711403246,-0.1423799868935011,-0.19190060919843063,-0.21289138500207436,-0.30122290228319154,0.8178320263687499
0.41120144863573166,0.39330531092243604,0.5402030303774049,0.009719471900334007,0.07779520347171319,-0.27886120545955323,0.057374093779887135,-0.11565362280092001,0.5315351761008518,0.6117856502992697,0.18946972689610211,0.7120633952903035,-0.10471663382896156,0.13262801035740016,0.6614664176903955,-0.4255138262759592,0.5977163889839455,-0.5719971261831943,0.2302882222783738,0.2859126293762877,0.4202923117667188,1.0,0.4391964290227926,1.0,-0.16705910630331283,0.12029536956492842,-0.4174975237744801,0.05138887645769463,-0.4026165957242313,0.5785000015287999,0.673199888790106,0.20917875096846733,0.6972858361640852,-0.28257737466243726,0.08195982275756658,0.6526212515177563,-0.49728356990735073,0.5812023705913472,-0.6518557474709813,0.13389713375799311,0.02114746847833946,0.3894574543666549,0.03836244797598072,0.33598891938642345,0.2538782399953379,-0.32518853787559215,0.010845935025071378,-0.6056875728065836,-0.09105731543788996,-0.36699364101267146,0.44277156340407475,0.5367073589884375,0.13504507880131986,0.5910758594209379,-0.4761865605301093,0.03251957261483739,0.6315171040216473,-0.4477096155751774,0.6343193308899678,-0.5163431233788375,0.27094085118077993,0.07092311352293125,0.4577219859423593
0.5086053794314704,0.3872813774689455,-0.3282956997683865,0.8334700790064017,-0.3203768889543171,0.589565053263628,0.7484590856069364,-0.08756450728356395,0.22678770331199094,-0.4759794955138717,-0.49307253935732187,-0.4229961782136532,0.4096708101546069,0.42370400425077326,-0.10232405977065027,0.4937541442209758,-0.5407188295064608,0.2553334085175382,0.03055259728367639,-0.17817260820481637,0.5038000557229088,-0.16705910630331283,0.43311118616170613,-0.16705910630331283,1.0,-0.48902214784969267,0.66977685300523,0.8075700869805045,0.17739070386927336,0.11282342306086772,-0.5370567123141355,-0.5143684877434931,-0.4625239232020943,0.4722600242432184,0.488833065397668,-0.14757095221500727,0.60374901703894,-0.6426158930860133,0.04498762214526398,-0.005550251863740018,-0.25168043273240903,0.39756359234447225,0.43846056150484813,0.3254960677519417,-0.5817808896418925,0.9459135280446005,-0.5180514082521175,0.5592364336789083,0.7558642863183324,-0.10686974472873924,0.11100600792775253,-0.7551624434869159,-0.5665587821837585,-0.7209078772456418,0.4256551763497226,0.4623023171686986,-0.22515500464248903,0.5892582711432163,-0.6127387080150144,0.09996468773767969,0.03694594234167241,-0.26521900672068915,0.4239982769416386
-0.2976190928446368,-0.6323431926645213,0.5541382020410776,-0.34383164207577704,0.8847065722079698,0.1627817034940893,-0.7725124448108763,0.7457741878404868,-0.4935232618654235,0.55914501940418,0.9404649797866449,0.2549647817614784,0.29545758390555693,-0.7737926767212597,0.26951549603781233,-0.11769221860513192,0.7458408426436854,-0.1420511842231511,0.6365723560874008,0.5872851268475265,-0.5057839337676608,0.12029536956492842,-0.6542520088581495,0.12029536956492842,-0.48902214784969267,1.0,0.15475767172848995,-0.8007952691696416,0.45439801224800214,-0.49469278899473007,0.5859725912036374,0.9653431040250148,0.3074156313022643,0.3097470869735578,-0.7539126867687296,0.31915514843389603,-0.15203526461739647,0.7033344776285799,-0.18860433944919408,0.579134288204947,0.6147130378317515,-0.556073968956018,-0.7930227612944456,-0.7708421922162944,0.7667621204107479,-0.5610961057930003,0.8922740492720068,0.028407365527650875,-0.9066908138441734,0.7688158330048389,-0.6309273151801175,0.6550729573943266,0.8725801503821005,0.25676683188027527,0.2505299727167019,-0.8019501919638952,0.28370950122569133,-0.16802786970974287,0.6609163966587452,-0.03272774560877798,0.5801678736247395,0.6576133911859092,-0.5145029303888248
0.012837280707935356,-0.34929724210441704,-0.24818559436900375,0.4634218873326827,0.17027138646994347,0.7179912385312929,0.0878738665882103,0.39837499157766953,-0.44352067393314765,-0.4055152487372049,0.0902048186942214,-0.597889253484457,0.5956577812009185,-0.22310077929040284,-0.22156038003300857,0.5024205467585124,-0.3216716100720064,0.3008832593603512,0.3051577241774064,0.10322330705720402,-0.14398677446215602,-0.4174975237744801,-0.2526804633775208,-0.4174975237744801,0.66977685300523,0.15475767172848995,1.0,0.18577761587192254,0.6100258742973902,-0.5239451832687956,-0.45720032293838414,0.08742159017846446,-0.6010984030615606,0.7324297455619897,-0.13944983410956283,-0.17764024705254586,0.5890797057036253,-0.416193203429374,0.15629005561422163,0.2138663068939431,0.12216664180675098,-0.2541725278229589,-0.0993552362496166,-0.37948673414692946,-0.06563626100949643,0.6654559232017088,0.12699217106098445,0.9040976084129939,0.1557109380515037,0.5821946117585525,-0.5615854102194211,-0.5432738718687904,0.0862918151959944,-0.800750411471286,0.7318427002393246,-0.17588391003718895,-0.26183395706961204,0.5557498906741207,-0.4584332507799102,0.13347434918652856,0.22693519713572755,0.09771699547079939,-0.25245300352585986
0.620887936387359,0.7434454635669695,-0.2864647816216556,0.6800122109063127,-0.6382703207940532,0.17373248091832072,0.9452616614044711,-0.4873512475140635,0.6164932962108953,-0.4025605505485733,-0.7850798242474553,-0.15956753822995215,0.07642700976642047,0.7960217167205955,0.006273251300880687,0.3325885270121626,-0.5689740238671601,0.15619011790016266,-0.2304370502833861,-0.38842771311408314,0.7701456723942472,0.05138887645769463,0.7277964176851078,0.05138887645769463,0.8075700869805045,-0.8007952691696416,0.18577761587192254,1.0,-0.2216985642031149,0.5837297655281664,-0.447888025238935,-0.8046128892133844,-0.20965176422401174,0.06303243578977814,0.8151435360729883,-0.06164096659316579,0.3753322953496678,-0.6324387091571931,0.051317565720843256,-0.25403586334039796,-0.524243622701033,0.7394972681422468,0.710195390361166,0.7171111245936818,-0.7863766439195305,0.7561014959217519,-0.840150134071611,0.1383849481251234,0.9564549534175718,-0.587574939892558,0.6144293062124209,-0.6523206794662008,-0.860465405600382,-0.37895510332006754,0.018913633186028175,0.797196919897506,-0.1296493356470525,0.3924562249089418,-0.5547467297050315,0.04077887637428715,-0.19680464290417043,-0.5379640135482268,0.7353361557821755
-0.11121514921440225,-0.4221556009819907,-0.0032339126502976263,0.18961891913412052,0.517327188453427,0.6487198008406273,-0.17816072956016216,0.8047032952621112,-0.511437799283265,-0.03227790343971495,0.4487044098744178,-0.3187127556461465,0.5134193641337698,-0.4727588862809505,-0.1963499212702455,0.4951515888811351,-0.005843213833947853,0.3733639321520124,0.5332902870091728,0.16344948581014868,-0.3911499603890165,-0.4026165957242313,-0.5379379621352355,-0.4026165957242313,0.17739070386927336,0.45439801224800214,0.6100258742973902,-0.2216985642031149,1.0,-0.6791415596510513,-0.10663904775739239,0.47402145605226603,-0.41908100478032906,0.7346813944569061,-0.45197517375038027,-0.2848988783111122,0.48872776664843764,-0.1365335240024684,0.14623960453843493,0.5075707712176603,0.12520437583128247,-0.5147380227769992,-0.6595945612669949,-0.6677088490695628,0.02893944772930205,0.0934108286004303,0.37709130477860264,0.4910976995987729,-0.2869415950806973,0.8245111079476084,-0.7497338773495325,-0.15822733458768024,0.3375296434843801,-0.5130137657750773,0.865404219070522,-0.47049521903147185,-0.3471523480297214,0.4936253495332921,-0.09180321609686726,0.32672574496134366,0.5150370570646469,0.1842005057626688,-0.44227514707692156
0.614973155618072,0.8368996946323687,0.2497838960785046,0.22750133393223082,-0.4259953271048512,-0.3422880112574339,0.6054093565142645,-0.5533718335992254,0.9331446257992104,0.2855154581029233,-0.4591082152047063,0.5798288653872105,-0.30827151919014933,0.7673189340031522,0.5251475635864011,-0.17816012196516723,0.10442013627989732,-0.2104329764294679,-0.19838041553441987,-0.08961556535176084,0.8532364546547112,0.5785000015287999,0.788403093677378,0.5785000015287999,0.11282342306086772,-0.49469278899473007,-0.5239451832687956,0.5837297655281664,-0.6791415596510513,1.0,0.2895001007628157,-0.4787653214847154,0.5618850371590864,-0.47409876897143755,0.7183602964208412,0.46478483984302615,-0.22733736446800484,0.10137026557332937,-0.25556213947283346,-0.2137747264847274,-0.29934021204959654,0.8762967686292604,0.5699644239050041,0.7932908750727593,-0.3445471146542018,0.005177803271143473,-0.6106793749527255,-0.619066057793152,0.47616784974627197,-0.8286720339414418,0.958259048393711,0.15105663627177957,-0.5437269560562547,0.47174746286195224,-0.6050299973622965,0.7040627965028253,0.41943455758887843,-0.1911445136609404,0.18255988103037166,-0.13780153388459634,-0.15738299733614475,-0.2530587298974157,0.8796733518706463
0.16915374683941725,0.059696353229196204,0.7864430509708857,-0.2337518398870068,0.5580534536391453,-0.1732133341703559,-0.3434426876613269,0.32793962946254684,0.26600235719917653,0.9344002633450278,0.6213648553124818,0.8268452715147542,-0.0025416658358871124,-0.22012781627106762,0.697497545275005,-0.39095857789510585,0.9090499520272636,-0.435864247904493,0.4212105796662647,0.49099220857051423,0.10670288096824868,0.673199888790106,0.007370510648081558,0.673199888790106,-0.5370567123141355,0.5859725912036374,-0.45720032293838414,-0.447888025238935,-0.10663904775739239,0.2895001007628157,1.0,0.6281631595127967,0.8599243724946143,-0.12694241156342126,-0.2759895281836839,0.7192299477828943,-0.4168489562933541,0.8846552852914109,-0.5142460788505088,0.3808997559525253,0.34877169179266065,0.07092081730059936,-0.4062607190348429,-0.1066595485545519,0.5587123249798691,-0.7168058414505055,0.4413272433014037,-0.6572766853064681,-0.6201835847610568,0.05190137005479705,0.1169286320786703,0.9408914936563905,0.4931923364791201,0.7679097373918445,-0.3236358197464426,-0.294048033285627,0.639585302774908,-0.40000132080734424,0.9095609349959443,-0.182019163952767,0.41839191445627033,0.4671748623212093,0.15203048499645325
-0.24986728084427895,-0.5619555937175716,0.5729097974997133,-0.3135556336399743,0.877445799831108,0.1525918427009695,-0.7576293005226816,0.7517423956377488,-0.4442877545551409,0.6152233468751479,0.972275690910171,0.3001442296715221,0.254707311954031,-0.732698452849024,0.2951240082810164,-0.11918876810165493,0.7510745763393876,-0.20828937312863113,0.619461570909742,0.6231196538224275,-0.5046897947946346,0.20917875096846733,-0.6168234282964321,0.20917875096846733,-0.5143684877434931,0.9653431040250148,0.08742159017846446,-0.8046128892133844,0.47402145605226603,-0.4787653214847154,0.6281631595127967,1.0,0.30862021009195645,0.2815934809362641,-0.7392572424310406,0.3183724017455591,-0.15593228816134252,0.716027404935347,-0.24327005802434432,0.5816088706185485,0.6136712633149611,-0.5693672768605632,-0.8320674591053224,-0.7196654900196294,0.7931854462819435,-0.6025876277742438,0.8719680374940527,-0.06613408259221015,-0.9097124334653952,0.7262814005630347,-0.6233718840360525,0.6773590424144541,0.9035975375565569,0.2737845325317039,0.22098453847029012,-0.7738191261496705,0.2896233553263887,-0.16310425375710882,0.6945405571861059,-0.029684399649201162,0.5911305662072963,0.6671784711952229,-0.5097941507400651
