Fp1,Fz,F3,F7,FT9,FC5,FC1,C3,T7,TP9,CP5,CP1,Pz,P3,P7,O1,Oz,P8,TP10,CP6,CP2,C4,T8,FT10,FC6,FC2,F4,F8,Fp2,AF7,AF3,AFz,F1,F5,FT7,FC3,FCz,C1,C5,TP7,CP3,P1,P5,PO7,PO3,POz,PO4,PO8,P6,P2,CPz,CP4,TP8,FC4,FT8,F6,F2,AF4,AF8,O2,P4,C6,C2
1.0,0.9198511267425136,0.5680004419964644,0.7827744977568448,-0.10164468555141348,-0.13934584575338263,0.40595684491420375,0.4583020729855772,0.8034924202337586,0.48534762777772217,0.29024521038720535,0.05684858769376242,-0.13139886817323748,-0.032425610046014,0.15390875483390637,0.09072517812270581,-0.016039511050943162,0.18072783935168538,0.1813687401591257,0.07507040796629019,0.1240666432764534,0.05763500131164459,0.483414020696087,0.05763500131164459,0.5073411125823959,-0.2738840654109166,0.05759471305271574,0.2563438867159062,0.5613760081260573,0.717599482258098,0.5979050654506168,0.4587390993253542,0.2832359791237027,-0.20313204760645964,0.04071965115527452,0.05072221750500055,0.14581927536162775,-0.1373554758346411,0.3174412339820518,0.09350976582120363,0.10313721667369068,0.04310086321942779,0.652956597939483,0.5506511407748509,0.12952054701105706,0.07988473042074694,0.03566105277913642,0.22204958377827294,0.20193450248708558,0.3715726716785324,0.35676792847173244,0.020822405571820215,0.24244441562438382,0.2732087682689824,-0.024399510942512036,-0.015984402987505537,0.0427824299649167,0.25574406014344314,0.37867395896448863,0.3686096625349645,0.043575125001548046,0.14566203339096964,0.20795035324223493
0.9198511267425136,1.0,0.7332386517594858,0.8376909281151785,0.07789607112370989,-0.10986179221567013,0.3343097194673704,0.3016993598958513,0.668191883054134,0.36957204147385747,0.18809371025159424,0.10775188705512456,0.04160651570026299,0.14961021769566216,0.2838905383439476,0.12087703847071109,-0.07639510371717569,0.21173727961113237,0.2800713350942252,0.21853523795587582,0.3003672319458441,0.1089548952657659,0.49153468655172367,0.1089548952657659,0.5070990793689087,-0.0761211930725988,-0.04380954077666774,0.1677693698803215,0.38120796211204366,0.5861445633337157,0.538326883237941,0.3424772779665378,0.2377019358285789,-0.06876993480237781,0.18838493308800686,0.1720872002219664,0.1517672246176973,-0.222303119838232,0.34001486592276414,0.21319816462758334,0.21600675655840235,0.17074376051530327,0.387794923650896,0.5724387906860952,0.20096720644979152,-0.08782766795999117,0.19195884830239907,0.2395945735488661,0.10728624837681659,0.2990391442233438,0.3237472647106685,-0.010279616644366716,0.18911567159611392,0.3668427979667665,0.11780092285492205,0.14879005528327455,0.20207978891182038,0.24490832966309814,0.22820273164247462,0.37544695029808833,0.09007257839800885,0.26100808299627587,0.34708754167561146
0.5680004419964644,0.7332386517594858,1.0,0.5026661726932312,0.19315715450283524,-0.0657389967071293,0.356497006506666,-0.0025392207999427583,0.38034173893826995,-0.025970364411373053,-0.06827238721190342,0.3274761806873687,0.2535335180719568,0.15050109388106225,0.03540916230944383,0.28104357533243196,-0.5534362239171366,0.2982273881750904,0.15864221116194266,0.12784310956100478,0.4203096903359885,0.4369343940219923,0.24214020743914796,0.4369343940219923,0.31066655110928426,0.058562790141397966,-0.16417330781645326,0.12344447716120109,0.007589214827561213,0.2567862881872391,0.23324505302734871,-0.04570332549698823,0.35107476758311973,0.10066271818135966,0.2036478647903262,0.05115073129957915,0.2743447659078101,-0.638580757715156,0.30245445781034863,0.1742161353938843,0.17893310042369245,0.4635320622172667,0.045493589656687684,0.27658942982112744,0.6376147418759526,-0.09908312973401572,0.13379959215276918,-0.007448988598903803,0.21533043742333172,-0.008158514676723195,0.01952456742442531,-0.36463172648254455,-0.08500459757679829,0.572978507552518,0.2695100616270522,0.24661568652322755,0.09028293429247775,0.07924399928477521,-0.215254638768278,0.37739481045000933,-0.028917878933088538,0.2406607875652852,0.342883418630524
0.7827744977568448,0.8376909281151785,0.5026661726932312,1.0,0.045542980639724874,-0.021099786399858364,0.3987987425883026,0.18622180484905068,0.6767845995452413,0.3724411442381758,0.4070284177447301,-0.05578326254905515,-0.16180865391722693,0.04114368418229563,0.13975442600711516,0.17252933481116334,0.2643522013505163,0.22724194981705986,0.1695408543045406,0.18588944178787736,0.20593736007762814,-0.11891974892184119,0.20860487008015405,-0.11891974892184119,0.6715287881638901,0.005643906933734067,0.1385207642923478,0.3507698544721032,0.4019816930077052,0.6373349447835208,0.4895253568637352,0.5300997659065633,0.08464542352861942,-0.1799612095787061,0.0704909152490385,-0.032574389477439715,0.19048733228051506,0.08675460657637185,0.31782976991740086,0.14563956530268923,0.13682893336852395,0.05867705797090111,0.3238330319539234,0.4894357433399734,-0.053480732365814576,0.13085504590967265,0.0641626467656084,0.17841987716082877,0.19983843622985814,0.3401437721807675,0.5312660288894353,0.16495275180649277,0.42502597347881804,0.10355825580929301,-0.028470149546450323,-0.021661147413896964,-0.00989015310097427,0.4043722564068108,0.3182901199282032,0.39203339103973467,0.07304074180638259,0.18840225852167183,0.2512533416995647
-0.10164468555141348,0.07789607112370989,0.19315715450283524,0.045542980639724874,1.0,0.5257194072535737,-0.058407850060115396,0.08438116551413065,-0.35126368437101013,-0.5861751555674781,-0.5083918313266232,0.4073968277948729,0.5192518626290064,0.6447222843676089,0.4268857678080304,-0.19058449414810072,-0.22157302819120017,0.3478263505334265,0.26288207013486103,0.5134389396938871,0.4288443987316028,0.3722610504660919,0.17625776102905522,0.3722610504660919,-0.12516098976678025,0.5758062744699683,0.2147504410210825,-0.2582613213417582,0.06731260515531921,-0.3781059126232639,-0.5146668741183658,-0.4719228091903299,0.36288797123288724,0.3671656496965974,0.5100990681845904,0.2204381147610327,-0.19632864099754735,-0.3172737204780164,0.2527191480294352,0.330278210291679,0.4782954008073896,0.18490994116413015,-0.4521717801408036,-0.08047895051462993,0.12764375283946322,-0.5020005722911366,0.5663842897770693,0.06927550106826397,-0.1545488476159041,0.16584410326220225,-0.3213827859173499,-0.328527989826728,-0.5077134160220734,0.3148719535691079,0.30099158525363545,0.5919729734086405,0.2536907601978719,-0.2734338047227883,-0.4365523264397853,0.192406977616004,-0.020940952044292388,0.48271611908392653,0.3048407394981984
-0.13934584575338263,-0.10986179221567013,-0.0657389967071293,-0.021099786399858364,0.5257194072535737,1.0,0.03297805912009168,0.1368044090900434,-0.25751911711013775,-0.44520196948459334,-0.3444528926618665,0.14063841384240516,0.23051613211148342,0.07820718804559605,0.21726255621422344,-0.45154550303429625,0.014719412961028954,0.6304487199948436,0.034033487666110813,0.41855696336527193,0.0503507874879223,0.21138083024140175,0.011469522030910832,0.21138083024140175,-0.3148002234539742,0.5179966706815221,0.8184001686308822,-0.030784365966546073,0.08213572497653576,-0.30537923575446,-0.5086371823444094,-0.41698359413619934,0.23620937009165746,0.10972547701627702,-0.04451725166675106,-0.060272001523702136,-0.6089700010617092,-0.045214071472120074,0.5398761086927444,0.16657026646173806,0.34083075901982796,-0.16610110280644558,-0.32542031939869676,-0.31129878290484675,-0.10709494824747785,-0.44796061114358565,-0.105952863559796,-0.3341384674513301,-0.06263584955558613,0.27815251237411304,-0.14518637815015187,-0.24787007684274429,-0.4294678862244134,-0.032373863824083235,0.12868604753138113,0.08497003041966328,-0.01289739005868281,-0.422651833779524,-0.2079737602288878,0.46969817326564656,-0.18704818173799628,0.31443468242479183,-0.06431820103116727
0.40595684491420375,0.3343097194673704,0.356497006506666,0.3987987425883026,-0.058407850060115396,0.03297805912009168,1.0,-0.1457667184695876,0.48167714438589065,0.0815248592285245,0.4469432860599525,-0.11807000874916121,-0.0322546544070653,0.010109976556169359,-0.22959479396069757,0.31241137480334585,0.12763395095454536,0.08522577124564078,-0.016568330413566385,-0.17311809727013555,0.25190339913002574,0.48271182872164653,0.36081132821661227,0.48271182872164653,0.2553695335789139,0.006344157764984065,0.22812271981194285,0.6364517846001486,0.056433125172193316,0.4158736407199294,0.0011915519213338153,0.3090300238293921,-0.010317777115439198,-0.1273861478095965,0.10180295121862762,-0.35475149969669223,0.2539427808985968,0.024712760019141654,0.15202527220340797,-0.05005671972164906,-0.16991032888065077,0.15515777959895294,0.11074753262516736,0.02041213286224716,0.46722700603784434,-0.0867729148541069,-0.15464652661745876,0.09094683723072247,0.8945867815026751,-0.031195207305461353,0.35193253963058596,-0.07894089351151308,0.40304084479998936,0.2006594380879884,0.1622962421277857,0.11045110448234068,-0.2930205275877141,0.4778266400731807,0.003297219133448408,0.26029251551709814,-0.011477277844975481,-0.08352106587456772,0.3258961953885201
0.4583020729855772,0.3016993598958513,-0.0025392207999427583,0.18622180484905068,0.08438116551413065,0.1368044090900434,-0.1457667184695876,1.0,0.2557647850884655,0.20752325958195839,-0.1752438622671449,0.04076699776678622,-0.09088740369788847,0.06933512201965616,0.3286557970303858,-0.4102267492554855,0.047685409106118966,0.2600201464764756,0.10770702196082177,0.39172909225405494,0.041185478506872916,-0.08240518308549026,0.26009884758820695,-0.08240518308549026,0.06184728910170146,0.033411671947946,0.28785073881949996,-0.2213425682122662,0.8219247879617515,0.22035061585660043,0.15194180501584406,0.07733606437932737,0.3057162176966072,-0.12347782741220258,0.09840672149816891,0.26474515059409387,-0.31052665464169915,0.12810206847024685,0.330680551521123,0.09473254048377105,0.4303735464491567,0.06580859289695049,0.45819408719112664,0.2617884755416668,-0.1433622460099078,0.02771457656740275,-0.051137769313331846,-0.09420377208320839,-0.19326246697890018,0.721313535271374,-0.007723886891206932,0.2008472364091622,-0.2011511003798972,0.18087136544561958,-0.08135560385230592,0.03354387844409025,0.22429061417917875,-0.4262464907652993,0.31763666516533673,0.26189107317569515,-0.23098991980211428,0.3574419763399214,0.0019297265587337046
0.8034924202337586,0.668191883054134,0.38034173893826995,0.6767845995452413,-0.35126368437101013,-0.25751911711013775,0.48167714438589065,0.2557647850884655,1.0,0.5965989625313957,0.44772982940721134,0.023731381530646516,-0.4166605765271954,-0.19911040516720174,-0.040099557865475345,0.17237249377479977,0.2640514980123203,0.12045542032926615,0.06630966439797015,-0.18853680540298423,-0.016190665173420014,0.01826996276859757,0.32113404594016864,0.01826996276859757,0.6090014462821997,-0.36792805146511437,0.07107120978693458,0.42853375324371534,0.3430159451011954,0.9547036193472904,0.689435154136472,0.5509043279071154,0.20453797210724006,-0.4278151643832399,-0.0986340678239192,-0.04944679905348638,0.23484451614351906,0.1363903461269943,0.2463623143669482,0.019934987639101027,-0.14545833679370163,-0.09319688934690955,0.7117614305803094,0.49333207640284904,0.16131671934025377,0.2859935914312287,-0.31562533199689236,-0.03097990685567263,0.36801720151393214,0.15878476864247174,0.7504181297857909,0.20500952144998705,0.40907276316011654,0.11814156708499224,-0.1290927620558401,-0.13339007306017558,-0.10581317428706183,0.5269445522516655,0.5601773900754686,0.3388756192699472,0.11229974283345052,-0.10306120517007983,0.05262034013395248
0.48534762777772217,0.36957204147385747,-0.025970364411373053,0.3724411442381758,-0.5861751555674781,-0.44520196948459334,0.0815248592285245,0.20752325958195839,0.5965989625313957,1.0,0.6028005933344928,-0.07470139676446264,-0.6472183741095904,-0.5525417541098411,-0.17685895426201803,0.24284408751533137,0.45828834522214695,-0.3564600281778497,-0.38350758606616914,-0.38917751622782737,-0.38794357467256213,-0.34533559326674945,0.296524224565229,-0.34533559326674945,0.3856020465597869,-0.654076010340427,-0.2294549500535997,0.3586905549173983,0.19099510508003678,0.629556609433067,0.8203175677850204,0.6271753354397028,-0.05580743169562602,-0.6277278279916745,-0.5151250769653437,-0.21521425170123293,0.2737621259102197,0.4285930968391887,-0.2078394006039009,-0.5250131508809227,-0.4181281375943698,-0.3818299330429789,0.44641456538272656,0.35175126690455333,-0.18253316583622944,0.17482401592968003,-0.3897227382901347,0.03272710039841061,-0.06763467835331935,-0.10246073805051502,0.5823249043475462,0.7294036598376652,0.5377660058282759,-0.16315287763541922,-0.5494709918263916,-0.5982211616356611,-0.17052324344134076,0.47609780838978866,0.49980441435904593,-0.1259554380397726,-0.21195007598793375,-0.38714260284371793,-0.3352636345838649
0.29024521038720535,0.18809371025159424,-0.06827238721190342,0.4070284177447301,-0.5083918313266232,-0.3444528926618665,0.4469432860599525,-0.1752438622671449,0.44772982940721134,0.6028005933344928,1.0,-0.40941901272339465,-0.6485530247246769,-0.5506787655563177,-0.4724986447972186,0.6515871568296624,0.46411397042270786,-0.310165208295506,-0.5312513212629766,-0.6232736784733099,-0.23182026103322453,-0.3837360881351641,0.030305697149345383,-0.3837360881351641,0.19088484577457804,-0.39085057368226545,0.0033313183152830074,0.5360698412550413,0.19855515959191516,0.4498748664752256,0.4217520549692272,0.8937888656501046,-0.34021905081187664,-0.5924330329005005,-0.4866135859108176,-0.5389477256681959,0.6286467137126192,0.38819847926059725,-0.1771400713281368,-0.5863442349953506,-0.6333849933072092,-0.2215500015788889,0.3866339512724134,0.03715735689001833,-0.18845024251372458,0.308904045959076,-0.3817328403143668,-0.005852490254098614,0.35370909669534717,-0.2445601180719288,0.5021317158489634,0.4081776990428911,0.8926094992749531,-0.48541893829478927,-0.5672694301619599,-0.5756732692059463,-0.5386086774545614,0.7882815614550294,0.16300279120544073,-0.13885594843529114,-0.28054155289982347,-0.6446551535944232,-0.26560201458754074
0.05684858769376242,0.10775188705512456,0.3274761806873687,-0.05578326254905515,0.4073968277948729,0.14063841384240516,-0.11807000874916121,0.04076699776678622,0.023731381530646516,-0.07470139676446264,-0.40941901272339465,1.0,0.18362383174918906,0.07725917583298343,0.010723145779767193,-0.15234815812234842,-0.4141215597487631,0.017933009193048938,0.08884038910546867,0.09520465109283266,0.25478631373153515,0.29418318412829264,0.15029845703189815,0.29418318412829264,-0.005077234531148701,0.12258646858359792,-0.019956400919815095,-0.14187633835898003,-0.0793854990005217,-0.008025251880790622,0.026424794291143566,-0.3964241098193952,0.8813959467535838,0.07941332845353533,-0.06444825063020385,-0.046889812936871056,-0.12255170480008216,-0.4684718056508386,-0.06263620650625605,0.04178703228831022,0.16129637967530228,0.1584920485272367,-0.1049949848228434,-0.3211606594441705,0.24330466348993243,-0.22451667392486907,0.07740742943454877,0.0821379818722772,-0.2132648580677614,-0.10148030156751704,-0.09721594857891226,-0.10167522076151758,-0.4583694080285506,0.5137371708607036,0.014669612768207808,0.08112328197255393,-0.053459480540155674,-0.1982768701164569,-0.23387245478435034,-0.10253978907427351,0.015166898142082346,0.19566639299525093,0.10584216194754847
-0.13139886817323748,0.04160651570026299,0.2535335180719568,-0.16180865391722693,0.5192518626290064,0.23051613211148342,-0.0322546544070653,-0.09088740369788847,-0.4166605765271954,-0.6472183741095904,-0.6485530247246769,0.18362383174918906,1.0,0.7278482190305722,0.5244883019180173,-0.23462967075672192,-0.42511885609324895,0.24840929741491768,0.5323513886307712,0.5888924119676126,0.6337536338485948,0.508541825748441,0.11830860613211157,0.508541825748441,-0.21073406521245042,0.513683742661774,0.005417255025120047,-0.31052660049052605,-0.16915921913336932,-0.37489263537397627,-0.3861503802827678,-0.5953788278417395,0.1964520141443176,0.9281218217635492,0.666668449428568,0.5204493012599722,-0.26477249114542284,-0.442071656375585,0.21861979552246324,0.5740708500353848,0.5998145050370125,0.5372450741387491,-0.41666198903450635,-0.01657655648624602,0.39174723031497527,-0.5318296815619682,0.559830243794812,0.35952218480987425,0.04427202482316795,0.1069584401429816,-0.4709258072053966,-0.5296353660752118,-0.547891278681052,0.5603215102854687,0.72303750277554,0.7261830327007617,0.5248836927565763,-0.423828302748328,-0.5443808467366686,0.14296802483734752,0.5030546012864552,0.5701445641351783,0.6904271080916556
-0.032425610046014,0.14961021769566216,0.15050109388106225,0.04114368418229563,0.6447222843676089,0.07820718804559605,0.010109976556169359,0.06933512201965616,-0.19911040516720174,-0.5525417541098411,-0.5506787655563177,0.07725917583298343,0.7278482190305722,1.0,0.7069159933762309,-0.25236104981105617,-0.08022911847619531,0.09062575019755738,0.7646613080092024,0.624682247308864,0.6972526299949521,0.4217417455925578,0.28782389123052365,0.4217417455925578,-0.0015921412482125586,0.5408110722481578,-0.10179542813133033,-0.405564195633871,-0.031566522456738536,-0.20109831138416398,-0.4041433039097617,-0.4451118741794529,0.031607795557414047,0.6298397198364759,0.9605263674176419,0.6439333095158651,-0.21082439425141314,-0.12918330217236454,0.10049019176746776,0.7406395720793202,0.6201105633297892,0.5013129374661656,-0.31117269696502464,0.22832261899910727,0.23680435545622716,-0.41388314287057476,0.7416051400872629,0.42095040407963147,0.0339999455323747,0.2611643706494672,-0.19125613415204323,-0.3121726707013335,-0.41336395976150925,0.3882278001380011,0.6568716201150023,0.950030443567401,0.6551785777287942,-0.2650663617421522,-0.16739159231506123,0.03297039314343429,0.5467307082229571,0.6373212410116849,0.7726162740300297
0.15390875483390637,0.2838905383439476,0.03540916230944383,0.13975442600711516,0.4268857678080304,0.21726255621422344,-0.22959479396069757,0.3286557970303858,-0.040099557865475345,-0.17685895426201803,-0.4724986447972186,0.010723145779767193,0.5244883019180173,0.7069159933762309,1.0,-0.3721918561966673,0.10050687165311226,0.2071704935967908,0.6264151095339094,0.7560959756788117,0.5153847098149822,0.1129408915769508,0.41520085118587946,0.1129408915769508,0.047410120534440915,0.3361506208027705,0.0968454505943896,-0.4505739222388554,0.12999413291694428,-0.04620905801006305,-0.06680331515129845,-0.34086487919246033,0.024047561350868125,0.4253942697120695,0.6121461850441066,0.8560894579960674,-0.4129136636053965,0.06206488231703835,0.28246517271913585,0.5859391325483668,0.7023187459768163,0.2380466108962743,-0.0688062063240042,0.42167769783035536,-0.08295928808872237,-0.48472010441125063,0.4359055885769669,0.2592433198857095,-0.3094038916942271,0.37841100157286817,-0.07052512805629359,-0.10348615379418144,-0.3613123182495594,0.16736983346201242,0.4460787273620826,0.6619389425534453,0.8948531855734484,-0.3476214065909602,0.021527991998159936,0.20984950737351774,0.4892537140610554,0.6995318145630438,0.5970535104401167
0.09072517812270581,0.12087703847071109,0.28104357533243196,0.17252933481116334,-0.19058449414810072,-0.45154550303429625,0.31241137480334585,-0.4102267492554855,0.17237249377479977,0.24284408751533137,0.6515871568296624,-0.15234815812234842,-0.23462967075672192,-0.25236104981105617,-0.3721918561966673,1.0,-0.04340147167435765,-0.3196097329199289,-0.5052565295895904,-0.6177260098757149,0.05986506048532793,-0.028972852014213814,0.03153325715605002,-0.028972852014213814,0.02423924889589366,-0.3837599729577741,-0.33872892595144133,0.3240439869226289,-0.07742638622033951,0.12562784669915364,0.23534188783556126,0.48154501357536833,-0.16966962536585,-0.2817033018199301,-0.19121193696043953,-0.3689212157337629,0.9575357569198956,-0.08756590584583761,-0.274225925013915,-0.5483240571786786,-0.558019890321681,0.20916254868068287,0.1364158757944054,0.11542080288195826,0.29338294917762014,0.1544047614779206,-0.011927385379201749,0.056688057498799356,0.2639850443649453,-0.5803520827981724,0.11010940898091712,0.00015140432415444783,0.49984799220541243,-0.2731248786252585,-0.45016579658332967,-0.23726166381574185,-0.3567393204097087,0.6571192599114989,-0.3761678596610236,-0.2011961585063898,-0.23469787584338309,-0.5223680999826421,-0.06729629771906728
-0.016039511050943162,-0.07639510371717569,-0.5534362239171366,0.2643522013505163,-0.22157302819120017,0.014719412961028954,0.12763395095454536,0.047685409106118966,0.2640514980123203,0.45828834522214695,0.46411397042270786,-0.4141215597487631,-0.42511885609324895,-0.08022911847619531,0.10050687165311226,-0.04340147167435765,1.0,-0.1552485295524842,-0.07469274226922602,-0.04143414951184115,-0.1908339695336426,-0.3697242717737144,0.0947023390846733,-0.3697242717737144,0.19906571439362664,-0.034121168413726664,0.23874035768565952,0.2673622082052461,0.11102478333064222,0.37019744690616163,0.21624934125424408,0.46579952572930994,-0.3732352753955044,-0.35066477719064865,-0.09323252970880362,-0.05692669650385211,-0.06169510062030011,0.938176262528921,-0.05541481617407218,-0.10842918752844785,-0.15865969318381237,-0.40403718177164116,0.07259752802138902,0.1980373656832709,-0.4592961930951612,-0.03130713060041271,-0.23157681638671737,0.01331655906839939,0.09277891925982666,0.1306512753046609,0.706592768640509,0.7419762974269684,0.4988635893975397,-0.44156931726490267,-0.26329568448206675,-0.1941697009312093,-0.028446130256182357,0.42322006923894295,0.4799767249938046,-0.03755261612069793,0.0605370243340553,-0.15554330985497433,-0.0969879538192564
0.18072783935168538,0.21173727961113237,0.2982273881750904,0.22724194981705986,0.3478263505334265,0.6304487199948436,0.08522577124564078,0.2600201464764756,0.12045542032926615,-0.3564600281778497,-0.310165208295506,0.017933009193048938,0.24840929741491768,0.09062575019755738,0.2071704935967908,-0.3196097329199289,-0.1552485295524842,1.0,0.09367178459356812,0.5042892213140009,0.10006567697554362,0.21305285827040027,-0.03943235630518289,0.21305285827040027,0.19124000460555027,0.4748921315727509,0.6826540905530466,0.25888667009132765,0.28933748731440845,0.14947227408477462,-0.05527806856831983,-0.14107535806502408,0.29197935400323777,0.24634674645688548,0.13114035612578354,0.25609872116234256,-0.34398848019568773,-0.14044302209262582,0.9609989641463648,0.37671859805132935,0.5170518155840592,0.055442605775181564,0.06022364186713593,0.2066300398003324,0.1929498498946563,-0.05330398522475282,-0.1567722455434564,-0.5001350586992419,0.1833677119875721,0.466265342217351,0.08233423143114159,-0.3159615509679671,-0.2192415342267332,0.3342808741514838,0.3661554694215114,0.2365899095275089,0.18289448857279497,-0.17653878151514943,-0.043358326431369006,0.9392936086657152,-0.1442552343708791,0.4321819230200459,0.07340405324216288
0.1813687401591257,0.2800713350942252,0.15864221116194266,0.1695408543045406,0.26288207013486103,0.034033487666110813,-0.016568330413566385,0.10770702196082177,0.06630966439797015,-0.38350758606616914,-0.5312513212629766,0.08884038910546867,0.5323513886307712,0.7646613080092024,0.6264151095339094,-0.5052565295895904,-0.07469274226922602,0.09367178459356812,1.0,0.6077636460671428,0.5370254581185588,0.20102298421186823,0.18193383476504157,0.20102298421186823,0.13971234171374444,0.3785994762483988,-0.035621471572723704,-0.4086745300669214,-0.024969907208759343,0.038340789607105026,-0.19012300199871948,-0.37899396140303016,0.08279897938415441,0.5126147448596109,0.7560909416570735,0.6132165946319077,-0.45561075831160175,-0.11010620414921868,0.11707927418038785,0.9353175238036432,0.6245857964760646,0.3868042149604514,-0.013179476166004376,0.25346271974494394,0.019572102235611816,-0.1849364839201061,0.5516343286098467,0.47366069668131294,-0.01469399111738857,0.4803598233538604,-0.052523048307345235,-0.29720372904842196,-0.36742570511616957,0.3236550777215192,0.639491740617701,0.7426726823332304,0.5911877129063243,-0.334278781117357,0.2277108595581127,0.05616481768213636,0.7651353528827596,0.6725554160375228,0.7023396973591063
0.07507040796629019,0.21853523795587582,0.12784310956100478,0.18588944178787736,0.5134389396938871,0.41855696336527193,-0.17311809727013555,0.39172909225405494,-0.18853680540298423,-0.38917751622782737,-0.6232736784733099,0.09520465109283266,0.5888924119676126,0.624682247308864,0.7560959756788117,-0.6177260098757149,-0.04143414951184115,0.5042892213140009,0.6077636460671428,1.0,0.45266471574625405,0.07988323892940717,0.07992375065700005,0.07988323892940717,0.18797149073075328,0.6092339401527029,0.30400058083431053,-0.2865467598086653,0.22155102474471539,-0.15326901091391096,-0.18052820845655587,-0.398596534228021,0.1612274109069638,0.5981305892629832,0.5663233032940881,0.7119595998511237,-0.6263465558038374,0.00010696079227822799,0.49320930912001876,0.6736256931512015,0.9555371184504392,0.305621807649185,-0.2397403313462517,0.23508501125724532,-0.1008106756134154,-0.3557315005892186,0.3718096093615019,0.15532856208906096,-0.1656835371537259,0.6760741583223279,-0.1648517473002867,-0.11210292363758678,-0.37071921084592385,0.45424540581861517,0.6481325137744848,0.6154705673016586,0.7448114523162173,-0.5559180846997778,0.022788431950633854,0.454856758147679,0.2907409293522072,0.9415791263846361,0.5759121283859976
0.1240666432764534,0.3003672319458441,0.4203096903359885,0.20593736007762814,0.4288443987316028,0.0503507874879223,0.25190339913002574,0.041185478506872916,-0.016190665173420014,-0.38794357467256213,-0.23182026103322453,0.25478631373153515,0.6337536338485948,0.6972526299949521,0.5153847098149822,0.05986506048532793,-0.1908339695336426,0.10006567697554362,0.5370254581185588,0.45266471574625405,1.0,0.44944447146200456,0.3598329170160702,0.44944447146200456,-0.038156042140982366,0.6189017547622868,0.06722558071486197,-0.2021567064835511,0.06457010473609318,-0.0520070493197092,-0.2665712818510407,-0.2374222729882873,0.2749051232627426,0.48138169119248986,0.6366638133103458,0.39526660186406687,0.035014984652379566,-0.23767810426467872,0.16328547291945275,0.5257894089767229,0.48668551492334844,0.8373916926719379,-0.18087811112648888,-0.020054292895069364,0.4234465287293974,-0.37669852765394735,0.34621594466878,0.2819573883246206,0.22266390989639137,0.1765298065433528,-0.10317273869416073,-0.28672406552317503,-0.210377609376479,0.4057816678099906,0.4420520755840189,0.6737819941864561,0.40831504778830785,-0.11166829714321291,-0.4569442684532585,0.040215919320872116,0.4255116118870874,0.4628759547884666,0.86882925062981
0.05763500131164459,0.1089548952657659,0.4369343940219923,-0.11891974892184119,0.3722610504660919,0.21138083024140175,0.48271182872164653,-0.08240518308549026,0.01826996276859757,-0.34533559326674945,-0.3837360881351641,0.29418318412829264,0.508541825748441,0.4217417455925578,0.1129408915769508,-0.028972852014213814,-0.3697242717737144,0.21305285827040027,0.20102298421186823,0.07988323892940717,0.44944447146200456,1.0,0.5145088431672334,1.0,-0.0839810090376108,0.25663119131659207,0.019960327399746538,0.14666843636889504,-0.26543454504440434,-0.05608512964711301,-0.35050762664651713,-0.5249755656504498,0.2771588980224167,0.2556188605756829,0.4383865817590677,0.032125117168114066,-0.07118267940987665,-0.42886679496549895,0.18035207521116392,0.219223085243188,0.07179492755964373,0.3370762067672621,-0.3065491013048889,-0.04364877889304212,0.8611433034985763,-0.37274228438492135,0.1100732981608619,-0.07315659433271306,0.47504157384879464,-0.2049802248861006,-0.1501361337362533,-0.45242959454058107,-0.4767880619569165,0.5536980287104457,0.47090870054187334,0.5184490045478518,0.10528107279661496,-0.12148058659784264,-0.3532113817650418,0.21452305117166823,0.08859814007368165,0.1356012418332394,0.4154490199369693
0.483414020696087,0.49153468655172367,0.24214020743914796,0.20860487008015405,0.17625776102905522,0.011469522030910832,0.36081132821661227,0.26009884758820695,0.32113404594016864,0.296524224565229,0.030305697149345383,0.15029845703189815,0.11830860613211157,0.28782389123052365,0.41520085118587946,0.03153325715605002,0.0947023390846733,-0.03943235630518289,0.18193383476504157,0.07992375065700005,0.3598329170160702,0.5145088431672334,1.0,0.5145088431672334,0.02134221301275501,-0.0017791688732257428,0.01122510651826995,0.14710299076120098,0.16199259623905582,0.25027000151125506,0.12853108071618094,0.005411319175548967,0.19904876046428932,-0.14667511457498925,0.2755092557593608,0.19484309922432488,-0.0015075581232447829,0.03589711611647876,0.11284618038232497,0.0552015221941085,0.03284367146476323,0.09410199677924551,0.13703690683168376,0.3385884549504664,0.3745948400072775,-0.4748651632276973,0.15640597414372567,0.19249746304039553,0.18569845023359605,0.027441204978143723,0.1463649059148586,0.08781061047444037,-0.06707824831760768,0.24328955900521346,0.07969333167355701,0.3046649462321523,0.30333218493145314,0.14482446785129766,0.044408551112738885,0.07663897662285783,0.003563720662487451,0.0968246766609662,0.38641237657838695
0.05763500131164459,0.1089548952657659,0.4369343940219923,-0.11891974892184119,0.3722610504660919,0.21138083024140175,0.48271182872164653,-0.08240518308549026,0.01826996276859757,-0.34533559326674945,-0.3837360881351641,0.29418318412829264,0.508541825748441,0.4217417455925578,0.1129408915769508,-0.028972852014213814,-0.3697242717737144,0.21305285827040027,0.20102298421186823,0.07988323892940717,0.44944447146200456,1.0,0.5145088431672334,1.0,-0.0839810090376108,0.25663119131659207,0.019960327399746538,0.14666843636889504,-0.26543454504440434,-0.05608512964711301,-0.35050762664651713,-0.5249755656504498,0.2771588980224167,0.2556188605756829,0.4383865817590677,0.032125117168114066,-0.07118267940987665,-0.42886679496549895,0.18035207521116392,0.219223085243188,0.07179492755964373,0.3370762067672621,-0.3065491013048889,-0.04364877889304212,0.8611433034985763,-0.37274228438492135,0.1100732981608619,-0.07315659433271306,0.47504157384879464,-0.2049802248861006,-0.1501361337362533,-0.45242959454058107,-0.4767880619569165,0.5536980287104457,0.47090870054187334,0.5184490045478518,0.10528107279661496,-0.12148058659784264,-0.3532113817650418,0.21452305117166823,0.08859814007368165,0.1356012418332394,0.4154490199369693
0.5073411125823959,0.5070990793689087,0.31066655110928426,0.6715287881638901,-0.12516098976678025,-0.3148002234539742,0.2553695335789139,0.06184728910170146,0.6090014462821997,0.3856020465597869,0.19088484577457804,-0.005077234531148701,-0.21073406521245042,-0.0015921412482125586,0.047410120534440915,0.02423924889589366,0.19906571439362664,0.19124000460555027,0.13971234171374444,0.18797149073075328,-0.038156042140982366,-0.0839810090376108,0.02134221301275501,-0.0839810090376108,1.0,-0.16340683553539337,-0.13746448376574222,0.5206996662603,0.13684172272258655,0.6749784536890063,0.6184875801407351,0.38403900408296393,0.02610399102193733,-0.08551377620947953,0.09348069338130906,0.165304619154488,0.12486092481855175,0.15189302737541807,0.2378285743564624,0.1592009550536687,0.18512245514070452,-0.034744977443771634,0.26199475252042775,0.5701702017017468,0.028807131317771063,0.4575003160650554,-0.015081848930950516,0.09408711088272402,0.27277579864331797,0.20343512907577418,0.5335615682553264,0.22946368152522234,0.4162470310181951,0.3110236407923373,0.16928452976821426,0.04527866935863487,0.1536717390982166,0.39079269961140883,0.5311963589182286,0.4086752045866075,0.14533322032423743,0.25214032529885266,0.18508987689082168
-0.2738840654109166,-0.0761211930725988,0.058562790141397966,0.005643906933734067,0.5758062744699683,0.5179966706815221,0.006344157764984065,0.033411671947946,-0.36792805146511437,-0.654076010340427,-0.39085057368226545,0.12258646858359792,0.513683742661774,0.5408110722481578,0.3361506208027705,-0.3837599729577741,-0.034121168413726664,0.4748921315727509,0.3785994762483988,0.6092339401527029,0.6189017547622868,0.25663119131659207,-0.0017791688732257428,0.25663119131659207,-0.16340683553539337,1.0,0.4671050952452592,-0.14900413010431657,0.03812910803289038,-0.3302593842430422,-0.5638336873719153,-0.3375563903471539,0.14996687690482674,0.4655620008504,0.4619319192694223,0.274916128246422,-0.40719303462375567,-0.030116928125289034,0.4428590396601019,0.5546507856499557,0.5553029744568561,0.41712832176111847,-0.4621992742039473,-0.29414964303695196,0.0968761242211171,-0.3081983597550781,0.14065001364232943,-0.15419968377307455,0.10720775487692746,0.35503937845487465,-0.12661938635015343,-0.21288553517033215,-0.2651172227172497,0.293140255184145,0.5329607311958031,0.5259834011034237,0.267660386777187,-0.305955871030422,-0.3355807008445273,0.2778033993330093,0.10127285203697448,0.4598191434996312,0.4952498378935152
0.05759471305271574,-0.04380954077666774,-0.16417330781645326,0.1385207642923478,0.2147504410210825,0.8184001686308822,0.22812271981194285,0.28785073881949996,0.07107120978693458,-0.2294549500535997,0.0033313183152830074,-0.019956400919815095,0.005417255025120047,-0.10179542813133033,0.0968454505943896,-0.33872892595144133,0.23874035768565952,0.6826540905530466,-0.035621471572723704,0.30400058083431053,0.06722558071486197,0.019960327399746538,0.01122510651826995,0.019960327399746538,-0.13746448376574222,0.4671050952452592,1.0,0.2447236822763206,0.41345766256402816,0.07663399461127518,-0.24879224309430223,0.023823852188385126,0.25875247862103673,-0.013013112125553462,-0.15005939763297196,-0.09377896870277043,-0.44411100695574396,0.2217808529947782,0.6842820589868783,0.13127163246186146,0.29112673998439403,-0.09963478737504329,0.10510063934694411,-0.22459505577309397,-0.1752003459228646,-0.17347492478003046,-0.35743363681775564,-0.35711020724079057,0.22477041658460542,0.4672251735667804,0.16164479337375023,-0.06610272825716068,-0.044955177357250235,-0.09368261456311827,0.011527068350383854,-0.05347249892605391,-0.1374978562535995,-0.14230046884293898,-0.01419576812806616,0.5804940614079191,-0.17539736576840137,0.20155723400324832,-0.022436191044402573
0.2563438867159062,0.1677693698803215,0.12344447716120109,0.3507698544721032,-0.2582613213417582,-0.030784365966546073,0.6364517846001486,-0.2213425682122662,0.42853375324371534,0.3586905549173983,0.5360698412550413,-0.14187633835898003,-0.31052660049052605,-0.405564195633871,-0.4505739222388554,0.3240439869226289,0.2673622082052461,0.25888667009132765,-0.4086745300669214,-0.2865467598086653,-0.2021567064835511,0.14666843636889504,0.14710299076120098,0.14666843636889504,0.5206996662603,-0.14900413010431657,0.2447236822763206,1.0,0.044848509454374144,0.5174305411690217,0.3840536886419577,0.5119327674749462,-0.0020415969902653555,-0.25980997585970217,-0.28698573236523117,-0.4010687822746697,0.30649730466410163,0.26389716447208106,0.3201268786890686,-0.31042949668582237,-0.2802215586695781,-0.1619428046186555,0.149818260148473,0.16980444186780505,0.26188295706331566,0.24220854159581803,-0.3755617583077597,-0.16712698968939674,0.7050508239699853,-0.12390684536742906,0.5131197114803643,0.242812768488308,0.5872280400827201,0.11309058013075125,-0.10185343930720094,-0.28135799130119205,-0.39082199013898683,0.6453007062276641,0.15457903970421286,0.43711647703439466,-0.29414627699118434,-0.2588843035105235,-0.09023775083935448
0.5613760081260573,0.38120796211204366,0.007589214827561213,0.4019816930077052,0.06731260515531921,0.08213572497653576,0.056433125172193316,0.8219247879617515,0.3430159451011954,0.19099510508003678,0.19855515959191516,-0.0793854990005217,-0.16915921913336932,-0.031566522456738536,0.12999413291694428,-0.07742638622033951,0.11102478333064222,0.28933748731440845,-0.024969907208759343,0.22155102474471539,0.06457010473609318,-0.26543454504440434,0.16199259623905582,-0.26543454504440434,0.13684172272258655,0.03812910803289038,0.41345766256402816,0.044848509454374144,1.0,0.33090114461258846,0.2223183398307244,0.473255305533911,0.28709770688869996,-0.1292068249522908,0.02262340943066369,0.06698619188621956,0.025799014292625756,0.15595267209001898,0.3925673267877729,-0.006161864686041966,0.30120796314898135,0.10434955523372606,0.6453788499201762,0.24786886934965677,-0.2387825178734956,0.1861119548492209,0.013751349391878944,0.05048879573764564,0.03727713310679953,0.6959174285326969,0.07925704754364767,0.14332302330746652,0.17542260454898612,0.033062744532306135,-0.21472715496043152,-0.06632680989951083,-0.03084223652914241,-0.06413414048512152,0.2249291401944668,0.3009208588039036,-0.2731437581906987,0.2016407118506901,0.03290357206081563
0.717599482258098,0.5861445633337157,0.2567862881872391,0.6373349447835208,-0.3781059126232639,-0.30537923575446,0.4158736407199294,0.22035061585660043,0.9547036193472904,0.629556609433067,0.4498748664752256,-0.008025251880790622,-0.37489263537397627,-0.20109831138416398,-0.04620905801006305,0.12562784669915364,0.37019744690616163,0.14947227408477462,0.038340789607105026,-0.15326901091391096,-0.0520070493197092,-0.05608512964711301,0.25027000151125506,-0.05608512964711301,0.6749784536890063,-0.3302593842430422,0.07663399461127518,0.5174305411690217,0.33090114461258846,1.0,0.7710991540841532,0.6067020263373086,0.1927104407072573,-0.31866769146900475,-0.0994362176868004,0.007298967179389213,0.21870582425894922,0.2636087592549302,0.2892028245453992,0.035418448078130695,-0.10682780158412757,-0.12654544815765473,0.6773088143935189,0.5135937350507578,0.11155766414736787,0.2967521348665027,-0.32806392142199226,-0.0190061549890385,0.37880631335855663,0.17926925821852227,0.8264639446745825,0.3365282061043215,0.4755112532257811,0.1722624647290616,-0.09889650478565862,-0.14192261409264031,-0.08064233751657253,0.596312844667096,0.56560771289901,0.3656307466367974,0.16397350363721652,-0.10690298732061775,0.046893844020405154
0.5979050654506168,0.538326883237941,0.23324505302734871,0.4895253568637352,-0.5146668741183658,-0.5086371823444094,0.0011915519213338153,0.15194180501584406,0.689435154136472,0.8203175677850204,0.4217520549692272,0.026424794291143566,-0.3861503802827678,-0.4041433039097617,-0.06680331515129845,0.23534188783556126,0.21624934125424408,-0.05527806856831983,-0.19012300199871948,-0.18052820845655587,-0.2665712818510407,-0.35050762664651713,0.12853108071618094,-0.35050762664651713,0.6184875801407351,-0.5638336873719153,-0.24879224309430223,0.3840536886419577,0.2223183398307244,0.7710991540841532,1.0,0.6113863593423772,0.12044810022795421,-0.27593655250971344,-0.3285278832769053,0.08078701538325239,0.3160074526262987,0.19226302400104234,0.08354697762953596,-0.23791938886996175,-0.13427516656389293,-0.19610313241549915,0.5717621579634787,0.5620085499246352,-0.054137570655984395,0.2896405762167383,-0.23835291668987701,0.08849123610402884,-0.028961282618223387,-0.005231466169280578,0.596149195621208,0.4832693268937997,0.5007531897339894,0.13568189884285164,-0.2550877187327585,-0.37543156853122955,0.03214116562471976,0.49219140858704824,0.4715689693757531,0.167945865970164,0.004862523856374347,-0.14011866804610912,-0.1365002531098819
0.4587390993253542,0.3424772779665378,-0.04570332549698823,0.5300997659065633,-0.4719228091903299,-0.41698359413619934,0.3090300238293921,0.07733606437932737,0.5509043279071154,0.6271753354397028,0.8937888656501046,-0.3964241098193952,-0.5953788278417395,-0.4451118741794529,-0.34086487919246033,0.48154501357536833,0.46579952572930994,-0.14107535806502408,-0.37899396140303016,-0.398596534228021,-0.2374222729882873,-0.5249755656504498,0.005411319175548967,-0.5249755656504498,0.38403900408296393,-0.3375563903471539,0.023823852188385126,0.5119327674749462,0.473255305533911,0.6067020263373086,0.6113863593423772,1.0,-0.22080182743552945,-0.45288428627146576,-0.3428369665989792,-0.29430483864746265,0.549590525286104,0.43063022467647577,0.020214207986404158,-0.39517537396937497,-0.3700338411270233,-0.19424191643279107,0.5937819271435263,0.2680225715207987,-0.2807352020769143,0.4168330434256399,-0.2540766129092152,0.07253545584025134,0.29366585174117465,0.06098735619910408,0.5657579531890522,0.46818069901140785,0.9112681595247817,-0.2943758649405897,-0.4389936735830252,-0.4615091151440596,-0.36158092794181323,0.7382502592985043,0.35736651121145885,0.03472132993550123,-0.23180465126397842,-0.4238868062186598,-0.18401283661891984
