Fp1,Fz,F3,F7,FT9,FC5,FC1,C3,T7,TP9,CP5,CP1,Pz,P3,P7,O1,Oz,P8,TP10,CP6,CP2,C4,T8,FT10,FC6,FC2,F4,F8,Fp2,AF7,AF3,AFz,F1,F5,FT7,FC3,FCz,C1,C5,TP7,CP3,P1,P5,PO7,PO3,POz,PO4,PO8,P6,P2,CPz,CP4,TP8,FC4,FT8,F6,F2,AF4,AF8,O2,P4,C6,C2
1.0,0.3758954634146695,0.29991732781076863,0.7046350871696586,-0.4927955521814082,0.515393124527052,0.7108792601990243,-0.6003215419936553,0.3922714802453725,-0.5233194363251678,-0.6449598728880857,0.013823801943923129,0.047170262224137845,0.21223999344591457,-0.1516490630403248,-0.11475901750823461,-0.5455018750538027,0.6094639625606856,-0.7087916843491987,-0.33832931383285697,0.6107269917310129,0.41988619597367405,0.33529564225317277,0.41988619597367405,0.6527132918783124,-0.27630247631830535,0.4735893896897587,0.6775667644572142,-0.3698530131496105,0.30777359251256825,-0.6513030548660362,-0.4216424863599203,-0.0250887064515046,0.13321636542671003,0.2699100847273984,-0.17947222903596394,0.0821296331331859,-0.3429537268271415,0.6283629420012613,-0.6879772193786546,-0.3604455096564083,0.6392853961381787,0.6144438939815787,0.5251469567573271,-0.31128097660511816,0.5201952030682058,-0.34519339434259094,0.4706705392880642,0.6535191105219219,-0.42494236479130154,0.3434245955807021,-0.6771987587127809,-0.5093184567899766,0.01281753607361424,-0.03331279280330725,0.1481648578949114,-0.2131330483647734,-0.0265345762895117,-0.26994342730072685,0.5489730696076851,-0.705097545942613,-0.31377722471562874,0.5826135689758231
0.3758954634146695,1.0,0.6614567296773717,0.5574289046001636,-0.7969535807725749,-0.21385826899736143,0.6629669949094305,-0.6238401686324475,0.8150757961813322,-0.23893120612039448,-0.7899918531203967,0.2930934487581591,-0.06958402023535334,0.7937043762176371,-0.3010265712344103,-0.2366917906120196,-0.38064028444361975,0.19174524301585677,0.04246279672895404,-0.5812037861279274,0.8057299930278597,0.5593567281587667,0.3976139239952138,0.5593567281587667,0.44338213860930215,-0.8670920045312328,-0.05416454214105991,0.5418859519191065,-0.5021332275624703,0.551345065100052,-0.18520020822042832,-0.8201181683667833,-0.028172133629984934,-0.2157317180506874,0.7472258524022468,-0.6840051084323547,-0.2714839280537179,-0.6165812320919829,0.1510840381978881,-0.11711660313150686,-0.5099124420084548,0.611131864111719,0.3549629389602647,0.7643771134066055,-0.4426859323529278,0.35808467077495293,-0.8704421871388609,0.1574478884632749,0.5503424976950629,-0.5909529225388863,0.3981731086314462,-0.1932981746765619,-0.8101604678228282,0.03997366777696853,-0.1255172574849852,0.6242439479599999,-0.698747630787187,-0.36689077912242973,-0.5014759702688798,0.08157459623302694,-0.11387436343552938,-0.6891312361451073,0.5651883811998512
0.29991732781076863,0.6614567296773717,1.0,0.10295557684219421,-0.4183904117660189,-0.301095737151914,0.20447304724813684,-0.578681530891362,0.6696299791832815,0.2988105707353205,-0.4605734144972958,0.8305683951929881,-0.4934560287872932,0.31858698011162695,0.34419258743348174,-0.7436688602438304,0.2069872231577492,0.11202910765892661,0.18951876676250276,-0.15307326786252948,0.5095720805976522,0.6858697740564252,0.25125495384066154,0.6858697740564252,-0.03739557997989779,-0.32825739050161146,-0.30531472172933216,0.135547992402651,-0.7827184498476909,0.47142713330280894,0.21897850001989216,-0.3068709589589657,0.40448713077851567,-0.3674700717827201,0.3391360875943348,-0.10823355011640404,-0.703758699337157,-0.04238847569774752,0.09900770734682696,0.0607056846720469,-0.13482251705573486,0.30375077144712026,0.22671193201324052,0.5174303172281239,0.11529788951525607,-0.10049405615003651,-0.3640587898050163,-0.08976067565497255,0.538422526498006,-0.6073672026330971,0.3712942376006481,0.19730225088743134,-0.36822111776911653,0.39100138789880545,-0.39383264484157277,0.1870196297234146,-0.10795378330612057,-0.7773901324316144,0.0782928612912846,0.013634756708398569,0.052260912144968155,-0.3849172777880017,0.2609186758873905
0.7046350871696586,0.5574289046001636,0.10295557684219421,1.0,-0.4838010694278542,0.43104528112632967,0.8731920163730293,-0.4318902670054695,0.280904030774515,-0.6803389051528074,-0.7144376549818257,-0.3974841872198552,0.4527291647710025,0.4738690770560004,-0.47304694908157296,0.3021304329237019,-0.7079295428005045,0.27669038321977835,-0.3706045894303148,-0.6189691382322915,0.7887881336888248,0.10862267403876226,0.1579475847967362,0.10862267403876226,0.9278284282849418,-0.6529476946725077,0.5118350402692646,0.7373599738063429,-0.13012622407462165,0.06908305136897504,-0.720327706779558,-0.7698526460352642,-0.44377533970926664,0.32242206531646855,0.39387165148860137,-0.5525012235112011,0.2786502218015682,-0.6620512424106308,0.3045348535677481,-0.41928924523210825,-0.5846553213504913,0.6945293784745662,0.24805907146588163,0.3951692812149004,-0.7319338337817399,0.8240677731950246,-0.55527816325484,0.5664423550837098,0.45242087785095464,-0.3113875749843822,0.18930224389588693,-0.7332235391998553,-0.7313052929690349,-0.43293313358560287,0.304224899646515,0.35598724074712756,-0.6326967395320205,0.19893145005321947,-0.4709320110246198,0.2311030490055862,-0.40493852635339456,-0.666783562531403,0.6650615783133366
-0.4927955521814082,-0.7969535807725749,-0.4183904117660189,-0.4838010694278542,1.0,0.203028713399722,-0.7196953158451974,0.7730634083086623,-0.7694506501051289,0.4998543352330175,0.8928154985977977,-0.19058535923039258,0.08897925964488936,-0.7811402299143676,0.48359530206732904,0.14983660067871257,0.6218096543264472,-0.5378280432382803,0.34262992689790106,0.6195699617921075,-0.7437136803110695,-0.6396658246600397,-0.5755050705262451,-0.6396658246600397,-0.4705697708071437,0.7401092014724784,-0.1519061661716863,-0.6732882035223534,0.4620622789299883,-0.6710262455387049,0.39286794217057225,0.7879776988405374,-0.04759116400427384,0.23681712219127093,-0.7406262729907306,0.688723649599585,0.17557644098618247,0.7652125972598475,-0.482441001817966,0.43146526692793263,0.5962465541647912,-0.7332465868176817,-0.6203888609408541,-0.900426957401079,0.45243615762617434,-0.4005934303696392,0.9171091472177731,-0.2743170375464023,-0.6210057913646101,0.6069081373197428,-0.4864754637531811,0.32107255561351383,0.8387779884779653,-0.26548459987495676,0.19531741720587711,-0.7117769913628711,0.5529507215707644,0.1141249102998814,0.642628293686429,-0.4800953480143744,0.4416805788438688,0.3860588655414863,-0.7159896851435167
0.515393124527052,-0.21385826899736143,-0.301095737151914,0.43104528112632967,0.203028713399722,1.0,0.25143836400803443,0.21354242883603616,-0.3907845581781973,-0.507356604175519,0.10188678819037592,-0.46875841230256315,0.6125859080912829,-0.2235042021567415,-0.2840262310651367,0.4091376794799662,-0.4471969853637156,0.08614476623153153,-0.3534156864704968,0.03356422343996913,0.056963714835268485,-0.19979156654000058,-0.3167713054777349,-0.19979156654000058,0.4130835719705527,0.07716011958350832,0.741505152034399,0.24069183854123596,0.4200322308285041,-0.39322441752261555,-0.6085783900989421,0.08703306914065559,-0.07947645431692045,0.6763915903052244,-0.0916205393927972,0.05360927184312582,0.5738690150772647,0.0057993534602246806,0.18702360828273568,-0.277515646138546,0.003866014299103652,0.1317618548196336,0.04009845953696558,-0.2607160698647612,-0.19229871030826978,0.33753810031935205,0.14647866162060744,0.5793851113914408,0.03790666850005454,0.29579075387807036,-0.3635022376268813,-0.6915246791409392,0.0589676788585034,-0.36609198796070397,0.4446752895503733,-0.20104163969425007,-0.13911777717798873,0.34693072621263504,-0.19904246229701644,0.0971199786299464,-0.3294664360790131,-0.1102558651164948,0.08642307543750784
0.7108792601990243,0.6629669949094305,0.20447304724813684,0.8731920163730293,-0.7196953158451974,0.25143836400803443,1.0,-0.6470251449809965,0.5234114170239792,-0.7208382059587278,-0.8796410237065966,-0.2256193615425042,0.2737025169908243,0.5965468599187338,-0.5813628906091886,0.1882029784736569,-0.8048749017398071,0.507325753140527,-0.3625982855566671,-0.8412263113645558,0.9129641536254903,0.36084752407240034,0.4562631570704518,0.36084752407240034,0.9087912261829023,-0.7500552787670648,0.39306448726832127,0.8623931840455178,-0.28342296991415916,0.32234600201947805,-0.7552341151783524,-0.8969986404583553,-0.2517147035838806,0.16081222878198118,0.5837339748978223,-0.6439720264686875,0.22651915028374334,-0.7674866542534248,0.5268374053388073,-0.45434699723286986,-0.7864127103500357,0.8980225389798827,0.4876413675923596,0.6588310734224964,-0.8390899977988063,0.8273232174900298,-0.750976797203464,0.4235475307632705,0.5569932078225787,-0.5577805625137445,0.2898365739047356,-0.7342983342800098,-0.896908668116179,-0.1562153752359147,0.07116792031703333,0.508966413816741,-0.6801177001650961,0.20338785215469302,-0.6351883493004276,0.4695330158228023,-0.4628288633990874,-0.6213091547060533,0.8878178388065393
-0.6003215419936553,-0.6238401686324475,-0.578681530891362,-0.4318902670054695,0.7730634083086623,0.21354242883603616,-0.6470251449809965,1.0,-0.7478118783758091,0.2832146043767197,0.8137385735291396,-0.4253281922549938,0.33253724755371183,-0.4824900286890974,0.11828938871985485,0.387408026237666,0.3659730160929659,-0.6028873266789467,0.40455646295859177,0.5060864618461441,-0.7192796739047199,-0.6103632687560205,-0.6248645279421855,-0.6103632687560205,-0.4744931865869944,0.4772825457760279,0.01595250134879147,-0.6674401424667661,0.8077016993662114,-0.6505757875587854,0.3390159443758922,0.602147538444063,0.013430450203329154,0.2910758774138118,-0.44450273153490405,0.3575215226513716,0.3306143740039507,0.4648003832648385,-0.5681884576735473,0.46745795365518683,0.4801795296783267,-0.756757324792635,-0.6391054011804851,-0.8242152554257098,0.36361445444158963,-0.4374750314997621,0.6130025446446585,-0.10289105761643855,-0.4805877004495029,0.840240148664348,-0.5783685153898888,0.3200937872537031,0.7097602032714734,-0.17276323188937134,0.3263395411022278,-0.43476940238856515,0.2619347786154627,0.23550618159002043,0.4021648750644011,-0.5369007262616533,0.46128872478027005,0.3021771861352549,-0.7502555032150995
0.3922714802453725,0.8150757961813322,0.6696299791832815,0.280904030774515,-0.7694506501051289,-0.3907845581781973,0.5234114170239792,-0.7478118783758091,1.0,0.018028074274478136,-0.7158487585878678,0.5062306115178932,-0.5321391352124354,0.7010018803556449,-0.013861942443386252,-0.4439643452744993,-0.16534816080781436,0.4566134268511781,-0.14837448177643847,-0.4117450765861608,0.6146123176296532,0.6677970851462202,0.6700469236281746,0.6677970851462202,0.26333299465477433,-0.578324952690759,-0.3390500703463698,0.5073895622859461,-0.6955229076339889,0.842732123588395,0.019289239521902393,-0.6140472670011409,0.13538821412097438,-0.49678512472814773,0.7208928025555512,-0.33753333853604967,-0.32330557212550237,-0.35844214208513325,0.4139441493643199,-0.21519097209980084,-0.3209735215610278,0.5388686571879424,0.588631126799238,0.9255749036667574,-0.22779949732259877,0.20547679534418198,-0.6822656628007668,-0.14887429463353627,0.49086790262512453,-0.7124203288193796,0.6508793618432798,-0.018648111046586202,-0.6560069594039662,0.20993773744046704,-0.4340871561841758,0.5942875721246962,-0.3311753829345453,-0.38763891822428304,-0.3138282877403224,0.3341295242962396,-0.2238136425908327,-0.397030228384628,0.4908992493822632
-0.5233194363251678,-0.23893120612039448,0.2988105707353205,-0.6803389051528074,0.4998543352330175,-0.507356604175519,-0.7208382059587278,0.2832146043767197,0.018028074274478136,1.0,0.5536171583066252,0.5786612688045485,-0.6883873510770582,-0.342626348526072,0.849322156586928,-0.5121981978874506,0.9613608277930245,-0.44285492454759245,0.4827877252097512,0.5609131438114521,-0.5294732451858827,-0.07842622181962,-0.1867624903438704,-0.07842622181962,-0.7473422914103409,0.5017814031599349,-0.7702500266247926,-0.6544834297524103,-0.22525028518996854,0.03637091014326507,0.9105439161866212,0.5716348096532555,0.2666576794541904,-0.4902111313023329,-0.3231763180379772,0.6160945931546632,-0.4718863782362762,0.7135160981114603,-0.4575364546468036,0.49624926604725234,0.5680794308439502,-0.6448030359809729,-0.3421906455145864,-0.24304702696406483,0.6529097341621896,-0.686236539203841,0.5426675460629082,-0.6602419292521555,-0.3570356550553384,0.0885643796228545,0.08786403826610624,0.8379109381640271,0.5703168470693555,0.15647675181029036,-0.38877482857689627,-0.37794031548101686,0.6212861756043997,-0.5464529176470512,0.7426571339891862,-0.49561319220929634,0.5094321700114677,0.24372991466884322,-0.6471536816097118
-0.6449598728880857,-0.7899918531203967,-0.4605734144972958,-0.7144376549818257,0.8928154985977977,0.10188678819037592,-0.8796410237065966,0.8137385735291396,-0.7158487585878678,0.5536171583066252,1.0,-0.08591990947265343,0.007169268216930946,-0.6896201800994155,0.4057636481160332,0.11905933024481648,0.6310574737279083,-0.5868338637403226,0.3487788088647657,0.7298994162374944,-0.911470828857126,-0.622666908185803,-0.5821624086128547,-0.622666908185803,-0.6932834736124418,0.7545925351539892,-0.1951768199859733,-0.7806996075956151,0.5294093768109255,-0.5515258348295673,0.5253165422622497,0.8969856276246637,0.0647590267723277,0.10903879331269042,-0.6180000888302473,0.6304849984054203,0.14907864442063157,0.7472950517186034,-0.5506316351104535,0.4522382078340658,0.6987284408682802,-0.8569428533791098,-0.5770345421233424,-0.8221637773903968,0.5962789812201638,-0.6055271994241352,0.8296840591640448,-0.313121492783789,-0.7431330407635688,0.6808073142271381,-0.5079238905596988,0.4542717028712675,0.9144037989764356,-0.14767730028839882,0.11456296160967318,-0.5924957123961004,0.5791989242467304,0.07115241983885132,0.5066129535475509,-0.5411217050228488,0.45579990600876363,0.5483679031241874,-0.8396366285365293
0.013823801943923129,0.2930934487581591,0.8305683951929881,-0.3974841872198552,-0.19058535923039258,-0.46875841230256315,-0.2256193615425042,-0.4253281922549938,0.5062306115178932,0.5786612688045485,-0.08591990947265343,1.0,-0.7455795551164679,0.021739277945349775,0.5379037487483419,-0.9011319434312739,0.49619386210409355,0.009947391194150959,0.16762551556965685,0.16910020416164967,0.06201970564437969,0.5246704173540837,0.20479836143612745,0.5246704173540837,-0.47943751297219994,0.04353085769662175,-0.5464917028568586,-0.23145581187102415,-0.7338184558592832,0.40900194508792614,0.484781601728095,0.1315356972253721,0.5029046098245258,-0.5868857419783557,0.07202735322687234,0.17722070913112203,-0.8135748642765871,0.27911433890444753,-0.01925991177719259,0.05828317390766544,0.15484307749170245,-0.04234757284976449,0.13913117485972215,0.35564539658296623,0.46731299612445126,-0.509157401836007,-0.06403962986725203,-0.4099757829360326,0.2196156917675612,-0.5010398992242521,0.25187681646579474,0.4648152155350665,-0.007641368456271633,0.5354884609946032,-0.5928992808637117,-0.0341288789777739,0.27515883854236717,-0.8350883917542374,0.26549045944945504,-0.05802117535668975,0.0560514881048865,0.019430826772453415,-0.05366443080814055
0.047170262224137845,-0.06958402023535334,-0.4934560287872932,0.4527291647710025,0.08897925964488936,0.6125859080912829,0.2737025169908243,0.33253724755371183,-0.5321391352124354,-0.6883873510770582,0.007169268216930946,-0.7455795551164679,1.0,0.05565045146953075,-0.6627640587420511,0.6942051112518086,-0.5941176031725656,-0.16589926731851845,0.013430736757222424,-0.2181036067201804,0.14567272523308913,-0.34628774922747146,-0.39477402035745046,-0.34628774922747146,0.44238324870960993,-0.27974337747823924,0.7506947331327462,0.1930893651064696,0.6865948503202159,-0.5595175863910552,-0.5741016879412706,-0.2135786785919688,-0.3096143528944609,0.822252312154999,0.031044928121870694,-0.3633863780480822,0.597497030701393,-0.337162592427772,-0.07856540268033106,0.030803478036388936,-0.2046489694582376,0.18903755132994285,-0.23202914368274363,-0.38547811149098365,-0.4438539407762524,0.4300170488003947,-0.1460074737459619,0.6465773730487788,-0.059441110162369096,0.3846644007062909,-0.5382733110326974,-0.5385950526314374,-0.12732288472315345,-0.36906706102227066,0.7874894999975015,0.09843256690566082,-0.5067793759661184,0.5795277049554718,-0.42490567337103347,-0.06845784792073914,0.01139473197623377,-0.21770710381764155,0.18796766903600629
0.21223999344591457,0.7937043762176371,0.31858698011162695,0.4738690770560004,-0.7811402299143676,-0.2235042021567415,0.5965468599187338,-0.4824900286890974,0.7010018803556449,-0.342626348526072,-0.6896201800994155,0.021739277945349775,0.05565045146953075,1.0,-0.47908327406174916,0.11056939269974447,-0.5129680358285889,0.24438960653716602,-0.026548503906926837,-0.5212451251271669,0.6493895405692336,0.42232029371266433,0.32876926323325606,0.42232029371266433,0.48052593946602296,-0.7679589188840794,0.08298916305819258,0.5618872182707044,-0.23231799942388842,0.5936839428233278,-0.16915742074220202,-0.7854011505422488,-0.007852282765141074,-0.017013861131978572,0.9298965003466789,-0.6419519981897209,0.08477920240384083,-0.677546822294964,0.30073317296923724,-0.014888388055639332,-0.40253118847924874,0.6020765995791122,0.4019445027297979,0.7110259288381722,-0.44140307388344235,0.4702095779021314,-0.8354445603347683,0.2745221315409826,0.4035742229270541,-0.3522234636848618,0.40524471756745656,-0.16008934264882488,-0.7362998028694566,0.048304593355641745,0.1703603817751687,0.9300264610571776,-0.6146520312853944,0.07740494102742371,-0.6196195264048941,0.21462311312601398,-0.008016575611125882,-0.41185882264859314,0.5593417493984288
-0.1516490630403248,-0.3010265712344103,0.34419258743348174,-0.47304694908157296,0.48359530206732904,-0.2840262310651367,-0.5813628906091886,0.11828938871985485,-0.013861942443386252,0.849322156586928,0.4057636481160332,0.5379037487483419,-0.6627640587420511,-0.47908327406174916,1.0,-0.5478052360011846,0.8926425391917164,-0.15265264164917422,0.16543350967750486,0.6025117713488584,-0.4372051945223265,0.09615296893602295,-0.12298315005094397,0.09615296893602295,-0.5702850421612381,0.6451084254047732,-0.5181130895625126,-0.43160121585417827,-0.3404198269145991,0.09933074655345317,0.7114271049991066,0.5746326900547941,0.31766596775772304,-0.374898198486808,-0.46692179588719657,0.8033053743059362,-0.44653427680300967,0.7660414441608168,-0.17192205452340237,0.2517164652438608,0.5892693688690854,-0.5080351245096446,-0.12488777302766993,-0.23705268160813311,0.6789512317037969,-0.5372331781392732,0.6497699323837022,-0.41787839464141796,-0.10989884213285422,0.061429820397611884,0.24152005355635636,0.6536905291934493,0.5658725546956183,0.20998199932845152,-0.3259707023074399,-0.5094187387568514,0.7356698143996226,-0.5216337252043114,0.8307138565134891,-0.2051786690415504,0.23111710011605371,0.3009665236247329,-0.5434069954405377
-0.11475901750823461,-0.2366917906120196,-0.7436688602438304,0.3021304329237019,0.14983660067871257,0.4091376794799662,0.1882029784736569,0.387408026237666,-0.4439643452744993,-0.5121981978874506,0.11905933024481648,-0.9011319434312739,0.6942051112518086,0.11056939269974447,-0.5478052360011846,1.0,-0.4723096834037644,-0.06445892422578783,0.04443819467485867,-0.17181542910382835,-0.046467408760840725,-0.4010060768761426,-0.3201016790060858,-0.4010060768761426,0.45277578617567515,-0.02768338196592654,0.5706537631726716,0.3084426846959917,0.669372316499032,-0.2777757459318266,-0.3958306765585568,-0.12444749146896572,-0.298710056414803,0.5995806907956521,0.06738261804525031,-0.19954092467968754,0.8730138684225014,-0.2863724215729673,-0.006513570151354773,0.18080799058249764,-0.15460296447257915,0.08569224275237661,-0.037584039360851924,-0.32097513908780745,-0.4803073730291737,0.5578726132902012,0.03987207524135829,0.4959061637768166,-0.28782447432340863,0.5506017238982048,-0.16959208326567332,-0.3971964056931022,0.027430489231552942,-0.4589632608809075,0.6247198475236256,0.13705215819545574,-0.2999660032728797,0.8553360510094239,-0.3549205743209701,-0.01201342709583049,0.17030272961363285,-0.004058269373047464,0.08773530317735072
-0.5455018750538027,-0.38064028444361975,0.2069872231577492,-0.7079295428005045,0.6218096543264472,-0.4471969853637156,-0.8048749017398071,0.3659730160929659,-0.16534816080781436,0.9613608277930245,0.6310574737279083,0.49619386210409355,-0.5941176031725656,-0.5129680358285889,0.8926425391917164,-0.4723096834037644,1.0,-0.4452542920477189,0.45564422094206636,0.6541852764607655,-0.6172553464960598,-0.12072708582119768,-0.26948493702821485,-0.12072708582119768,-0.7889408674324851,0.6316936729493815,-0.688937358635955,-0.7029218426111404,-0.13894707013225155,-0.0789160691435099,0.8739500436147738,0.6780540682753727,0.24543120558818224,-0.3953274652663087,-0.5136781526291629,0.6998025700972839,-0.47280945910630057,0.7853110844784401,-0.4788873235037685,0.4834167485869504,0.6312321811443086,-0.7119918842881447,-0.3966578138365298,-0.4085736280096633,0.7298236291652729,-0.7223980477398281,0.6802683893158756,-0.6122905812544853,-0.36427508639219786,0.18656444019514787,0.03445069088153631,0.8266019274598765,0.6855462382566655,0.15635058187233947,-0.3219505177887316,-0.5212490771045036,0.6986990005217102,-0.49959553153038944,0.8312998005551006,-0.47278406235325054,0.4877703329428236,0.3454951830227376,-0.7139588843518893
0.6094639625606856,0.19174524301585677,0.11202910765892661,0.27669038321977835,-0.5378280432382803,0.08614476623153153,0.507325753140527,-0.6028873266789467,0.4566134268511781,-0.44285492454759245,-0.5868338637403226,0.009947391194150959,-0.16589926731851845,0.24438960653716602,-0.15265264164917422,-0.06445892422578783,-0.4452542920477189,1.0,-0.5855298579913437,-0.2060239894732073,0.35124032508022174,0.5967931312764494,0.7671504348133437,0.5967931312764494,0.40784808981300846,-0.12483093971799776,0.24984167653779296,0.6665152547926159,-0.2991022387109038,0.6155385676106413,-0.3784053392741182,-0.32053820648797726,0.24220558752022006,0.022385631600539732,0.3470885694611787,0.010991472178752638,0.13111420234241716,-0.20547668037413291,0.9577550610738412,-0.42633639090129094,-0.16136464810342074,0.5460740230459152,0.7918717078306324,0.566656568856707,-0.1872736686101419,0.39518601268119424,-0.3103342328480046,0.2464007348672794,0.522486524514374,-0.3382520296885239,0.5160071520636169,-0.35736204107687203,-0.3225529102293891,0.30447759922862,-0.1423607552907659,0.3361501636553878,-0.11124158578759946,0.23295572603785655,-0.3018196063758898,0.9642326570109624,-0.49066033560905586,0.04881547284851617,0.4934623504824669
-0.7087916843491987,0.04246279672895404,0.18951876676250276,-0.3706045894303148,0.34262992689790106,-0.3534156864704968,-0.3625982855566671,0.40455646295859177,-0.14837448177643847,0.4827877252097512,0.3487788088647657,0.16762551556965685,0.013430736757222424,-0.026548503906926837,0.16543350967750486,0.04443819467485867,0.45564422094206636,-0.5855298579913437,1.0,0.055871267994800605,-0.1455477766787284,-0.06397754611403764,-0.3556020737365683,-0.06397754611403764,-0.36645566696423854,-0.023411983174852047,-0.3493649383875648,-0.3805482787952617,0.11165934751447346,-0.21542959790725388,0.5267280120387585,0.10535274250507146,0.24884751554604986,-0.004175210168240759,-0.04125887940185518,0.017080484897178085,-0.14457586293348598,0.21716465605525503,-0.5724911268557358,0.9011286109217308,0.09190980803390714,-0.3248012206431674,-0.4995309102542625,-0.3751325991482518,0.05479677374780139,-0.24545590230060654,0.127789099282729,-0.234248398921437,-0.31207368674699526,0.22832299256964647,-0.24257459000697523,0.5047155322111714,0.22838242974223635,0.032471116054203865,0.05399666927180408,-0.11013851309485824,-0.09375128254519824,-0.19998041281339773,0.21732591922805308,-0.6013747700937168,0.8928726420145735,-0.18627783262112946,-0.30653609202924836
-0.33832931383285697,-0.5812037861279274,-0.15307326786252948,-0.6189691382322915,0.6195699617921075,0.03356422343996913,-0.8412263113645558,0.5060864618461441,-0.4117450765861608,0.5609131438114521,0.7298994162374944,0.16910020416164967,-0.2181036067201804,-0.5212451251271669,0.6025117713488584,-0.17181542910382835,0.6541852764607655,-0.2060239894732073,0.055871267994800605,1.0,-0.8197846929545416,-0.20299346292276346,-0.3674895334994338,-0.20299346292276346,-0.6988553389654019,0.7165448556283577,-0.15061572653336866,-0.5952878522089958,0.2605032230509272,-0.1824771345210648,0.6133053435351266,0.8640195076740018,0.30196103793218787,0.0307666526471283,-0.47102936126233846,0.749560785312876,-0.09288664073452885,0.8285608493544252,-0.2160268557969937,0.26733007488491367,0.957742247414267,-0.7657223812244968,-0.19821611216228954,-0.5214560778070894,0.8674732739224053,-0.6640396352705964,0.7250457852724738,-0.14057508554747408,-0.3702974235763754,0.5807336170462121,-0.11593433900432867,0.5289569866117486,0.8672891651993154,0.07960668687212807,0.09337670068855415,-0.44152092723557584,0.6142383013552721,-0.16306994657735344,0.6060424504266594,-0.21561163293441415,0.24478419353433442,0.5014342677511902,-0.8254087880784802
0.6107269917310129,0.8057299930278597,0.5095720805976522,0.7887881336888248,-0.7437136803110695,0.056963714835268485,0.9129641536254903,-0.7192796739047199,0.6146123176296532,-0.5294732451858827,-0.911470828857126,0.06201970564437969,0.14567272523308913,0.6493895405692336,-0.4372051945223265,-0.046467408760840725,-0.6172553464960598,0.35124032508022174,-0.1455477766787284,-0.8197846929545416,1.0,0.5039830586689891,0.36060069052158256,0.5039830586689891,0.766333794545951,-0.8004180047373,0.2252905004543381,0.7488067939720701,-0.47777322396299293,0.3546947455916167,-0.5738953862259737,-0.9172105675791339,-0.12306845809132894,0.0684877695303838,0.6050696650592352,-0.6772256051262778,-0.08246437941732876,-0.7300297105646271,0.3736373380094496,-0.3071482871520037,-0.7805930203476821,0.9024640122940109,0.4042560753891604,0.6947938880651131,-0.7126001274490659,0.6822065281607935,-0.787917707617573,0.32976050103994037,0.6514726510521246,-0.6867749170814126,0.32865980286388624,-0.5349484640731583,-0.9309994981623438,-0.014191710172789827,-0.008193032677564663,0.5277030974282836,-0.6644052281214953,-0.07478962328400544,-0.5138540322786451,0.316635432563743,-0.3077325588392367,-0.6950617032087257,0.8934741923088745
0.41988619597367405,0.5593567281587667,0.6858697740564252,0.10862267403876226,-0.6396658246600397,-0.19979156654000058,0.36084752407240034,-0.6103632687560205,0.6677970851462202,-0.07842622181962,-0.622666908185803,0.5246704173540837,-0.34628774922747146,0.42232029371266433,0.09615296893602295,-0.4010060768761426,-0.12072708582119768,0.5967931312764494,-0.06397754611403764,-0.20299346292276346,0.5039830586689891,1.0,0.42024989219342884,1.0,0.09625949662806547,-0.2669567560246079,0.03753351423100698,0.5126819618135522,-0.5502049166090798,0.7563997696471797,-0.02957078909968075,-0.3753692924877366,0.6478893367654938,-0.1806728755741061,0.47322729803576985,-0.09245286780423013,-0.3253372116626086,-0.17217590103412136,0.5646951296300503,-0.06771537634562706,-0.20190226906254372,0.520726731576886,0.7254330908458914,0.6396378992753767,0.017939222371658268,0.08457015396670298,-0.4485178461247264,0.19875573307164204,0.7455757661675342,-0.4377675245837445,0.6012330773547455,0.024353189054418804,-0.4059799702557543,0.6674871212142109,-0.23478240859295885,0.3603374694317122,-0.139720806697665,-0.3374933475915398,-0.1175102720906699,0.5447334155247687,-0.16891366455016704,-0.16941156945064717,0.44231878459853446
0.33529564225317277,0.3976139239952138,0.25125495384066154,0.1579475847967362,-0.5755050705262451,-0.3167713054777349,0.4562631570704518,-0.6248645279421855,0.6700469236281746,-0.1867624903438704,-0.5821624086128547,0.20479836143612745,-0.39477402035745046,0.32876926323325606,-0.12298315005094397,-0.3201016790060858,-0.26948493702821485,0.7671504348133437,-0.3556020737365683,-0.3674895334994338,0.36060069052158256,0.42024989219342884,1.0,0.4202498921934291,0.25331485126683345,-0.34938984626134795,-0.23514694023847066,0.41552570646684894,-0.45509145734467077,0.6085623108017176,-0.1262465964395373,-0.44285858891858326,0.019611106529762,-0.38076488687469556,0.41604205615204753,-0.1596937090678372,-0.15286505028470396,-0.2549417540685369,0.6689998308229244,-0.34047193181303914,-0.2520727268856702,0.406059743147254,0.49424520732261923,0.6691490180544598,-0.2508925944916874,0.211052642852481,-0.47569689995929576,-0.20852458943737548,0.34928876130333675,-0.5606330393903802,0.40340638799769846,-0.11929638525827659,-0.4304509433525465,0.1994012990350068,-0.4521066137589274,0.3898198886202354,-0.2459626561632142,-0.033764600266073225,-0.34287502825629057,0.690359566912211,-0.3405993819511488,-0.08389624541926738,0.4008780562807613
0.41988619597367405,0.5593567281587667,0.6858697740564252,0.10862267403876226,-0.6396658246600397,-0.19979156654000058,0.36084752407240034,-0.6103632687560205,0.6677970851462202,-0.07842622181962,-0.622666908185803,0.5246704173540837,-0.34628774922747146,0.42232029371266433,0.09615296893602295,-0.4010060768761426,-0.12072708582119768,0.5967931312764494,-0.06397754611403764,-0.20299346292276346,0.5039830586689891,1.0,0.4202498921934291,1.0,0.09625949662806547,-0.2669567560246079,0.03753351423100698,0.5126819618135522,-0.5502049166090798,0.7563997696471797,-0.02957078909968075,-0.3753692924877366,0.6478893367654938,-0.1806728755741061,0.47322729803576985,-0.09245286780423013,-0.3253372116626086,-0.17217590103412136,0.5646951296300503,-0.06771537634562706,-0.20190226906254372,0.520726731576886,0.7254330908458914,0.6396378992753767,0.017939222371658268,0.08457015396670298,-0.4485178461247264,0.19875573307164204,0.7455757661675342,-0.4377675245837445,0.6012330773547455,0.024353189054418804,-0.4059799702557543,0.6674871212142109,-0.23478240859295885,0.3603374694317122,-0.139720806697665,-0.3374933475915398,-0.1175102720906699,0.5447334155247687,-0.16891366455016704,-0.16941156945064717,0.44231878459853446
0.6527132918783124,0.44338213860930215,-0.03739557997989779,0.9278284282849418,-0.4705697708071437,0.4130835719705527,0.9087912261829023,-0.4744931865869944,0.26333299465477433,-0.7473422914103409,-0.6932834736124418,-0.47943751297219994,0.44238324870960993,0.48052593946602296,-0.5702850421612381,0.45277578617567515,-0.7889408674324851,0.40784808981300846,-0.36645566696423854,-0.6988553389654019,0.766333794545951,0.09625949662806547,0.25331485126683345,0.09625949662806547,1.0,-0.5862567644662532,0.5226922859323477,0.8356943381508414,-0.11866795326098913,0.13242293045457892,-0.7830609732936094,-0.7634572588615672,-0.4188195125063603,0.37473829108168305,0.42933929265201115,-0.5267608184579247,0.4649703384194284,-0.6762628724737222,0.46269402853487873,-0.3674633518709226,-0.6467874115951091,0.7845040000225656,0.36958033442135274,0.4009507251176214,-0.8379977563784179,0.962459749084897,-0.5204529402350546,0.5371560935625714,0.34592142368136325,-0.31582005276020714,0.22897545980770276,-0.7930329614149251,-0.7176263461351299,-0.41452213692968737,0.3179952769242154,0.41739089468389556,-0.601398162321695,0.4393609558853281,-0.5733303146993605,0.389558411528884,-0.35764374370434937,-0.5410835402643716,0.7707077953393059
-0.27630247631830535,-0.8670920045312328,-0.32825739050161146,-0.6529476946725077,0.7401092014724784,0.07716011958350832,-0.7500552787670648,0.4772825457760279,-0.578324952690759,0.5017814031599349,0.7545925351539892,0.04353085769662175,-0.27974337747823924,-0.7679589188840794,0.6451084254047732,-0.02768338196592654,0.6316936729493815,-0.12483093971799776,-0.023411983174852047,0.7165448556283577,-0.8004180047373,-0.2669567560246079,-0.34938984626134795,-0.2669567560246079,-0.5862567644662532,1.0,-0.10890222449840216,-0.5182739870230996,0.19640006388451683,-0.2362105342591829,0.41281380153917846,0.8935546039060492,0.26564876798728837,-0.010834921352588291,-0.7071076996407443,0.8487638261674304,0.04460557787811641,0.7569359130091359,-0.11350694344750371,0.16737983768131387,0.6349258996338966,-0.6472949164238255,-0.16751145129884948,-0.6189492437440044,0.6869947583877606,-0.48928615707365675,0.9276019369228939,-0.2241810648556772,-0.38991048458267724,0.5039850671124818,-0.08729270193867313,0.39704246795030534,0.8769931454434547,0.15111788821534108,-0.09122836182900897,-0.647653968912191,0.8763473947880969,0.07582114816269868,0.6642455570555682,-0.07470960296282707,0.14813250691540056,0.7729197031664276,-0.6428795910073102
0.4735893896897587,-0.05416454214105991,-0.30531472172933216,0.5118350402692646,-0.1519061661716863,0.741505152034399,0.39306448726832127,0.01595250134879147,-0.3390500703463698,-0.7702500266247926,-0.1951768199859733,-0.5464917028568586,0.7506947331327462,0.08298916305819258,-0.5181130895625126,0.5706537631726716,-0.688937358635955,0.24984167653779296,-0.3493649383875648,-0.15061572653336866,0.2252905004543381,0.03753351423100698,-0.23514694023847066,0.03753351423100698,0.5226922859323477,-0.10890222449840216,1.0,0.4613970295328431,0.39956041157490035,-0.22186805872059406,-0.6676660146249548,-0.18759507800288047,0.04428964586607661,0.7118128597301692,0.11510107430766697,-0.20476255719730455,0.5636214840393327,-0.33328354419846257,0.32826919248586744,-0.22487004892100154,-0.174543775606301,0.3504957146944667,0.2300133177726896,-0.1300528143651553,-0.32025314561796525,0.5019383694766222,-0.1502816893762544,0.9362729285822224,0.2653303812509915,0.3354676628681699,-0.2292533070978103,-0.6253007498175108,-0.13965422873405026,-0.06572635986851913,0.6365748372653867,0.13021779341569,-0.3398273105754006,0.5136459551904399,-0.4524533421734979,0.310160839494158,-0.27256755139111877,-0.05561259435112962,0.3119327792748557
0.6775667644572142,0.5418859519191065,0.135547992402651,0.7373599738063429,-0.6732882035223534,0.24069183854123596,0.8623931840455178,-0.6674401424667661,0.5073895622859461,-0.6544834297524103,-0.7806996075956151,-0.23145581187102415,0.1930893651064696,0.5618872182707044,-0.43160121585417827,0.3084426846959917,-0.7029218426111404,0.6665152547926159,-0.3805482787952617,-0.5952878522089958,0.7488067939720701,0.5126819618135522,0.41552570646684894,0.5126819618135522,0.8356943381508414,-0.5182739870230996,0.4613970295328431,1.0,-0.2710929382974329,0.5413898871181629,-0.6377342070867116,-0.717952222926733,-0.07508653210454258,0.23718411536096531,0.5579969463325447,-0.4089640725811341,0.36549241328377596,-0.5879373827630575,0.6729826749164344,-0.3268398136020412,-0.5484956594690126,0.8608501132395922,0.7461361847653799,0.6348640087431754,-0.6886359082595986,0.8420337395661069,-0.5887128334396101,0.5418001394121046,0.4649235466158501,-0.4038463806098099,0.5363884124439298,-0.6418458585767868,-0.6921321851030815,-0.09260715923960904,0.15983862997457782,0.49863588008824,-0.518705831331632,0.32840646313255106,-0.5788377597916313,0.6074009128138598,-0.38489808193900016,-0.4235903367696784,0.8059663686072158
-0.3698530131496105,-0.5021332275624703,-0.7827184498476909,-0.13012622407462165,0.4620622789299883,0.4200322308285041,-0.28342296991415916,0.8077016993662114,-0.6955229076339889,-0.22525028518996854,0.5294093768109255,-0.7338184558592832,0.6865948503202159,-0.23231799942388842,-0.3404198269145991,0.669372316499032,-0.13894707013225155,-0.2991022387109038,0.11165934751447346,0.2605032230509272,-0.47777322396299293,-0.5502049166090798,-0.45509145734467077,-0.5502049166090798,-0.11866795326098913,0.19640006388451683,0.39956041157490035,-0.2710929382974329,1.0,-0.5723136619385015,-0.06838521065751325,0.30569281908457874,-0.13125439554460225,0.6049410876160082,-0.16501454722319658,0.08323542121466743,0.6420147881042548,0.13480945883049858,-0.24393313123372165,0.23571487203320696,0.2728367961876572,-0.36758760648899613,-0.36623611204525275,-0.6194716600042082,0.030303850157298293,-0.09327078572587244,0.28566117534440894,0.2454616736913958,-0.36759312381174486,0.7534712985150884,-0.5883048282100428,-0.06196044945690555,0.42074298574191,-0.24085605203475566,0.5922464753592224,-0.10906909203729892,-0.06955340205213634,0.6077961392483049,-0.03652906142901788,-0.19891434462348015,0.21017269715049294,0.22372091431112823,-0.37117147356226465
0.30777359251256825,0.551345065100052,0.47142713330280894,0.06908305136897504,-0.6710262455387049,-0.39322441752261555,0.32234600201947805,-0.6505757875587854,0.842732123588395,0.03637091014326507,-0.5515258348295673,0.40900194508792614,-0.5595175863910552,0.5936839428233278,0.09933074655345317,-0.2777757459318266,-0.0789160691435099,0.6155385676106413,-0.21542959790725388,-0.1824771345210648,0.3546947455916167,0.7563997696471797,0.6085623108017176,0.7563997696471797,0.13242293045457892,-0.2362105342591829,-0.22186805872059406,0.5413898871181629,-0.5723136619385015,1.0,0.10480767240567085,-0.3743378335058919,0.3055767496743494,-0.40183531402459055,0.6182368962418271,-0.09488187754831005,-0.1478874179534699,-0.2284567531403609,0.5694152614397399,-0.11699852152188406,-0.12178498434412502,0.4343566498802378,0.7804154822407308,0.7900224561263993,-0.01184882117925599,0.17442150885404667,-0.45746406705410986,-0.03958764846989076,0.4252478600238971,-0.46741045951606885,0.8415020766113677,0.09830804064183095,-0.3876434016321307,0.37248762041124595,-0.3347965470581613,0.571700537719975,-0.0448338468142407,-0.15375768756913366,-0.230028590852379,0.5245603507823939,-0.16967421250277576,0.008596852177911552,0.36092804436903947
-0.6513030548660362,-0.18520020822042832,0.21897850001989216,-0.720327706779558,0.39286794217057225,-0.6085783900989421,-0.7552341151783524,0.3390159443758922,0.019289239521902393,0.9105439161866212,0.5253165422622497,0.484781601728095,-0.5741016879412706,-0.16915742074220202,0.7114271049991066,-0.3958306765585568,0.8739500436147738,-0.3784053392741182,0.5267280120387585,0.6133053435351266,-0.5738953862259737,-0.02957078909968075,-0.1262465964395373,-0.02957078909968075,-0.7830609732936094,0.41281380153917846,-0.6676660146249548,-0.6377342070867116,-0.06838521065751325,0.10480767240567085,1.0,0.5065527133259359,0.3560097166870945,-0.39629441102061164,-0.14326218027131946,0.5420484892977329,-0.39125142140747793,0.6504734209290203,-0.40026845127516464,0.6150182051199912,0.6657234421245591,-0.6585828038267659,-0.2992088365011829,-0.23355129891487025,0.6865456029563809,-0.7019930174921779,0.4167398653351543,-0.5071214871001656,-0.3186856579014288,0.2594646495165586,0.06661816212122314,0.9636302142366955,0.590423305114757,0.26440458108627257,-0.20504150499327947,-0.14449164957622102,0.4701258748248413,-0.41157071484435365,0.5917107542929408,-0.40927019377490365,0.6199422249759715,0.31528916944872015,-0.6804739537511679
-0.4216424863599203,-0.8201181683667833,-0.3068709589589657,-0.7698526460352642,0.7879776988405374,0.08703306914065559,-0.8969986404583553,0.602147538444063,-0.6140472670011409,0.5716348096532555,0.8969856276246637,0.1315356972253721,-0.2135786785919688,-0.7854011505422488,0.5746326900547941,-0.12444749146896572,0.6780540682753727,-0.32053820648797726,0.10535274250507146,0.8640195076740018,-0.9172105675791339,-0.3753692924877366,-0.44285858891858326,-0.3753692924877366,-0.7634572588615672,0.8935546039060492,-0.18759507800288047,-0.717952222926733,0.30569281908457874,-0.3743378335058919,0.5065527133259359,1.0,0.24651918162679665,-0.01614070430104082,-0.7078062380534164,0.7754673225848,-0.04586252777607936,0.8367188031987294,-0.32230858365125403,0.23986828003129684,0.7763284329695308,-0.816494215686708,-0.3273780493224459,-0.6836772886547466,0.7880519006349324,-0.6970633401331304,0.8814770426012793,-0.3038403375076168,-0.5436642444023204,0.5520601376044406,-0.29718928902625763,0.44734076478850304,0.9451001191038584,0.0879092091447379,-0.0692482398354466,-0.6886992408081067,0.7760058126642347,-0.08502351537283077,0.6365419467926621,-0.29531302179338176,0.22862814299840592,0.6538142398711277,-0.8154090708428984
