Fp1,Fz,F3,F7,FT9,FC5,FC1,C3,T7,TP9,CP5,CP1,Pz,P3,P7,O1,Oz,P8,TP10,CP6,CP2,C4,T8,FT10,FC6,FC2,F4,F8,Fp2,AF7,AF3,AFz,F1,F5,FT7,FC3,FCz,C1,C5,TP7,CP3,P1,P5,PO7,PO3,POz,PO4,PO8,P6,P2,CPz,CP4,TP8,FC4,FT8,F6,F2,AF4,AF8,O2,P4,C6,C2
1.0,-0.2774574739106555,-0.043167614951935676,0.16983839187916866,0.20617151847870271,0.3143850099954673,0.34416075541281566,0.36344672104143877,0.19307516241351563,0.447325698008031,0.3197273797121099,0.06815344746091875,-0.20458380175826746,-0.37972114280399016,0.10618870026946155,-0.20428567997085326,0.07046322035132338,-0.24672532126547206,-0.35007798575778254,0.29718700801297837,-0.04604192276205038,-0.19139830404278896,0.021654079235011184,-0.19139830404278896,0.014948258817654091,0.4118846549307159,0.14921315612486263,-0.05215434759208017,0.4684270822726703,0.4025203374022112,0.3167394880983867,0.2135732121930911,0.10398044052214923,-0.2681043530501446,-0.41225811641878923,0.12354585289889966,-0.23968818345665968,0.0451908079498533,-0.18611329744526298,-0.23835009741425847,0.2770303479738958,-0.13629435314715632,0.5708210110838118,-0.13639999528279362,-0.28899919193396567,-0.07864872365282431,-0.02051172031187735,0.34599279207226075,-0.17790305609717946,0.3075295047179028,0.14747525351672638,0.31841246470439416,0.17020490768178492,0.016795131576872666,-0.21045573738076767,-0.46122537487329573,0.09519663189501158,-0.2467132425342377,-0.03317552029777606,-0.027466120298502077,-0.40020631298499687,0.1441750320677885,-0.2311296468452725
-0.2774574739106555,1.0,0.4043862606765177,0.6410083133608616,0.24328305533926992,0.08303375515490188,-0.011599932936452272,0.03058787881559928,0.0816177717754558,0.22720516006278807,0.08681343480465391,0.14528139797164044,0.7668733667266876,0.44740807194465887,0.27860238012359473,0.23374593417789968,0.37712926447577017,-0.0039060700262147836,0.289541617053457,-0.1347398213845991,0.5501144522279895,0.2173195748609229,0.43734046053600784,0.2173195748609229,0.3063004417977344,-0.4516010049700656,0.3056747410340722,-0.29328412071915594,-0.32153206116940447,-0.22001450122853916,-0.04997952911366634,-0.1097135416474168,0.0034761223687709707,0.648775041254299,0.4131760918236226,0.22179556970739228,0.24225433142176478,0.24553749318173457,-0.137034901720169,0.15593452468421054,-0.2273874183108526,0.4300150294327123,-0.42568385617806936,0.6702390006746852,0.2523374081066034,0.24252516902435112,-0.018009296041597355,-0.0827724396330939,-0.05632770908329697,-0.27853052269605566,-0.2832958906019599,0.0742272559047654,-0.036409129104305174,0.006950516978855672,0.592482585092776,0.41827536921108177,0.2709515739402064,0.41757819847401034,0.2769787202788598,-0.3480554573951311,0.23914502117728043,-0.12658617956375567,0.4257404616810955
-0.043167614951935676,0.4043862606765177,1.0,0.2934756139861089,-0.18810477355365432,-0.4293792403927321,-0.30301267484619787,-0.17218311365818145,0.1207077593554856,0.5894950499377835,-0.008048882857771276,0.24438764150732256,0.3459264049102582,-0.01719005156746798,-0.40869938054772803,0.44295052480445013,-0.22188533346074632,-0.09166297516192917,0.09356569946127541,-0.507370252558335,0.05578637652095282,0.7591981276180969,0.320120040675433,0.7591981276180969,0.29920187854861585,-0.2996963339841046,0.1898846267687236,-0.42002368649394395,-0.20988833486005137,0.010302154114455052,0.034495442005582064,-0.1020802257523743,0.20748475368937966,0.3528532512850875,-0.03597685116999561,-0.47845099575723643,0.41406344556384206,-0.2644244097372756,-0.2523756232055253,0.032642007536552456,-0.5998792435598124,-0.05700782190484563,-0.20098536057742317,0.37786867483321074,0.6386593167348189,0.21739213016209472,-0.516046916767733,-0.4631910617909739,-0.43140930854891235,-0.23291947970885812,0.11251902977709254,0.5087023135316137,-0.11994351901392301,0.21785918420180597,0.22986728828125197,-0.11016070862836183,-0.4683079237260023,0.20465630189040443,-0.2202731233096403,-0.39244547072786456,-0.01102967079498354,-0.6462919372873583,-0.1460687185885986
0.16983839187916866,0.6410083133608616,0.2934756139861089,1.0,0.468477579034002,0.4114789436454399,0.46216692758825595,0.505790394419649,0.23699560322869417,0.32208825598913426,0.3983802441439634,0.1548929144100333,0.4712100385489753,0.2245244752900263,0.298287226029904,0.09987184070897334,0.46334973257771395,-0.07268836427648612,0.19949012386293563,0.151546454514763,0.4682260711608365,-0.07018594153657569,0.40782769008307257,-0.07018594153657569,0.62866426765115,-0.04958799222023909,0.33306074335932473,-0.027243184915234267,0.3693138387332871,-0.1814625120063279,0.2892320261406821,0.20050662356796436,0.1109463980526615,0.3554488528776988,0.08586375321357168,0.28201932899092447,0.0955559707089062,0.34562002449700385,-0.06940622088386096,0.1706545237172106,0.06428899116307896,0.2959613198976586,-0.23546160021743145,0.36288558407814947,-0.004308522081953089,0.5640784070609539,0.07711208203294122,0.4270459434243708,0.16566617041176046,0.34072767654022035,-0.37203915488602474,0.16631778728878055,0.21138620013929044,0.18125153929197113,0.46137395981117624,0.14761290339527536,0.2735940147569198,0.25901195740246774,0.3156486040047124,-0.25863184572602155,-0.012288511938438319,0.02895300877412943,0.2634441766688502
0.20617151847870271,0.24328305533926992,-0.18810477355365432,0.468477579034002,1.0,0.5980585778328191,0.7751417259481123,0.252151675021195,0.3041551435428331,0.04403719263239976,0.5589900156178611,-0.08317542040137206,0.18963387355722894,0.4478219852103908,0.5324211988281976,0.20582796856531596,0.6435410521527927,-0.015618230834900663,-0.03762346570308002,0.6736350118450181,0.565874422376278,-0.33991872567889925,0.24188825600395258,-0.33991872567889925,0.4273127549643071,0.4085480774215094,0.14431634028334445,0.287814447314,0.07752856149680627,-0.14613802164996795,0.3442658085450737,0.259964130927857,-0.14490565091622792,0.1051876242919484,0.32636834359280725,0.43374347630681875,0.13192239397281394,0.5512218848068747,-0.05731581385788759,-0.07173495090220466,0.5596418570239992,0.4874320870665435,-0.04019880325584225,0.13650736240157205,-0.3367210223534868,0.3177625542194766,0.6942157287714616,0.6243283809815168,0.5590039418894466,0.10583761269942185,-0.20058989110109174,-0.07634869319786293,0.3930634993913061,-0.11817903422555857,0.11993549125433837,0.3748912205777281,0.5315933627371245,0.3954441340503148,0.4820716609378699,-0.10721262334756725,-0.13844418676272982,0.503796354559914,0.43835457239000175
0.3143850099954673,0.08303375515490188,-0.4293792403927321,0.4114789436454399,0.5980585778328191,1.0,0.5412944346549188,0.5743272802076489,0.27273528320338775,-0.21231058134541633,0.21889924244710465,0.12333786751807459,-0.11261984848628874,0.17682464109881393,0.6996672198966666,-0.26401600739847175,0.3035838319383714,0.2468235422519358,0.13641063398939593,0.7478180445566951,0.23774296952397003,-0.6168742317159263,0.056137270459528404,-0.6168742317159263,-0.02094696001381788,0.2742351321049451,-0.04529539589747312,-0.011802819737484873,0.4053975701963089,0.09046895542849362,-0.005372805426692407,0.05777487269073125,0.06928165202332305,-0.2509370588348287,0.12912212684719646,0.6867807923715936,-0.3064977031696963,0.16354238260225776,0.296433182665575,0.11152348894790903,0.735710886993847,0.09045929632324266,-0.060863487377888104,-0.161728114816281,-0.6204713599815201,-0.06680007944534028,0.36140715109708077,0.8111103472708344,0.1654763703902628,0.36037281909449925,-0.16828965732989581,-0.4196405054034152,0.11757366488924632,-0.09583256471258275,-0.0308040618329713,0.1409890407901815,0.6732591831176397,-0.08003441024880718,0.07770344656661875,0.17585436470869076,0.12337478134365626,0.717006629293086,0.07864856828599719
0.34416075541281566,-0.011599932936452272,-0.30301267484619787,0.46216692758825595,0.7751417259481123,0.5412944346549188,1.0,0.4040188244175258,0.36846377170585043,0.057292305289650236,0.5968579659871973,0.07030769599831943,-0.04673821587666862,0.1721848756639203,0.3271657416851008,0.17722775918478395,0.5573583132111256,-0.2946285076929469,-0.2765560301612184,0.5484677538185249,0.4802458340669112,-0.42896884559660214,0.04823981413310239,-0.42896884559660214,0.46913481347115393,0.6980474755690561,0.22382159061675766,0.579552687431365,0.46199899105100173,-0.04229572083261181,0.6528707809978175,0.43544065188336634,0.10400827923549857,-0.11835829132490398,0.052872864413370545,0.32015186083540503,0.15876775299505655,0.5109341335485573,-0.24448791747537457,-0.19965255107189275,0.4296237559368497,0.4595063702044904,0.06708883721798424,-0.12182599552851213,-0.342402692796447,0.40664654263908423,0.6751711009166426,0.6699792595566975,0.7562754430737261,0.4469955417070833,-0.20881770612598308,0.03106536963574109,0.5154854777878684,0.18919950272937375,-0.08518915206088121,0.16144155615602843,0.3485017605897285,0.34204882393298136,0.4096413118818515,-0.2124612112983962,-0.3740084249555393,0.4091216092791883,0.43676211245120267
0.36344672104143877,0.03058787881559928,-0.17218311365818145,0.505790394419649,0.252151675021195,0.5743272802076489,0.4040188244175258,1.0,0.5451427578191063,0.1400305133436362,0.07137135137715905,0.2520076970149447,-0.15813438867184065,-0.05111663108861623,0.35699179955523297,-0.45832173495094825,-0.03813622142355626,0.10177072467751608,0.13197496711742954,0.572709005481377,0.021414711457242795,-0.45832284423954334,-0.001503594269242687,-0.45832284423954334,0.007629854428977802,0.15936665163148797,-0.05302524026380646,-0.1909598003490402,0.813273066723711,0.1688165323696909,0.2724134209780171,-0.1292068026272435,0.2021504873834497,-0.27473879953456054,-0.14642687116253006,0.38922693821662235,-0.4824090304058634,-0.11370200353653709,0.07480784249962223,0.20054693494480785,0.5281221553403785,-0.10122755940001467,-0.0643959424617047,-0.3036516616687001,-0.3601578551986211,0.01086597200804478,-0.013651191894562277,0.4141961583796006,0.005765703931044094,0.811421842039474,0.011186274495214322,-0.013775351740999552,-0.12581380989466193,0.12982029871308004,-0.18069164604830432,-0.13764446967098617,0.28454236501679914,-0.3893783219635666,-0.16874862340533026,-0.055646394980078694,0.05834559169924985,0.536322279453897,-0.10230291234204601
0.19307516241351563,0.0816177717754558,0.1207077593554856,0.23699560322869417,0.3041551435428331,0.27273528320338775,0.36846377170585043,0.5451427578191063,1.0,0.4702771317491712,0.22775302545750256,0.37467582857340453,-0.17732687213976442,-0.1331151986586935,0.021280640209942796,0.09040798182056224,-0.10072441768119199,-0.23912187148750336,-0.25618497740680735,0.2793293164654848,0.06575844806367202,0.0048386046899774595,0.032732306982373935,0.0048386046899774595,-0.11174172319623162,0.2479231346002867,0.08431117762915731,-0.21644657622814512,0.2996803062847389,0.5160952103200668,0.5702071852922469,-0.04985867075581434,0.26308747556882217,-0.3263702565499623,-0.23108548511934326,-0.02606704743202886,0.01823617739047122,-0.19184454120701597,-0.32787394524587465,-0.19631138788451127,0.11254619845345709,0.012475809314687523,-0.06586393270977013,-0.25843227448433626,-0.0164858037955113,-0.10005510145179891,-0.1025219347052367,0.09762700271173148,0.047399500451454454,0.35894610176518893,0.5184231605749328,0.33322234815437207,0.03620194873851794,0.32523554717732006,-0.334976714054359,-0.19956437735239982,-0.07857289718461896,-0.00608537242746686,-0.24974140695022648,-0.4681036377441524,-0.28725938876681417,0.16505542167997192,-0.03744615242893247
0.447325698008031,0.22720516006278807,0.5894950499377835,0.32208825598913426,0.04403719263239976,-0.21231058134541633,0.057292305289650236,0.1400305133436362,0.4702771317491712,1.0,0.24478691950717818,0.3379124908390425,0.05749773659554787,-0.4373466858802157,-0.4019906455779814,0.13414541608082187,-0.044950531714770904,-0.3261344044164455,-0.18338671854876792,-0.30036201995015666,0.06979614630861694,0.5307566494830199,0.2553374545791323,0.5307566494830199,0.22184645608173834,-0.10251680781935964,0.12009791648000942,-0.4177799360152337,0.04803665203282646,0.3314583983905119,0.5753240004561757,0.01646054029272127,0.27409405155625,0.010684775490423636,-0.49183768997436483,-0.4547653792333878,0.09751374692539265,-0.04556632041449297,-0.3786691225331688,-0.05308519976519303,-0.3943649645099197,-7.32312121999953e-05,0.2458240474484912,0.26336280929710565,0.49076064934584235,0.19043052775960248,-0.3592571457621708,-0.2336936290183537,-0.26897246093661176,0.05028856106056521,0.34752999154109254,0.9242123191076808,0.05187091051560803,0.4075643088226026,-0.04655278309937209,-0.5200820135603393,-0.4510117542981438,0.013716890690021806,-0.04902104365711314,-0.3277259204880832,-0.3033021172707338,-0.449063803787061,-0.06466325858555313
0.3197273797121099,0.08681343480465391,-0.008048882857771276,0.3983802441439634,0.5589900156178611,0.21889924244710465,0.5968579659871973,0.07137135137715905,0.22775302545750256,0.24478691950717818,1.0,-0.40050136276771736,-0.06950829165262358,0.02283981829286585,0.15264473665124453,0.33537087426502293,0.5233226017337776,-0.6554042370476278,-0.5086922287749178,0.11321445107110092,0.18712276836438288,-0.159009110896774,0.38721670990723256,-0.159009110896774,0.5284836908915579,0.5709161919239499,0.5552734233039625,0.3852606543370126,0.13694191710391704,-0.058831423423391274,0.3721258420673396,0.841342014719351,-0.41978353456680406,-0.12747370663954957,-0.17625906148557666,0.06772463490268599,0.268019232233194,0.4863399661538119,-0.5289843016071122,-0.47017018401283117,0.022487944431355624,0.13317473321154563,0.10685094078817,0.2604448896440289,-0.10261518865751693,0.4413479836340804,0.30235516193076156,0.4478925497078731,0.363609303835133,0.07830295847723882,-0.10036553221351363,0.18385614319645358,0.9065819618196079,-0.15261335746206042,-0.04405496169413001,-0.020701264425029935,0.13904251945620785,0.405889857635321,0.3975150131233341,-0.38290220463600083,-0.7653815696542937,-0.12323951668046335,0.11431908770956394
0.06815344746091875,0.14528139797164044,0.24438764150732256,0.1548929144100333,-0.08317542040137206,0.12333786751807459,0.07030769599831943,0.2520076970149447,0.37467582857340453,0.3379124908390425,-0.40050136276771736,1.0,0.13107648747195358,-0.05719182273908821,-0.057794235886442565,-0.01627812234086078,-0.08510747896318065,0.3290372346539709,0.06070562510060243,-0.05626281424361793,0.008978369221530658,0.2717426920794077,-0.059939348426754274,0.2717426920794077,-0.10370751707963306,-0.2758479122495959,-0.1759099581367362,-0.3269780004286065,0.12438090832817925,0.2341075946966085,0.3211509684602023,-0.4649167923300497,0.9560069445402104,0.10726857926062586,0.0358519129237497,-0.05630328922382647,0.0005527880026647567,-0.10476951681180427,0.18969686036416475,0.07840346648243635,-0.11283715942251103,0.018288694948795835,0.018450630156307025,-0.1121155681997829,0.3195300604732827,-0.09880620206525993,-0.07330808474496303,-0.05410527705372571,-0.059878420710340656,0.17735195345149904,0.16647574980211877,0.3084441621644656,-0.4208779148781072,0.808832331611229,0.03757207557005324,-0.0492466143674658,-0.09088057603601676,-0.037290736652796266,-0.06977433267180574,-0.05183296078997838,0.31865403557696814,0.059314026687504025,0.011113153855448976
-0.20458380175826746,0.7668733667266876,0.3459264049102582,0.4712100385489753,0.18963387355722894,-0.11261984848628874,-0.04673821587666862,-0.15813438867184065,-0.17732687213976442,0.05749773659554787,-0.06950829165262358,0.13107648747195358,1.0,0.6638532294983606,0.32884825339373547,0.4316395384222778,0.4063440164547117,0.15443201685540148,0.16602069511446038,-0.10146299151848963,0.555373039876649,0.26461954343529753,0.34033319111117133,0.26461954343529753,0.3776807454041257,-0.4510044120318563,0.3410519054642591,-0.12740208363909117,-0.3493578586184794,-0.34495517682554927,-0.08930801660506685,-0.25578083142793756,0.055366817619340265,0.9673683031648552,0.6630860192965016,0.3074460094839576,0.4640215128799075,0.3411197350310919,0.030769021549051288,-0.02148637841768643,-0.1549928648189893,0.5523904425854587,-0.14851825191854479,0.5862016048844206,0.2764332189037708,0.2989131408506543,0.13399394837171733,-0.064374885097985,0.07869421534041988,-0.31970326532456295,-0.32550996073059,0.004612336694677078,-0.11964238200112155,0.03601797404728517,0.8703318251686109,0.6443013764807652,0.3419869498342455,0.5789900085338321,0.4077840186166553,-0.19715066393395883,0.24400588637624263,-0.0656521659298549,0.5480118393007564
-0.37972114280399016,0.44740807194465887,-0.01719005156746798,0.2245244752900263,0.4478219852103908,0.17682464109881393,0.1721848756639203,-0.05111663108861623,-0.1331151986586935,-0.4373466858802157,0.02283981829286585,-0.05719182273908821,0.6638532294983606,1.0,0.6720500558366393,0.45844384503168417,0.37419204157959024,0.29107076075875127,0.048395959189653,0.39650204327425437,0.4602197578354457,-0.13553604985776752,0.22194810561328293,-0.13553604985776752,0.24814724335365018,-0.0648275493925184,0.331779636812692,0.0976189748419573,-0.2489700371719717,-0.4117890568915535,-0.23097751401505376,-0.16134211987394775,-0.12725296209459647,0.6433708765905417,0.9631322044691368,0.6068197039834217,0.43764787797361104,0.2827890644761564,0.1555826931866044,-0.19863337633277514,0.32681385723102757,0.4706790423037403,-0.3501487685539101,0.3063534079020178,-0.07357248543182301,0.15655966946360633,0.5017409545241566,0.23997354769874127,0.3446121691998401,-0.19808246052661987,-0.41868779655444543,-0.5267341051676586,0.021102357662855373,-0.2592590315353839,0.577486879305861,0.970496895213087,0.6458578989663797,0.5854656586294698,0.2850684132817786,-0.1099411643159954,0.19331529387747678,0.4203093379836529,0.47821100116423115
0.10618870026946155,0.27860238012359473,-0.40869938054772803,0.298287226029904,0.5324211988281976,0.6996672198966666,0.3271657416851008,0.35699179955523297,0.021280640209942796,-0.4019906455779814,0.15264473665124453,-0.057794235886442565,0.32884825339373547,0.6720500558366393,1.0,-0.051593544844493786,0.34540787789154,0.21476434983193277,-0.05140494679100437,0.7054806444806968,0.2783652993612716,-0.5221129318333724,0.29535464656611404,-0.5221129318333724,0.03529408958910306,0.10712762957758823,0.33294934571906454,-0.010773063880828292,0.14157400857916172,-0.10470043005960034,-0.2113319594429497,-0.028937721122584973,-0.11668941869012392,0.23300879501034405,0.6496943727282573,0.9659958811758982,-0.10008778408733325,0.21346053857587885,0.20762578162053208,-0.1886757127598344,0.7021032677305583,0.22046352068289932,-0.057914196033183776,0.2129972555962679,-0.4709587343015247,-0.03786561144024846,0.4927475927856799,0.6980049739071637,0.20503919299223355,0.1461815389168457,-0.25725755784338067,-0.5884742713446485,0.12989485687721597,-0.30635223830128416,0.36366725608670825,0.6549778101871411,0.9759452873427494,0.16770269496027476,0.16699726092282077,0.03737292305003269,0.1015130833076784,0.7509393829964531,0.26228822235115895
-0.20428567997085326,0.23374593417789968,0.44295052480445013,0.09987184070897334,0.20582796856531596,-0.26401600739847175,0.17722775918478395,-0.45832173495094825,0.09040798182056224,0.13414541608082187,0.33537087426502293,-0.01627812234086078,0.4316395384222778,0.45844384503168417,-0.051593544844493786,1.0,0.18158693883204724,-0.24819089880635356,-0.4051151184325262,-0.2042074817824156,0.35179849873582003,0.44537783350173066,0.14119615300042937,0.44537783350173066,0.3908865696668397,0.1539741314278757,0.5083462128695962,0.15864775749459903,-0.403635506454449,-0.06288586783464307,0.22755140273250948,0.17093986643778233,-0.03384007201685387,0.4386765727929499,0.37454894933270627,-0.12721492999712883,0.9758150164713311,0.1468902692815928,-0.28576460391709346,-0.5419461468620945,-0.3469759958129684,0.4035057928293318,-0.14079830000159443,0.26274792562342053,0.39339359444132127,0.32303754680886476,0.11188559651811154,-0.06091118149130624,0.27455070050409874,-0.41368442308548153,-0.09369086930502482,0.12162912604649835,0.3466059553490776,0.0663784748724667,0.3769313177661432,0.4414462654026864,-0.09579467279278832,0.8689129520584217,0.13281682432356742,-0.38467611099232785,-0.40295900914790167,-0.33389650454399633,0.35145886878127625
0.07046322035132338,0.37712926447577017,-0.22188533346074632,0.46334973257771395,0.6435410521527927,0.3035838319383714,0.5573583132111256,-0.03813622142355626,-0.10072441768119199,-0.044950531714770904,0.5233226017337776,-0.08510747896318065,0.4063440164547117,0.37419204157959024,0.34540787789154,0.18158693883204724,1.0,-0.11589372555767045,0.0012348940433714924,0.24672308146380664,0.5372346437647494,-0.3126375482527042,0.38034821786394474,-0.3126375482527042,0.47611359340803194,0.1539558342845204,0.18189524292969309,0.46002153006692975,-0.09621992247698781,-0.5494882136074225,0.10917575782207338,0.41844722412887736,-0.16685026466499672,0.3566082205268288,0.28513726962956676,0.2913654161913655,0.1887736882892268,0.9709863547463667,-0.043723716764452074,-0.060255769106128794,0.23617245672794762,0.5371793213735822,0.10553000907140839,0.30614249101253393,-0.15990812878019953,0.4360703041222706,0.7220258465225907,0.4115947404774484,0.5984158280264884,-0.09567942994173882,-0.34542700837160123,-0.04461110613873898,0.5024377845946412,-0.033914123990404936,0.3940505394619985,0.3694325596690428,0.39655231885126035,0.5493846546495194,0.9224876040869333,-0.12492242216229488,-0.0805980314248285,0.19838340470988974,0.5425144194190863
-0.24672532126547206,-0.0039060700262147836,-0.09166297516192917,-0.07268836427648612,-0.015618230834900663,0.2468235422519358,-0.2946285076929469,0.10177072467751608,-0.23912187148750336,-0.3261344044164455,-0.6554042370476278,0.3290372346539709,0.15443201685540148,0.29107076075875127,0.21476434983193277,-0.24819089880635356,-0.11589372555767045,1.0,0.6707606636165983,0.2716129171898512,-0.06251423013945502,-0.018217207004914634,-0.23244998185807644,-0.018217207004914634,-0.2122292994128586,-0.5594682843839949,-0.602823179906373,-0.40213343073241226,-0.0965855675731198,-0.174690367001445,-0.4477334475790065,-0.7040849300470805,0.2791621887152392,0.20984244309697686,0.37159218975775443,0.19468620105666345,-0.2355729854739242,-0.11204944594413899,0.9088126940164523,0.5461940065922752,0.3666359502443331,-0.07903704198011866,-0.11990723270639954,-0.186555318229488,-0.023730670706792013,-0.1803094526376912,-0.0027165354515944038,0.016262174793257225,-0.19526417895082715,-0.03298794616830495,-0.20044002605560998,-0.35693296004427477,-0.6751005530874488,0.039409710415415834,0.24092599908645865,0.2471106020589904,0.1929786370203911,-0.18102665261786138,-0.025209240886791027,0.6910539140126453,0.818695363088966,0.4189502857949531,-0.07614025755338359
-0.35007798575778254,0.289541617053457,0.09356569946127541,0.19949012386293563,-0.03762346570308002,0.13641063398939593,-0.2765560301612184,0.13197496711742954,-0.25618497740680735,-0.18338671854876792,-0.5086922287749178,0.06070562510060243,0.16602069511446038,0.048395959189653,-0.05140494679100437,-0.4051151184325262,0.0012348940433714924,0.6707606636165983,1.0,0.052810515615496746,0.175600924842531,0.02890403539239247,-0.07753773732832359,0.02890403539239247,-0.03788540853049917,-0.5292550694964318,-0.6839299826990982,-0.26488732808880117,-0.06555210862658445,-0.41216544655929416,-0.45404041816404644,-0.47640718182199476,0.008252694083650546,0.17636958406125516,0.10004282987067177,-0.04967840694615322,-0.3705715339318863,-0.012845389756005826,0.5854747239401698,0.9493855751508092,0.1504730203551461,0.06200978410893066,-0.3322335043038105,-0.03679806866305726,0.005207293327327674,0.0164887232128871,-0.12013828025779086,-0.17920629852596262,-0.18925742669016063,-0.006981645773176934,-0.2399161587698892,-0.19674401839679045,-0.5801501023666018,-0.08429995435089825,0.18011108636033962,-0.00046004756694072624,-0.018980461288364628,-0.2346752489262018,0.0588339409898539,0.4367222466176807,0.8728294680217165,0.14447009968077645,0.05873517666847766
0.29718700801297837,-0.1347398213845991,-0.507370252558335,0.151546454514763,0.6736350118450181,0.7478180445566951,0.5484677538185249,0.572709005481377,0.2793293164654848,-0.30036201995015666,0.11321445107110092,-0.05626281424361793,-0.10146299151848963,0.39650204327425437,0.7054806444806968,-0.2042074817824156,0.24672308146380664,0.2716129171898512,0.052810515615496746,1.0,0.26223169849308,-0.7122087260882625,-0.07542417903161269,-0.7122087260882625,-0.1190836872262148,0.42661927291577856,-0.08630818082773942,0.10560091017300201,0.3877724361116501,-0.02729204148560102,0.025007407527288607,-0.12029843416037463,-0.11538634451749677,-0.19713864783837343,0.3378003372998764,0.679960119813722,-0.27428606380993115,0.15173394110810134,0.2194638917628662,0.007226674692251769,0.9545080070808705,0.18376465815638313,-0.03485671924117791,-0.3482223754594678,-0.7198712170907965,-0.17532548146402185,0.5526342405360086,0.6341327199073133,0.29901484623630536,0.3715960400279428,-0.10980242521804957,-0.46973212685134796,-0.024602408593324285,-0.33375052386815296,-0.11715573593904101,0.3138053714645231,0.6555766841770009,-0.08609887915459188,0.047154352811217916,0.08703567597376019,0.1053544282432055,0.9352317790048074,0.15026067168842552
-0.04604192276205038,0.5501144522279895,0.05578637652095282,0.4682260711608365,0.565874422376278,0.23774296952397003,0.4802458340669112,0.021414711457242795,0.06575844806367202,0.06979614630861694,0.18712276836438288,0.008978369221530658,0.555373039876649,0.4602197578354457,0.2783652993612716,0.35179849873582003,0.5372346437647494,-0.06251423013945502,0.175600924842531,0.26223169849308,1.0,-0.031492817966991306,0.11396046445956423,-0.031492817966991306,0.36713009397413154,0.18004778329660692,0.03446182198418945,0.16245691005508361,-0.09988276545504123,-0.2939721631377225,0.24038497380190055,-0.02896328930540781,-0.05455165598261343,0.44297712618273105,0.42261391798165626,0.30757120820707895,0.4000622462980428,0.4369206464917959,-0.18946282309040327,0.10153733166398687,0.17704748704637968,0.9511023808378695,-0.17937243931332078,0.24508809365660367,-0.027281194558107603,0.2515435484289547,0.4758177215124085,0.1980462121474475,0.42688778935840704,-0.09156199296871002,-0.2583828911589474,-0.013004979346842154,0.09019418482771706,-0.03282798524821586,0.3161456837708428,0.43146645293133506,0.34445883642473496,0.5399387214019801,0.3663090264927726,-0.24938413037156343,0.08157985142913271,0.2146847984361127,0.884758601891931
-0.19139830404278896,0.2173195748609229,0.7591981276180969,-0.07018594153657569,-0.33991872567889925,-0.6168742317159263,-0.42896884559660214,-0.45832284423954334,0.0048386046899774595,0.5307566494830199,-0.159009110896774,0.2717426920794077,0.26461954343529753,-0.13553604985776752,-0.5221129318333724,0.44537783350173066,-0.3126375482527042,-0.018217207004914634,0.02890403539239247,-0.7122087260882625,-0.031492817966991306,1.0,0.1727750326755171,1.0,0.18423668688569156,-0.4141427164306438,0.007271582661570593,-0.3808213643578573,-0.4501283694089912,0.1291012798880768,0.09824869784887734,-0.16597254868950212,0.2807876468541171,0.34346735635285236,-0.09084149838140207,-0.5887054578230696,0.44199362543355153,-0.2686070385836579,-0.11061067459349043,0.02454139319528048,-0.7262988257089611,0.0026107399277002907,0.052613085412503174,0.38586137592267467,0.9155962883214613,0.18489982707653269,-0.4874036184075997,-0.5665783261974825,-0.31606355358587046,-0.37638076625645794,0.26470199662500804,0.5860623918629712,-0.14772694149121712,0.41978056017867477,0.19720173950950717,-0.15463254855803313,-0.5160401034362075,0.2883045984300048,-0.16242763843825553,-0.0844825434537539,0.013755416062874368,-0.7078927093354089,-0.022935780499163942
0.021654079235011184,0.43734046053600784,0.320120040675433,0.40782769008307257,0.24188825600395258,0.056137270459528404,0.04823981413310239,-0.001503594269242687,0.032732306982373935,0.2553374545791323,0.38721670990723256,-0.059939348426754274,0.34033319111117133,0.22194810561328293,0.29535464656611404,0.14119615300042937,0.38034821786394474,-0.23244998185807644,-0.07753773732832359,-0.07542417903161269,0.11396046445956423,0.1727750326755171,1.0,0.17277503267551694,0.5381214171975822,-0.13417639372854806,0.4153294627609266,-0.07838974778188047,-0.0005061537821750323,-0.306974673588404,-0.07468552660474985,0.33263772012895276,-0.10320063376688983,0.32421762995846615,0.20209138288169815,0.23666905327084758,0.12239135530549648,0.3219540683016794,-0.12513419599319006,-0.10549222583886335,-0.006295061481204652,0.07843612382815579,0.26093351184443614,0.7642091842170614,0.30109878829076636,0.5433841036910652,0.20144366032744648,0.2669405971167934,0.08534958065446092,0.08673382247482193,0.23820645204914626,0.2259130566017618,0.4824830367128164,0.036471538105138736,0.45244740348772355,0.2352322833414874,0.29751430821280794,0.28263808028620907,0.33667391012094977,-0.2415452752778833,-0.15136726993632663,-0.12328477227756925,0.14388925576079226
-0.19139830404278896,0.2173195748609229,0.7591981276180969,-0.07018594153657569,-0.33991872567889925,-0.6168742317159263,-0.42896884559660214,-0.45832284423954334,0.0048386046899774595,0.5307566494830199,-0.159009110896774,0.2717426920794077,0.26461954343529753,-0.13553604985776752,-0.5221129318333724,0.44537783350173066,-0.3126375482527042,-0.018217207004914634,0.02890403539239247,-0.7122087260882625,-0.031492817966991306,1.0,0.17277503267551694,1.0,0.18423668688569156,-0.4141427164306438,0.007271582661570593,-0.3808213643578573,-0.4501283694089912,0.1291012798880768,0.09824869784887734,-0.16597254868950212,0.2807876468541171,0.34346735635285236,-0.09084149838140207,-0.5887054578230696,0.44199362543355153,-0.2686070385836579,-0.11061067459349043,0.02454139319528048,-0.7262988257089611,0.0026107399277002907,0.052613085412503174,0.38586137592267467,0.9155962883214613,0.18489982707653269,-0.4874036184075997,-0.5665783261974825,-0.31606355358587046,-0.37638076625645794,0.26470199662500804,0.5860623918629712,-0.14772694149121712,0.41978056017867477,0.19720173950950717,-0.15463254855803313,-0.5160401034362075,0.2883045984300048,-0.16242763843825553,-0.0844825434537539,0.013755416062874368,-0.7078927093354089,-0.022935780499163942
0.014948258817654091,0.3063004417977344,0.29920187854861585,0.62866426765115,0.4273127549643071,-0.02094696001381788,0.46913481347115393,0.007629854428977802,-0.11174172319623162,0.22184645608173834,0.5284836908915579,-0.10370751707963306,0.3776807454041257,0.24814724335365018,0.03529408958910306,0.3908865696668397,0.47611359340803194,-0.2122292994128586,-0.03788540853049917,-0.1190836872262148,0.36713009397413154,0.18423668688569156,0.5381214171975822,0.18423668688569156,1.0,0.09998137740451774,0.35620000745741737,0.3570892580383994,0.20673554647095865,-0.364368380745208,0.36802324975267553,0.4765534981222012,-0.016541026704539052,0.4292375133717868,0.14192712764738805,0.028540169469788414,0.43511158292933455,0.48465505421069854,-0.09620331736888062,-0.021074619900253784,-0.12730902142338982,0.3666999147968977,0.13366495092589614,0.5542442738439127,0.3302474411538239,0.956168235925485,0.3294710262879317,0.3438536665919073,0.49996614302954306,0.2531892587158026,-0.2742219977049054,0.30807035404975475,0.5614076667942483,0.24315864360115041,0.4612089834061187,0.2556172281886653,0.0918241514414688,0.504883266776868,0.5176522889676224,-0.04726507166565171,-0.27635599356534524,-0.2511871680755773,0.3813856350214805
0.4118846549307159,-0.4516010049700656,-0.2996963339841046,-0.04958799222023909,0.4085480774215094,0.2742351321049451,0.6980474755690561,0.15936665163148797,0.2479231346002867,-0.10251680781935964,0.5709161919239499,-0.2758479122495959,-0.4510044120318563,-0.0648275493925184,0.10712762957758823,0.1539741314278757,0.1539558342845204,-0.5594682843839949,-0.5292550694964318,0.42661927291577856,0.18004778329660692,-0.4141427164306438,-0.13417639372854806,-0.4141427164306438,0.09998137740451774,1.0,0.2354273042898091,0.6271573109895758,0.40107464927109493,0.1298539242240407,0.39815785972557066,0.5811596983308199,-0.1874162097644367,-0.49828406805813613,-0.150524616233839,0.12762879235436742,0.11420785287367426,0.12830399177269858,-0.515973615147555,-0.44192610539154464,0.33589392973410565,0.17245030536387146,0.11105695331008317,-0.37340533751840876,-0.4517371560444455,0.012307387924902432,0.4328363871791377,0.43551688846730274,0.47039797574958037,0.29900308920045887,0.03669188176000298,-0.12135809748352895,0.5563503669291843,-0.15091494353607385,-0.5163530315544314,-0.07717741382165232,0.12692599492413073,0.10009203006359585,-0.02603436409346739,-0.3375422914319957,-0.6276612533739628,0.2524294478981898,0.10959012223065882
0.14921315612486263,0.3056747410340722,0.1898846267687236,0.33306074335932473,0.14431634028334445,-0.04529539589747312,0.22382159061675766,-0.05302524026380646,0.08431117762915731,0.12009791648000942,0.5552734233039625,-0.1759099581367362,0.3410519054642591,0.331779636812692,0.33294934571906454,0.5083462128695962,0.18189524292969309,-0.602823179906373,-0.6839299826990982,-0.08630818082773942,0.03446182198418945,0.007271582661570593,0.4153294627609266,0.007271582661570593,0.35620000745741737,0.2354273042898091,1.0,0.18360816834880367,0.0043423269881978106,0.11274588452229489,0.212173597955461,0.48821559312523916,-0.14803229371607418,0.28995608355154034,0.23658439531551337,0.29183417656085886,0.4600050446914205,0.10606312567081884,-0.5379619477707597,-0.7458052138928056,-0.2120582968841974,0.019247997110817303,-0.06336411439695894,0.48528021917546926,0.02789609233416217,0.2812386160280807,0.05196762532640822,0.2522926077408615,0.12747082026866394,-0.0679700909971631,-0.1809723927731481,0.02435997196342121,0.5654834049839829,-0.10390592305872927,0.3595688765710237,0.3457042576240277,0.2800298230652203,0.45288246827619427,0.060843055148540284,-0.5741512937489123,-0.646308973550672,-0.19852139613561065,0.03350151671461096
-0.05215434759208017,-0.29328412071915594,-0.42002368649394395,-0.027243184915234267,0.287814447314,-0.011802819737484873,0.579552687431365,-0.1909598003490402,-0.21644657622814512,-0.4177799360152337,0.3852606543370126,-0.3269780004286065,-0.12740208363909117,0.0976189748419573,-0.010773063880828292,0.15864775749459903,0.46002153006692975,-0.40213343073241226,-0.26488732808880117,0.10560091017300201,0.16245691005508361,-0.3808213643578573,-0.07838974778188047,-0.3808213643578573,0.3570892580383994,0.6271573109895758,0.18360816834880367,1.0,0.1528589836212148,-0.32558529490638166,0.2530796946457635,0.6111548735084121,-0.17543627634146258,-0.06742932925128681,0.06063536610699423,0.03380430255833735,0.19198867472297704,0.524507622536888,-0.26130782576297445,-0.20418232596302271,0.0956414469191819,0.2731382466504914,0.06647951872094648,-0.1569440852269651,-0.3005447067636432,0.37124148239379134,0.6368713975963491,0.30965603906522216,0.8023346746989999,0.13253815162550486,-0.26887681655878015,-0.21840279009811225,0.5398926847953606,-0.012678483706535897,-0.07739972640194852,0.19112479139478034,0.09100809701822286,0.3023349598358268,0.4764066789811256,-0.12296677768813233,-0.3337377015536438,0.06323835325092232,0.30132571332670904
0.4684270822726703,-0.32153206116940447,-0.20988833486005137,0.3693138387332871,0.07752856149680627,0.4053975701963089,0.46199899105100173,0.813273066723711,0.2996803062847389,0.04803665203282646,0.13694191710391704,0.12438090832817925,-0.3493578586184794,-0.2489700371719717,0.14157400857916172,-0.403635506454449,-0.09621992247698781,-0.0965855675731198,-0.06555210862658445,0.3877724361116501,-0.09988276545504123,-0.4501283694089912,-0.0005061537821750323,-0.4501283694089912,0.20673554647095865,0.40107464927109493,0.0043423269881978106,0.1528589836212148,1.0,0.1481275283088059,0.3488462324966513,0.15445787573312952,0.22310816323622176,-0.3884633146772537,-0.31236357197624426,0.2596112790621725,-0.36798827778250753,-0.1082709509187814,0.01964062639800859,0.07313986011314821,0.4139869312951088,-0.14955539283532493,0.21496302874834095,-0.35274630536200746,-0.33137947925254735,0.2291718400533056,0.042874282024856276,0.5033193839432731,0.16414454041991158,0.9581642116414358,0.05649247762667212,0.03491075126213824,0.10761770345144317,0.22743388572806772,-0.25401953876548033,-0.264363288825551,0.13056940501223144,-0.4091412226077243,-0.1699886818734462,0.036185127491573855,-0.18187223042329514,0.3356528838035483,-0.14225570592511186
0.4025203374022112,-0.22001450122853916,0.010302154114455052,-0.1814625120063279,-0.14613802164996795,0.09046895542849362,-0.04229572083261181,0.1688165323696909,0.5160952103200668,0.3314583983905119,-0.058831423423391274,0.2341075946966085,-0.34495517682554927,-0.4117890568915535,-0.10470043005960034,-0.06288586783464307,-0.5494882136074225,-0.174690367001445,-0.41216544655929416,-0.02729204148560102,-0.2939721631377225,0.1291012798880768,-0.306974673588404,0.1291012798880768,-0.364368380745208,0.1298539242240407,0.11274588452229489,-0.32558529490638166,0.1481275283088059,1.0,0.36128567168533354,-0.06514397574639043,0.2823862596970642,-0.4303607984899548,-0.389037284583197,-0.07174342716862622,-0.07638344586189849,-0.6062472528110379,-0.17847011712117766,-0.3305021445344668,-0.11575482286830056,-0.314857110713182,0.17618578281225628,-0.21823953417965633,-0.022025644651655345,-0.3753770575170349,-0.4611074666163449,-0.019307942582481995,-0.36945726573318804,0.10423296043914178,0.4362834326731087,0.22086717074643908,-0.13249897668672986,0.2037746207289695,-0.438415831551219,-0.4090590717885174,-0.13491501964640978,-0.3046077133694786,-0.6155082172449207,-0.02338018196185915,-0.35254803195664963,-0.06368568504857865,-0.3971125224755176
0.3167394880983867,-0.04997952911366634,0.034495442005582064,0.2892320261406821,0.3442658085450737,-0.005372805426692407,0.6528707809978175,0.2724134209780171,0.5702071852922469,0.5753240004561757,0.3721258420673396,0.3211509684602023,-0.08930801660506685,-0.23097751401505376,-0.2113319594429497,0.22755140273250948,0.10917575782207338,-0.4477334475790065,-0.45404041816404644,0.025007407527288607,0.24038497380190055,0.09824869784887734,-0.07468552660474985,0.09824869784887734,0.36802324975267553,0.39815785972557066,0.212173597955461,0.2530796946457635,0.3488462324966513,0.36128567168533354,1.0,0.21765293625029433,0.37811919415486706,-0.12109671921992725,-0.3119464204472045,-0.1888817760927908,0.23193039808954358,0.13707170758316684,-0.43869206767866553,-0.2711048973934341,-0.12635701466861235,0.29783447504974586,0.17911989291637243,-0.06662736924429305,0.15942608273908052,0.3563771898653187,0.17360558940135468,0.16874740674661987,0.4656116882784713,0.3919132504662918,0.1446127454111837,0.6302102240043138,0.2801992819160696,0.5755553763145456,-0.1921218261827531,-0.21830832996108213,-0.2051813931342743,0.17749037175525628,0.09786524877295459,-0.31513916177542367,-0.5069719832852253,-0.08891184955249103,0.27580676565347023
