Fp1,Fz,F3,F7,FT9,FC5,FC1,C3,T7,TP9,CP5,CP1,Pz,P3,P7,O1,Oz,P8,TP10,CP6,CP2,C4,T8,FT10,FC6,FC2,F4,F8,Fp2,AF7,AF3,AFz,F1,F5,FT7,FC3,FCz,C1,C5,TP7,CP3,P1,P5,PO7,PO3,POz,PO4,PO8,P6,P2,CPz,CP4,TP8,FC4,FT8,F6,F2,AF4,AF8,O2,P4,C6,C2
1.0,-0.519162593338293,-0.38465374082410514,0.18146192642116846,0.11742407368213606,-0.12892996684680996,-0.3106883201061265,-0.29132511239859676,-0.2237421987326788,0.38990565979872505,0.5831131521871384,-0.22382559377046232,0.1910684771066963,0.010352315212024295,0.041858501214157316,-0.21027284969695698,0.5921493848906546,-0.31527614576273677,0.11821609096836982,0.3264363525298008,-0.11935515070810795,-0.2610092704677434,-0.5494416244359756,-0.2610092704677434,0.15410936059732153,0.10377661065199031,-0.07307098324064185,-0.13455070105002384,-0.25573924705549766,-0.20246448507089435,0.25738823788424897,0.50009012024665,-0.23562983886500985,0.15282021843991672,0.06231474324643735,-0.018900676359409917,-0.34792284478676166,0.24460709475094208,-0.2954255811194927,0.12805296379895523,0.38668452895206457,-0.2639916017398053,0.8550567963389114,-0.5241546896442753,-0.1809693357697614,0.15438572597077704,0.14717532159368032,-0.05289064675316003,-0.19631290442846058,-0.20696031263194567,-0.1706876609185481,0.5276344766461142,0.5330164561288538,-0.1841644471998387,0.18471805351078435,0.08445711461273772,-0.23174541748200955,-0.2528355252085431,0.12840816971053684,-0.3053086820875276,0.0905447767436562,0.43232622986250874,-0.1765884670731698
-0.519162593338293,1.0,0.5468747393979899,0.11672199977447992,-0.6352157958192192,0.4317832121116074,0.5645887208102177,-0.06814734518266219,0.6589624783050266,-0.16285064385683934,-0.45550685965554366,0.429384498407972,-0.07215903443893615,-0.07824254227516082,-0.42740439921195733,0.21662589208975036,-0.2478310821086835,0.7635376827621524,-0.4295366867636014,-0.5905402465481199,0.029637641408833047,0.43061982987890857,0.8972332312333302,0.43061982987890857,0.19795679325392032,-0.511396627191027,0.3664853273163769,0.4041878036516811,-0.05443768268955331,0.6589102322738696,-0.07349389939672454,-0.5586513595934698,0.41151451290798513,-0.07353646342632016,-0.22101388230796878,-0.33291443063169507,0.231472763097205,0.11239609649104214,0.7104651420956408,-0.39264586401279256,-0.5497942959100526,0.1617704267776814,-0.4339325535153159,0.9604484358089896,0.39184794951563856,0.21319310087454493,-0.46163683700872027,0.41309658390753917,0.45141719009125764,-0.10321081799041631,0.6082407046306727,-0.30726847857436096,-0.6342259327749137,0.39174686258114993,-0.012156061384850023,-0.38788460376713657,-0.21795804739651523,0.17837651866832327,0.17451417581296655,0.7072294860650742,-0.4046959943881702,-0.6503900929433415,0.1746062183728459
-0.38465374082410514,0.5468747393979899,1.0,0.16070066454956541,-0.1549688082481785,0.004226486123502481,0.028351410093732092,0.12184749872487131,0.10731560998112366,-0.3754047384015764,-0.08591652484234143,0.42312518302763613,-0.39755565346229776,0.3760698592965756,0.051224416072724634,0.33087982802254723,-0.07582241809178009,0.38458410825461475,0.08946134758832128,-0.20655143319877417,-0.2130875445714482,0.911834167296103,0.3721365358471006,0.911834167296103,0.379751606719536,0.05127050786802464,0.11203082989718006,-0.026379511542662805,0.19997918646102364,0.23275059290178976,-0.2064998330114043,-0.20621679336781126,0.3842137706829055,-0.3255426796163067,0.3607383693116051,0.13053365613030962,0.3932744951364489,-0.04410390232736547,0.3636554087681932,0.14067704411551557,-0.2444455595120466,-0.1647602045969468,-0.17454614330567725,0.3789811668666031,0.854933394726567,0.27284077317314526,-0.05820433579877555,-0.06234622768946163,-0.05922598295785799,0.11208304221163283,0.2274648370974562,-0.5426620276394007,-0.1337413168080322,0.40521187400517844,-0.39963677176950935,0.26335639943298933,0.19929784941459666,0.34270484899435344,-0.0539911868052531,0.3442827119880701,0.12611585617093776,-0.21401372773141022,-0.16943044876367844
0.18146192642116846,0.11672199977447992,0.16070066454956541,1.0,-0.35809877233290854,-0.3035304967197171,-0.22369739628749402,-0.1337992382475539,0.01592145796619933,-0.23184754858635273,0.06270824583049753,0.5235010925707783,-0.2830854268884928,0.4179423736827331,-0.18259536120308986,0.3955665283228701,0.37900223475033984,-0.05566135220935763,0.03604895826665473,-0.01940608871254172,-0.5100338893740525,0.16915656361132098,0.004474529679330174,0.16915656361132098,0.8417109632433522,-0.4196660918588855,-0.31377640676645885,-0.25302574827704305,-0.1968429138093192,0.10886240231928514,-0.3688285270340479,0.016583503824309894,0.4686336084089191,-0.24893897145637128,0.32654653615072254,-0.2697181467761004,0.2510740555496232,0.40891822220210555,-0.07511842468227962,0.06582902510748206,-0.00774484922812691,-0.41019919386544806,0.14265759454521146,0.0584236050316134,0.07913494347563442,0.9298327706370513,-0.3879104724036639,-0.2882098185526215,-0.23732140048517392,-0.14421356990498285,0.13748904830336847,-0.1944756658958672,-0.07874765943696518,0.46396159508704427,-0.015611459236162589,0.24467387750225328,-0.36222735782240645,0.3146763010696771,0.22808064158911331,-0.0939553079001666,0.06650720910944624,-0.1095749366472542,-0.2917382243628722
0.11742407368213606,-0.6352157958192192,-0.1549688082481785,-0.35809877233290854,1.0,-0.5167375416375249,-0.41621654049092,0.2002769596023561,-0.5251734128864106,0.11687294818920477,0.5157645563408054,-0.2709538300803187,0.06487683468114655,0.22786685523695407,0.8513518547475941,-0.2512795661017477,-0.2569882668590662,-0.656529459733158,0.7035448048282099,0.5793185675414573,0.19740869917078796,0.06632683833529346,-0.4853700472965856,0.06632683833529346,-0.24896550155733296,0.8082761447333368,-0.35745083775604336,-0.15449492979286897,0.42303400647482375,-0.4901552539081282,0.0817063362660608,0.6731984206100516,-0.19941051836012602,0.07091307100804216,0.33596567245560083,0.8367945726381851,-0.2689185417875946,-0.564903195549862,-0.6248027338607521,0.6658006344375159,0.4452748360839584,0.02778802829244871,0.1631279510309449,-0.6518193966272643,0.0719539455036649,-0.30542663005227566,0.9047577639277388,-0.5188563524651496,-0.4100397253940405,0.23399709165116278,-0.446491192162476,-0.024737675897684677,0.6244405658721122,-0.2390652191680405,0.1500545490704841,0.32614212863806996,0.7748511206986796,-0.2886806944708875,-0.31540571958285385,-0.6602351094257694,0.7130618066666571,0.6183517878433735,-0.10735557076569593
-0.12892996684680996,0.4317832121116074,0.004226486123502481,-0.3035304967197171,-0.5167375416375249,1.0,0.7492993873207192,-0.01967504292154227,0.5613946584423651,0.308701409005953,-0.4967283907609067,-0.17308895752186348,0.22559152310768926,-0.6500229786721932,-0.5913776130433506,0.05890542340612549,0.11281239531813607,0.7172291554111697,-0.7965364660545741,-0.4677569458161909,0.30891930654455624,-0.1228352219812035,0.38195717735593887,-0.1228352219812035,-0.2759758621188045,-0.26664443587971215,0.9130209171458828,0.5871457234529819,-0.04456740322884106,0.5278902248736411,0.2867407625760922,-0.5280837967205319,-0.20432664911378404,0.21758712741313346,-0.6399771769816744,-0.5008395755064976,0.11567225279132085,0.3254561394513533,0.7664191279450718,-0.7915619651596365,-0.34578581853417756,0.2844563822458499,-0.2188777884253805,0.49169869679727374,-0.04629402312086826,-0.3065202431098014,-0.3567670723732952,0.980461284477739,0.7595524321454602,0.005918776125372029,0.47854683589417235,0.36214845789988825,-0.5213480797043659,-0.17189212901895365,0.025195678792946978,-0.5346762524313842,-0.4737027096372949,0.14029203228487258,0.1740895034047697,0.7431681282096155,-0.7831175140203684,-0.470635239265862,0.3143591376250296
-0.3106883201061265,0.5645887208102177,0.028351410093732092,-0.22369739628749402,-0.41621654049092,0.7492993873207192,1.0,-0.2564019584474868,0.821325320399605,0.2966292258343905,-0.5991753813504281,-0.10362477205046072,0.38847109108276334,-0.3959396853597728,-0.31515448631242704,0.051099222778863536,-0.21920007451928314,0.7851265308766273,-0.6071859359891051,-0.4610623860363196,0.36442691423092777,-0.051517660660437704,0.6074576354125154,-0.051517660660437704,-0.2265617744252397,-0.14122736855890064,0.6997298702940878,0.8668249497825107,-0.1502606960569853,0.7980042383322538,0.28376680203833193,-0.6106411802064405,-0.05100327214251669,0.3907043415104138,-0.5370406456721031,-0.22239171947091213,0.09310201560280633,0.03237590590676587,0.7885788361445766,-0.6099774573825244,-0.38992142998610413,0.3455335293630906,-0.3587229210787646,0.6505167472244204,0.054784310488847444,-0.15380196518023093,-0.20623056499976017,0.7594754442629511,0.9553853429924074,-0.22714591714164115,0.767826335073672,0.32015270811131086,-0.6409308719416535,-0.14531561274128704,0.16717287423427055,-0.6919535416671648,-0.22861600388903228,0.10128434935395036,-0.043245932239675544,0.742160939288282,-0.6195460755831086,-0.4975995796269613,0.3230371357259414
-0.29132511239859676,-0.06814734518266219,0.12184749872487131,-0.1337992382475539,0.2002769596023561,-0.01967504292154227,-0.2564019584474868,1.0,-0.18619849300616856,-0.23107979100457374,0.00862007971920888,0.1814257192350409,-0.33562914344380135,0.08777928119988296,0.0691181350491225,-0.07836521115481773,0.13874199887386504,-0.1685063368799998,0.19594000608063242,-0.06396050275353805,0.2964996860397326,0.06465727905071227,-0.14495119509685417,0.06465727905071227,-0.09554849634898394,0.07525417323752945,-0.00533191891828642,-0.26941974802989993,0.8501841006084008,-0.28975027826098027,-0.03408930931708871,0.06764592249384913,0.08358858168945602,-0.27188519812784323,0.23312471223298087,0.035633798114445954,-0.0328126071125934,0.05499971213603971,-0.12638822515739692,0.15449840308642462,-0.18038252653007014,0.39681935980208277,-0.23250360590660257,-0.048994709558039515,0.0120618610736388,-0.2568076759581638,0.12976444836681325,-0.0749162430790915,-0.2851621122688732,0.9758697958929162,-0.17152184560518874,-0.3628900294366837,0.053329375084507774,0.17309584571262368,-0.1008177657931747,0.420405483472205,0.19088109641766282,-0.1376842005907792,0.3807590105226944,-0.0844585512391668,0.18957159373098653,-0.12207442810753137,0.25202263539518516
-0.2237421987326788,0.6589624783050266,0.10731560998112366,0.01592145796619933,-0.5251734128864106,0.5613946584423651,0.821325320399605,-0.18619849300616856,1.0,0.224883509619685,-0.5026056642583766,0.21963763881179563,0.35590933512341993,-0.27901546299362745,-0.37247822638019623,0.19104831910427045,-0.0012215336762826743,0.7713427369879061,-0.5335534524503607,-0.4952505164931861,0.3367041114182902,-0.006703943158615036,0.6860652509094534,-0.006703943158615036,0.0009010142517319495,-0.2720444209391584,0.5047878557182496,0.6825620036487403,-0.10816426226543707,0.9292300205694449,0.13025660945171663,-0.6086780834592317,0.2830317746436471,0.3339578655943394,-0.5190820938933148,-0.35328696342141674,0.18686124126942333,0.3301631440731725,0.7379230222798852,-0.5064357426970445,-0.45655235690274787,0.3011681194910859,-0.24773634574183734,0.7130847744944083,0.06902110989043128,0.09113201434941844,-0.2955028442481994,0.6031500347531729,0.7462861986221735,-0.16419802550659174,0.9346176149503174,0.1939391509499095,-0.6126924190734641,0.18643324745118003,0.09964466776871626,-0.7580192431876513,-0.3834937554087333,0.19894893178181572,0.055852736121073096,0.678828881161993,-0.5342775643490043,-0.5157701140348736,0.3741662687452653
0.38990565979872505,-0.16285064385683934,-0.3754047384015764,-0.23184754858635273,0.11687294818920477,0.308701409005953,0.2966292258343905,-0.23107979100457374,0.224883509619685,1.0,-0.10927284112146013,-0.4234986480559831,0.8053425933789428,-0.20490781163998395,0.03138716207444755,-0.23042549286617334,0.30807957449256407,0.008592958236189979,-0.14828180805731972,0.38093890894537513,0.23585952572166607,-0.36826463054277137,-0.14378431430141986,-0.36826463054277137,-0.3284792433873152,0.11479264986647417,0.2583797470582729,0.28138687539344687,-0.020342315325217034,0.17433356062322378,0.7032864217723378,-0.08143760017583707,-0.42426162958863717,0.727422661350718,-0.28316548377165096,-0.01799209302726376,-0.24988704430466138,0.24102164389249064,-0.009185906148941728,-0.16818724542639407,0.4606700301598565,0.16424495386093083,0.08843828393364198,-0.12358025398808475,-0.351504484478204,-0.2507763076276476,0.1748632962551659,0.37029316693812836,0.2763720849250562,-0.22906187606009906,0.23077256639578086,0.8164668913556743,-0.12501444316301646,-0.4319133988231861,0.5516946081676248,-0.3754338072012081,-0.12198403437965666,-0.18700294698752415,-0.08191102198092429,-0.04335650886902873,-0.13621154896265944,0.35909397439125645,0.21456099542966048
0.5831131521871384,-0.45550685965554366,-0.08591652484234143,0.06270824583049753,0.5157645563408054,-0.4967283907609067,-0.5991753813504281,0.00862007971920888,-0.5026056642583766,-0.10927284112146013,1.0,0.08872752393400338,-0.2693090180864374,0.053517275953243945,0.4248304386676109,-0.052272121039005796,0.09549392879387324,-0.5531121404236331,0.5134130237287327,0.21472108587440533,-0.10593698712149188,0.1925758294108321,-0.38612497248426864,0.1925758294108321,0.24308654178796565,0.37764071449700043,-0.3205382394645509,-0.20119522880132387,0.045463794548747535,-0.5378194796720883,-0.035554053058778116,0.9157969668266042,0.10217916322439188,-0.26659136087975044,0.17351572310607727,0.4194772619149988,-0.1711665829472353,-0.2638066642664672,-0.5198782166778548,0.5018964775447045,0.12382678551123917,-0.3127261451546928,0.7798652380359198,-0.49657159831396425,0.15947613194875854,0.15563211479347597,0.5080540553115211,-0.48151360537224386,-0.49673268636252677,0.03587993173972645,-0.4657158497610869,-0.16128726069518182,0.9488030000937433,0.128620400558479,-0.09416837277136234,0.2477504357963972,0.28803945342016923,-0.23416853887719277,-0.10952471713423541,-0.5177827005538779,0.4847995912343672,0.34758089984879414,-0.35745148115071423
-0.22382559377046232,0.429384498407972,0.42312518302763613,0.5235010925707783,-0.2709538300803187,-0.17308895752186348,-0.10362477205046072,0.1814257192350409,0.21963763881179563,-0.4234986480559831,0.08872752393400338,1.0,-0.5352235030512229,0.17594455507128745,-0.08678210972832033,0.6965013226379243,0.027589851847304597,0.22643849263756322,0.17259862903676382,-0.4418756063265127,0.04772193629137856,0.3972446328498073,0.34457095604102056,0.3972446328498073,0.6101275034860711,-0.22711128815477322,-0.09743563722052719,-0.05152909097523251,0.23854725267885804,0.18695969214272723,-0.6252727635784435,0.028048248970579167,0.9703349620257008,-0.5021146812809015,0.0656323638355244,-0.10244874905971774,0.5780833827074633,0.12046639143841768,0.22565394509785966,0.1898870179469955,-0.47555588036941104,0.03377918068121102,-0.01115116334468186,0.39063238517932314,0.2843223853255127,0.5753188294832836,-0.23111983008030523,-0.14886620437316142,-0.11531547930463706,0.15223257226657896,0.26368485119839513,-0.6571608691093459,-0.021442062914175993,0.9896725944169408,-0.4139454993786219,-0.028072819067457056,-0.11938087521586895,0.5624205860438392,0.025187331150214248,0.19930683631096002,0.19123804493050364,-0.4508938680562499,0.1041583468031191
0.1910684771066963,-0.07215903443893615,-0.39755565346229776,-0.2830854268884928,0.06487683468114655,0.22559152310768926,0.38847109108276334,-0.33562914344380135,0.35590933512341993,0.8053425933789428,-0.2693090180864374,-0.5352235030512229,1.0,-0.24609892294014532,-0.006569526318329798,-0.3910812877780428,0.09301181352025706,0.05458259385555262,-0.2806978798656225,0.21057701826843805,0.20094910414814232,-0.40906904713333175,0.07704329485534356,-0.40906904713333175,-0.3026342060161528,0.07929027071934697,0.19466646492232417,0.3529328389513672,-0.11051930119049459,0.318123977253837,0.5058330618202935,-0.2260290694764707,-0.44977977311857287,0.9604859120363519,-0.36153271775941037,-0.04399696933375326,-0.40886916321011857,0.22677540674946567,0.022256408110614186,-0.30877981120755665,0.2490346002492287,0.15883423309771502,-0.052465330938856296,0.014307658720987658,-0.347601271397128,-0.2162358557451192,0.14184364787959158,0.2894355975768289,0.396182365304139,-0.31240410306542826,0.34942420701740706,0.7136236070043903,-0.2550812113815221,-0.5353630898595578,0.6461432385597231,-0.47814626415667555,-0.15654487260896868,-0.3012821936947312,-0.25664038139328454,0.017084301297323766,-0.27747403665085607,0.1845924194463821,0.3057589217207314
0.010352315212024295,-0.07824254227516082,0.3760698592965756,0.4179423736827331,0.22786685523695407,-0.6500229786721932,-0.3959396853597728,0.08777928119988296,-0.27901546299362745,-0.20490781163998395,0.053517275953243945,0.17594455507128745,-0.24609892294014532,1.0,0.532395521266356,-0.03847931475850201,0.09398647114332417,-0.2919962603558864,0.7073259098507227,0.5169875583179588,-0.19683902422900587,0.3883950133512588,-0.2351617912402308,0.3883950133512588,0.3399190479810903,0.12263955296042951,-0.6215150883153965,-0.4038780544458179,0.11828051261487497,-0.1837435665460108,-0.09830942343003696,0.11060589870426568,0.14563616028200188,-0.1787305425186893,0.9385960260071712,0.4543351042086323,-0.06805957966157931,-0.20308584760887255,-0.3625282764723385,0.7351580834904884,0.44491983161480486,-0.06084851305133882,-0.08751410688872893,-0.2147561320370445,0.33231994571725965,0.3136987476655282,0.16729443514003572,-0.6767068266330392,-0.5360882798708007,0.09919692663712876,-0.1624635708439889,-0.22453370322840296,0.05962351371764224,0.12971512855113987,0.0628136648373665,0.6503354010704707,0.4988809026602402,-0.05848306177516107,0.09949688329013827,-0.3833393266158162,0.7180666675067174,0.46197440475252544,-0.17518405828889771
0.041858501214157316,-0.42740439921195733,0.051224416072724634,-0.18259536120308986,0.8513518547475941,-0.5913776130433506,-0.31515448631242704,0.0691181350491225,-0.37247822638019623,0.03138716207444755,0.4248304386676109,-0.08678210972832033,-0.006569526318329798,0.532395521266356,1.0,-0.21252223128876646,-0.30776888136672065,-0.49007246117473746,0.8239060797004225,0.5615243603482288,0.20780079670870635,0.2958646988463147,-0.3368900446114726,0.2958646988463147,-0.036144406861737796,0.6863437961144552,-0.4021442092864332,-0.05608007703917373,0.3272937661637573,-0.33159207190077217,0.02547502415932228,0.5491017112905114,0.001728160869241697,0.06085746999612805,0.5337154843037003,0.9693553327285617,-0.2499326526752799,-0.6695290099287986,-0.5086613610129785,0.8016328423700934,0.40440368154825496,0.12598215520584466,0.11604861448805043,-0.4568207705341608,0.2956468493999469,-0.1529176886897432,0.8723387715896729,-0.62804798990791,-0.3750768519191605,0.10813839272055345,-0.2937739921625705,-0.12014362311102762,0.5263135113125178,-0.07360176872207648,0.0727190706405939,0.3446458701358244,0.8930432908376502,-0.25197532942245293,-0.4533910568904876,-0.5511814273834431,0.8323846743185291,0.6196193229961904,-0.03027091167907174
-0.21027284969695698,0.21662589208975036,0.33087982802254723,0.3955665283228701,-0.2512795661017477,0.05890542340612549,0.051099222778863536,-0.07836521115481773,0.19104831910427045,-0.23042549286617334,-0.052272121039005796,0.6965013226379243,-0.3910812877780428,-0.03847931475850201,-0.21252223128876646,1.0,0.13659587094582396,0.24511086015567668,-0.025012716211200946,-0.2497733753797813,0.07182445507739593,0.22793251456031052,0.1860810159250836,0.22793251456031052,0.42102974485733885,-0.019060862899644964,0.09559250361664282,0.06367874134885877,-0.031345705469979765,0.1563984136143055,-0.5380267451589589,-0.055759394180308494,0.6806671333698965,-0.36096825410848504,-0.11483614290129959,-0.21918232497844511,0.9485329455542991,0.23649356438806693,0.2866280749962604,0.01169740052513698,-0.20557668798349682,-0.09947860630935658,-0.09214838418488062,0.13778420396674873,0.09550017106533655,0.4540105897985395,-0.3093983193567377,0.0878336346111427,0.05646262104315698,-0.09318771590277958,0.20372983148044085,-0.37657791622041464,-0.07446655352370511,0.6650317645008466,-0.427829109824647,-0.14304788047501346,-0.24000679390864774,0.9457172646696763,-0.04534841174830954,0.18656911979073418,0.002419027529827268,-0.28300499344317465,0.018385440387749676
0.5921493848906546,-0.2478310821086835,-0.07582241809178009,0.37900223475033984,-0.2569882668590662,0.11281239531813607,-0.21920007451928314,0.13874199887386504,-0.0012215336762826743,0.30807957449256407,0.09549392879387324,0.027589851847304597,0.09301181352025706,0.09398647114332417,-0.30776888136672065,0.13659587094582396,1.0,-0.09540909610937018,-0.1146198073310586,0.15679910891537688,-0.04241019046785721,-0.17259391936529198,-0.3483120495085504,-0.17259391936529198,0.2791266269262209,-0.20266948035551619,0.09792124349748423,-0.21377227116003106,0.011351155411763804,-0.07021684859912229,0.18140085266625816,0.03655648511513093,-0.053050571959251044,0.09720713407168168,0.11477726739520316,-0.4134925733220566,0.09690335198712882,0.7253202133906519,-0.06582530637558776,-0.11115613537840603,0.23336403211098605,-0.062005431025838276,0.38287883066234757,-0.28581384979182356,-0.19341061565339648,0.22143087033826406,-0.26205068784755836,0.15533308003173324,-0.16830489142549931,0.16655137276337453,0.09298604879317293,0.38922232492609743,0.08455826822236377,0.01751478204835288,-0.007012987509937685,0.19039363902220321,-0.46839248643543224,0.16847294554641914,0.4202730462957318,-0.07939701337448905,-0.09530632497789794,0.17055069376384352,0.05971907316626071
-0.31527614576273677,0.7635376827621524,0.38458410825461475,-0.05566135220935763,-0.656529459733158,0.7172291554111697,0.7851265308766273,-0.1685063368799998,0.7713427369879061,0.008592958236189979,-0.5531121404236331,0.22643849263756322,0.05458259385555262,-0.2919962603558864,-0.49007246117473746,0.24511086015567668,-0.09540909610937018,1.0,-0.619939321628373,-0.6702728623918407,0.20022599359681514,0.2453413821741929,0.7053590865907825,0.2453413821741929,0.06419296593000855,-0.24535178436319685,0.7022395356510346,0.5716448026473845,-0.10416200790938308,0.7920878688860294,-0.00047016236389593594,-0.6343824513895654,0.24489499480453855,0.09113667436528555,-0.4024666903069557,-0.3745581471045978,0.278661397249255,0.1444105436057551,0.9862253087102657,-0.5769783521176597,-0.5620849540730528,0.25137754529874934,-0.2507317084114344,0.7858615991996858,0.31382275037239704,0.042186104773827775,-0.39549536973913185,0.7238178857806895,0.7404227263632194,-0.12075825525931747,0.7264613682477682,-0.03202833978689271,-0.6296465789151471,0.21178232709415287,-0.1035832262675359,-0.5222707016156625,-0.3994615970758492,0.27846811474782296,0.08145172502176268,0.970864542292776,-0.6310136641280538,-0.6719545074866079,0.2564301044297791
0.11821609096836982,-0.4295366867636014,0.08946134758832128,0.03604895826665473,0.7035448048282099,-0.7965364660545741,-0.6071859359891051,0.19594000608063242,-0.5335534524503607,-0.14828180805731972,0.5134130237287327,0.17259862903676382,-0.2806978798656225,0.7073259098507227,0.8239060797004225,-0.025012716211200946,-0.1146198073310586,-0.619939321628373,1.0,0.5803881124702762,0.07307260781639939,0.2476478679100227,-0.4476033103910218,0.2476478679100227,0.06777274540243884,0.5247720276222136,-0.6916134045819037,-0.37311712903912775,0.30934031381272337,-0.5444283737820859,-0.1234820496297427,0.6113144806173353,0.17567657769313152,-0.2441384080905197,0.7240289323249488,0.7654416318551287,-0.08963370842974594,-0.522577851825532,-0.6410226544514432,0.9900392797639866,0.45452446951070025,-0.019617283369852526,0.1415634566594757,-0.5192809956162068,0.17642752906938047,0.021136202265774045,0.5705021162346156,-0.7950763227369343,-0.6581659585658725,0.19762578782398893,-0.482376264758059,-0.2759211387671174,0.5765486170164156,0.17203934293594073,0.006202866132375254,0.5271399247669866,0.7699266126454898,-0.13711336685710226,-0.17059131244170067,-0.6666440812981684,0.9848823571416866,0.6143505319090047,-0.1842455467366495
0.3264363525298008,-0.5905402465481199,-0.20655143319877417,-0.01940608871254172,0.5793185675414573,-0.4677569458161909,-0.4610623860363196,-0.06396050275353805,-0.4952505164931861,0.38093890894537513,0.21472108587440533,-0.4418756063265127,0.21057701826843805,0.5169875583179588,0.5615243603482288,-0.2497733753797813,0.15679910891537688,-0.6702728623918407,0.5803881124702762,1.0,-0.1210252830675881,-0.1356019908228602,-0.6482816807604083,-0.1356019908228602,-0.20449170994513238,0.3437887058672825,-0.5210146079100114,-0.4235881981676216,-0.021407818959815684,-0.4493887653942676,0.3521093785864404,0.3162396835874322,-0.46317046025154307,0.18040720529125878,0.535555694423189,0.4436155414457859,-0.24399190887023725,-0.09696271091438931,-0.7135760728750214,0.6040563325715694,0.9648946162988984,-0.1655824127073402,0.05032254933658686,-0.6964221738447233,-0.181957734723081,-0.14226423978630087,0.39018925495074197,-0.48267823983813213,-0.5647529324884754,-0.06714531614262674,-0.4949340964257071,0.3884274398617199,0.278472372356873,-0.45844392436655196,0.37330716257068436,0.42027400558330963,0.4545213326904463,-0.22347266073399216,-0.010859535045926875,-0.7756371803949828,0.609268960320325,0.9642031562344854,-0.22422870081532015
-0.11935515070810795,0.029637641408833047,-0.2130875445714482,-0.5100338893740525,0.19740869917078796,0.30891930654455624,0.36442691423092777,0.2964996860397326,0.3367041114182902,0.23585952572166607,-0.10593698712149188,0.04772193629137856,0.20094910414814232,-0.19683902422900587,0.20780079670870635,0.07182445507739593,-0.04241019046785721,0.20022599359681514,0.07307260781639939,-0.1210252830675881,1.0,-0.22404560007692856,0.1115350484461437,-0.22404560007692856,-0.3560183639254081,0.28373666414238496,0.35173565731912515,0.4724607775704322,0.44372234547269795,0.1339496505799949,0.03439668857827855,0.020930501185953732,0.10772628663764987,0.2548940196492547,-0.23774095669191758,0.19714838271864868,0.024294692225986524,-0.15307644116887173,0.23492458335930944,0.031647218406613706,-0.16495366084473578,0.8737326234089996,-0.16299486832719054,0.1067769286983185,-0.2073867913348685,-0.5233624617446364,0.3201988941819807,0.3231733673344024,0.3331553870306011,0.36329222939629974,0.2388476428058166,0.058654140872372994,-0.03910374445958307,0.06483891190006541,0.10907425986582561,-0.34257101873430584,0.22601460914541205,0.03866473458405946,-0.018771045584916816,0.17609578499768488,0.04534444038770329,-0.09279397287264393,0.7959607349165082
-0.2610092704677434,0.43061982987890857,0.911834167296103,0.16915656361132098,0.06632683833529346,-0.1228352219812035,-0.051517660660437704,0.06465727905071227,-0.006703943158615036,-0.36826463054277137,0.1925758294108321,0.3972446328498073,-0.40906904713333175,0.3883950133512588,0.2958646988463147,0.22793251456031052,-0.17259391936529198,0.2453413821741929,0.2476478679100227,-0.1356019908228602,-0.22404560007692856,1.0,0.35168919339448734,1.0,0.4776653300755168,0.17948301871971986,0.0823407907293359,0.058701751013457454,0.21802028678837543,0.12569614715900035,-0.18669929075823433,0.11240749107981628,0.4019574842408846,-0.30849719261959646,0.40344087830481296,0.39791842112153586,0.24400895546672735,-0.2723043520991243,0.23159338841181337,0.2856518485190219,-0.20456046952143167,-0.21738727629782106,0.022909842933520597,0.29300589312863345,0.9534927559612248,0.32366586590588065,0.2090955063083814,-0.19238129331659234,-0.11061875760033572,0.07878270915364957,0.12960900195606148,-0.5500560984874919,0.13623484812648595,0.38586610301513063,-0.3188565038179768,0.30027047969435366,0.3862487302859032,0.18249152571573365,-0.18232906753879147,0.20917924800532608,0.29253029538373954,-0.09455444255087612,-0.27002734133482115
-0.5494416244359756,0.8972332312333302,0.3721365358471006,0.004474529679330174,-0.4853700472965856,0.38195717735593887,0.6074576354125154,-0.14495119509685417,0.6860652509094534,-0.14378431430141986,-0.38612497248426864,0.34457095604102056,0.07704329485534356,-0.2351617912402308,-0.3368900446114726,0.1860810159250836,-0.3483120495085504,0.7053590865907825,-0.4476033103910218,-0.6482816807604083,0.1115350484461437,0.35168919339448734,1.0,0.3516891933944873,0.17137222919472514,-0.38720905434411795,0.4059435277928239,0.5606382043859788,-0.06526171972056802,0.6508949542339709,-0.11065499474675339,-0.4117011450709739,0.4155428468270521,0.09351851151849161,-0.36860636310786843,-0.21286375773684804,0.20750247870264663,-0.018979427046726945,0.6687243990514791,-0.43534479296094625,-0.6128486885752435,0.1912672470096304,-0.38340895824097937,0.9298963872722142,0.3379861977355032,0.1689360021489608,-0.2895427858899795,0.39248173318842255,0.5516877156619752,-0.15862815917747436,0.6454862799562009,-0.28037602287643887,-0.5215915261499192,0.3145601184157935,0.04494923328703343,-0.5051528258433694,-0.15922830610877406,0.15201819915617124,0.01441595551395007,0.666204448967989,-0.41218547997964816,-0.6704569112812969,0.21477686463928833
-0.2610092704677434,0.43061982987890857,0.911834167296103,0.16915656361132098,0.06632683833529346,-0.1228352219812035,-0.051517660660437704,0.06465727905071227,-0.006703943158615036,-0.36826463054277137,0.1925758294108321,0.3972446328498073,-0.40906904713333175,0.3883950133512588,0.2958646988463147,0.22793251456031052,-0.17259391936529198,0.2453413821741929,0.2476478679100227,-0.1356019908228602,-0.22404560007692856,1.0,0.3516891933944873,1.0,0.4776653300755168,0.17948301871971986,0.0823407907293359,0.058701751013457454,0.21802028678837543,0.12569614715900035,-0.18669929075823433,0.11240749107981628,0.4019574842408846,-0.30849719261959646,0.40344087830481296,0.39791842112153586,0.24400895546672735,-0.2723043520991243,0.23159338841181337,0.2856518485190219,-0.20456046952143167,-0.21738727629782106,0.022909842933520597,0.29300589312863345,0.9534927559612248,0.32366586590588065,0.2090955063083814,-0.19238129331659234,-0.11061875760033572,0.07878270915364957,0.12960900195606148,-0.5500560984874919,0.13623484812648595,0.38586610301513063,-0.3188565038179768,0.30027047969435366,0.3862487302859032,0.18249152571573365,-0.18232906753879147,0.20917924800532608,0.29253029538373954,-0.09455444255087612,-0.27002734133482115
0.15410936059732153,0.19795679325392032,0.379751606719536,0.8417109632433522,-0.24896550155733296,-0.2759758621188045,-0.2265617744252397,-0.09554849634898394,0.0009010142517319495,-0.3284792433873152,0.24308654178796565,0.6101275034860711,-0.3026342060161528,0.3399190479810903,-0.036144406861737796,0.42102974485733885,0.2791266269262209,0.06419296593000855,0.06777274540243884,-0.20449170994513238,-0.3560183639254081,0.4776653300755168,0.17137222919472514,0.4776653300755168,1.0,-0.23077186407328673,-0.1017304857209562,-0.1106629032246186,-0.004806645370856846,0.09943606008396337,-0.5254748935894782,0.20959886940269604,0.6154183871291131,-0.17285021267751474,0.30571158971791046,-0.05868053497083415,0.24612347585904581,0.2375458363828036,0.0632736546956874,0.09111217487728551,-0.225076781877608,-0.29746167800897455,0.3083862167887367,0.15779849400553728,0.39771496373999954,0.9032464958464017,-0.1503950508933243,-0.27520421825003233,-0.18419383087127897,-0.04842767918427244,0.15462550983767503,-0.41426529770514636,0.12696597469835877,0.5832005637431442,-0.10784227612963562,0.27029687969691757,-0.23274971250098941,0.3244178654249501,-0.0074733299986794715,0.05231946817004568,0.10303430572777701,-0.2194921609756911,-0.1376551085625141
0.10377661065199031,-0.511396627191027,0.05127050786802464,-0.4196660918588855,0.8082761447333368,-0.26664443587971215,-0.14122736855890064,0.07525417323752945,-0.2720444209391584,0.11479264986647417,0.37764071449700043,-0.22711128815477322,0.07929027071934697,0.12263955296042951,0.6863437961144552,-0.019060862899644964,-0.20266948035551619,-0.24535178436319685,0.5247720276222136,0.3437887058672825,0.28373666414238496,0.17948301871971986,-0.38720905434411795,0.17948301871971986,-0.23077186407328673,1.0,-0.09217208166196486,0.043260342026842834,0.33737119989687,-0.23195841976101944,0.044272561549303535,0.4757723955220701,-0.1461466575765042,0.1231632510543111,0.20542198248207574,0.7195797796849962,-0.023683051033408176,-0.5026169655205291,-0.19645461594785302,0.5140080185605743,0.2604666880970779,0.01148242854476908,0.18583911498237352,-0.5536065883021073,0.21630620831971364,-0.2810170752187728,0.792055022629768,-0.2484945268565115,-0.11559643641769103,0.15614754889811358,-0.20191725942133493,-0.01947112043649969,0.5113960646431285,-0.19882149064618931,0.02010604038252235,0.13061296662687003,0.5922202596369377,-0.04681320213282692,-0.38455024085226247,-0.24865850303938183,0.4875157178901057,0.40466595222198454,-0.12386678007564457
-0.07307098324064185,0.3664853273163769,0.11203082989718006,-0.31377640676645885,-0.35745083775604336,0.9130209171458828,0.6997298702940878,-0.00533191891828642,0.5047878557182496,0.2583797470582729,-0.3205382394645509,-0.09743563722052719,0.19466646492232417,-0.6215150883153965,-0.4021442092864332,0.09559250361664282,0.09792124349748423,0.7022395356510346,-0.6916134045819037,-0.5210146079100114,0.35173565731912515,0.0823407907293359,0.4059435277928239,0.0823407907293359,-0.1017304857209562,-0.09217208166196486,1.0,0.6723119559843884,0.10122193931467129,0.5052785576250945,0.18348427453383126,-0.32057377670104986,-0.07513027595877468,0.2528332939004296,-0.5706938087830296,-0.27703926491662456,0.132694988439878,0.1856743242965888,0.7710665828685047,-0.6975270728941692,-0.4229374402378736,0.2999149089628212,-0.017683613356664577,0.4567514429182087,0.19072641691759928,-0.2426644610914141,-0.12259784154755637,0.8985291900110801,0.7669008748644756,0.06698525017802215,0.5024550576594323,0.25775914568870084,-0.3126126085597255,-0.08067552380123949,-0.07114733599774432,-0.4267723750483153,-0.34519571119892556,0.17747184230227478,-0.000536749550455036,0.7433547581343374,-0.6640836156061926,-0.4692954249267496,0.35794388190032744
-0.13455070105002384,0.4041878036516811,-0.026379511542662805,-0.25302574827704305,-0.15449492979286897,0.5871457234529819,0.8668249497825107,-0.26941974802989993,0.6825620036487403,0.28138687539344687,-0.20119522880132387,-0.05152909097523251,0.3529328389513672,-0.4038780544458179,-0.05608007703917373,0.06367874134885877,-0.21377227116003106,0.5716448026473845,-0.37311712903912775,-0.4235881981676216,0.4724607775704322,0.058701751013457454,0.5606382043859788,0.058701751013457454,-0.1106629032246186,0.043260342026842834,0.6723119559843884,1.0,-0.08050368109572362,0.6069697072389596,0.24777750676421076,-0.184975852501365,0.044658221522464306,0.39270560655104436,-0.504311912090046,0.056972251793624466,0.044419693557043304,-0.1601285852536115,0.6071254404029558,-0.4054231887215213,-0.39958411343660405,0.32479031050289076,-0.07802441670369002,0.5091780584328591,0.15792639831136682,-0.11637003040790145,0.07705978785949985,0.6076008984968958,0.8902521372090245,-0.2178955582537964,0.6594054601685625,0.275429670029112,-0.23376781660449414,-0.08303057934055953,0.16148579232362684,-0.6526523397359247,-0.011874097823088944,0.04066104159158449,-0.2061300283518939,0.5468437580990393,-0.38314746618217216,-0.38602833933101705,0.2925948595209936
-0.25573924705549766,-0.05443768268955331,0.19997918646102364,-0.1968429138093192,0.42303400647482375,-0.04456740322884106,-0.1502606960569853,0.8501841006084008,-0.10816426226543707,-0.020342315325217034,0.045463794548747535,0.23854725267885804,-0.11051930119049459,0.11828051261487497,0.3272937661637573,-0.031345705469979765,0.011351155411763804,-0.10416200790938308,0.30934031381272337,-0.021407818959815684,0.44372234547269795,0.21802028678837543,-0.06526171972056802,0.21802028678837543,-0.004806645370856846,0.33737119989687,0.10122193931467129,-0.08050368109572362,1.0,-0.13752829794498542,-0.09507380925327379,0.17666115513828407,0.20657096241808354,-0.018500013584394324,0.23106905869409006,0.3213553638897051,-0.05620905478147312,-0.08922216123568885,-0.0561890630296097,0.262837274107551,-0.1426520675184832,0.4670550581209603,-0.1708473591852588,-0.022889429996654408,0.19127611451163593,-0.20204321802410227,0.4280517294881889,-0.06745431619246388,-0.16102112416751074,0.8774034017673484,-0.01578623483207772,-0.3291226830453081,0.09396547739722838,0.2495124964657013,0.033987419380441995,0.32882159400901695,0.3480491754504637,-0.08152168965539933,0.08640406758054715,-0.049627281903213354,0.32745519049463356,-0.06412836139366088,0.38962992445753736
-0.20246448507089435,0.6589102322738696,0.23275059290178976,0.10886240231928514,-0.4901552539081282,0.5278902248736411,0.7980042383322538,-0.28975027826098027,0.9292300205694449,0.17433356062322378,-0.5378194796720883,0.18695969214272723,0.318123977253837,-0.1837435665460108,-0.33159207190077217,0.1563984136143055,-0.07021684859912229,0.7920878688860294,-0.5444283737820859,-0.4493887653942676,0.1339496505799949,0.12569614715900035,0.6508949542339709,0.12569614715900035,0.09943606008396337,-0.23195841976101944,0.5052785576250945,0.6069697072389596,-0.13752829794498542,1.0,0.05471567249209675,-0.6325311245579045,0.25603675707447143,0.2948566577999165,-0.401498362928304,-0.29012144863297473,0.1479985413265967,0.29700949221542666,0.7592751988404756,-0.49823040204350927,-0.39541604329086927,0.13082974603938788,-0.22065997992469386,0.6893395756108498,0.24467542249941557,0.2082460753838756,-0.2582146434414378,0.5659287579991242,0.7251444758702298,-0.2424807657966799,0.935629396772713,0.17621418553235382,-0.6566286756731433,0.16457983680276642,0.0826242083569004,-0.6286874845969364,-0.36806345511311483,0.21205191797123443,0.02139985691573191,0.693416907005326,-0.5209439902502058,-0.48156162492145066,0.2387521543497308
0.25738823788424897,-0.07349389939672454,-0.2064998330114043,-0.3688285270340479,0.0817063362660608,0.2867407625760922,0.28376680203833193,-0.03408930931708871,0.13025660945171663,0.7032864217723378,-0.035554053058778116,-0.6252727635784435,0.5058330618202935,-0.09830942343003696,0.02547502415932228,-0.5380267451589589,0.18140085266625816,-0.00047016236389593594,-0.1234820496297427,0.3521093785864404,0.03439668857827855,-0.18669929075823433,-0.11065499474675339,-0.18669929075823433,-0.5254748935894782,0.044272561549303535,0.18348427453383126,0.24777750676421076,-0.09507380925327379,0.05471567249209675,1.0,-0.11783953217665817,-0.6734757609172998,0.41474619762032283,-0.10745961850946638,0.026889495448263277,-0.41291274095816394,0.013378220252054639,-0.03895246618615157,-0.13933465880975554,0.3892759748730447,0.0700785842613506,0.05234412542148609,-0.06465504145821843,-0.13684753975272604,-0.4475170997420448,0.14335239932970884,0.2826343687439356,0.21006327992864157,-0.07530050509014714,0.0983089537562952,0.7100616893873782,-0.06245260913772886,-0.6629977213043415,0.3931507165809925,-0.1637282700780541,0.08168668977920658,-0.5190557419287218,0.17428317768713097,-0.024509736318576548,-0.14715931161022716,0.3481570206572817,-0.1027055028903067
