Fp1,Fz,F3,F7,FT9,FC5,FC1,C3,T7,TP9,CP5,CP1,Pz,P3,P7,O1,Oz,P8,TP10,CP6,CP2,C4,T8,FT10,FC6,FC2,F4,F8,Fp2,AF7,AF3,AFz,F1,F5,FT7,FC3,FCz,C1,C5,TP7,CP3,P1,P5,PO7,PO3,POz,PO4,PO8,P6,P2,CPz,CP4,TP8,FC4,FT8,F6,F2,AF4,AF8,O2,P4,C6,C2
1.0,0.309008501910662,0.06662311236105355,0.4451922015138759,0.3152228884200125,0.05402922216664542,0.48584206454560774,0.10485617625731432,0.561644818475697,0.875094261860368,0.5310878609798387,0.42064561052705707,0.014715047188471997,-0.3805380530380808,0.020856985612602904,0.0813311864345785,0.6863167247601968,-0.007978974149649994,0.08802484800428159,0.4740277339595048,-0.09556081901205261,-0.08848712893510832,0.278050452910337,-0.08848712893510832,0.3442130452273265,0.15085259488856267,-0.04207866016174496,0.2940717122990462,0.07678682811972137,0.41902616023752204,0.7806961286215126,0.20498865225863797,0.40200523434428,-0.003218007001814153,-0.4724288215641007,-0.08028179437125407,0.19024048875982344,0.5237688274480071,-0.04503105904225991,0.15608724968420293,0.49078845819586564,-0.1413810899286019,0.7218363025496591,0.17571699672321997,-0.08371266945973095,0.2369676192285963,0.26255730569913777,0.233579203393632,0.2196277243961216,0.10255201530300892,0.6780210168787509,0.8598584839754334,0.5210194281653453,0.49514231403400155,-0.11042075539039053,-0.34745918502897133,0.02642110779491314,0.20466243990859367,0.7075962331049624,-0.013124042725618816,0.07165192872119187,0.4974456690014064,-0.007576116499836339
0.309008501910662,1.0,0.707997849166058,0.5869230334332152,0.026665156471725394,0.3474956159984101,0.5373754520185765,0.25224684365902184,0.4251677268180198,0.22566736238696572,0.049391674716932704,0.056515020775929056,0.376084955407764,0.5800026597186191,-0.11914560442564488,0.5024861078522198,0.41413901569263206,0.5119241762343337,0.540923799980182,-0.23085171009217126,0.04568059958714439,0.6449629012960832,0.4916988162098345,0.6449629012960832,0.44141191776438315,0.04487609176205286,0.07207448109742119,0.48780951429094715,0.17742225340610565,0.41059758155912396,0.16348523798329362,0.07674873206367924,0.040188421907561014,0.37495620191479995,0.48930651843371964,-0.13761291497525557,0.5043951873371253,0.3487070939796401,0.42676154344858497,0.6134603786520213,-0.26144697900632274,0.08370734185685974,0.321887356565924,0.8306936537594862,0.6623732552065795,0.4154687084892758,0.3748408524774431,0.3525723979364866,0.5156033066747504,0.18786381481381162,0.5432984999027943,0.29134364457761314,0.19427359620637336,0.1171609737390115,0.25457429601111004,0.5975857751953939,0.05503447455734494,0.527897572000245,0.4368723538488093,0.526760610739621,0.41837501629877966,-0.23442034557039726,0.2996155103320357
0.06662311236105355,0.707997849166058,1.0,0.5101774320104984,0.12659896368622575,0.4526082640138384,0.2743177758456357,0.107795851800096,0.1589599924968881,-0.05004196284321428,-0.20247863635913194,0.023477172448984587,0.402429870878483,0.6147944082126651,-0.29555451774685215,0.473100296260842,-0.013651256409250695,0.2830744621588102,0.6064016236857802,-0.6552510084341979,0.07137637023075148,0.8566421710515452,0.016101339525587212,0.8566421710515452,0.375047443080989,0.12837163587427058,0.03160044784682216,0.11951139693492487,0.08687906320030286,0.09082416564219255,-0.1377294037218555,-0.1991695130327298,-0.02001339650353603,0.42691236133387384,0.510545979362321,-0.3083946170395448,0.4560341757192418,-0.0093515047573603,0.23304634535964625,0.5427137784502578,-0.6556578929436229,0.14599571892844146,0.06980810115558041,0.3585289669034996,0.8028939173815355,0.35951434638536733,0.3676167875715716,0.5224076029391475,0.16745171679612394,0.0783209860759481,0.2916316437777194,-0.010492495657691512,-0.042304307173418806,0.0408662356119353,0.338861363431867,0.5674686438202828,-0.1250443882401087,0.49605906485826357,0.04145888759674672,0.26914066020346195,0.5584433499510457,-0.6279646564250335,0.2745393281130977
0.4451922015138759,0.5869230334332152,0.5101774320104984,1.0,0.4032800784563236,0.5508881385253903,0.5367267802490601,0.3511312928065108,0.3455675699058679,0.4465142958889198,0.2862533522934425,0.39899509567428626,0.43969178359707745,0.2298424488764121,0.1302645801367404,0.5192232624640071,0.19247453974068332,0.214674111985785,0.37355039581119004,-0.014325904848414997,0.36633645887072935,0.5444037153831066,0.25514401179726104,0.5444037153831066,0.8463954288486768,0.507726116786959,0.18370902700170158,0.43132561395623314,0.2995282258181841,0.24848656723492116,0.44380980752233384,0.3133907621485061,0.3463881829274006,0.4546044578683853,0.16590178700185632,0.09829037559670578,0.4881425688209997,0.18555175295642867,0.22943085269257896,0.46513223250034696,0.07988666118077709,0.34169481476884,0.3886060034329141,0.4438542659434054,0.5773248482628347,0.8612183156092609,0.48597203491063107,0.604904363006214,0.5258854074191986,0.36041955202723747,0.6462276810743147,0.5281391917578904,0.49639537163899605,0.5278190758312624,0.33948481417829024,0.2923706198167537,0.30121272962211515,0.5630968431455443,0.29936776439413815,0.3439257489476078,0.36840096089184526,0.0682008196296505,0.5521106494482101
0.3152228884200125,0.026665156471725394,0.12659896368622575,0.4032800784563236,1.0,0.569906447191409,-0.03176362025772371,-0.16812295322864876,-0.2861960788024703,0.23654484380172522,0.20373681312627942,0.24595424774079547,-0.07565962740394325,-0.20777560953766455,0.4469000183015872,0.005334814026138283,0.2755673884110137,-0.27276920453657927,0.09294110317074629,0.1926810606419873,-0.14451982731678734,0.04534250955927427,-0.2693797136167377,0.04534250955927427,0.22583615491220474,0.7692008024423466,0.34555229318967295,-0.25248069904281073,-0.17133936488915333,-0.3521022068154995,0.27467577029420337,0.0014991557647345713,0.36322307988034475,-0.05493284465277729,-0.27514001915228675,0.3742467220987748,0.011821718186668476,0.4145480863766937,-0.14742394388950605,0.05184248819010012,0.2792010167146893,-0.213082453714498,0.4281300034313937,-0.2015417883261886,0.012990539212600717,0.224851975616941,0.4924438131503621,0.557688086857669,-0.2019272861963049,-0.0915998762295457,-0.05618991691872589,0.32978597937220383,0.2834148797832341,0.26463087995161155,-0.06980862062542269,-0.1771339188931384,0.49238035394984075,0.12735691775305336,0.3510182376047416,-0.1285033531996007,0.1586139015766384,0.2704106889261934,-0.048608406962876306
0.05402922216664542,0.3474956159984101,0.4526082640138384,0.5508881385253903,0.569906447191409,1.0,0.150806460679145,-0.41000742313983524,-0.2874923916829745,-0.12518368333569196,0.1707622140443692,0.22849957505849278,0.17194085880979706,0.22653210826650808,0.34743603294061765,0.2474655273425656,0.18998878712157183,0.3640604547481427,0.19880243950613863,-0.21967009106327662,0.01238543818565016,0.31155826255758207,-0.1300125488794119,0.31155826255758207,0.2372714704540644,0.5726456471103022,0.5133549543880078,0.04976909041286584,-0.37739656545179484,-0.3362202747881877,-0.1409248642211549,0.1471337249295615,0.261842275999286,0.11280536811103338,0.20767162101299705,0.3240817639584336,0.1465731663933904,0.24204355701528285,0.3556148861070353,0.1374555838867304,-0.09724325648164202,-0.07515305589873589,0.1459160940894679,0.08780793521352424,0.31783481146002274,0.38980947006012046,0.7178166702915062,0.8366636574257073,0.12764460055368315,-0.31126984395739726,0.0021232233966346774,-0.0248604221963889,0.4358982831139314,0.1899709472176356,0.278347918272376,0.2725416717742913,0.4761267080713402,0.3580371905587635,0.23528365146299318,0.4602896319894007,0.27550786068826977,-0.04225747792322255,0.21656563042044488
0.48584206454560774,0.5373754520185765,0.2743177758456357,0.5367267802490601,-0.03176362025772371,0.150806460679145,1.0,0.16084530422424195,0.4124651721270049,0.38435412325515034,0.3395462443879673,0.32064461075650796,0.38257708740893354,0.22758942906445725,-0.1164414880678004,0.6104180361293219,0.2838180865527509,0.29275244588190014,0.3162054985866981,0.17942213525852127,0.3640429084819695,0.2509794640606744,0.6165620490476387,0.2509794640606744,0.6029226538659973,-0.09339080650644198,-0.14602427598780618,0.8284383802474479,0.18807822022548656,0.35433355184377013,0.31076266155561616,0.2783180552441353,0.2541777768810333,0.47607947229494313,0.17179902465168514,-0.13993124857409983,0.5911074843757558,0.21466367905102943,0.14094004500123727,0.3539871636199078,0.1372167340835936,0.25785220074516746,0.1218118654209347,0.5465526022197127,0.3370866288090098,0.5230909694192168,0.15243375355943478,0.21450407595643622,0.8251673494207317,0.1966217304051056,0.6100402416326272,0.44525120678488067,0.4306592513220523,0.49052828993317377,0.17979501757374694,0.26320647349488707,-0.016855791259364147,0.5784614819890843,0.31221289421309695,0.30804266939817493,0.2715917579882343,0.19469418290539595,0.5823530755311209
0.10485617625731432,0.25224684365902184,0.107795851800096,0.3511312928065108,-0.16812295322864876,-0.41000742313983524,0.16084530422424195,1.0,0.4613618465282706,0.4207762245847847,0.07416315457256285,-0.02896362058101735,0.20530038776491907,0.12926834565245354,-0.31826236883341585,0.226946401331617,-0.18712853283756384,-0.06370381220592786,0.27965653115188566,-0.054690878904890966,0.43277785854669054,0.3744711370783743,0.3792877837972233,0.3744711370783743,0.5027697173872855,-0.05977173353230177,-0.1425920725444716,0.2207634511718844,0.8834001008725448,0.4902377951012235,0.49354968169362073,0.24322315589740282,-0.008079256796460599,0.2975829956680222,0.09221002728794261,-0.2839637360627749,0.21667501602979652,-0.15676355912699835,0.021470785654244207,0.4417480242737936,-0.09599426574158881,0.5661439402058841,0.16045758566535023,0.4350709077805771,0.41081275507510473,0.43554342822947173,-0.3817967086613996,-0.30825163814567524,0.23595384890618012,0.9431741441728659,0.4119826621490241,0.3946532699448192,-0.03104904543245232,0.1349782633799308,0.04915831668987068,0.11856614303377842,-0.3070327024354924,0.12798946399452132,-0.11838004296750457,-0.003707333800031032,0.21927198686811925,-0.15570465991991855,0.37678284573746057
0.561644818475697,0.4251677268180198,0.1589599924968881,0.3455675699058679,-0.2861960788024703,-0.2874923916829745,0.4124651721270049,0.4613618465282706,1.0,0.7150134622650232,0.19012445151570465,0.3863205923329595,-0.08132794823473412,-0.1432142438855182,-0.2122322092622807,0.13751790135009562,0.44077218639890886,-0.030502785236035373,0.05199824855990361,0.14561490298603855,-0.05547992886944076,0.18797293368611362,0.38688038098371125,0.18797293368611362,0.2174051298305851,-0.2685192134642384,-0.5159445856782181,0.4243811931286732,0.3030698812504482,0.9073315789725869,0.6378882397023998,0.14480757449274756,0.27977520899641617,-0.04026222315058442,-0.1840243742352562,-0.23537785596016594,0.2693104171082333,0.2760601656990376,-0.11207651939977978,0.21645207087509585,0.08499452131438597,0.0967252195474113,0.3375707059069078,0.3942265951553907,0.18634488301773183,0.11841394648617029,-0.19990278744207504,-0.0127467398677253,0.3849983354185328,0.3266435407048842,0.8712210442388292,0.6571043475862997,0.13149852660478212,0.4465877588100552,-0.1881256907420222,-0.09910107353935353,-0.18738689878260317,0.1733824353301293,0.4454602680414123,-0.03396687103544579,-0.030527519234963635,0.05866910354502685,-0.030926545470263665
0.875094261860368,0.22566736238696572,-0.05004196284321428,0.4465142958889198,0.23654484380172522,-0.12518368333569196,0.38435412325515034,0.4207762245847847,0.7150134622650232,1.0,0.4920429309100931,0.4017380163977937,-0.07336246857615315,-0.4838464706945508,-0.0008868595147810969,0.042772164989643216,0.6018384943220135,-0.1702288150581836,0.11596091540287078,0.4529227865315131,-0.016405867637401178,-0.06105217601926584,0.2668738877834034,-0.06105217601926584,0.3406561794688889,0.1065438853833348,-0.13102267708809004,0.2562720658938469,0.30622904778156135,0.585455322568349,0.968625542641903,0.28389572381674244,0.393102162458477,-0.054982756686546216,-0.5509875217511506,-0.056198882845181604,0.1395758148989252,0.4877889117162121,-0.17532018997355625,0.2549591357774277,0.46490934068883977,-0.000920407105672868,0.6331463205650688,0.17419787446750748,-0.04625884195509383,0.24622323722093536,-0.020760060195287713,0.10514902363022083,0.20714428387396822,0.38922012510972587,0.7291779908034464,0.9638452235446663,0.4100969436469401,0.5053865948880509,-0.20296223482104156,-0.4394249418152654,-0.02927703531865793,0.14097851811823922,0.6497947252646833,-0.11324709607006916,0.12338911510411765,0.4535964265738413,-0.0007975490046564002
0.5310878609798387,0.049391674716932704,-0.20247863635913194,0.2862533522934425,0.20373681312627942,0.1707622140443692,0.3395462443879673,0.07416315457256285,0.19012445151570465,0.4920429309100931,1.0,0.5616726645262183,-0.0932793679526757,-0.33205598984320656,0.18395872431826626,0.37362176701207167,0.3057339742812662,0.3000342203340775,-0.29211971644702084,0.35344745843488623,0.1618321887525525,-0.0836276496105619,0.2636703852872929,-0.0836276496105619,0.15672408976503172,0.3084489340730482,0.32832213058644466,0.3770285351637167,0.07635723219507284,0.15169326499772035,0.475536236421914,0.8808758496050015,0.6365756781414915,-0.10866515626634189,-0.362325016210754,0.10466679392622477,0.3458644988117692,0.32244286637586483,0.21997850425094612,-0.19088793048441913,0.37135347347108405,0.0875834733845993,0.5643858477823527,0.1543844831557566,-0.045929751886484564,0.2728938040010907,0.20832070977771253,0.1591400540690383,0.27372284924777757,0.13380620851803127,0.2565684989010795,0.4653883019783861,0.8808958709187495,0.5408180042191525,-0.16909523420363717,-0.28008236909072043,0.138264195357443,0.40482964327954646,0.35539672815842727,0.33060806678069216,-0.264490068603963,0.41241864718676857,0.19636582425314764
0.42064561052705707,0.056515020775929056,0.023477172448984587,0.39899509567428626,0.24595424774079547,0.22849957505849278,0.32064461075650796,-0.02896362058101735,0.3863205923329595,0.4017380163977937,0.5616726645262183,1.0,0.028107387912493377,-0.3205045395326458,0.4760303178922593,0.3628101197527113,0.23789230573664083,-0.010779754941141733,-0.30786050932027337,0.29850073688085704,0.043555998243506436,0.08911608266005232,0.13111339698636426,0.08911608266005232,0.20320131606444877,0.2907431308872834,-0.06500152693040168,0.28234329008051984,-0.01638932013747185,0.18671431436400995,0.3348083727724918,0.48368369495101315,0.9320128986153065,0.05517062535337941,-0.3514829566543972,0.38057080417941336,0.3951064241652366,0.10723104078804876,-0.0513430170943971,-0.22731161316863266,0.2952288035446038,0.11964246068055005,0.4499424866829719,0.03683547911752318,0.08612952158501212,0.15467587272185424,0.14857228902872419,0.22315185029226325,0.31122601047587584,-0.030471776377074728,0.40516736980470486,0.3785150517445706,0.4922130264502517,0.9432704086639285,-0.04477558058087787,-0.24344601496124088,0.4798562867071855,0.36408216248139214,0.2882056127282277,0.011264734729901074,-0.27391887868053794,0.28748792161548414,0.08607580585603274
0.014715047188471997,0.376084955407764,0.402429870878483,0.43969178359707745,-0.07565962740394325,0.17194085880979706,0.38257708740893354,0.20530038776491907,-0.08132794823473412,-0.07336246857615315,-0.0932793679526757,0.028107387912493377,1.0,0.5793498671759717,0.03475171018253927,0.5589120593630088,-0.26091988827658497,0.38808881069396706,0.5609016688429872,-0.14304087760954243,0.44530169892825344,0.48509505261075814,0.3791264434173189,0.48509505261075814,0.6403583553190897,0.12884194398056595,0.21438390010421327,0.3078875772157141,0.38832886862362376,-0.07164007819191191,-0.061747195129005734,0.08097495644664851,-0.05841607701518824,0.9645210011075424,0.5760276093491415,0.09331535472476864,0.42779837403810206,-0.34704154224070305,0.41461216567417675,0.5317472857963451,-0.12371123254770444,0.33315276122675497,-0.0017743065600063779,0.47410515061121683,0.5656703346099835,0.6139892265740758,0.3099133291512766,0.07317715590751275,0.4431278798085243,0.2530992932164992,0.15639407220217472,-0.0015781192199844094,0.0358196684906534,0.1666068906981358,0.8944248471015159,0.5790031984645343,0.1881402953192304,0.4379943456421706,-0.19634153599679283,0.39011252132114294,0.5278843897488142,-0.06740112543324607,0.6240600830091054
-0.3805380530380808,0.5800026597186191,0.6147944082126651,0.2298424488764121,-0.20777560953766455,0.22653210826650808,0.22758942906445725,0.12926834565245354,-0.1432142438855182,-0.4838464706945508,-0.33205598984320656,-0.3205045395326458,0.5793498671759717,1.0,-0.2080836282656192,0.5418449283045224,-0.2493325831201263,0.4818790845972126,0.5126476194501217,-0.5304172996640033,0.20768670788940072,0.6937246990905138,0.3025932059565589,0.6937246990905138,0.3413577274545472,-0.05978710012967745,0.1243656793159313,0.190717024588619,0.1810914571181193,0.04046757970959058,-0.46860588387804214,-0.11016958790646837,-0.2929886036446126,0.5850490447566743,0.9781044943896516,-0.13253672607584352,0.47858483399595303,-0.15514758266768697,0.512421381330163,0.46999810799093444,-0.5707962958921403,0.1908399493693569,-0.2939989348014122,0.565995624851589,0.7285103853301178,0.4271062533815098,0.21521693519625826,0.17351704235801188,0.2909443296218379,0.10930025847909955,0.004916319872468072,-0.373731767697645,-0.11438029032668415,-0.23921138735163883,0.584650337736353,0.9728478178363922,-0.016269437142229462,0.49190091315585516,-0.2282571905848013,0.5033128251470824,0.36394011507633456,-0.5304136652398909,0.41282904546505655
0.020856985612602904,-0.11914560442564488,-0.29555451774685215,0.1302645801367404,0.4469000183015872,0.34743603294061765,-0.1164414880678004,-0.31826236883341585,-0.2122322092622807,-0.0008868595147810969,0.18395872431826626,0.4760303178922593,0.03475171018253927,-0.2080836282656192,1.0,0.040782945176253596,0.20398877247689332,-0.22928118635444217,-0.21091114374803535,0.5402103753941018,-0.03177530586661931,-0.2889275519593099,-0.02488027763876551,-0.2889275519593099,-0.03797180925887795,0.3964015468472416,0.3174058310133978,-0.17057443416307877,-0.41357564335407476,-0.25854491156063686,0.008426599123927256,0.16729026007996162,0.48481701362267876,-0.03641106143581666,-0.2145193502635021,0.9718072503065431,0.002615668358393311,0.13250535138489883,-0.1774035265920269,-0.1986084958650239,0.508009028837279,-0.1261060576913232,0.13296151715889803,-0.12278499137060932,-0.2598747750967948,0.031413959691412245,0.19998226610376652,0.18856250439341887,-0.06057764690475457,-0.38068883319604147,-0.17185000182667978,0.017005687835884437,0.2049705450811441,0.35503541740834854,0.024058473774148804,-0.1708727838108736,0.9452764473623968,0.08012828390609837,0.19817134554203406,-0.1275204478848248,-0.16257193058291172,0.48528539148134514,-0.03563172640378707
0.0813311864345785,0.5024861078522198,0.473100296260842,0.5192232624640071,0.005334814026138283,0.2474655273425656,0.6104180361293219,0.226946401331617,0.13751790135009562,0.042772164989643216,0.37362176701207167,0.3628101197527113,0.5589120593630088,0.5418449283045224,0.040782945176253596,1.0,-0.031785312095461975,0.36960843712639885,0.3741736317993577,-0.14134505354678556,0.45802253045414326,0.6832878126369777,0.429451763813704,0.6832878126369777,0.5304471919733856,0.21957706635383759,0.16469228148637122,0.531821150353223,0.2663905684826273,0.19074184619611237,0.03312046102858806,0.5091051728526657,0.3706705215511347,0.6162811511292322,0.4988778362747818,0.0675058088373046,0.9304251634364086,0.0674589059357117,0.35355377117308,0.40588068480276474,-0.1350504937321797,0.4589626579551504,0.1532644613869793,0.5293357789868345,0.7398078105081389,0.6193623472850881,0.21297257071327783,0.26910838404832876,0.6054647987959254,0.2577607075161572,0.33037545596957435,0.13041157703073286,0.46251102154660895,0.43779184229057627,0.36793018263908905,0.5743472436618866,0.173983139733003,0.9299023695198261,0.058807511556015865,0.45542237584604056,0.3147261655471341,-0.06784250997663867,0.6625286585475227
0.6863167247601968,0.41413901569263206,-0.013651256409250695,0.19247453974068332,0.2755673884110137,0.18998878712157183,0.2838180865527509,-0.18712853283756384,0.44077218639890886,0.6018384943220135,0.3057339742812662,0.23789230573664083,-0.26091988827658497,-0.2493325831201263,0.20398877247689332,-0.031785312095461975,1.0,0.10283530847255705,0.07430851765106264,0.37102689222890034,-0.3973250667281495,-0.1677757751875763,0.16007249317727537,-0.1677757751875763,-0.02431865012894005,0.08263016639620123,0.08738861077929908,0.169819311716099,-0.27130778685863544,0.4127720152886769,0.5568236325765922,0.0645866404893565,0.31646894466295283,-0.29891978499595473,-0.29267904816615653,0.1556531121581928,0.10086276585077597,0.9006988711999839,0.0980063421866365,0.15772671926718004,0.4619929437152412,-0.40039777738369564,0.5899851426727085,0.23409671916860017,-0.1582429315281419,-0.08522273011703858,0.2578708802229903,0.23719739900480388,0.15059833558075503,-0.18949084679525086,0.48598730320207556,0.6601069534479511,0.39603027560679754,0.2451313699553687,-0.275194503317568,-0.15573189476680077,0.2318321793846939,0.15694437755317123,0.9768824589826735,0.16298802129748755,0.016042046988967388,0.49185685180936994,-0.27745716747340027
-0.007978974149649994,0.5119241762343337,0.2830744621588102,0.214674111985785,-0.27276920453657927,0.3640604547481427,0.29275244588190014,-0.06370381220592786,-0.030502785236035373,-0.1702288150581836,0.3000342203340775,-0.010779754941141733,0.38808881069396706,0.4818790845972126,-0.22928118635444217,0.36960843712639885,0.10283530847255705,1.0,0.1161209324031003,-0.3510165751959705,0.05682567175255905,0.3450702011751903,0.3321214839726826,0.3450702011751903,0.18397898258021989,0.017524414636053365,0.3946280662852319,0.4801183222912943,0.13053658541152444,0.016707977110929265,-0.16562763618109058,0.4472954038597491,-0.0014919022892764056,0.30566092957828384,0.5180161831705746,-0.22310612073898248,0.2772474265792705,0.06720953044488741,0.8972576348899792,0.16351438969735435,-0.2662819000250221,0.011506101447368916,0.16490749371812102,0.6021049707079837,0.3981209925713948,0.27698360357604684,0.45545771596483503,0.14330231285745118,0.4656906912227522,0.04958263660985124,0.1121284661081078,-0.10561168710884157,0.4311290778764967,0.016019172727078583,0.46498966242603645,0.5423711360312216,-0.07568862882112141,0.3425250990783762,0.12623694005711064,0.9419639857118299,0.05684141039244743,-0.18477211862972612,0.2579670618038059
0.08802484800428159,0.540923799980182,0.6064016236857802,0.37355039581119004,0.09294110317074629,0.19880243950613863,0.3162054985866981,0.27965653115188566,0.05199824855990361,0.11596091540287078,-0.29211971644702084,-0.30786050932027337,0.5609016688429872,0.5126476194501217,-0.21091114374803535,0.3741736317993577,0.07430851765106264,0.1161209324031003,1.0,-0.3179894808033138,0.14955009103085282,0.5301280606241139,0.13649008151250402,0.5301280606241139,0.45358386500766523,0.07646106911125307,0.2565054448823296,0.16753228944570955,0.19844457908996915,0.12684054851924664,0.12796937690927354,-0.20560739076257342,-0.3022091776650956,0.602221375116608,0.46269260047951055,-0.10388345034204077,0.3472400945890517,0.13717771254801273,0.1020613945718532,0.9588340555661733,-0.23908310418747403,0.11586078582200945,-0.014651248664604086,0.3700586777224001,0.558552543370583,0.4410007299996544,0.2259097010200732,0.26800527158360266,0.2756416325610183,0.3211434247833626,0.273472365099361,0.22307779561719668,-0.08205694039484172,-0.14458929853160882,0.4470139707217441,0.4919145380422583,-0.053340235727846554,0.4324110506871584,0.14382357593621634,0.24414878362385378,0.9537404273811039,-0.17282706707623466,0.36033644196108405
0.4740277339595048,-0.23085171009217126,-0.6552510084341979,-0.014325904848414997,0.1926810606419873,-0.21967009106327662,0.17942213525852127,-0.054690878904890966,0.14561490298603855,0.4529227865315131,0.35344745843488623,0.29850073688085704,-0.14304087760954243,-0.5304172996640033,0.5402103753941018,-0.14134505354678556,0.37102689222890034,-0.3510165751959705,-0.3179894808033138,1.0,-0.07503679721459032,-0.6237996880555765,0.3591335269114988,-0.6237996880555765,-0.02047203797861062,0.019642797285162023,-0.12372354453139559,0.08972228406494749,-0.10268779611674453,0.08578403478681454,0.44418642771381484,0.18245247938582826,0.26840725449585373,-0.1891608846762991,-0.5327649613400988,0.4785030274348655,-0.05781647175073779,0.2627725332160028,-0.30498791585164986,-0.23804234313061953,0.8817869584462088,-0.15081187058803547,0.2908748429439216,-0.0461570146211561,-0.5756789369900911,-0.025637474296833367,-0.12290929296128132,-0.12838418247080408,0.0630055879816922,-0.09746206936463903,0.15291457964435978,0.4223475326020672,0.26060085269669736,0.30201886532611005,-0.2317419766667017,-0.5045734254739811,0.41846889155564426,-0.08676255329029621,0.3350675812243556,-0.32102886956962495,-0.2920157599102083,0.8400359840503191,-0.1356014227074844
-0.09556081901205261,0.04568059958714439,0.07137637023075148,0.36633645887072935,-0.14451982731678734,0.01238543818565016,0.3640429084819695,0.43277785854669054,-0.05547992886944076,-0.016405867637401178,0.1618321887525525,0.043555998243506436,0.44530169892825344,0.20768670788940072,-0.03177530586661931,0.45802253045414326,-0.3973250667281495,0.05682567175255905,0.14955009103085282,-0.07503679721459032,1.0,0.18309880043385468,0.30660626227106763,0.18309880043385468,0.5890086680385407,-0.0034201488387244905,0.17697271953126129,0.30561633632057295,0.43608759566752636,-0.024816985784366762,0.011941120774083843,0.30362995291001704,0.07748176058719693,0.5146826073347377,0.20144196984481733,0.004212499136406063,0.2730117094504919,-0.4220060347809719,0.0984795621004568,0.16920012231855705,0.0021033748784811492,0.9072029719631995,-0.1341324503788454,0.23231962455821398,0.28736760876818157,0.5530918757391919,-0.1865484353969255,-0.18624745508737053,0.3687670489487814,0.4621803572722026,0.03382686868514746,-0.027580508983569223,0.13811805833000135,0.13769773263676238,0.2577919331508259,0.20229512758249882,-0.06072559557631923,0.2594769248912913,-0.40042959382971133,0.07011544737354994,0.1778157151773437,0.015008966005618062,0.919783226848508
-0.08848712893510832,0.6449629012960832,0.8566421710515452,0.5444037153831066,0.04534250955927427,0.31155826255758207,0.2509794640606744,0.3744711370783743,0.18797293368611362,-0.06105217601926584,-0.0836276496105619,0.08911608266005232,0.48509505261075814,0.6937246990905138,-0.2889275519593099,0.6832878126369777,-0.1677757751875763,0.3450702011751903,0.5301280606241139,-0.6237996880555765,0.18309880043385468,1.0,0.14994862668359898,1.0,0.4533529523747352,0.2361577486698687,0.00019141558426240604,0.21442520688673505,0.40844654239972233,0.20289038705583462,-0.06676948372259309,0.09161777108030725,0.06700929225476902,0.5316368973192888,0.6372935414331696,-0.256860872293065,0.6341842607348543,-0.05648078510398109,0.38775486900724726,0.5392005600855785,-0.6236361752884394,0.33372773240997566,0.10113688030024488,0.49245701522676044,0.9813588453373416,0.5066156034946208,0.25143812578180635,0.3954198546874724,0.29067553381046973,0.3707148520629327,0.3237100601926938,0.012861391003287643,0.04998843473373101,0.15885552277119613,0.4091469007088251,0.6877596694813499,-0.09964691293037409,0.6362650084557914,-0.059338949148610154,0.3953647605404229,0.4744644943096679,-0.6012492875257883,0.3862866784576836
0.278050452910337,0.4916988162098345,0.016101339525587212,0.25514401179726104,-0.2693797136167377,-0.1300125488794119,0.6165620490476387,0.3792877837972233,0.38688038098371125,0.2668738877834034,0.2636703852872929,0.13111339698636426,0.3791264434173189,0.3025932059565589,-0.02488027763876551,0.429451763813704,0.16007249317727537,0.3321214839726826,0.13649008151250402,0.3591335269114988,0.30660626227106763,0.14994862668359898,1.0,0.14994862668359893,0.3253159084509735,-0.3455540374311899,-0.1994143523317808,0.5049866755055139,0.4366114232458809,0.4010268080346436,0.25875863352171125,0.3052565332660097,0.14387652368754297,0.3664985337260591,0.28897690728851594,-0.04881977654219973,0.4508504002488872,0.04389121496914733,0.3601747194943502,0.2679960562340958,0.18879468001849803,0.30736280699308427,0.1492304865660465,0.8048867788255578,0.24084646259348563,0.3354707572017099,-0.18742014939989393,-0.10460490675157078,0.5138476282226632,0.35406039338404316,0.38221436278222193,0.25525219819526934,0.18532576918044474,0.2284559247384336,0.3046118035966088,0.3182248814479202,0.007325365257893369,0.3818177609689255,0.110892479654759,0.28829093643404785,0.028873735412955168,0.2219776295321617,0.38318386479234234
-0.08848712893510832,0.6449629012960832,0.8566421710515452,0.5444037153831066,0.04534250955927427,0.31155826255758207,0.2509794640606744,0.3744711370783743,0.18797293368611362,-0.06105217601926584,-0.0836276496105619,0.08911608266005232,0.48509505261075814,0.6937246990905138,-0.2889275519593099,0.6832878126369777,-0.1677757751875763,0.3450702011751903,0.5301280606241139,-0.6237996880555765,0.18309880043385468,1.0,0.14994862668359893,1.0,0.4533529523747352,0.2361577486698687,0.00019141558426240604,0.21442520688673505,0.40844654239972233,0.20289038705583462,-0.06676948372259309,0.09161777108030725,0.06700929225476902,0.5316368973192888,0.6372935414331696,-0.256860872293065,0.6341842607348543,-0.05648078510398109,0.38775486900724726,0.5392005600855785,-0.6236361752884394,0.33372773240997566,0.10113688030024488,0.49245701522676044,0.9813588453373416,0.5066156034946208,0.25143812578180635,0.3954198546874724,0.29067553381046973,0.3707148520629327,0.3237100601926938,0.012861391003287643,0.04998843473373101,0.15885552277119613,0.4091469007088251,0.6877596694813499,-0.09964691293037409,0.6362650084557914,-0.059338949148610154,0.3953647605404229,0.4744644943096679,-0.6012492875257883,0.3862866784576836
0.3442130452273265,0.44141191776438315,0.375047443080989,0.8463954288486768,0.22583615491220474,0.2372714704540644,0.6029226538659973,0.5027697173872855,0.2174051298305851,0.3406561794688889,0.15672408976503172,0.20320131606444877,0.6403583553190897,0.3413577274545472,-0.03797180925887795,0.5304471919733856,-0.02431865012894005,0.18397898258021989,0.45358386500766523,-0.02047203797861062,0.5890086680385407,0.4533529523747352,0.3253159084509735,0.4533529523747352,1.0,0.34584159784706103,0.17960128489549185,0.487311377368068,0.5270489847603318,0.1959813621291479,0.3768226613569725,0.22662978362213407,0.18004399704021115,0.7081924059952798,0.29236188899668397,-0.037436543240805795,0.4877240240074626,-0.0256767860422172,0.2235105217867546,0.5250662443545662,0.10676146449064063,0.49556664130309447,0.2316935987532107,0.4491522894072137,0.522927232602772,0.9057135273560804,0.3205090119782283,0.2292914177736281,0.6019562854994553,0.5519086095178173,0.5380550186618487,0.44464007291246893,0.34203569215147134,0.4310779639351359,0.49121948382557834,0.3951312328405106,0.13837500941707684,0.4921564652077897,0.07465703945829769,0.29276189149514675,0.39330300828359066,0.09915901909238169,0.7394396198230587
0.15085259488856267,0.04487609176205286,0.12837163587427058,0.507726116786959,0.7692008024423466,0.5726456471103022,-0.09339080650644198,-0.05977173353230177,-0.2685192134642384,0.1065438853833348,0.3084489340730482,0.2907431308872834,0.12884194398056595,-0.05978710012967745,0.3964015468472416,0.21957706635383759,0.08263016639620123,0.017524414636053365,0.07646106911125307,0.019642797285162023,-0.0034201488387244905,0.2361577486698687,-0.3455540374311899,0.2361577486698687,0.34584159784706103,1.0,0.5046074420464417,0.00038576537472436795,-0.028904344871286427,-0.23127307826243323,0.17435317822038887,0.33572617979508423,0.3341985933422141,0.14001240671816706,-0.062436776448316716,0.4006660860106014,0.13013253914687645,0.2718517054699467,0.10810428083042722,0.06832278103036013,0.22354692057306216,-0.014708774492776364,0.5151818823869508,-0.09154655132660748,0.24012163095373107,0.421050617798428,0.7185228321577474,0.4845349209812871,0.060497873619556504,0.04542478669951798,0.05511088893927782,0.24881332876258075,0.4821135123149556,0.3295331121907014,0.07675495630243707,0.026628629673553863,0.5133744461524284,0.2412143112012969,0.2193122992817927,0.21521711320966694,0.14217184124555537,0.22088703296458853,0.14871127113293237
-0.04207866016174496,0.07207448109742119,0.03160044784682216,0.18370902700170158,0.34555229318967295,0.5133549543880078,-0.14602427598780618,-0.1425920725444716,-0.5159445856782181,-0.13102267708809004,0.32832213058644466,-0.06500152693040168,0.21438390010421327,0.1243656793159313,0.3174058310133978,0.16469228148637122,0.08738861077929908,0.3946280662852319,0.2565054448823296,-0.12372354453139559,0.17697271953126129,0.00019141558426240604,-0.1994143523317808,0.00019141558426240604,0.17960128489549185,0.5046074420464417,1.0,-0.07561551421293781,-0.16299229683054586,-0.41494673555748746,-0.05244253528106176,0.38515732351809384,0.09862099333868261,0.14583739082177324,0.1261098002818677,0.3471799280178465,0.06240330974947538,0.18326374024367084,0.39895687003235314,0.24513907800732207,0.11878320260785047,0.009509200597003619,0.2304826249762665,0.032369542057665596,0.03367499081024086,0.30082206473099193,0.5128859294438373,0.203165129000204,-0.00847060043785262,-0.009511926840002837,-0.28813642172460346,-0.04126506814022661,0.4729732586109967,-0.0842649351145601,0.2574462586100826,0.16675058230711517,0.3801856160856658,0.24474417088570444,0.13466138701790678,0.5201480784425553,0.2630450649791833,0.17689515420011442,0.24766219683095028
0.2940717122990462,0.48780951429094715,0.11951139693492487,0.43132561395623314,-0.25248069904281073,0.04976909041286584,0.8284383802474479,0.2207634511718844,0.4243811931286732,0.2562720658938469,0.3770285351637167,0.28234329008051984,0.3078875772157141,0.190717024588619,-0.17057443416307877,0.531821150353223,0.169819311716099,0.4801183222912943,0.16753228944570955,0.08972228406494749,0.30561633632057295,0.21442520688673505,0.5049866755055139,0.21442520688673505,0.487311377368068,0.00038576537472436795,-0.07561551421293781,1.0,0.2334796594164171,0.4308031201398949,0.21057520447399095,0.48845444460553283,0.1570763588933645,0.40339184023905766,0.19728958955674467,-0.14791558726729798,0.4582317055139063,0.13138849058854096,0.24706888419309622,0.2513309963235798,0.11356185324781483,0.2711458304729616,0.16905745313610954,0.592922365242721,0.31203036164365244,0.43420291957707247,0.24696435806706785,0.020838289486401453,0.9608231942057116,0.264802233849315,0.603731965538457,0.33076140759425054,0.47566053385929946,0.4342638742893402,0.08218468201265253,0.2688574112957584,-0.05095282491791157,0.42266845008274845,0.2202108419496881,0.5151485782679179,0.12615753991628553,0.15638333900452162,0.5276117039239405
0.07678682811972137,0.17742225340610565,0.08687906320030286,0.2995282258181841,-0.17133936488915333,-0.37739656545179484,0.18807822022548656,0.8834001008725448,0.3030698812504482,0.30622904778156135,0.07635723219507284,-0.01638932013747185,0.38832886862362376,0.1810914571181193,-0.41357564335407476,0.2663905684826273,-0.27130778685863544,0.13053658541152444,0.19844457908996915,-0.10268779611674453,0.43608759566752636,0.40844654239972233,0.4366114232458809,0.40844654239972233,0.5270489847603318,-0.028904344871286427,-0.16299229683054586,0.2334796594164171,1.0,0.3170217670819608,0.4032498037077757,0.2540659275810993,0.009810502556671616,0.4591999655859134,0.1856938398281599,-0.38960741658144876,0.22903201293475842,-0.2502712724154773,0.2879324385135883,0.3353407589278129,-0.10422532692388217,0.5663688241793665,0.20533830331100375,0.4620808568211604,0.46054669970455353,0.42781044482007247,-0.29570332290194984,-0.3509110071631378,0.2606654035368318,0.9282575908617353,0.3109201493178757,0.30913955210010713,-0.030303298860373726,0.1821332613162145,0.2913611638561749,0.19892859156855797,-0.3666258478514109,0.11513392559999362,-0.19636042498108464,0.1338442508436108,0.15521342358692947,-0.13374708549420614,0.41000941807483626
0.41902616023752204,0.41059758155912396,0.09082416564219255,0.24848656723492116,-0.3521022068154995,-0.3362202747881877,0.35433355184377013,0.4902377951012235,0.9073315789725869,0.585455322568349,0.15169326499772035,0.18671431436400995,-0.07164007819191191,0.04046757970959058,-0.25854491156063686,0.19074184619611237,0.4127720152886769,0.016707977110929265,0.12684054851924664,0.08578403478681454,-0.024816985784366762,0.20289038705583462,0.4010268080346436,0.20289038705583462,0.1959813621291479,-0.23127307826243323,-0.41494673555748746,0.4308031201398949,0.3170217670819608,1.0,0.5515800252901892,0.187536761529718,0.15442025663461492,-0.011141539474709023,0.03006321894552568,-0.20955990251343137,0.2954095902012914,0.3509393308672462,-0.016180027396882336,0.28058292932899387,0.07139780278719508,0.11575893906244741,0.27708622726987275,0.4519595353190934,0.23835394880349234,0.16100341120373698,-0.17706589646699944,-0.08556873742859702,0.40221445822612056,0.3729678787969559,0.8213724773565353,0.5883671898625435,0.16003001253230084,0.29303564296595386,-0.16612338735455384,0.10305267330934216,-0.20724416563293072,0.2164642798360249,0.4156123545656738,0.08185483851564568,-0.008996114150002751,0.06984073191531467,0.029896809134398964
0.7806961286215126,0.16348523798329362,-0.1377294037218555,0.44380980752233384,0.27467577029420337,-0.1409248642211549,0.31076266155561616,0.49354968169362073,0.6378882397023998,0.968625542641903,0.475536236421914,0.3348083727724918,-0.061747195129005734,-0.46860588387804214,0.008426599123927256,0.03312046102858806,0.5568236325765922,-0.16562763618109058,0.12796937690927354,0.44418642771381484,0.011941120774083843,-0.06676948372259309,0.25875863352171125,-0.06676948372259309,0.3768226613569725,0.17435317822038887,-0.05244253528106176,0.21057520447399095,0.4032498037077757,0.5515800252901892,1.0,0.3299390155919352,0.37215868250557327,-0.03751241645232454,-0.5062076395494006,-0.02589230162825,0.1338275027628708,0.5067646572232319,-0.11233936860507808,0.296113980981224,0.5100783181107922,0.027464809554133215,0.6206790418672963,0.18931499555929868,-0.042066983377815295,0.29567699345602616,-0.04401201705121577,0.06408161649612959,0.1959308804344579,0.4987028976628064,0.6690850365672265,0.9628489430199836,0.40103880720966245,0.4709447632750388,-0.14805840954227886,-0.3956378421507877,0.00255540504739777,0.13594961547709122,0.6190872290854346,-0.06257560726211474,0.12513079188260964,0.5014682886729959,0.014458156663203783
0.20498865225863797,0.07674873206367924,-0.1991695130327298,0.3133907621485061,0.0014991557647345713,0.1471337249295615,0.2783180552441353,0.24322315589740282,0.14480757449274756,0.28389572381674244,0.8808758496050015,0.48368369495101315,0.08097495644664851,-0.11016958790646837,0.16729026007996162,0.5091051728526657,0.0645866404893565,0.4472954038597491,-0.20560739076257342,0.18245247938582826,0.30362995291001704,0.09161777108030725,0.3052565332660097,0.09161777108030725,0.22662978362213407,0.33572617979508423,0.38515732351809384,0.48845444460553283,0.2540659275810993,0.187536761529718,0.3299390155919352,1.0,0.5325810484304735,0.077570190012061,-0.0824212083971881,0.16384581992491756,0.41580587055148316,0.14206189530827198,0.38017120229289403,-0.0673110950666112,0.23997343207509597,0.28143086567520403,0.40658766948307307,0.3076891439316488,0.1623487796972299,0.39716285935270235,0.17796754023476827,0.06434939141889322,0.4435910816821229,0.3178662673291067,0.22739349024191582,0.29543260554080925,0.8127548859840055,0.49519250418393773,0.009463637121255936,-0.027982288519326978,0.17465570503377048,0.4657723037509181,0.14480510377642683,0.5334044762929072,-0.18607543964514126,0.2843323392291299,0.35876471629079976
