Fp1,Fz,F3,F7,FT9,FC5,FC1,C3,T7,TP9,CP5,CP1,Pz,P3,P7,O1,Oz,P8,TP10,CP6,CP2,C4,T8,FT10,FC6,FC2,F4,F8,Fp2,AF7,AF3,AFz,F1,F5,FT7,FC3,FCz,C1,C5,TP7,CP3,P1,P5,PO7,PO3,POz,PO4,PO8,P6,P2,CPz,CP4,TP8,FC4,FT8,F6,F2,AF4,AF8,O2,P4,C6,C2
1.0,-0.39879521419713865,-0.08631762598426532,0.08858337858315639,0.0509073989211008,0.2176554922067581,-0.4543845034556801,0.1069853217962564,0.24922160734210164,0.09918633651006391,0.12447702720545376,-0.6039097653808226,0.17286017640891876,-0.24094907775009786,0.23052560897603533,0.3899613822852868,-0.3887531506068718,0.03262025959355231,0.6561758967565147,-0.32638416575197704,-0.21822031326214325,-0.24466338754871508,-0.34693230060612196,-0.24466338754871508,0.0007973770708123032,-0.15082566060727287,0.17157535593582318,-0.4831209740004559,0.12392603768549142,-0.020775644201811362,0.049627795400865565,0.1061944563182835,-0.6053442439134039,0.0005906646552724541,-0.2956575376281456,0.2327420281613585,0.3738555335216633,-0.3640999552721441,0.005646619936273028,0.6884584713329379,-0.39450129188146205,-0.22554968271649495,0.9400657735540322,-0.3757074992587844,-0.20276852621892538,0.06858967207505762,0.01303228802061126,0.12357132188777081,-0.497437135201497,0.14970460856825643,0.23409056195803327,-0.05262496675165637,0.1558254724637055,-0.5956012382566183,0.15064779631335673,-0.2717137145984726,0.2861145358951323,0.40364025504990536,-0.3610919825991324,0.06812901452124244,0.7806472356727273,-0.42595380811014527,-0.17330346216808465
-0.39879521419713865,1.0,0.2654983256606817,-0.3560626603290953,0.22492199194120946,-0.6374515658159531,0.4927249163690822,0.3172611327797243,0.024503120303442753,0.1781925090800417,-0.5122886043294058,0.32844493407592035,-0.24688796479211236,0.5200082805154415,-0.20801294793919145,-0.8345556854568512,0.5363411378398084,-0.5386900087948143,-0.2558350834709012,0.5490342473838222,-0.1247163906986811,-0.01870496093517998,0.7394209353373769,-0.01870496093517998,-0.3215145863036244,0.2867177572859906,-0.6423725759360702,0.31451353411710903,0.25585008152109956,-0.014216102624690407,0.16917791251015027,-0.54392379426269,0.36396867011327344,-0.11211539128710558,0.4898610705580997,-0.17480106030200462,-0.822966906577204,0.4658118017749861,-0.5069090698307226,-0.22230522124404678,0.6098452491443784,-0.0900727643002042,-0.34521192919077515,0.889585710795527,-0.00799249650568726,-0.2989451316037407,0.2755198573392092,-0.6349906554313661,0.43850610014975994,0.2207864276799041,0.02760242180619046,0.1835264885380708,-0.49639893775451865,0.32715692644258126,-0.2218891074669222,0.4711710418298914,-0.17734572339056182,-0.8133111797562675,0.5015914935529748,-0.4685016858751984,-0.3492116021270363,0.551569981614339,-0.08226895468709165
-0.08631762598426532,0.2654983256606817,1.0,-0.062453853504315135,-0.40666255088316117,-0.4362072563592042,0.7353584126305402,0.7355399430602486,0.18884603178189377,-0.10448099529318415,-0.4995361016030032,-0.0845953202798884,-0.11819841613404157,0.4792050457681643,-0.7165373123669023,-0.3219784582984632,0.39075248869695184,-0.34182421440903976,0.1326768607891461,0.19931436383464304,0.1583885174963505,0.6442734254048146,0.4937388411128674,0.6442734254048146,0.012416861695560265,-0.27046746407356964,-0.3941029735562826,0.6717713125479126,0.7386059685147929,0.3511504961051226,-0.10066101772866796,-0.4836452004148402,-0.09532595765869988,-0.10524911560050126,0.500560778066919,-0.6713411027474111,-0.35169342002489334,0.4136884147949664,-0.32349316410424456,0.0970176714219588,0.21921814833493222,0.16238404738820633,-0.04755160117943656,0.3739324215802459,0.7501567183172408,-0.07384725958896333,-0.40026341061582793,-0.41018049896426123,0.6840875912718047,0.6115175604831997,0.2631927095789402,-0.1074256402924673,-0.49893330692231713,-0.14236296418274483,-0.05712789965438367,0.4650667161857215,-0.6326562480763707,-0.3678975150281804,0.3631900272792488,-0.24781418576530012,0.05570996964851407,0.20224929513564194,0.15228298100762955
0.08858337858315639,-0.3560626603290953,-0.062453853504315135,1.0,-0.05640155708613645,0.3511245315323974,-0.16600306633916292,-0.06484468792435144,0.08180826222999087,-0.18121540126355126,0.23975641430494998,-0.05211328759844143,0.4597241649153056,-0.25210243347038,0.05551814528752423,0.20228507802089227,-0.32810275527355864,0.1563400745492022,-0.1226466256670992,-0.4058132581335714,0.5137158933063041,-0.1432246747911114,-0.3139750854959806,-0.1432246747911114,0.9169256640886303,-0.18281044116957107,0.2974625855729143,-0.21474636163656247,-0.05473715018587937,-0.18068527830557243,-0.07732299416142864,0.22212933868955587,-0.12912699775256858,0.41017249320832894,-0.22572522315014748,0.10775412981628026,0.18722280577616768,-0.2777315844121799,0.1133187793700432,-0.10265098223846322,-0.34574140775768686,0.5082798969613599,0.07139664937959761,-0.34655502091786705,-0.18052508741929638,0.9714576913270914,-0.04129896430336596,0.3107344699835621,-0.19586780722853697,-0.03785255595965549,0.055308672638079974,-0.1399634292991547,0.22158915730004786,-0.07843960076273249,0.43206164283451615,-0.30246683501736843,0.12814192967479215,0.20762425469720824,-0.2970670352338129,0.1656673639310796,0.02417741127385925,-0.3243349148970727,0.5122040687937164
0.0509073989211008,0.22492199194120946,-0.40666255088316117,-0.05640155708613645,1.0,-0.019424784920669222,-0.21526267371868793,-0.13679934545664382,-0.04738254084905819,0.2573495449047334,-0.12145262523523394,0.07954822206258907,0.032956667191057484,-0.16076467833446803,0.23943089061731054,-0.2121154011427158,0.15609363649826266,0.07881631529981295,-0.010634711160745939,-0.0071832496926253955,-0.17204442930381314,-0.6173484016717502,0.14561881432996723,-0.6173484016717502,-0.22748641214650847,0.6320981948946824,-0.09105681918123912,-0.338987973443269,-0.20677633133764461,-0.26033585518522706,0.14777964555135992,-0.19313512027490912,0.009527228514494139,-0.02078259189162566,-0.25245364031501194,0.251424541874587,-0.2091290988277358,0.11363119701675653,0.09844416194709221,0.04157164956539864,0.04152285895030992,-0.1897423668598114,0.01107697242529328,0.21164947826235198,-0.6909637047424211,-0.08080614727639197,0.9689711336800234,-0.07708136503596189,-0.22393632797480514,-0.13279286443938323,-0.10133302622562,0.06931976940718027,-0.11348148813671126,0.0585672284621427,0.004215267603206667,-0.2719680044121673,0.29736591658995487,-0.18137616160289574,0.176599711760965,0.07311445735334732,0.06630166766806633,-0.0594878465353628,-0.1883866632593388
0.2176554922067581,-0.6374515658159531,-0.4362072563592042,0.3511245315323974,-0.019424784920669222,1.0,-0.674729858284548,-0.4926766124947305,-0.09732227686474734,-0.40207614434095074,0.7537100730604892,0.06702604930584503,0.17015580656413887,-0.6373042767677576,0.5561633083622523,0.8028346117879568,-0.3001872962429974,0.4933580791440173,0.16867929035751275,-0.6398640675373897,0.16674051029796394,-0.29882971994133745,-0.5101105696496634,-0.29882971994133745,0.24961523458135834,-0.11675469226763026,0.97351910688414,-0.6322991312339645,-0.476897011838749,-0.09014517434316542,-0.2800503034245127,0.6791751967242935,-0.01198979069043939,0.09224148851830331,-0.5764497482258816,0.5542244761991317,0.7851123297127899,-0.25153803673667197,0.5004511039469981,0.1460930531984723,-0.7258698732956285,0.14673392479969236,0.16289670037274612,-0.5505215952713108,-0.23345824740447235,0.38308984995388057,-0.005044308457783456,0.9644887025000698,-0.6365937786692848,-0.3739081592442802,-0.10123917715487339,-0.3882012850293903,0.7534824126031083,0.03123547809382586,0.17639335986673263,-0.577420580963791,0.5660959293474028,0.78769864207844,-0.26832451197390006,0.499298472092601,0.19941486836799352,-0.7188382095571193,0.12905788292896064
-0.4543845034556801,0.4927249163690822,0.7353584126305402,-0.16600306633916292,-0.21526267371868793,-0.674729858284548,1.0,0.6290124174401805,0.08300718020331818,-0.02931012191015214,-0.5164403000615115,0.19006519269382546,-0.2267527128966828,0.6234164188684724,-0.6046067077753071,-0.6883796366228685,0.4345459306230391,-0.1777876550619748,-0.18641270435910529,0.4249963542069263,0.11239227799203656,0.5446171754954486,0.6133852064097044,0.5446171754954486,-0.06114991284898341,-0.06682076494777238,-0.6458144351256745,0.9252196136151274,0.6111782888608251,0.20742908656905137,-0.08977503797970206,-0.48284376626872216,0.21404034879880499,-0.09596914302597556,0.6507276106509461,-0.5752559425467373,-0.7165828004573864,0.41079874155410956,-0.20051296202721627,-0.2248633103205813,0.4611122000385196,0.12200020894354402,-0.42934818188896146,0.5359679890012645,0.5409069447728391,-0.2008950115048193,-0.159394644401184,-0.661477110554106,0.9757386560756033,0.5445962546800706,0.11746161732167515,0.042795758238226914,-0.5201044804679217,0.16335664617793857,-0.1813295727662903,0.6388508922341734,-0.5650021340037774,-0.7135380741265681,0.3847561615065641,-0.1756397475005289,-0.2990051038667721,0.4732809574524371,0.10290841311156461
0.1069853217962564,0.3172611327797243,0.7355399430602486,-0.06484468792435144,-0.13679934545664382,-0.4926766124947305,0.6290124174401805,1.0,0.08631754580979452,0.0434014692333437,-0.5125947823177316,-0.16754987918220754,-0.1460285783232865,0.3535274097348107,-0.47638850698323487,-0.3922759319850147,0.19872658686630626,-0.3039790107800631,0.34020336181184324,0.14424444702144423,-0.20508089458392065,0.3212599162659091,0.36619898109194143,0.3212599162659091,-0.04488615208899599,-0.18400069588008341,-0.52791381907066,0.49858429243643454,0.9732004284283806,0.11381444594988639,0.012429525478421322,-0.48070757610950293,-0.156403433820308,-0.12068620388644029,0.35379014523303626,-0.4444231300228261,-0.43401067693953294,0.16093214768440167,-0.3637420899541792,0.3650046548450317,0.19981084323029089,-0.19829463198423253,0.08049943837200478,0.3651561969127186,0.44559539607028664,-0.09603497877318971,-0.14175849256044082,-0.540825987697771,0.5326617577569588,0.9525087880752159,0.156475796471612,-0.05117919357026635,-0.49677831804299494,-0.20023711987004114,-0.1040874582973077,0.32379990663304664,-0.3618795180338726,-0.44944747065184265,0.17170545828609338,-0.27238719246578597,0.29576118299629606,0.15419396228104543,-0.19884028734106182
0.24922160734210164,0.024503120303442753,0.18884603178189377,0.08180826222999087,-0.04738254084905819,-0.09732227686474734,0.08300718020331818,0.08631754580979452,1.0,-0.028735445760346187,-0.1763533959808358,-0.25510314371874,-0.16728001897842174,0.3444669465891853,-0.052181130092632665,-0.036708359904322224,0.33660330711988,-0.11203960764496869,0.09321325945067348,-0.03647183816487252,0.2724172182126122,-0.0356201936950735,-0.01206392779123747,-0.0356201936950735,0.06077638838460519,-0.15224402542574092,-0.12483119017123644,-0.014764277860739269,0.031186548646154354,0.7077908854287662,-0.08163641861617146,-0.18931623014207014,-0.3290657001730701,-0.15903816153707,0.2262440007595678,-0.018943038456280543,-0.06844802506862203,0.37371540893813915,-0.09170461709629782,0.06935011537553665,-0.031261454896168855,0.2929033889384813,0.2711643272176061,-0.006736796976551121,0.09367561491186883,0.054651735024285386,-0.07686264283626197,-0.10982975579862737,0.037431758097178344,0.03833308155532685,0.9580976221360732,-0.08382154141545604,-0.1580345310183834,-0.2631652268098893,-0.22972414900445814,0.17446904595634238,-0.022687894287326954,-0.030237201488842003,0.347671924140427,-0.1482244455665916,0.14391975258388423,-0.0586337351864495,0.30475938006604664
0.09918633651006391,0.1781925090800417,-0.10448099529318415,-0.18121540126355126,0.2573495449047334,-0.40207614434095074,-0.02931012191015214,0.0434014692333437,-0.028735445760346187,1.0,-0.4272912770165358,-0.15223367440747376,0.15252537536768665,0.2911947832340853,0.01462064726059122,-0.20109455782644892,-0.14475371322348216,-0.01899372705555416,0.1237477438960229,0.5592320342093532,-0.13626643238741243,-0.09323974474425212,0.11924732857887221,-0.09323974474425212,-0.10958080367619238,0.3852520057870366,-0.3717112868661229,0.02665383615461903,0.09953150332558933,-0.010380640631676995,0.9226651932553125,-0.40500951639595256,-0.12274753071044217,0.23626551252467123,0.29768868779511837,0.024157734356408687,-0.15363950233802637,-0.1185518627463367,0.004675871287798584,0.15541115006699974,0.6502079931814443,-0.1393612913467516,0.14669379269341676,0.14878234982260075,-0.1079416843830834,-0.18092954030580075,0.18238766731714853,-0.3263276046333386,0.023077975315151555,0.09816379286433008,0.015397565308005286,0.9309895511976545,-0.4407316793979627,-0.12737577512437182,0.15961087944339375,0.26245651797090574,-0.04203935268364896,-0.21620850217885515,-0.11072905533791115,-0.03692787503068929,0.24972840667257176,0.6157366954013686,-0.14107938264403586
0.12447702720545376,-0.5122886043294058,-0.4995361016030032,0.23975641430494998,-0.12145262523523394,0.7537100730604892,-0.5164403000615115,-0.5125947823177316,-0.1763533959808358,-0.4272912770165358,1.0,0.24839038480699077,0.32377829886531445,-0.6393228109228191,0.4565012216380584,0.575760151721799,-0.36829800377188326,0.499235788960922,-0.04498884145801448,-0.47061948942566717,0.31164923132284095,-0.20370760455335166,-0.35225735841379285,-0.20370760455335166,0.2143638166367013,-0.2081824741031099,0.7637300666010305,-0.4607674410827244,-0.5237512522370598,-0.13527036768687556,-0.26023560698572784,0.9441303338876285,0.22185704617229918,0.2909458498393594,-0.574806216897669,0.4341618842205194,0.5693937918107667,-0.37441311577128,0.49590020886580305,-0.0828647760683504,-0.6340384229436371,0.2783493891214225,0.08635913066622111,-0.41814491391305025,-0.19620821153571272,0.2935602404640078,-0.0988500889804264,0.6839596795074664,-0.46698628836190165,-0.4566852184864524,-0.21863611437521727,-0.3560948986518072,0.9935323287580913,0.23850016891540127,0.28559581622757574,-0.469914913700462,0.42057223766695073,0.5639708303100154,-0.3894817141785263,0.5015453018295462,-0.13191695561208278,-0.5774381889903992,0.28122688685254144
-0.6039097653808226,0.32844493407592035,-0.0845953202798884,-0.05211328759844143,0.07954822206258907,0.06702604930584503,0.19006519269382546,-0.16754987918220754,-0.25510314371874,-0.15223367440747376,0.24839038480699077,1.0,-0.03180988000532545,0.14822760019691378,0.08569668160578434,-0.2535772911561775,0.18874034441373144,0.12753409783908887,-0.3922462518159894,0.12998186577245413,0.21304236474737825,0.12292764979437118,0.44790843575945094,0.12292764979437118,-0.07568754045431586,0.21914523148252021,0.07046627760270785,0.2061091659615406,-0.18189117301782562,-0.21818766868246292,-0.06116633302288373,0.18304851612377507,0.9583644291231767,0.11125464182878639,0.1916772080474472,0.10402474542233957,-0.2199191641529299,0.18013920295379182,0.20831941552108968,-0.4893586548536873,0.13227357473303664,0.1816637983654975,-0.5714537064263924,0.42653018482749916,0.030342193124529022,-0.06025114570342329,0.14019659248193989,0.050656917686562684,0.2475419374825202,-0.19587425364218103,-0.24997305526942593,-0.0741884887828788,0.24368371755211823,0.9732366335627055,-0.04798557503740163,0.20835575973697676,0.06220431636286031,-0.2611352477300476,0.15759972062042488,0.19175296036560696,-0.5598923675339547,0.19597189765010656,0.14980365683064695
0.17286017640891876,-0.24688796479211236,-0.11819841613404157,0.4597241649153056,0.032956667191057484,0.17015580656413887,-0.2267527128966828,-0.1460285783232865,-0.16728001897842174,0.15252537536768665,0.32377829886531445,-0.03180988000532545,1.0,-0.36406173190605706,-0.16455019167911322,0.1603977233499755,-0.3453818656575926,0.10517002685436896,-0.1761879185464138,-0.0050152609099204494,0.5301506576558338,-0.08680983849788729,-0.10173703832777715,-0.08680983849788729,0.47683514323150383,0.03972041122869011,0.1937991744580008,-0.19648449513838162,-0.09701161186476018,-0.3719945468392533,0.22718656206281515,0.27953364148210735,-0.014669573023735744,0.89242401414181,-0.3467214684798241,-0.13140781041049687,0.16933231056625733,-0.2893941829165814,0.1243247252766018,-0.1602999879734188,-0.09886767295780734,0.48975123592469666,0.15302971000641155,-0.14666794574222422,-0.14130983677661185,0.5028005264220904,-0.015744452600087364,0.20171155264253499,-0.21501380441867127,-0.13532119958553002,-0.1860439671510045,0.17792517371592326,0.28524856235157886,-0.04599058547332141,0.9628067921529038,-0.37623526097816046,-0.14831532585513732,0.14835102825706925,-0.31624554086004486,0.16466529207704939,-0.08528415505895955,-0.1393525304234695,0.5081063147519379
-0.24094907775009786,0.5200082805154415,0.4792050457681643,-0.25210243347038,-0.16076467833446803,-0.6373042767677576,0.6234164188684724,0.3535274097348107,0.3444669465891853,0.2911947832340853,-0.6393228109228191,0.14822760019691378,-0.36406173190605706,1.0,-0.19760704878392452,-0.5167725058771695,0.47156996646520066,-0.1762308876705861,-0.010496817462578743,0.5410955246939465,-0.024943151065449705,0.45722391720977834,0.48185196059318697,0.45722391720977834,-0.08755285492465456,0.10718744694180664,-0.6341510484345313,0.6260152861063908,0.3561294036007475,0.3808071745829591,0.1364037105762463,-0.5455580352416438,0.1798709444096159,-0.21153747046717727,0.9704510996930117,-0.18352420793134686,-0.504291710598034,0.4846597450972027,-0.12394940854386748,-0.0848271804385676,0.624835586244634,-0.0006096318236345982,-0.11562710773222179,0.4520572813535227,0.45727328068702744,-0.2600150508234591,-0.1634881695347921,-0.5979563021859672,0.6488475283061808,0.28332637812982575,0.3694944177899172,0.2814077256347138,-0.6148725565565906,0.1609395832951672,-0.3413738268226125,0.9189569587108024,-0.24887734524792152,-0.525360300076467,0.41705358374527096,-0.1582455950140662,-0.12002320067708168,0.6387574576404088,-0.010779267422267903
0.23052560897603533,-0.20801294793919145,-0.7165373123669023,0.05551814528752423,0.23943089061731054,0.5561633083622523,-0.6046067077753071,-0.47638850698323487,-0.052181130092632665,0.01462064726059122,0.4565012216380584,0.08569668160578434,-0.16455019167911322,-0.19760704878392452,1.0,0.4009610524187654,-0.2857440771879623,0.444846322881675,0.1841180828740836,-0.30370045451638367,-0.24562997239062678,-0.4637769046666308,-0.3669290986841267,-0.4637769046666308,0.0017045132446810746,0.21621600721974416,0.46934307026623456,-0.5850393926950876,-0.478860685094566,-0.17155773002850402,0.005495600962987888,0.41696636355147443,0.08809851549626542,-0.13066995269953602,-0.19532727333639244,0.9833275000330229,0.4166010965894047,-0.2876994117908721,0.4167776688072281,0.2240499033021938,-0.3090533437908926,-0.24325160018189562,0.17650110311917794,-0.25605735281235675,-0.5148413262505149,0.10325573606189539,0.26564624418359195,0.47695364656404765,-0.5510362838338524,-0.3376790769117839,-0.07142001208219394,-0.028255510215071285,0.5057856987997983,0.13753094411251363,-0.21129143811484025,-0.15398437835558987,0.960640949248044,0.4400024339075461,-0.2728759419019761,0.3955838626251048,0.2497474949774545,-0.2978526573411998,-0.25191332685225293
0.3899613822852868,-0.8345556854568512,-0.3219784582984632,0.20228507802089227,-0.2121154011427158,0.8028346117879568,-0.6883796366228685,-0.3922759319850147,-0.036708359904322224,-0.20109455782644892,0.575760151721799,-0.2535772911561775,0.1603977233499755,-0.5167725058771695,0.4009610524187654,1.0,-0.4118365140353221,0.47054073722324014,0.3414997625572083,-0.5442090986473977,0.019007439810758264,-0.03913233575212218,-0.6313200709097262,-0.03913233575212218,0.16586807833681577,-0.20418260472494926,0.8066023250866462,-0.5173006744072683,-0.33067860173933594,0.05968739641935484,-0.13328430609053693,0.5868664705717822,-0.26444370247759624,0.05715838527176579,-0.4781467591745011,0.3574425262859042,0.9862139355572241,-0.3496964287236066,0.4892810970423235,0.30626685558684125,-0.6307260503409706,-0.032170824603477956,0.38583468173335883,-0.7139579233077561,-0.010600322747454365,0.2099552679276281,-0.28712047547002145,0.813145870330982,-0.6502010495978447,-0.2817557824966386,-0.008867949199302791,-0.2280479562408166,0.5682563110153926,-0.28473236094574117,0.16189312192052133,-0.4656622620450923,0.3522125223206515,0.9738430478733813,-0.4075732646837148,0.4571570083409335,0.3745764151270287,-0.6061533645180797,-0.050047497552049694
-0.3887531506068718,0.5363411378398084,0.39075248869695184,-0.32810275527355864,0.15609363649826266,-0.3001872962429974,0.4345459306230391,0.19872658686630626,0.33660330711988,-0.14475371322348216,-0.36829800377188326,0.18874034441373144,-0.3453818656575926,0.47156996646520066,-0.2857440771879623,-0.4118365140353221,1.0,-0.3965509127494015,-0.05505969961339065,0.2636239522043068,0.1624915290171019,0.15642625859229067,0.4373061281582614,0.15642625859229067,-0.28724236446138557,0.1586519091124713,-0.2827820656089364,0.356288707623359,0.13227090144152914,0.5023688924576902,-0.1856176999693616,-0.38001996331037396,0.153702943677059,-0.2946724036094738,0.42397744736260906,-0.263140911136015,-0.4166227536275411,0.9547567091825023,-0.2936741726347994,-0.13761115862962428,0.2951367382361766,0.19727285749017015,-0.35689574707130156,0.4877316468340453,0.303745811701141,-0.29421666140197267,0.16383496769604666,-0.23645501496476576,0.40214734627252463,0.07014619737423773,0.35331114627037113,-0.17470619941563378,-0.35763778492065107,0.14396131476786878,-0.3724775010309264,0.38926215353406685,-0.2882478008259815,-0.4022517448573934,0.9502933151836579,-0.35537289164705343,-0.2693616986092516,0.2445598679334281,0.16970322871879714
0.03262025959355231,-0.5386900087948143,-0.34182421440903976,0.1563400745492022,0.07881631529981295,0.4933580791440173,-0.1777876550619748,-0.3039790107800631,-0.11203960764496869,-0.01899372705555416,0.499235788960922,0.12753409783908887,0.10517002685436896,-0.1762308876705861,0.444846322881675,0.47054073722324014,-0.3965509127494015,1.0,0.0383544475804149,-0.3399291399301811,0.1369050988805676,-0.025824556160860837,-0.21857283336515168,-0.025824556160860837,0.16001778876297448,0.12370979375533314,0.47409019593292767,-0.07766344575875236,-0.2972030077152154,-0.03765861698883805,-0.02270022613248585,0.5136609378702822,0.10955228874861724,0.1906187613615923,-0.10318979086275525,0.4206236002493976,0.4246466023023262,-0.36009366745943605,0.9693643649557535,-0.01847997757511118,-0.3853471898640073,0.08550716557533097,-0.0051157777197615275,-0.40009590472777773,-0.14476536894780703,0.12694054319446693,0.09316281435117924,0.44924871182959475,-0.07751455833837796,-0.20416379296464582,-0.06505547458305505,-0.018426855999805092,0.4996298548502902,0.13882613390842746,0.1255297775789025,-0.04404308111112586,0.3627439835011806,0.43752630307557494,-0.4141864181328528,0.9574985926903902,0.060188790771854586,-0.3122673504870921,0.05294971470082599
0.6561758967565147,-0.2558350834709012,0.1326768607891461,-0.1226466256670992,-0.010634711160745939,0.16867929035751275,-0.18641270435910529,0.34020336181184324,0.09321325945067348,0.1237477438960229,-0.04498884145801448,-0.3922462518159894,-0.1761879185464138,-0.010496817462578743,0.1841180828740836,0.3414997625572083,-0.05505969961339065,0.0383544475804149,1.0,-0.20176821141595427,-0.40350848438616493,-0.028304003116596185,-0.17491218647796694,-0.028304003116596185,-0.14650335338295253,-0.07781152198951169,0.15302637931584973,-0.20936704778181317,0.3415980903162878,0.23714957079658688,0.07181243563452039,-0.055136203471702824,-0.41122320630156456,-0.2997843507854717,-0.012542571871276022,0.1651956651422747,0.31248043865745545,-0.12840184564194987,0.0517845976686116,0.9489925985665894,-0.20544032149342656,-0.3998483442727788,0.6367823478310717,-0.24045453155195476,0.18941305863413838,-0.151201402043998,-0.08534017978089278,0.1227143689282659,-0.22732561110149002,0.38633603876954453,0.1364122352543925,0.02579090460415247,-0.023535501745315025,-0.426548330858766,-0.18427234058880929,0.013242005169530988,0.1966215992350841,0.31577570383727416,-0.14141667474695016,0.06714744351623572,0.8774152093127668,-0.18870541516740152,-0.4093945968963923
-0.32638416575197704,0.5490342473838222,0.19931436383464304,-0.4058132581335714,-0.0071832496926253955,-0.6398640675373897,0.4249963542069263,0.14424444702144423,-0.03647183816487252,0.5592320342093532,-0.47061948942566717,0.12998186577245413,-0.0050152609099204494,0.5410955246939465,-0.30370045451638367,-0.5442090986473977,0.2636239522043068,-0.3399291399301811,-0.20176821141595427,1.0,-0.027298255472323844,0.2631917933577167,0.40735913446164185,0.2631917933577167,-0.14822767742068607,0.22708259717792056,-0.5712981316709157,0.4744808390811485,0.17416615214288758,0.0910359213572624,0.5015851111201918,-0.3800056633692044,0.2385090513469339,0.0945246139483154,0.559387106591816,-0.29470906763726235,-0.4684202256058525,0.2933828034458165,-0.2881902890632958,-0.26698120828980865,0.9495204409706857,-0.01538923437497423,-0.2120171690015329,0.46112899761414855,0.24596606282328803,-0.36999867417030646,-0.027356160534953673,-0.5357089098430949,0.4702566219752495,0.1285168401524151,-0.08908492205869041,0.5999344346576189,-0.4861101015246074,0.13034335659938798,0.018132239073577316,0.5220674152557371,-0.3504125389281614,-0.5429520365387488,0.2609601557821638,-0.3463098288242081,-0.2821558679189,0.8954192592431784,-0.015649525096241748
-0.21822031326214325,-0.1247163906986811,0.1583885174963505,0.5137158933063041,-0.17204442930381314,0.16674051029796394,0.11239227799203656,-0.20508089458392065,0.2724172182126122,-0.13626643238741243,0.31164923132284095,0.21304236474737825,0.5301506576558338,-0.024943151065449705,-0.24562997239062678,0.019007439810758264,0.1624915290171019,0.1369050988805676,-0.40350848438616493,-0.027298255472323844,1.0,0.16421411047509463,0.09352369221040645,0.16421411047509463,0.5867605804710815,-0.036057218644662735,0.20810604128243346,0.13468800201121942,-0.2089659568417298,0.19345235639650818,0.020168840906388413,0.284489663026363,0.16608583952303604,0.509391876895498,-0.003479985021579713,-0.19874197083493642,0.017333111295637416,0.22701794209382237,0.1995739665775897,-0.48470722161900426,-0.08129869843534158,0.9849247976053936,-0.19444624023848697,-0.02578814433008434,0.14084503664912462,0.5534209871688299,-0.13568341642244905,0.2101735004742864,0.14634149832790244,-0.2679539951716298,0.23703626163884878,-0.0654011409627454,0.2884797002620904,0.17061769077929523,0.4838003498030276,-0.02488175261341106,-0.2489880590562223,0.017676866217259363,0.13785170894110374,0.18660759750957204,-0.4196692852610663,-0.06403822606083762,0.9732618011392493
-0.24466338754871508,-0.01870496093517998,0.6442734254048146,-0.1432246747911114,-0.6173484016717502,-0.29882971994133745,0.5446171754954486,0.3212599162659091,-0.0356201936950735,-0.09323974474425212,-0.20370760455335166,0.12292764979437118,-0.08680983849788729,0.45722391720977834,-0.4637769046666308,-0.03913233575212218,0.15642625859229067,-0.025824556160860837,-0.028304003116596185,0.2631917933577167,0.16421411047509463,1.0,0.26802086926391117,1.0,0.043080230411738085,-0.1596072350319027,-0.2023852544930244,0.7553248624381969,0.43443223241531903,0.25103017156820123,-0.07956791174911344,-0.0897911084245517,0.229746355277405,0.07197915795487494,0.5337019023286724,-0.465522917855056,-0.006597201149668289,0.24939788681231193,0.024093298104452054,-0.18602372426657005,0.24839420998445447,0.11701362591271107,-0.15335425792151675,0.09414102868536509,0.8524111007840671,-0.14244005011981217,-0.650283867612926,-0.20869755582928343,0.6193582929062103,0.2828644233171126,0.04165495218920926,0.025992296480324004,-0.20862620563676834,0.13167668490604262,-0.04584870792528442,0.5909144805929645,-0.5277853729038772,-0.04269964144290572,0.14197808019040817,0.019474822469302676,-0.14017682668085804,0.36167680766360844,0.1288689077236998
-0.34693230060612196,0.7394209353373769,0.4937388411128674,-0.3139750854959806,0.14561881432996723,-0.5101105696496634,0.6133852064097044,0.36619898109194143,-0.01206392779123747,0.11924732857887221,-0.35225735841379285,0.44790843575945094,-0.10173703832777715,0.48185196059318697,-0.3669290986841267,-0.6313200709097262,0.4373061281582614,-0.21857283336515168,-0.17491218647796694,0.40735913446164185,0.09352369221040645,0.26802086926391117,1.0,0.26802086926391117,-0.29042703606590153,0.3025488122276707,-0.48064267548007,0.5019485173877349,0.3314426322867031,0.062449116148762474,0.09974115046350163,-0.36373033236022256,0.4590423905604698,0.027458962025507738,0.4877293471857463,-0.3362756908580187,-0.6432335952712879,0.3856483290761721,-0.1317784490741953,-0.18808048579814035,0.42867399909878745,0.04878044217703282,-0.2921260186343343,0.9278856523257561,0.22831230881706033,-0.31334132670533993,0.18137147819237356,-0.5195502490356887,0.6040537552170278,0.2687594422804655,0.03847319956335324,0.09733935517112437,-0.3391438949127321,0.41868010517916027,-0.05126699578894191,0.501117194538942,-0.33559215729496117,-0.6548996321480882,0.37474478427681956,-0.09412989884416352,-0.2938960165457586,0.4026894442673976,0.0254265062081192
-0.24466338754871508,-0.01870496093517998,0.6442734254048146,-0.1432246747911114,-0.6173484016717502,-0.29882971994133745,0.5446171754954486,0.3212599162659091,-0.0356201936950735,-0.09323974474425212,-0.20370760455335166,0.12292764979437118,-0.08680983849788729,0.45722391720977834,-0.4637769046666308,-0.03913233575212218,0.15642625859229067,-0.025824556160860837,-0.028304003116596185,0.2631917933577167,0.16421411047509463,1.0,0.26802086926391117,1.0,0.043080230411738085,-0.1596072350319027,-0.2023852544930244,0.7553248624381969,0.43443223241531903,0.25103017156820123,-0.07956791174911344,-0.0897911084245517,0.229746355277405,0.07197915795487494,0.5337019023286724,-0.465522917855056,-0.006597201149668289,0.24939788681231193,0.024093298104452054,-0.18602372426657005,0.24839420998445447,0.11701362591271107,-0.15335425792151675,0.09414102868536509,0.8524111007840671,-0.14244005011981217,-0.650283867612926,-0.20869755582928343,0.6193582929062103,0.2828644233171126,0.04165495218920926,0.025992296480324004,-0.20862620563676834,0.13167668490604262,-0.04584870792528442,0.5909144805929645,-0.5277853729038772,-0.04269964144290572,0.14197808019040817,0.019474822469302676,-0.14017682668085804,0.36167680766360844,0.1288689077236998
0.0007973770708123032,-0.3215145863036244,0.012416861695560265,0.9169256640886303,-0.22748641214650847,0.24961523458135834,-0.06114991284898341,-0.04488615208899599,0.06077638838460519,-0.10958080367619238,0.2143638166367013,-0.07568754045431586,0.47683514323150383,-0.08755285492465456,0.0017045132446810746,0.16586807833681577,-0.28724236446138557,0.16001778876297448,-0.14650335338295253,-0.14822767742068607,0.5867605804710815,0.043080230411738085,-0.29042703606590153,0.043080230411738085,1.0,-0.16845188388220814,0.2277588727046715,-0.05318582063107005,-0.021083558316690322,-0.06311614884853077,-0.0025415034498985816,0.28121812713789823,-0.09617620931086208,0.4462989529997291,-0.036837931642959516,0.049328018412772685,0.17420892576475044,-0.2221947028170797,0.13510687020005333,-0.16830026607929915,-0.13101504602241534,0.5925147000579466,0.03726882788857041,-0.3441697022626965,0.025631422838613006,0.9272816967016929,-0.21936121113639082,0.25423068143667304,-0.05587191583353989,-0.013285182562967918,0.007361457017389608,-0.02937509152283112,0.19984996451315318,-0.0886523532362531,0.4639744265072448,-0.10481378418821187,0.036151229991404805,0.17150809685215554,-0.27576776747416815,0.15494695874798556,-0.06627089403998106,-0.10801270236310495,0.5942861960701699
-0.15082566060727287,0.2867177572859906,-0.27046746407356964,-0.18281044116957107,0.6320981948946824,-0.11675469226763026,-0.06682076494777238,-0.18400069588008341,-0.15224402542574092,0.3852520057870366,-0.2081824741031099,0.21914523148252021,0.03972041122869011,0.10718744694180664,0.21621600721974416,-0.20418260472494926,0.1586519091124713,0.12370979375533314,-0.07781152198951169,0.22708259717792056,-0.036057218644662735,-0.1596072350319027,0.3025488122276707,-0.1596072350319027,-0.16845188388220814,1.0,-0.12173391158959301,-0.030495414047865835,-0.1783247211602101,-0.17612827186606372,0.35199800095896333,-0.19742890062427979,0.2516975762173735,0.08982624272564098,0.06384440854182166,0.22279093962735672,-0.16666110118933225,0.14503305279859996,0.24059251243252,-0.10772962562351139,0.29718631361256914,-0.06294753284491843,-0.12164400139250028,0.32042786062703216,-0.3126622003128663,-0.15598810933870536,0.6102624979724744,-0.0654125320111848,-0.010648910264551299,-0.16258575168503034,-0.15671140391734067,0.3151858610611398,-0.18469029222751218,0.21317126407680556,0.022888765597196385,0.06435865466594846,0.1865117062799776,-0.14090840989735104,0.14662026166405245,0.11254493467738887,-0.05680362103169657,0.2805955036004165,-0.06722293573033196
0.17157535593582318,-0.6423725759360702,-0.3941029735562826,0.2974625855729143,-0.09105681918123912,0.97351910688414,-0.6458144351256745,-0.52791381907066,-0.12483119017123644,-0.3717112868661229,0.7637300666010305,0.07046627760270785,0.1937991744580008,-0.6341510484345313,0.46934307026623456,0.8066023250866462,-0.2827820656089364,0.47409019593292767,0.15302637931584973,-0.5712981316709157,0.20810604128243346,-0.2023852544930244,-0.48064267548007,-0.2023852544930244,0.2277588727046715,-0.12173391158959301,1.0,-0.5782462405283237,-0.5006755611174555,-0.01846721576421289,-0.2232635420770759,0.7124411175363089,0.0008008168603924926,0.14898118928712328,-0.5483983944488766,0.4732345466948801,0.8003082282930074,-0.22401595888069017,0.5044727283395389,0.10297383692102896,-0.6678106079537683,0.1858387333154848,0.14178130773828607,-0.5509464554398719,-0.13398682913598048,0.33838534648604485,-0.08386230355256427,0.9813438296817173,-0.5886870612654413,-0.4220401283187373,-0.1166126154000041,-0.31719435278037256,0.7566361835771969,0.03486767635839477,0.22310997287112527,-0.5336237034179478,0.4649272321810932,0.7973044193769353,-0.2507579226999059,0.486281208572233,0.16219856013800205,-0.6426123987499204,0.1703080520234181
-0.4831209740004559,0.31451353411710903,0.6717713125479126,-0.21474636163656247,-0.338987973443269,-0.6322991312339645,0.9252196136151274,0.49858429243643454,-0.014764277860739269,0.02665383615461903,-0.4607674410827244,0.2061091659615406,-0.19648449513838162,0.6260152861063908,-0.5850393926950876,-0.5173006744072683,0.356288707623359,-0.07766344575875236,-0.20936704778181317,0.4744808390811485,0.13468800201121942,0.7553248624381969,0.5019485173877349,0.7553248624381969,-0.05318582063107005,-0.030495414047865835,-0.5782462405283237,1.0,0.543118371970656,0.187933609277008,-0.037105059721749926,-0.3778826161281917,0.28429916739237904,-0.037602833699814306,0.6762537591608223,-0.5825198327382339,-0.5205958635023492,0.37567490578084617,-0.07593577735162002,-0.303842450410942,0.4933340837311269,0.11477681805498088,-0.4414052472929532,0.3877410063022864,0.6530026103045612,-0.2506928259345631,-0.3119991224766618,-0.5773797133566512,0.9528381652847024,0.4485728254104165,0.03792244092293314,0.11831258916877395,-0.47130449874117325,0.1999935816649467,-0.16475608372319048,0.6879142302381638,-0.6122846614221058,-0.538532138647374,0.30979683226147936,-0.08718095602234244,-0.33027562663418336,0.5475783730435105,0.10084799333944942
0.12392603768549142,0.25585008152109956,0.7386059685147929,-0.05473715018587937,-0.20677633133764461,-0.476897011838749,0.6111782888608251,0.9732004284283806,0.031186548646154354,0.09953150332558933,-0.5237512522370598,-0.18189117301782562,-0.09701161186476018,0.3561294036007475,-0.478860685094566,-0.33067860173933594,0.13227090144152914,-0.2972030077152154,0.3415980903162878,0.17416615214288758,-0.2089659568417298,0.43443223241531903,0.3314426322867031,0.43443223241531903,-0.021083558316690322,-0.1783247211602101,-0.5006755611174555,0.543118371970656,1.0,0.055302252764118036,0.06644341208344506,-0.4793800094013145,-0.13664974843066763,-0.040958781251901825,0.3766403670960675,-0.44617095727864603,-0.3568496852984611,0.1349432661312792,-0.35615908061716584,0.3537201328778966,0.2274548891494077,-0.2184194951315291,0.10217197224099261,0.3234562541374386,0.49584442884390617,-0.07932461741500767,-0.2283992055018851,-0.5036839464221353,0.5380969939938886,0.9678370245259337,0.11671870177443015,0.030828502680076152,-0.511129550507836,-0.20153873324910718,-0.04849231879172738,0.349980987437334,-0.37630436681789076,-0.37986432955264854,0.12900774132142007,-0.2669334370540082,0.3333841876806823,0.19078083840950733,-0.20837845601050892
-0.020775644201811362,-0.014216102624690407,0.3511504961051226,-0.18068527830557243,-0.26033585518522706,-0.09014517434316542,0.20742908656905137,0.11381444594988639,0.7077908854287662,-0.010380640631676995,-0.13527036768687556,-0.21818766868246292,-0.3719945468392533,0.3808071745829591,-0.17155773002850402,0.05968739641935484,0.5023688924576902,-0.03765861698883805,0.23714957079658688,0.0910359213572624,0.19345235639650818,0.25103017156820123,0.062449116148762474,0.25103017156820123,-0.06311614884853077,-0.17612827186606372,-0.01846721576421289,0.187933609277008,0.055302252764118036,1.0,-0.01731918548072284,-0.06948405533946755,-0.2915100876202446,-0.30531146860324,0.35523884390662225,-0.15950583891037762,0.03698354614174778,0.49661651374028565,0.03810839229043569,0.15480322432875437,0.09471704645799578,0.22638695822883692,0.06644025053399356,-0.02749306332886828,0.5232493448409935,-0.17456652268126377,-0.3095731058972109,-0.011725071194601257,0.20819549690348252,0.03074238385366279,0.7213434003373623,0.008972965576349844,-0.1286843815498098,-0.2413355292970946,-0.3707731936640498,0.3682167268870309,-0.2158280921986701,0.041077143134441114,0.4670992251063317,-0.05413620179592475,0.0983438615414662,0.12596722009414796,0.20362314727217232
0.049627795400865565,0.16917791251015027,-0.10066101772866796,-0.07732299416142864,0.14777964555135992,-0.2800503034245127,-0.08977503797970206,0.012429525478421322,-0.08163641861617146,0.9226651932553125,-0.26023560698572784,-0.06116633302288373,0.22718656206281515,0.1364037105762463,0.005495600962987888,-0.13328430609053693,-0.1856176999693616,-0.02270022613248585,0.07181243563452039,0.5015851111201918,0.020168840906388413,-0.07956791174911344,0.09974115046350163,-0.07956791174911344,-0.0025415034498985816,0.35199800095896333,-0.2232635420770759,-0.037105059721749926,0.06644341208344506,-0.01731918548072284,1.0,-0.25430273505808293,-0.024204821314185814,0.33613112874096623,0.18029818093534264,0.03967732939666427,-0.0764919891259162,-0.14375590876068847,0.013323378333309755,0.0871850812586273,0.5796537632252348,0.019944917707962497,0.09673199028516269,0.1471154511556322,-0.09676768690242073,-0.04780444938591822,0.09685835026334963,-0.18503572914436814,-0.0504346993270596,0.0548069029187574,-0.022410012495046393,0.9049723446383491,-0.27516340427291985,-0.05555377701810666,0.24261820035212864,0.16624277748231062,-0.03626727031480997,-0.12497685607125797,-0.14631667913199198,-0.010744915854241232,0.19384922835983717,0.5640222613934532,0.016614274089841657
