Fp1,Fz,F3,F7,FT9,FC5,FC1,C3,T7,TP9,CP5,CP1,Pz,P3,P7,O1,Oz,P8,TP10,CP6,CP2,C4,T8,FT10,FC6,FC2,F4,F8,Fp2,AF7,AF3,AFz,F1,F5,FT7,FC3,FCz,C1,C5,TP7,CP3,P1,P5,PO7,PO3,POz,PO4,PO8,P6,P2,CPz,CP4,TP8,FC4,FT8,F6,F2,AF4,AF8,O2,P4,C6,C2
1.0,0.2479419083340343,0.2528966566616548,0.3859104495789152,-0.22999761760143753,0.279709773156506,-0.0033579810755621623,0.42567986334789654,0.6805534498811474,0.5182154124939651,0.4008107868888353,-0.020298873582141642,-0.29377731340380736,-0.15119206370612046,-0.1199497593437812,-0.1908177459418526,0.22832927642393316,0.13864558315776399,0.3112951181975172,0.36184836772841605,0.46416780302904537,0.05437064489370165,0.10432938766426005,0.05437064489370165,0.5401958927083049,-0.5173002139953862,0.39726305668313183,-0.15381006684190685,0.41315586147416294,0.7243827732391126,0.5766535010122021,0.4034650482666594,0.05887388881050166,-0.240208955196378,-0.06842623031647313,-0.04731896289230965,-0.1475609817858848,0.14023096005833688,0.09871724814854818,0.1377025875131403,0.327362301876081,0.45104232186008014,0.83802082183401,0.2620168613642624,0.26939667758809777,0.5514018139886874,-0.3901055658835114,0.42436124146654,-0.005457723187425145,0.5398453998940437,0.6617845993102811,0.5473064603626874,0.45349203579847414,0.12974416283645163,-0.07409109639066916,-0.04967972328097468,-0.14069197038129425,-0.11451404792810677,0.30282763844041477,0.25367900184382597,0.1528510137991466,0.38025335100122043,0.3986410728668824
0.2479419083340343,1.0,0.4883649935664766,-0.05683424490216147,0.36034061247170707,0.199630156116843,0.2823580626352369,0.3772800083890381,0.39062482924318365,0.7720313191622054,-0.15864554760657562,0.7447950344389755,0.5278364954723589,0.43602828777250424,0.7185263739553887,0.2075323733663165,0.3360253463155973,0.29573372393745545,0.4702898418521284,0.7959223282937444,0.690512590438701,0.3668695212835782,0.8609298191918209,0.3668695212835782,-0.0517965326169149,0.17167543596927318,-0.003154646071642992,-0.044539150491141474,0.3216985554700221,0.35412453433416585,0.6220556642008727,-0.17349861440864947,0.7525618147407124,0.5426783062081597,0.4416510264800658,0.7209060623853075,0.234908569434773,0.3470481796699524,0.44346504824022565,0.16124590728868934,0.7495178670785246,0.683890479819941,0.17588860116641844,0.903905802213795,0.5390787445320588,0.009233439171441765,0.3035014406854302,0.19266365827247162,0.30773958872875057,0.435873956653078,0.35403880926071774,0.7258255309449426,-0.09285046449447457,0.7844671968618866,0.2877650663488468,0.49919178974674966,0.6171857478799749,0.22571092877009027,0.3060750577619277,0.5027311706134505,0.3010136902321317,0.7722544742075117,0.7119662684762608
0.2528966566616548,0.4883649935664766,1.0,-0.3890298255655672,-0.07361553390967246,-0.33845362469711543,0.3282738787982518,-0.1433626949041708,0.02836491442683876,0.5625786398708926,-0.4808049880623643,0.24144462032931205,0.5462429992400905,0.3031807157674116,0.3066670061899202,-0.004416692508311657,0.017838841184480585,0.40140549659376396,0.5007598438757658,0.3818234427693128,0.47284455148322685,0.837574123402734,0.4913432712521286,0.837574123402734,-0.19803616688554634,-0.10691261145456549,0.007949339640891714,-0.041348639654611705,-0.09684781294100711,0.1442954126767844,0.6657969400242361,-0.45476089707781125,0.258438584308776,0.5613499661413839,0.3632787821567177,0.3667143919729498,0.07016998330232042,0.034742383775956356,0.42526462005175314,0.41638578440124424,0.21678143263636704,0.5107310723330994,0.28716006202408206,0.5941573878335139,0.8551737254278787,-0.032179937103693414,-0.061871326297397784,-0.14915866264495664,0.5993453366269089,-0.04441599936593524,0.3902238310150477,0.6565821287657801,-0.3623705971870989,0.3839570988300618,0.4666615336443804,0.44943668605875126,0.5027278539475127,0.12461403238301351,0.04207786911440899,0.4722750073785229,0.3916845367786297,0.43788056614869847,0.5488572501607357
0.3859104495789152,-0.05683424490216147,-0.3890298255655672,1.0,0.3756027200771555,0.7996861075125372,-0.13558175365995845,0.4707593323571593,0.5306353599869079,0.08295522163403814,0.6832063890934436,-0.21182552390963136,-0.573078556968069,-0.0406504607821928,-0.29675113181435003,0.09937891655204464,0.6973059573126966,0.2361073037854171,0.016028726679021228,0.0365879813072212,0.08709777692794952,-0.5139118958270212,-0.0606048142087528,-0.5139118958270212,0.8308686709978902,-0.029204283418893553,0.32633830971155364,0.20463058167314607,0.548815062610528,0.49056361873023197,-0.03712842875227815,0.7113876197512357,-0.2030369499741579,-0.5264122399401742,-0.037359998548688315,-0.29327832427256195,0.053630650881041776,0.5791152032100738,0.15417427952941784,-0.29330040467152774,0.06587216428410501,0.05868183259214956,0.3330787261581817,-0.1721577354871155,-0.3566217407866879,0.7276985259401283,0.24606814133992475,0.7134371140988184,-0.4385840480720585,0.4996323944321645,0.1993554658381699,-0.05008749499131312,0.5575556206077484,-0.2545824483822184,-0.6457280329333844,-0.05746858570175631,-0.5446890300765018,0.08745232456716376,0.5846483861785552,0.2066570696825363,-0.03317621967675882,0.019793760058555373,0.03866604175721448
-0.22999761760143753,0.36034061247170707,-0.07361553390967246,0.3756027200771555,1.0,0.6092713038577773,0.4004012808814943,0.31147328919230965,0.22534965287144987,0.13405476000231456,-0.00420401252304252,0.3575062308974022,0.11696051236911181,0.5412011763069673,0.37044662120629435,0.503475955975113,0.7062573070611646,0.17485856239262235,0.1265474075636529,0.21015140406776756,0.28764667977965414,-0.11091025457110978,0.31285925534541464,-0.11091025457110978,0.056405028041593676,0.5780087686692891,0.09424288279775268,0.305945935783295,0.24660325032369435,0.08239079933662902,-0.1266345049780053,-0.016965736551826534,0.25667037784614766,0.14116057077747132,0.4231314173346998,0.29433390852437524,0.41072683891635653,0.6129595352221311,0.25941700983851684,-0.28276559172883275,0.23769428433020806,0.28550181289960624,-0.3192503175662505,0.18555595094085892,-0.03897809359888105,0.020582074343834845,0.871265826696471,0.4246878919393402,0.10374969419706553,0.24468160637254702,-0.0013832222907948436,-0.07599802882590619,-0.11352663347452736,0.19437462143807083,-0.2267402584680777,0.40907916275710926,0.16841514819052936,0.34942126401177087,0.49466728118618253,0.16955061064707524,0.104157391409885,0.11685732989401439,0.28223644293879574
0.279709773156506,0.199630156116843,-0.33845362469711543,0.7996861075125372,0.6092713038577773,1.0,0.05028494915009812,0.489073187508918,0.5539974304821593,0.20210584600023507,0.5746912360904793,0.0026442754489975485,-0.3320616565360643,0.2480131614079324,0.052748342728678364,0.27271625633932856,0.7817343344761194,0.3158971692252684,0.22359729568584646,0.3080024062159588,0.4228758715592431,-0.5255520958744961,0.15913628247247275,-0.5255520958744961,0.6104829349809205,0.2265505499080118,0.4993952360773291,0.20243647578523538,0.3965781513850233,0.4446517041653175,0.012783170042485982,0.519942808453233,-0.02543234184280112,-0.3029373668082034,0.17931962086082723,-0.006216872063610664,0.24558969037422607,0.6835975902958987,0.3491776110674856,-0.13799514453563214,0.3125503240417913,0.386491165767726,0.22649747483372476,0.061204383813113654,-0.34307830476117107,0.5304908062840867,0.48262213212311056,0.8855530756396128,-0.321198199294902,0.4612533803343468,0.28693408083125194,0.02357511390081104,0.4434036325546544,-0.07408727460041849,-0.4103176461408885,0.17154610900917455,-0.19532897824064693,0.20367417315624245,0.6983157218662153,0.35335701002881625,0.18220226796377081,0.20661796195746726,0.30207266999379523
-0.0033579810755621623,0.2823580626352369,0.3282738787982518,-0.13558175365995845,0.4004012808814943,0.05028494915009812,1.0,-0.055741318028743006,0.0071230426135769995,-0.05047108100110631,-0.44312765152930345,0.19986283114680245,0.45520290278484316,0.7338114048617058,0.5631845304192447,0.611364694066467,0.16376556133093356,0.009144144014263658,0.42106642709585623,-0.07743225865802204,0.27029517016883603,0.49894107225824785,0.13197432775896611,0.49894107225824785,-0.1988201785041475,0.36199801981478713,0.27764066413787936,0.31624635759083314,-0.15408554589966955,0.015095200898769232,-0.17868300746603386,-0.43147408398663784,0.15448563243726823,0.4805249677616633,0.6971178840192855,0.5759526892755646,0.5547078671930448,0.038556713319851506,0.05849015876970527,0.3071784533749448,-0.06092298604420265,0.22063533093539384,0.014170820056565522,0.15304887179337548,0.5159331691375533,-0.21814996700344044,0.4154946486614516,0.03572258316183376,0.8715508560928592,-0.16092332560936234,-0.0901457178338267,-0.08825786101952138,-0.496847269139628,0.13554838109615533,0.26793744670826053,0.6281053308505532,0.5850805506095711,0.5038970563261699,-0.0366164764746883,0.047392674913625914,0.31510695043502457,-0.1584088271943595,0.14461022342140775
0.42567986334789654,0.3772800083890381,-0.1433626949041708,0.4707593323571593,0.31147328919230965,0.489073187508918,-0.055741318028743006,1.0,0.739934852925332,0.5279914720405309,0.5485022070280681,0.34985630309771043,-0.45709316623848634,-0.3340690119479071,-0.04563864946643803,-0.2277600882658557,0.27466760516054883,-0.1934464220748167,-0.15824457352586568,0.42601503234095817,0.1434915353864239,-0.2596759324311343,-0.003888349141605352,-0.2596759324311343,0.15547706800145555,-0.3718134749638979,0.13433443352693494,-0.36136622164161775,0.9357925338479232,0.46118294828440937,0.30250489416769794,0.581922033115594,0.36543525151493356,-0.40614774921889923,-0.3944223539762314,-0.10441940346653288,-0.3424943114247487,0.1562175121845816,-0.17057474089872807,-0.42142816686327406,0.4399499254092476,0.1622169287446265,0.14027709659084156,0.14453048358396908,-0.19621428065215005,0.15046951311321885,-0.06269724900326566,0.3049468519315536,-0.24530902674107097,0.9372285225799659,0.3586596944882694,0.3009686313794443,0.5431477949322349,0.2770257095087228,-0.47783043722153973,-0.39630169997237025,-0.15306762436122448,-0.38978598357898603,0.23500759947327557,-0.047448109475383436,-0.22668604354280616,0.3454222232901796,0.1582953836172685
0.6805534498811474,0.39062482924318365,0.02836491442683876,0.5306353599869079,0.22534965287144987,0.5539974304821593,0.0071230426135769995,0.739934852925332,1.0,0.5922217109636746,0.5437229037418139,0.07518456679217124,-0.35749375918156456,-0.12257885283917291,-0.08038065095251062,-0.019514002099789596,0.42748072050879704,-0.08414379224972522,0.1979122273797637,0.3810267803494446,0.43269221602141394,-0.14445387217985456,0.13982630233663942,-0.14445387217985456,0.4251671689122342,-0.398727490611054,0.40967553653006566,-0.016218930239619664,0.6996011554842702,0.8836687970636791,0.44555467064867543,0.5110560915351956,0.11392748198126901,-0.2901583172654513,-0.1182698999532788,-0.09886995189117051,-0.008369070070420852,0.3426324473063513,-0.0491815187057383,-0.12826310085552356,0.3607957447207344,0.40706232708080925,0.5497701041525943,0.2646881363875876,0.043158172179012994,0.5123842819825534,-0.12946191194048207,0.551662795296814,-0.20774355720101273,0.7584600068643406,0.7353511472255982,0.44370263858385695,0.541977449596378,0.11476484956261669,-0.4241741403836174,-0.07045183772571594,-0.2736350665962009,-0.017382338472383164,0.4805434969716886,0.07559586034184379,0.1475688789901418,0.3727974555976089,0.4233194003376918
0.5182154124939651,0.7720313191622054,0.5625786398708926,0.08295522163403814,0.13405476000231456,0.20210584600023507,-0.05047108100110631,0.5279914720405309,0.5922217109636746,1.0,0.07008635399853864,0.511292823831653,0.1993499142977415,0.0419112463597547,0.3413331950018194,-0.14748463337818313,0.3601424773987766,0.28442111396307496,0.43991974762146896,0.8233853271478915,0.5921689196616283,0.278121027631244,0.5886327729515727,0.278121027631244,0.12467246064802608,-0.198628124409096,0.07052536828559162,-0.21001229116678852,0.5059495267394101,0.5471770881383492,0.9188236088938597,0.06260785923932326,0.4985508271886462,0.1901215225599374,0.0553668711185717,0.34516606405693967,-0.1000505983550554,0.3529426519652393,0.3883874012287476,0.19993605784479807,0.7205974191294928,0.6551502199474474,0.4375387867771154,0.7220007811704583,0.4572051259763457,0.23980037452884057,-0.03724605987202015,0.22268699694722788,0.02669695207610054,0.6186539401524594,0.6792900556252582,0.9080069651708148,0.15204340627939195,0.5973291399897326,0.10556397338046491,0.16124082965597394,0.2930139457875927,-0.07485312615620465,0.3998944893552118,0.4860946927630182,0.3126386534490673,0.8293342241407655,0.7109199147948921
0.4008107868888353,-0.15864554760657562,-0.4808049880623643,0.6832063890934436,-0.00420401252304252,0.5746912360904793,-0.44312765152930345,0.5485022070280681,0.5437229037418139,0.07008635399853864,1.0,-0.3258859524517346,-0.7632393333824489,-0.46846747670331756,-0.48640239164758386,-0.12766015048926074,0.30809405967120257,0.011579024138519878,-0.37173625407315275,0.04988391385000468,-0.12405751657117305,-0.6887297064545652,-0.25780100089808505,-0.6887297064545652,0.5470561673401363,-0.34089606513864446,0.33202144056385247,-0.26986436893397037,0.5612343591533272,0.36296485797613115,0.02144547385301193,0.9654619361702091,-0.2877339518078113,-0.7690069746203354,-0.4784390212395416,-0.5231060103743159,-0.162493719409185,0.2707423929563105,-0.04443404200590669,-0.42339909118247365,0.0934342581433221,-0.1573094443465913,0.2649990360084384,-0.281409897025677,-0.6285493716638952,0.5751501527190789,-0.1986007876531702,0.5313409322958301,-0.6759964253605721,0.5540153485980884,0.25335724022880934,-0.04134053324460697,0.9558721640962341,-0.336551772645092,-0.6026640594718343,-0.5041428967012245,-0.6186212810233713,-0.1876407114855605,0.35705708993012536,0.0036655630153829225,-0.3674711962671378,0.032391407250396,-0.22773965326367904
-0.020298873582141642,0.7447950344389755,0.24144462032931205,-0.21182552390963136,0.3575062308974022,0.0026442754489975485,0.19986283114680245,0.34985630309771043,0.07518456679217124,0.511292823831653,-0.3258859524517346,1.0,0.4891872159525248,0.25764333541862583,0.6624491628156758,0.045294312121926354,0.10528376690255134,0.1115907530580083,0.08544872341180838,0.5746232441808579,0.3357605800580517,0.3182933753165014,0.5892058404267323,0.3182933753165014,-0.3546642686474804,0.2283089778010667,-0.46991960509717307,-0.22576478154927007,0.24757236790944576,-0.017753280041172145,0.3331043194430401,-0.36560650977062953,0.9400747765058973,0.4689722532750457,0.2190076516801871,0.650118840377925,-0.016021118501508624,0.09283722836217975,0.21606047561799754,-0.13231447694447238,0.6291741444579729,0.38255417817672965,-0.14592342500245437,0.6408474054995567,0.36879933838488205,-0.4056508825701031,0.31320817951666335,-0.1533473928006301,0.24835111986147565,0.34181051193484524,0.024250113711476392,0.4271991795122192,-0.28517265333279346,0.9305570972819979,0.24979165109085433,0.22503041831934004,0.6328976834327907,-0.03855137807800304,0.02277023638573339,0.22356900034061364,-0.058961954999169,0.534763833695246,0.39056935659431224
-0.29377731340380736,0.5278364954723589,0.5462429992400905,-0.573078556968069,0.11696051236911181,-0.3320616565360643,0.45520290278484316,-0.45709316623848634,-0.35749375918156456,0.1993499142977415,-0.7632393333824489,0.4891872159525248,1.0,0.7127501404163588,0.8066953355719724,0.3995705141001917,-0.06651057000430036,0.21233495581409334,0.5150637238068805,0.23834579351529164,0.3817873279841003,0.6296777031068773,0.6014776939244545,0.6296777031068773,-0.3928769900397573,0.4107934279720082,-0.30090039127424745,0.29705055740972197,-0.493986603824186,-0.2111032569338706,0.18423407987603643,-0.8051833963021795,0.3815397470305099,0.9610191705677105,0.7355366681282701,0.8252447058566742,0.48377760326762237,0.0003369206815013917,0.3318553802506162,0.46379961547705867,0.23234621591937663,0.3741536909890052,-0.1653231125479953,0.5630759111399192,0.6440941534377433,-0.3440293083324794,0.3128429046174285,-0.2658237909783621,0.609285188388818,-0.4394353412969522,-0.052076946119946635,0.28926853188067747,-0.7042283643788758,0.5184757522249721,0.6352912584588026,0.754731570125209,0.8338991002126136,0.4888224540330367,-0.12287833240881611,0.25218626728050797,0.45890222961428495,0.26082298042578556,0.4415446170568735
-0.15119206370612046,0.43602828777250424,0.3031807157674116,-0.0406504607821928,0.5412011763069673,0.2480131614079324,0.7338114048617058,-0.3340690119479071,-0.12257885283917291,0.0419112463597547,-0.46846747670331756,0.25764333541862583,0.7127501404163588,1.0,0.7351441429191327,0.7852235184641576,0.4412297979168799,0.38934306712965044,0.62639057612355,0.1563529249599837,0.5060811758487763,0.33719514682203006,0.5318162649589864,0.33719514682203006,0.02149787800680975,0.7052734804794422,0.16920301677632796,0.5623601169679278,-0.3977161590995461,-0.009511686597407263,-0.06845108805861687,-0.5207859995981045,0.15994236873092266,0.6941815459762195,0.9782627030161278,0.7399301985115131,0.8174718698279744,0.39276823921258547,0.4841956035430707,0.40468732203024543,0.1560891068072677,0.4482569284991711,-0.0038713237856599744,0.3874812030128786,0.46055878490272945,0.001058561734781528,0.719200632419673,0.2713560672967954,0.6009179336156195,-0.35972169223294687,-0.07183452415607695,0.03451102322895533,-0.5501626944525355,0.21153213059190556,0.37746888243806137,0.9482263837998998,0.6276568188983607,0.7951624778327969,0.25052361902188086,0.397266047158438,0.515627850339249,0.10581682435482699,0.42674615402701566
-0.1199497593437812,0.7185263739553887,0.3066670061899202,-0.29675113181435003,0.37044662120629435,0.052748342728678364,0.5631845304192447,-0.04563864946643803,-0.08038065095251062,0.3413331950018194,-0.48640239164758386,0.6624491628156758,0.8066953355719724,0.7351441429191327,1.0,0.5247801947499536,0.17377977932814098,0.15829658333353422,0.5190138267969707,0.38773468467007677,0.4506250630289137,0.36853613043066774,0.6325158252734436,0.36853613043066774,-0.28320839393653674,0.49330267567216046,-0.024056906160380108,0.22384862101465594,-0.1966487667123988,-0.09549199456181245,0.1762554631165459,-0.5269694319979293,0.5791456908762023,0.7614265638441687,0.7186465983223707,0.9803148259515683,0.5328479467960748,0.181850740016509,0.33512956871570143,0.39352688728505897,0.41194669003221046,0.450960803382456,-0.1269354569868961,0.6025395241747731,0.44847477884470294,-0.32067850518956764,0.4829134891666039,-0.021914760541041047,0.5438518203291751,-0.08455897639230531,-0.02443637763155349,0.2961901868284428,-0.4613304339078687,0.6168395987458112,0.5465573478275112,0.6964794019871622,0.8966711129929841,0.4822281493368833,0.05561819029711263,0.29032825969770265,0.4245651377909171,0.3231810914760398,0.4360932319381958
-0.1908177459418526,0.2075323733663165,-0.004416692508311657,0.09937891655204464,0.503475955975113,0.27271625633932856,0.611364694066467,-0.2277600882658557,-0.019514002099789596,-0.14748463337818313,-0.12766015048926074,0.045294312121926354,0.3995705141001917,0.7852235184641576,0.5247801947499536,1.0,0.3448261689062036,0.1493798261265111,0.22323523595193923,-0.1368432942751181,0.09850577894855778,0.04793975487506988,0.22059949910101848,0.04793975487506988,0.022459688679625486,0.6098070833750316,0.2455530237534981,0.5694153509129564,-0.2817279122938728,-0.06777817306109671,-0.3337221949430498,-0.2075190168162215,-0.03826311693207293,0.3401820251009475,0.7643851065808221,0.4758151525235541,0.9620952311861454,0.2506561955014576,0.19336700116895428,0.10568292498163513,-0.09638121617859458,0.021963929933247882,-0.0627886090736863,0.053090314069581986,0.08964824693360801,0.04238942131618012,0.6126234740980137,0.21418701751961788,0.3154949943921972,-0.35020196544660254,-0.2394224837853373,-0.2699869054769586,-0.2684790134766812,-0.10469837526129687,0.09273977198625459,0.6523371122335955,0.3213896690867985,0.9190465762586948,0.11560415033782223,0.13002075421485007,0.13811249147366103,-0.18983661327359652,-0.0006710044977596632
0.22832927642393316,0.3360253463155973,0.017838841184480585,0.6973059573126966,0.7062573070611646,0.7817343344761194,0.16376556133093356,0.27466760516054883,0.42748072050879704,0.3601424773987766,0.30809405967120257,0.10528376690255134,-0.06651057000430036,0.4412297979168799,0.17377977932814098,0.3448261689062036,1.0,0.5355866040515485,0.3770121357139846,0.37389582548587685,0.46179853158295375,-0.15726227371890275,0.38116911368335177,-0.15726227371890275,0.6251444684503866,0.4314273088312162,0.34392819807680536,0.2698093887611824,0.2871780141832976,0.4679535775105202,0.24851236293365017,0.29402068217146804,0.031202116733242025,-0.06429639562641824,0.3990303148028335,0.1820148668648775,0.35998646828676567,0.9516349025305983,0.5831662817728135,0.019370885847835702,0.3875944376230527,0.4704850593308615,0.2509229185279306,0.262741724417146,0.06887459567029391,0.5946761404994784,0.6643446930950001,0.7432431127579077,-0.05459621793992297,0.371398198802375,0.36316913471540246,0.257266915822227,0.22353764808662183,0.09986700076042825,-0.2894164374739187,0.4484067858166894,-0.03537792559082675,0.3788508818587989,0.8946650231901101,0.5449112648947513,0.30245732148949345,0.34923607259692846,0.4029017179407921
0.13864558315776399,0.29573372393745545,0.40140549659376396,0.2361073037854171,0.17485856239262235,0.3158971692252684,0.009144144014263658,-0.1934464220748167,-0.08414379224972522,0.28442111396307496,0.011579024138519878,0.1115907530580083,0.21233495581409334,0.38934306712965044,0.15829658333353422,0.1493798261265111,0.5355866040515485,1.0,0.3087676812481236,0.44611722765010364,0.4657148700053411,0.2292581291240547,0.5485475936162778,0.2292581291240547,0.35461196288001046,0.4176076768632489,0.09644487501016626,0.13875842424534385,-0.15335267328451757,0.07063021655368906,0.3776898954884558,-0.02199459990350274,0.14263179880617805,0.1971133982640556,0.4030639641676399,0.2151999998885158,0.22250913959665877,0.5787785102823046,0.9635018268561527,0.18020161725151643,0.3655005184039781,0.47876324120417846,0.30330132907115215,0.4311342118534856,0.3137406311625615,0.40976408049393453,0.4305589812798838,0.4643574524240648,0.05364173268858242,-0.047876810664512395,0.15365720233172098,0.3684459776119067,-0.017233840444549845,0.2012528272868528,0.16896889525735864,0.4597775771378008,0.16368056583233523,0.28539124575237673,0.5281966285458525,0.9521846685122277,0.24858165153139172,0.4741202915771253,0.3424937253294325
0.3112951181975172,0.4702898418521284,0.5007598438757658,0.016028726679021228,0.1265474075636529,0.22359729568584646,0.42106642709585623,-0.15824457352586568,0.1979122273797637,0.43991974762146896,-0.37173625407315275,0.08544872341180838,0.5150637238068805,0.62639057612355,0.5190138267969707,0.22323523595193923,0.3770121357139846,0.3087676812481236,1.0,0.379139652814117,0.7337966414221924,0.37391382230168,0.5361319428864189,0.37391382230168,0.29133484980819024,0.18401665738384967,0.43544711104691075,0.3689386025613882,-0.19906992095142825,0.41581273736044333,0.44560839317435774,-0.36688587863539984,0.07411089476481628,0.5481608729808356,0.6726866028409483,0.5754278337830535,0.3552070026617875,0.3823248553164421,0.4333831080463108,0.8151320399343627,0.26048164799691864,0.7370198205173464,0.47380776220828646,0.5292240993984987,0.6067070334964918,0.25579208505449236,0.2004859136538402,0.3501074715869247,0.47311721116745464,-0.06843929295007194,0.42874810999087853,0.5097251338965576,-0.35069977991841667,0.2191701450220279,0.4568623463463515,0.7628567919200002,0.48268566432750787,0.39377471687612536,0.37449517786759706,0.44689978130841507,0.9007120569103709,0.3697587585254813,0.763945418640736
0.36184836772841605,0.7959223282937444,0.3818234427693128,0.0365879813072212,0.21015140406776756,0.3080024062159588,-0.07743225865802204,0.42601503234095817,0.3810267803494446,0.8233853271478915,0.04988391385000468,0.5746232441808579,0.23834579351529164,0.1563529249599837,0.38773468467007677,-0.1368432942751181,0.37389582548587685,0.44611722765010364,0.379139652814117,1.0,0.7289298290094532,0.14610573346325842,0.6939913031117304,0.14610573346325842,0.1359013340247556,0.09554874696948998,0.025396032774421734,-0.18821770890539127,0.3676964585158007,0.39463233327140823,0.7806089980159613,0.039157691097985815,0.5736512351705929,0.2597489620855427,0.12081451193637079,0.3910971910503932,-0.06917372760317188,0.4069850457894903,0.555878308664849,0.13484561926975805,0.9451502274187433,0.7607094449019336,0.3140558203994233,0.8097647577204432,0.3324417198177722,0.22265831508682105,0.1843411029675139,0.3818975845197574,-0.015672230541543097,0.5452005138205207,0.48303033481175417,0.8189005958876563,0.10825111979011245,0.6719988374164992,0.16962315158199642,0.22052272044954913,0.3585866244846461,-0.06650911772104119,0.4485583100669829,0.6209835728749046,0.263849494731651,0.9727352710116585,0.7266912941005209
0.46416780302904537,0.690512590438701,0.47284455148322685,0.08709777692794952,0.28764667977965414,0.4228758715592431,0.27029517016883603,0.1434915353864239,0.43269221602141394,0.5921689196616283,-0.12405751657117305,0.3357605800580517,0.3817873279841003,0.5060811758487763,0.4506250630289137,0.09850577894855778,0.46179853158295375,0.4657148700053411,0.7337966414221924,0.7289298290094532,1.0,0.302591920771312,0.6994091630307219,0.302591920771312,0.27977682158155187,0.12175608815744007,0.31789543881570786,0.2213329564712383,0.04325543855592489,0.5736089583258083,0.5959919751560236,-0.16013961470874938,0.35014791495080333,0.4766813667573181,0.5118608016360288,0.48071812522429935,0.23194101926920194,0.4834756793853961,0.56931985645971,0.36125236271426636,0.6596499647929285,0.9746744162600319,0.45425003889497517,0.7828326581882127,0.5220437929387275,0.33143470005219755,0.26904855299293645,0.6041783620703423,0.27403417600858637,0.2781489911088736,0.6351873265317576,0.6751232788864967,-0.06361224448466458,0.49246910237412655,0.26216190404130124,0.6107581247346456,0.39896803685712395,0.23488362204155083,0.5604071528466152,0.6066675285391209,0.6575761912660656,0.7142505798218504,0.9153485004859311
0.05437064489370165,0.3668695212835782,0.837574123402734,-0.5139118958270212,-0.11091025457110978,-0.5255520958744961,0.49894107225824785,-0.2596759324311343,-0.14445387217985456,0.278121027631244,-0.6887297064545652,0.3182933753165014,0.6296777031068773,0.33719514682203006,0.36853613043066774,0.04793975487506988,-0.15726227371890275,0.2292581291240547,0.37391382230168,0.14610573346325842,0.302591920771312,1.0,0.34145184741790213,1.0,-0.3182776870078557,-0.0020854162448907783,-0.16018499578317255,0.1372727151108426,-0.2354708281802355,0.05279902628270671,0.38680438542414936,-0.6349080095941411,0.34106441692163003,0.6984696099565497,0.394242466301968,0.4586460148602413,0.12285095303217589,-0.10482268347982848,0.2246273895864969,0.3833918677275213,0.09974703349964885,0.3529519428847239,0.17340372082835018,0.5083626444067508,0.9079082567390255,-0.19748199798561575,-0.020618845053716233,-0.3205790852378326,0.7713587898303107,-0.15964440987253012,0.1856738617487655,0.45574893272389166,-0.5608119884119376,0.46949328732654066,0.4518236689338632,0.4578105686255294,0.5733940122634447,0.19682661306551058,-0.09773825298906813,0.266209925530224,0.36316072498466606,0.23644364045687713,0.3062026985356353
0.10432938766426005,0.8609298191918209,0.4913432712521286,-0.0606048142087528,0.31285925534541464,0.15913628247247275,0.13197432775896611,-0.003888349141605352,0.13982630233663942,0.5886327729515727,-0.25780100089808505,0.5892058404267323,0.6014776939244545,0.5318162649589864,0.6325158252734436,0.22059949910101848,0.38116911368335177,0.5485475936162778,0.5361319428864189,0.6939913031117304,0.6994091630307219,0.34145184741790213,1.0,0.34145184741790213,0.054117623393555456,0.37220175873735306,-0.049646838398663816,0.08782634259097721,-0.0022099335106909924,0.22351425035738673,0.534388998909888,-0.28931631684273057,0.6418099707803652,0.6089307196525321,0.5703740607942018,0.6714117332002402,0.2995786171507524,0.45841143298990633,0.6806829206025445,0.2511267652107581,0.604044168233659,0.6908151507275467,0.16820513672261267,0.8981901941895114,0.5356217130654987,0.08704529060027374,0.42004375265791805,0.2345458589747228,0.2239803921866178,0.12731848100644635,0.22508806435930323,0.6354322451711294,-0.20283426822712997,0.6764753705329156,0.45334639639568175,0.6572762439961446,0.536546265064721,0.3255318248247038,0.36743817669615636,0.6791269199234979,0.38507873618661426,0.7141367983262481,0.7263997088347034
0.05437064489370165,0.3668695212835782,0.837574123402734,-0.5139118958270212,-0.11091025457110978,-0.5255520958744961,0.49894107225824785,-0.2596759324311343,-0.14445387217985456,0.278121027631244,-0.6887297064545652,0.3182933753165014,0.6296777031068773,0.33719514682203006,0.36853613043066774,0.04793975487506988,-0.15726227371890275,0.2292581291240547,0.37391382230168,0.14610573346325842,0.302591920771312,1.0,0.34145184741790213,1.0,-0.3182776870078557,-0.0020854162448907783,-0.16018499578317255,0.1372727151108426,-0.2354708281802355,0.05279902628270671,0.38680438542414936,-0.6349080095941411,0.34106441692163003,0.6984696099565497,0.394242466301968,0.4586460148602413,0.12285095303217589,-0.10482268347982848,0.2246273895864969,0.3833918677275213,0.09974703349964885,0.3529519428847239,0.17340372082835018,0.5083626444067508,0.9079082567390255,-0.19748199798561575,-0.020618845053716233,-0.3205790852378326,0.7713587898303107,-0.15964440987253012,0.1856738617487655,0.45574893272389166,-0.5608119884119376,0.46949328732654066,0.4518236689338632,0.4578105686255294,0.5733940122634447,0.19682661306551058,-0.09773825298906813,0.266209925530224,0.36316072498466606,0.23644364045687713,0.3062026985356353
0.5401958927083049,-0.0517965326169149,-0.19803616688554634,0.8308686709978902,0.056405028041593676,0.6104829349809205,-0.1988201785041475,0.15547706800145555,0.4251671689122342,0.12467246064802608,0.5470561673401363,-0.3546642686474804,-0.3928769900397573,0.02149787800680975,-0.28320839393653674,0.022459688679625486,0.6251444684503866,0.35461196288001046,0.29133484980819024,0.1359013340247556,0.27977682158155187,-0.3182776870078557,0.054117623393555456,-0.3182776870078557,1.0,-0.06518829838142232,0.39446668872120566,0.30638619127311534,0.265754897891204,0.6114406548965963,0.17795963308467225,0.5891042390294494,-0.3274112946982174,-0.31828138228597774,0.08484979415767085,-0.20716541353968718,0.10960951493339874,0.6015869036003032,0.2801084993014524,0.08757235577042473,0.16620610989155468,0.26315214782603574,0.6289624814279113,0.0026926287334828733,-0.11113070805193569,0.9279825585730412,0.07157394318697284,0.7420099054076885,-0.3358701136086077,0.32516941905524765,0.36038878801477514,0.19303399384238126,0.49617447809019327,-0.22415182408222548,-0.38958544921548877,0.12010018789769017,-0.45054187708540894,0.20073848945477482,0.6566539115164449,0.3349500926211652,0.2525109258445472,0.19298009432827898,0.2034079219204492
-0.5173002139953862,0.17167543596927318,-0.10691261145456549,-0.029204283418893553,0.5780087686692891,0.2265505499080118,0.36199801981478713,-0.3718134749638979,-0.398727490611054,-0.198628124409096,-0.34089606513864446,0.2283089778010667,0.4107934279720082,0.7052734804794422,0.49330267567216046,0.6098070833750316,0.4314273088312162,0.4176076768632489,0.18401665738384967,0.09554874696948998,0.12175608815744007,-0.0020854162448907783,0.37220175873735306,-0.0020854162448907783,-0.06518829838142232,1.0,0.005632100103392367,0.38397970487108585,-0.4241411876787145,-0.32798108195435866,-0.2887327187986785,-0.3812308080608659,0.16855183937320356,0.3484046076479196,0.6168921182162835,0.4814985603581013,0.5935306039748508,0.4542900734198425,0.5045445519841893,0.15512083109120123,0.14155147984807473,0.11976857067476201,-0.3024924506752597,0.15972699042670654,0.058471956148719105,-0.12718470372458962,0.8775608672479708,0.16542370294873338,0.229920115785798,-0.38661281606244435,-0.4242331947049073,-0.22477005906449193,-0.4689124298336101,0.12225679641960414,0.25625151969242815,0.5963642002105836,0.37236061540839605,0.5676198374128693,0.26895808612440775,0.3680048443429293,0.1700077305341532,0.03645068003130667,0.02382101206083872
0.39726305668313183,-0.003154646071642992,0.007949339640891714,0.32633830971155364,0.09424288279775268,0.4993952360773291,0.27764066413787936,0.13433443352693494,0.40967553653006566,0.07052536828559162,0.33202144056385247,-0.46991960509717307,-0.30090039127424745,0.16920301677632796,-0.024056906160380108,0.2455530237534981,0.34392819807680536,0.09644487501016626,0.43544711104691075,0.025396032774421734,0.31789543881570786,-0.16018499578317255,-0.049646838398663816,-0.16018499578317255,0.39446668872120566,0.005632100103392367,1.0,0.19492696230501488,0.01723757049061663,0.38003568722700415,0.059982525556046676,0.34814413419262497,-0.3447931451287487,-0.2493019423905036,0.16888658320813013,-0.03595529983681677,0.2821202986672132,0.3094603942357087,0.1483185259793895,0.4282503002477175,-0.09355894517069986,0.2998532508275544,0.4507607439453405,-0.012703312962919308,-0.058898452362330024,0.3911586291371387,0.04996830949103305,0.5896623645198111,0.10333232410643393,0.1281905010922439,0.3028251483141264,0.0410877069970928,0.3065710014486351,-0.40237032015671015,0.04561817923711411,0.1837145023841863,-0.07492887581922339,0.2474392971382902,0.39880880718446426,0.21259832824815075,0.442735445661758,-0.04947737073337037,0.14245539179547112
-0.15381006684190685,-0.044539150491141474,-0.041348639654611705,0.20463058167314607,0.305945935783295,0.20243647578523538,0.31624635759083314,-0.36136622164161775,-0.016218930239619664,-0.21001229116678852,-0.26986436893397037,-0.22576478154927007,0.29705055740972197,0.5623601169679278,0.22384862101465594,0.5694153509129564,0.2698093887611824,0.13875842424534385,0.3689386025613882,-0.18821770890539127,0.2213329564712383,0.1372727151108426,0.08782634259097721,0.1372727151108426,0.30638619127311534,0.38397970487108585,0.19492696230501488,1.0,-0.36338882331856664,0.17045155483240518,-0.24405509011420434,-0.24371429707883577,-0.2534444002507686,0.3933444713294649,0.5833509665811132,0.2273608468528923,0.6666340019648279,0.27227837303207003,0.11999464692779749,0.1996625735096586,-0.14798902649507972,0.19138149293178253,0.06191817089998959,0.0579918948063793,0.12292240742569416,0.3235506013891837,0.45396118831579607,0.345740359458533,0.13106463471428922,-0.3381114361383671,0.008930796094380945,-0.15905432095159922,-0.3277810699248905,-0.19721596639996944,-0.03945214155878675,0.5709992024025572,7.085997019928503e-05,0.7065654997604377,0.24599321273525776,0.09591532628384342,0.5339231249685283,-0.1380293930797554,0.1621650599969786
0.41315586147416294,0.3216985554700221,-0.09684781294100711,0.548815062610528,0.24660325032369435,0.3965781513850233,-0.15408554589966955,0.9357925338479232,0.6996011554842702,0.5059495267394101,0.5612343591533272,0.24757236790944576,-0.493986603824186,-0.3977161590995461,-0.1966487667123988,-0.2817279122938728,0.2871780141832976,-0.15335267328451757,-0.19906992095142825,0.3676964585158007,0.04325543855592489,-0.2354708281802355,-0.0022099335106909924,-0.2354708281802355,0.265754897891204,-0.4241411876787145,0.01723757049061663,-0.36338882331856664,1.0,0.48427709722644074,0.32306499224241947,0.6296063389127685,0.26139416090717615,-0.4441455958976429,-0.42793968645599567,-0.2259051550913181,-0.39171987482748727,0.16819427859105782,-0.1756509782529269,-0.4708772221403223,0.37413360070148166,0.04774398676902853,0.15538227048123912,0.09245244155616995,-0.14938824386879843,0.2783929673999284,-0.11218278906156806,0.2296969676968789,-0.2922442256526151,0.9117280494821994,0.32198623838047374,0.31026897274220516,0.5437058328548066,0.18983633608897435,-0.5991624134562837,-0.418073781901165,-0.30480382121372623,-0.39361921753558216,0.2217213460306275,-0.044451937141191375,-0.29594713405980505,0.33163599182298237,0.1226712722190859
0.7243827732391126,0.35412453433416585,0.1442954126767844,0.49056361873023197,0.08239079933662902,0.4446517041653175,0.015095200898769232,0.46118294828440937,0.8836687970636791,0.5471770881383492,0.36296485797613115,-0.017753280041172145,-0.2111032569338706,-0.009511686597407263,-0.09549199456181245,-0.06777817306109671,0.4679535775105202,0.07063021655368906,0.41581273736044333,0.39463233327140823,0.5736089583258083,0.05279902628270671,0.22351425035738673,0.05279902628270671,0.6114406548965963,-0.32798108195435866,0.38003568722700415,0.17045155483240518,0.48427709722644074,1.0,0.5333206419773822,0.3549830798093623,0.018915422626071696,-0.10417086450416413,0.03484650652156549,-0.041536011178804844,0.041697528887498454,0.4490461827529476,0.08489686711446139,0.11729788219203713,0.4030095404896487,0.5519642135949926,0.7325087285461146,0.3658507041911344,0.2841080375685336,0.6977729159949443,-0.13761833448781777,0.5914792131103033,-0.08685948760992197,0.6017764352419402,0.8250781849024925,0.5655548390363683,0.39046799162217494,0.14349359536848555,-0.34206012038336203,0.13280869129430203,-0.2537423256515976,0.09950971459324393,0.6072800563361155,0.2028742518841152,0.3935277170637142,0.45689381149641833,0.5419992084335798
0.5766535010122021,0.6220556642008727,0.6657969400242361,-0.03712842875227815,-0.1266345049780053,0.012783170042485982,-0.17868300746603386,0.30250489416769794,0.44555467064867543,0.9188236088938597,0.02144547385301193,0.3331043194430401,0.18423407987603643,-0.06845108805861687,0.1762554631165459,-0.3337221949430498,0.24851236293365017,0.3776898954884558,0.44560839317435774,0.7806089980159613,0.5959919751560236,0.38680438542414936,0.534388998909888,0.38680438542414936,0.17795963308467225,-0.2887327187986785,0.059982525556046676,-0.24405509011420434,0.32306499224241947,0.5333206419773822,1.0,0.033306278969805966,0.3476551218727857,0.1939254206015779,-0.020318048069855613,0.22785414207235039,-0.21846648318629558,0.30963628030073315,0.44596043102189037,0.31278952506856,0.6765644046274393,0.6675418799252478,0.5335099826000207,0.7061580523358104,0.5485314456548508,0.3228375508605005,-0.21031109490744673,0.1691670932965136,0.04253290042158615,0.48795797867271795,0.7454561998139828,0.97114538221319,0.16104495587661477,0.5272120070820836,0.1817244004959686,0.12098730980868164,0.22537661456719002,-0.15680265962458664,0.4031293838742146,0.5416902273392339,0.361823463327784,0.8410927268746373,0.6850903517827281
0.4034650482666594,-0.17349861440864947,-0.45476089707781125,0.7113876197512357,-0.016965736551826534,0.519942808453233,-0.43147408398663784,0.581922033115594,0.5110560915351956,0.06260785923932326,0.9654619361702091,-0.36560650977062953,-0.8051833963021795,-0.5207859995981045,-0.5269694319979293,-0.2075190168162215,0.29402068217146804,-0.02199459990350274,-0.36688587863539984,0.039157691097985815,-0.16013961470874938,-0.6349080095941411,-0.28931631684273057,-0.6349080095941411,0.5891042390294494,-0.3812308080608659,0.34814413419262497,-0.24371429707883577,0.6296063389127685,0.3549830798093623,0.033306278969805966,1.0,-0.29904948181378116,-0.7736046976113138,-0.52154918823899,-0.5456640114387401,-0.2462422812960161,0.26031416759011594,-0.09276555085647832,-0.4147538145404749,0.07581713392162401,-0.1786359514177301,0.24905784996764133,-0.2790662104766235,-0.5956383919361169,0.5993277065068724,-0.20816556600370126,0.498775626697297,-0.6228720724187377,0.6147477466539111,0.2146503178898635,-0.018186177705231232,0.945441912683376,-0.34743676340594004,-0.6185666898334587,-0.5386509332345383,-0.6384427017124819,-0.2546700326848096,0.3439887631155407,-0.021631213522541336,-0.3473016841564293,0.03171307852875573,-0.25183559098693464
