Fp1,Fz,F3,F7,FT9,FC5,FC1,C3,T7,TP9,CP5,CP1,Pz,P3,P7,O1,Oz,P8,TP10,CP6,CP2,C4,T8,FT10,FC6,FC2,F4,F8,Fp2,AF7,AF3,AFz,F1,F5,FT7,FC3,FCz,C1,C5,TP7,CP3,P1,P5,PO7,PO3,POz,PO4,PO8,P6,P2,CPz,CP4,TP8,FC4,FT8,F6,F2,AF4,AF8,O2,P4,C6,C2
1.0,0.5011584380414656,0.37799385938160973,0.4503638872263088,0.40985632966161106,0.7447314583400887,0.11885594221943817,-0.41377698627512466,0.779082549889296,0.4492764878404136,0.46004929778496634,0.6214591496462436,0.5112189587341617,0.2668742598192147,0.5086207097731321,-0.32783447604183286,0.3200728403543513,0.5670626578505544,-0.10005827437155003,0.15952544207477282,0.016716210094498977,0.33853755395548163,0.2892661788317791,0.33853755395548163,0.359196223129473,-0.03320121450891318,0.06095211080082905,0.009503922563828988,-0.5352173571074855,0.39434278229037184,-0.24363136953247902,0.29992827829498964,0.6654069517119108,0.25292366839344815,0.25594767387617284,0.42015143158638846,-0.4283519794481828,-0.20296119972214952,0.3871829348688026,0.04758520643429814,-0.21395372771535623,0.03908223959540107,0.6163401827733688,-0.17101569015726734,0.4168931328427202,-0.06993343137055129,0.36218858514181407,0.4358185394838422,-0.12580437339841175,-0.5549427215069006,0.6044426659853462,-0.0859084837903047,0.42383859258525647,0.11425745133867166,-0.4170933370951722,0.043880908214882795,0.4092354650298463,-0.6282114487355364,-0.38518845190395407,0.41086611887081376,-0.11688048145057062,0.10433108977611114,-0.033941499815821216
0.5011584380414656,1.0,0.45810365914560863,0.34899215174405357,0.5221389354875693,0.3964071006372415,-0.20391876795341243,-0.6870377430929264,0.3986644003841599,0.16114235877209077,-0.12356549645283485,0.36174996332688925,-0.19940993766862547,0.8611917218041419,-0.28779918975375335,-0.6722584977823313,0.6713841050540382,-0.246530136853891,0.16406379453106254,0.34036439828242737,-0.4894331695645801,0.4125847932725101,0.7256810006426424,0.4125847932725101,0.28745106705869167,0.13000063037828088,-0.15445479141303992,-0.20689760719056963,-0.7920861030907751,0.02816813043839075,0.3502245835256692,-0.12408894087228309,0.2066797243274746,-0.4059458212934353,0.6289638505015275,-0.4549928800189092,-0.7827552664431692,0.2945115675167832,-0.4290885042713266,0.25977382499903207,0.05038839752478009,-0.5417155670850706,0.22332314759189698,0.6965642659406032,0.5459337701432481,0.10183602856821464,0.5852974390164113,0.025915366296398522,-0.3035251281220311,-0.7541927044601022,0.12982659865260116,-0.19089075403677788,-0.22079618934742964,-0.01652951554924899,-0.24381554833129485,0.763254467642049,-0.42352595600145154,-0.750755593555001,0.1643058346147204,-0.3928958516505498,-0.013411009934833797,0.26033458305229507,-0.5597350431181478
0.37799385938160973,0.45810365914560863,1.0,0.49739777474949154,0.06880349259380036,0.10613011626065516,-0.7374653082242674,-0.8370296964702937,0.40770740951329604,0.16310532448233553,0.33112705258905073,-0.04071191735647253,0.15203434203342953,0.4298499978724925,-0.13008061384527853,-0.7631396462266623,0.15238515789803855,0.2958694606066084,0.3413629785252883,0.9224299746221685,0.04202578012924417,0.7879938796532261,0.40225918481254025,0.7879938796532261,0.4290912385399475,-0.2521837341954144,0.20514593777945586,-0.4687875103307288,-0.7171561865258332,0.4044130160335351,-0.04121394322018622,0.18756799675417857,0.2431127438752774,0.1791862690629508,0.2515411506215012,-0.12276573919313209,-0.6515247351343991,-0.33537407803373165,0.1520230748128119,0.4501268740600541,0.7694640872217633,0.055286912333911024,0.6763263115453413,0.3964706749783323,0.9341486677022718,0.2879743043601491,0.0549057652730996,-0.16787328983573177,-0.8274884568280901,-0.7972548763053601,0.2602247640705462,-0.09556370566059216,0.4339666283347815,-0.3196220012791072,-0.653369505629941,0.2569156259931176,-0.18131856987276834,-0.7050508731159265,-0.4561898649991629,0.21996900705659916,0.22063755068065163,0.8603237584744913,-0.0903381612041971
0.4503638872263088,0.34899215174405357,0.49739777474949154,1.0,0.29083454497704603,0.308364481086676,-0.38403185044728894,-0.2868317249071999,0.615130206624882,-0.3582580843435835,0.5405386262132431,-0.008835338622452003,-0.20446162422800637,0.374258282220902,0.15220218574880584,-0.412071120218579,-0.16270784966785945,0.3756265625714907,-0.12049493471437006,0.47259276155130703,-0.23208987645198542,0.3998629801058367,0.4544619504622787,0.3998629801058367,0.8956774601098179,-0.10669668491460933,0.11408571283383406,-0.312850467815969,-0.32860859041378254,0.7612214883982059,-0.02636872927303918,0.35567461190889194,0.2819516744389573,-0.28480806993248037,0.40010517052486766,0.12639731523401782,-0.3458833912709425,-0.5572860990797669,0.2432862819184091,-0.0077506443118401285,0.12845823182858648,-0.3349158131366041,0.10814300549127247,0.32882709712900837,0.35315803989996086,0.8108421822348054,0.06013060951680714,0.2742838796504921,-0.6505670813097197,-0.37847089914351295,0.498196697802439,-0.54086928624031,0.44946854612633064,-0.28910843496659105,-0.3744879749298868,0.28990503345339064,0.055435101943036885,-0.5737727407501872,-0.4555024966804635,0.2241838835278377,0.03607258078072237,0.38089906451092204,-0.37610717722624076
0.40985632966161106,0.5221389354875693,0.06880349259380036,0.29083454497704603,1.0,0.8396965746093791,0.2848145641478685,-0.3654596509187912,0.5887308498442944,-0.0631781543782485,0.47360932722232524,0.7811070059436459,-0.36362092808090585,0.4192228496847105,0.4090984101345682,-0.29465252168270867,0.29766594774525124,-0.04107471437135661,-0.5625914684382008,-0.1001486451930891,0.1936173192891169,0.12415858252841161,0.15099074617674563,0.12415858252841161,0.09459695732659441,0.6455689713493916,-0.7111372919705631,-0.17642109451085697,-0.5774128055934946,0.2757266597351571,0.5194210560486857,0.24260765856776917,0.4440769462771759,-0.4883527939898283,0.21018978815256897,0.1791426127542619,-0.5258366442755532,0.22154252595564572,-0.21867443105800477,-0.45994325151258664,-0.33137453130625,0.012959599146134666,-0.17646814190039598,0.14856968416318067,0.209488407661096,-0.10095007418060409,0.9000866900141389,0.7299736363485422,0.09241033280676016,-0.5653491667510507,0.4646033621983095,-0.31287615474204994,0.26454705713794724,0.6349301117117669,-0.27739832123627856,0.2353808579788133,0.2949374648615639,-0.6489093112127102,-0.16984136341516784,-0.22721218035684068,-0.6271364265282199,-0.27796317263063797,0.10284724849163726
0.7447314583400887,0.3964071006372415,0.10613011626065516,0.308364481086676,0.8396965746093791,1.0,0.4376158211540845,-0.32095932294063667,0.7056286857117495,0.25475387847438763,0.6198194697553379,0.8865199180441988,0.12385352439550593,0.21152023567653305,0.6987948437743216,-0.1762769612628517,0.22732085562856752,0.40507536965145113,-0.6263804313303302,-0.12080289410045571,0.3710822912812337,0.155364079055085,0.012490439311936179,0.155364079055085,0.15261089973720507,0.45496033206583114,-0.43470131386905264,0.027986304808842375,-0.5329774613521729,0.31692703548045725,0.2475508757382011,0.3660982345689006,0.6630632694334931,-0.030706348479328602,0.13448497878135285,0.5237105903618442,-0.3810042033764262,0.029912044148635648,0.24032957239805625,-0.48179885590705385,-0.43762068633519097,0.2764530026784103,0.18069857854729635,-0.23740724283909148,0.2437207716350333,-0.22337565207998764,0.7647872899944539,0.8209028003614277,0.1502283211914248,-0.5445932849658163,0.6060481956175902,-0.11067236585662404,0.4794727630271893,0.6165478755030287,-0.26479713165137436,-0.0023935495761313276,0.6209669622620034,-0.582716127869338,-0.34598420238565025,0.23192426791659798,-0.616353127177383,-0.255762280206054,0.31693279938776686
0.11885594221943817,-0.20391876795341243,-0.7374653082242674,-0.38403185044728894,0.2848145641478685,0.4376158211540845,1.0,0.5586649620245854,-0.1253587759850853,0.33106613086164094,-0.06793477047198195,0.4524076140395743,0.18076602078931017,-0.3596252990048771,0.5091429886743973,0.5848465351260773,0.06784318502666535,-0.002004468770904494,-0.609547126755854,-0.7945383937941304,0.2939476585653607,-0.6911406856941705,-0.36123563989505353,-0.6911406856941705,-0.3175731680096547,0.260225683191251,-0.13631697347804658,0.36328191412526906,0.3140249903410627,-0.44157500059063,0.23203580692813044,-0.1797485792235294,0.23891967729270974,0.11671307421384988,-0.2420455600302986,0.3966498470607654,0.447576073585584,0.3804643290625404,0.035695024722025626,-0.6049166406099017,-0.7562175231840857,0.24848354965518166,-0.3950810214085263,-0.6045404449015146,-0.6401086693184201,-0.4911788816565831,0.23966962640479775,0.5297351443551865,0.8353314090513454,0.3790468770907344,-0.11153503033836448,0.3812555456458682,-0.19102885436747477,0.4561727958593807,0.45828292538819715,-0.26127010820905366,0.5083446626144478,0.4068506431765811,0.2290400556800541,0.03332617769384501,-0.5320098746611711,-0.6936685367184299,0.3922696814286547
-0.41377698627512466,-0.6870377430929264,-0.8370296964702937,-0.2868317249071999,-0.3654596509187912,-0.32095932294063667,0.5586649620245854,1.0,-0.46889705741644233,-0.18619360071173183,-0.21755920342527993,-0.3218881188198804,0.030798810395951417,-0.5682630525682412,0.20918203913076547,0.8983221593044111,-0.3044205967436355,-0.1545482151602127,-0.2658312573373651,-0.6540999736173192,0.020761069458039585,-0.8015317859863396,-0.4393981441599385,-0.8015317859863396,-0.183699495330665,-0.14217775799963134,0.2231128374851608,0.3578491353249827,0.9048067796757424,-0.2886609693135627,-0.17979973612653793,-0.19307812506086372,-0.3057027144411992,0.061033367899657284,-0.3417917815220764,0.27459637760326944,0.8817628104487412,0.11079348889616972,0.003547323510324367,-0.37423648809742677,-0.49983110832519617,-0.009724232064864332,-0.5943122968270803,-0.48924777634109073,-0.9604046742844884,-0.010951683639630758,-0.44530726648483804,0.01208206880574514,0.5096138574199736,0.9559759258860083,-0.35561098521690565,0.12095690758848006,-0.27049545010178044,-0.1014758266159476,0.5825112358867839,-0.37274689888550194,0.25077769409503836,0.8624019029512854,0.3505056909997245,-0.04527984337292571,-0.023031568884033588,-0.5294508301585946,0.09198950275253115
0.779082549889296,0.3986644003841599,0.40770740951329604,0.615130206624882,0.5887308498442944,0.7056286857117495,-0.1253587759850853,-0.46889705741644233,1.0,0.06276576083073339,0.6987649476633012,0.548397491410721,0.1454988667427944,0.19305632143557466,0.5142406783466894,-0.4590156688243292,-0.015355565366848291,0.46035404486910936,-0.09322207851071537,0.14272735056002311,0.03866902827375907,0.3515579493548317,0.1097611388977462,0.3515579493548317,0.31123349045660315,0.09894381463658197,-0.34316683975595563,-0.3330604336104009,-0.6009534161871496,0.7632708195152448,-0.29462700062410735,0.40647336576856324,0.4339146606207108,-0.07139460816694378,0.03507666894828092,0.3705166268012495,-0.6345107851112287,-0.445492700170497,0.29738943804896156,0.06835697772521744,-0.12232830954963954,0.0070140480826459285,0.37433421137076844,-0.017339699593812544,0.425760487560363,0.1855873900225261,0.43039930594429915,0.6379663299419652,-0.23659648825294588,-0.5751536707062107,0.9257927210115946,-0.37556881716094237,0.607733672770899,0.3209920659236621,-0.7391750507865618,-0.12245159836367485,0.3995696970349432,-0.776395627960705,-0.6581239592836264,0.2450354514621629,-0.013284893425581715,-0.010945988241177833,-0.053661998577648376
0.4492764878404136,0.16114235877209077,0.16310532448233553,-0.3582580843435835,-0.0631781543782485,0.25475387847438763,0.33106613086164094,-0.18619360071173183,0.06276576083073339,1.0,-0.18633786073012795,0.1996571464242188,0.7864121916219178,-0.19714715279687842,0.20661084875586658,-0.07686347364660583,0.28881111846530944,0.14825210608684516,0.17385695033950982,-0.03227920237421118,0.23523514232211876,-0.16675305232032323,-0.18434689762390752,-0.16675305232032323,-0.3543363287221694,-0.4240224566795593,0.34201257117615025,-0.13531783994037352,-0.3372527552345134,-0.46876565566396905,-0.16053419402312236,-0.45802285616585886,0.181099993475748,0.7199579779322782,-0.3410466493303264,0.08796073793088238,-0.14278439001673748,0.16545835676528692,0.1374106878969694,0.28438777852789837,0.09493235594082261,0.34893291065190213,0.47771176903441903,-0.3685490384972854,0.18736866629644075,-0.5220178388453887,-0.017045603653711213,0.10334544430939857,0.243516466766407,-0.23857562521356798,-0.05082784337075757,0.8127382732812308,-0.104388619196205,0.022867699027655994,-0.2086328955855731,-0.24465833767920397,0.17403115605840747,0.0026264809758391925,-0.06789924317185976,0.19886035957856607,0.14103143899542933,0.15862580478568974,0.29917686809380684
0.46004929778496634,-0.12356549645283485,0.33112705258905073,0.5405386262132431,0.47360932722232524,0.6198194697553379,-0.06793477047198195,-0.21755920342527993,0.6987649476633012,-0.18633786073012795,1.0,0.4592398253733011,0.09567301319022627,-0.0630768154667771,0.7632609373280382,-0.08525342699499121,-0.2573614379333973,0.6771470188037209,-0.5148783048914556,0.23446509339695928,0.5873790545945377,0.3919271600784308,-0.19441657898724338,0.3919271600784308,0.3478990135969536,0.2792757366902371,-0.2915325706738622,-0.08039724572718612,-0.2292784289973946,0.7987455934107787,-0.12308772819824204,0.7530059261761359,0.519064520914467,0.0933886269616618,-0.052724924175639024,0.7652050546413798,-0.15192599187157152,-0.47756147862624543,0.5574851391976547,-0.4220531957679348,-0.03164855817815381,0.49325523447187886,0.27579783736592967,-0.34013281559301417,0.31009368745006793,0.13058138632233338,0.3202834517503596,0.6126655268512329,-0.30133457011053516,-0.3418853009391283,0.7319427989947147,-0.425370766798754,0.9605400634612803,0.3499719967182248,-0.47835101126863727,-0.33132358220610636,0.7454010660303502,-0.4675367310714852,-0.7066907315326786,0.5266267259891835,-0.4032231153204162,0.031934752179277284,0.4587447419721722
0.6214591496462436,0.36174996332688925,-0.04071191735647253,-0.008835338622452003,0.7811070059436459,0.8865199180441988,0.4524076140395743,-0.3218881188198804,0.548397491410721,0.1996571464242188,0.4592398253733011,1.0,0.07390031455927239,0.2355969572659764,0.5565310133668364,-0.13421308155027162,0.3782020585477089,0.2874701732856793,-0.5165207645973585,-0.2410470327604175,0.3338291303613134,0.21933218600591245,0.05017110112770607,0.21933218600591245,-0.09532497358634895,0.6951965334251051,-0.6084126994526744,0.2633549264666411,-0.42267168601521043,0.18049256657493284,0.24143365620866872,0.45699107357649776,0.6836960845145466,-0.09730115408784724,0.21047442656401183,0.4408711825549667,-0.33285099097655596,0.2253345151619603,0.1277462674629568,-0.4521121600152311,-0.5254214621184218,0.28386590378714116,0.20399367607434882,-0.2429358793391151,0.20579940520724813,-0.5300533118862476,0.8349899257630513,0.623636976373211,0.3415374245963757,-0.4771768752327464,0.49159354702477737,-0.18791225618443896,0.3542075469984687,0.7459849895988946,-0.12319156331331198,0.024070044781577152,0.5182176197874971,-0.5216345236611255,-0.16473762171617504,0.14064722227523682,-0.6874038679202832,-0.4162480952206636,0.3254901879851331
0.5112189587341617,-0.19940993766862547,0.15203434203342953,-0.20446162422800637,-0.36362092808090585,0.12385352439550593,0.18076602078931017,0.030798810395951417,0.1454988667427944,0.7864121916219178,0.09567301319022627,0.07390031455927239,1.0,-0.39653584110627155,0.4276586756719173,0.1779523818299172,0.059817305384427776,0.5204666103185238,0.17812936723667763,0.04082553820920965,0.3172301412545178,-0.04017542213171289,-0.30886119893240094,-0.04017542213171289,-0.1870979047545371,-0.5406797373605468,0.5338377352055707,0.119700835331868,-0.0003447858117951116,-0.11743321185998375,-0.6106036714472642,-0.05827624628094042,0.22096884867312677,0.9281201428358504,-0.35367303326010746,0.47082679321995974,0.1612049891889131,-0.162904081237246,0.5355155745115852,0.24529739979625026,0.050554346233614454,0.4739472997080303,0.6882514658298214,-0.6404428715141809,0.09422280675327689,-0.3996397280565713,-0.31056698036694086,0.0008668431323577266,0.07844461530387534,0.015609053360824791,0.11885088209608857,0.5463797268146152,0.24625186885180883,-0.12758937170787255,-0.1992755276147557,-0.5031176867618835,0.44472329552520773,0.144337811787964,-0.23202473145963068,0.5650411801787857,0.24668302545437454,0.16928035384110923,0.36139672900294145
0.2668742598192147,0.8611917218041419,0.4298499978724925,0.374258282220902,0.4192228496847105,0.21152023567653305,-0.3596252990048771,-0.5682630525682412,0.19305632143557466,-0.19714715279687842,-0.0630768154667771,0.2355969572659764,-0.39653584110627155,1.0,-0.34550307839307687,-0.4696378246741322,0.7271809738335551,-0.3102809633852623,0.04405935988072588,0.4914112279057872,-0.44920012696418343,0.5584931970107311,0.7715467931148269,0.5584931970107311,0.3823189769983845,0.27179867239275884,-0.13907855389221974,0.051889068871152466,-0.564202361086705,0.08993699351157465,0.4363169557179046,0.12572517984288287,0.11683648787720534,-0.5376774090094174,0.8500406308670689,-0.3942930415194832,-0.5555046190600522,0.41004885080883596,-0.48679631508330673,0.05730248729784698,0.08435329631349822,-0.5542031385235687,0.15744770248459336,0.7895581536002712,0.4839241268575466,0.17016525976151547,0.5674606725514828,-0.2114562584097348,-0.5042059389842307,-0.6175827817019203,-0.05741630365109311,-0.48811906541250094,-0.1446472080754218,-0.12134157989363138,-0.011515694830790596,0.9143638353075106,-0.44165732271563457,-0.6298829343224799,0.37437976893876834,-0.45423428348174977,-0.1438401118721902,0.3095021910223334,-0.5700145918708751
0.5086207097731321,-0.28779918975375335,-0.13008061384527853,0.15220218574880584,0.4090984101345682,0.6987948437743216,0.5091429886743973,0.20918203913076547,0.5142406783466894,0.20661084875586658,0.7632609373280382,0.5565310133668364,0.4276586756719173,-0.34550307839307687,1.0,0.3759192012242486,-0.12567043184990678,0.5695794298568754,-0.6607572420862943,-0.24091096103135867,0.6809682445651523,-0.14351461025200388,-0.483742027311998,-0.14351461025200388,-0.0015242742721198069,0.1550506132174741,-0.15939857056791298,0.13105900089228492,0.029033706513588206,0.3581933377306064,-0.19392512539308657,0.4305090646515333,0.47105405086539753,0.35956880011385894,-0.317468885869685,0.9402295670035853,0.1901736812771418,-0.16327717343117376,0.5084364754902931,-0.5741414089134644,-0.41568650714894867,0.6048876253791584,0.13745434749185004,-0.7397441338730314,-0.14994745157544442,-0.24724428493007253,0.27726890976710317,0.7452487502847077,0.1992309553420212,0.005497250086477535,0.5293810250379761,-0.01292321210919159,0.693805975573203,0.4592200734411244,-0.2083332731890782,-0.5552337908170214,0.9740104266167618,-0.06191793319308364,-0.43185058941489746,0.4724517289626012,-0.4649154542711823,-0.32301948427947147,0.6256126181687769
-0.32783447604183286,-0.6722584977823313,-0.7631396462266623,-0.412071120218579,-0.29465252168270867,-0.1762769612628517,0.5848465351260773,0.8983221593044111,-0.4590156688243292,-0.07686347364660583,-0.08525342699499121,-0.13421308155027162,0.1779523818299172,-0.4696378246741322,0.3759192012242486,1.0,-0.10561450913049357,-0.07853088986680776,-0.42807471285053805,-0.5644395198887828,0.2740076000065565,-0.6430706935840407,-0.5648769085874168,-0.6430706935840407,-0.3297272554915194,-0.027874521804527836,0.16377756247571296,0.571367257045963,0.8115220387034954,-0.32942554814156216,-0.13762959158535817,-0.025432498690726463,-0.26414043807946963,0.21992103495230575,-0.28777493087898154,0.4663739321658039,0.884248428568806,0.3051619851470179,0.06359500932583381,-0.5364419482466193,-0.5248754994474786,0.23931785709890221,-0.3758898526463074,-0.5861875654445198,-0.8415786322579811,-0.27286435742591325,-0.23601837009373466,0.01535707827827682,0.45675285578200125,0.8275965451035612,-0.3512193748842673,0.13271878044462093,-0.10631860299885167,0.07016814801735254,0.620694446546621,-0.3731651351312487,0.4453055923710659,0.8243094015014066,0.4354503557028687,0.0036771848744593383,-0.1932012498422083,-0.5332369545625099,0.3213070232044117
0.3200728403543513,0.6713841050540382,0.15238515789803855,-0.16270784966785945,0.29766594774525124,0.22732085562856752,0.06784318502666535,-0.3044205967436355,-0.015355565366848291,0.28881111846530944,-0.2573614379333973,0.3782020585477089,0.059817305384427776,0.7271809738335551,-0.12567043184990678,-0.10561450913049357,1.0,-0.39343193162809337,0.05799264230838059,0.211180485796465,-0.2142707841855435,0.22084156549006675,0.5215920998551007,0.22084156549006675,-0.07994503895670176,0.1758334399786394,-0.0033798927331310483,0.24031886030672348,-0.36430763372561725,-0.36523557320568656,0.2924347949928469,-0.09989839132746434,0.1972693946001141,-0.12975962600959495,0.5677103026723022,-0.19043119261057337,-0.26585127842866285,0.7714738020643139,-0.553497389974255,0.034564757934690146,-0.06870063495264499,-0.2802796341540607,0.2398892390451139,0.35154295212556375,0.22279217892956193,-0.4223613735495632,0.5147497823423277,-0.255628415732261,-0.09149946141496053,-0.39069313602213646,-0.3108307938153171,-0.06899439209374124,-0.3003070078549211,-0.05049997126413122,0.11145064370549644,0.6400727583454273,-0.22535969582360552,-0.30579158491839165,0.5965763107269341,-0.4664607221489603,-0.21342119521568806,0.13579543405967706,-0.2838035180939481
0.5670626578505544,-0.246530136853891,0.2958694606066084,0.3756265625714907,-0.04107471437135661,0.40507536965145113,-0.002004468770904494,-0.1545482151602127,0.46035404486910936,0.14825210608684516,0.6771470188037209,0.2874701732856793,0.5204666103185238,-0.3102809633852623,0.5695794298568754,-0.07853088986680776,-0.39343193162809337,1.0,-0.24491514705648984,0.17265852005506652,0.44298246123238394,0.3925868786857228,-0.1421345774832414,0.3925868786857228,0.3934685283956756,-0.027081701929412064,0.18671351159429822,0.1867330150896159,-0.04409938445402738,0.5588038810259712,-0.36441953603124533,0.637405817282007,0.6107218888764475,0.5355725014930981,-0.03796775312364864,0.6962479687931586,0.06492509541426686,-0.6852860238217109,0.9621704258879296,-0.16276543254155065,-0.03500129953831492,0.537692863672523,0.5879438195029056,-0.5666826304207988,0.31567001008865986,0.05145352662313282,-0.11024193758665271,0.3311389134387606,-0.1318052089400986,-0.1813013241043677,0.5648998757940442,-0.04880805840044801,0.7756139053148852,0.09007976868374272,-0.21792095313705692,-0.42199102993166104,0.6417259936282315,-0.21038265230941935,-0.710835071603017,0.9672267565277323,-0.17398538880433256,0.13375758624626685,0.447763931086534
-0.10005827437155003,0.16406379453106254,0.3413629785252883,-0.12049493471437006,-0.5625914684382008,-0.6263804313303302,-0.609547126755854,-0.2658312573373651,-0.09322207851071537,0.17385695033950982,-0.5148783048914556,-0.5165207645973585,0.17812936723667763,0.04405935988072588,-0.6607572420862943,-0.42807471285053805,0.05799264230838059,-0.24491514705648984,1.0,0.3130678427739353,-0.5739016584806075,0.16084924297073852,0.2961203080569368,0.16084924297073852,-0.10837282057468718,-0.5593847556272098,0.3386426727207907,-0.36785982400251915,-0.11151966111675429,-0.09349328305361666,-0.5045434482030953,-0.39562910584347083,-0.34310038761586825,0.11932360276988874,-0.06653759547473148,-0.6166396030363593,-0.3003875720051642,-0.18143998035911474,-0.21703976560120014,0.9727578045815736,0.5468628281831039,-0.40808957218511577,0.3232760854045664,0.3808828145893131,0.27012513063534077,0.1279148674551939,-0.5146443850537693,-0.65388087276647,-0.26281529265743886,-0.04726581892618172,-0.13233058787210278,0.13274335113164304,-0.37277858321127516,-0.5410857179037991,-0.3451147824275684,0.06233501502719795,-0.6864430225576851,-0.056703848593117154,0.009308472648721627,-0.17896713034477169,0.8493766496652091,0.4419710075982199,-0.5348636049443031
0.15952544207477282,0.34036439828242737,0.9224299746221685,0.47259276155130703,-0.1001486451930891,-0.12080289410045571,-0.7945383937941304,-0.6540999736173192,0.14272735056002311,-0.03227920237421118,0.23446509339695928,-0.2410470327604175,0.04082553820920965,0.4914112279057872,-0.24091096103135867,-0.5644395198887828,0.211180485796465,0.17265852005506652,0.3130678427739353,1.0,-0.001836184904894945,0.7716684569942666,0.4678426964134892,0.7716684569942666,0.5033917058614951,-0.26508345604429245,0.35315159436766935,-0.30319850734144155,-0.47366088346496554,0.31596689325370275,0.028245276396090667,0.21503168721444846,0.13575811130427987,0.1174251641425178,0.38966590835930875,-0.15184926439558769,-0.4013277184582739,-0.2076158221506112,0.048020213620265755,0.3538155513087354,0.8113273192226428,-0.02392713409808662,0.5626108131596813,0.4638785403018308,0.7988170898681558,0.3583526665819416,-0.07361852548139144,-0.4140704523156134,-0.9304029137195172,-0.6027612731399844,-0.017720234744282855,-0.20095809055818045,0.3494872545322579,-0.5257536855371974,-0.41064217392206664,0.3895524065559339,-0.2726528187836619,-0.5049315770483849,-0.21747681651760983,0.13181830288330712,0.1871079063592438,0.9304173713853647,-0.15834751024044277
0.016716210094498977,-0.4894331695645801,0.04202578012924417,-0.23208987645198542,0.1936173192891169,0.3710822912812337,0.2939476585653607,0.020761069458039585,0.03866902827375907,0.23523514232211876,0.5873790545945377,0.3338291303613134,0.3172301412545178,-0.44920012696418343,0.6809682445651523,0.2740076000065565,-0.2142707841855435,0.44298246123238394,-0.5739016584806075,-0.001836184904894945,1.0,0.025032173040743323,-0.646401330627332,0.025032173040743323,-0.2790667632712696,0.2294008541862967,-0.16867137292500067,0.0762976703548156,0.017292534351402006,0.04389406195803856,0.11102391333253195,0.3462374565494924,0.3115313581439882,0.5043074679072853,-0.4537808320179946,0.7004919048630885,0.2346102436026761,-0.03994516345512904,0.44962647397746663,-0.5404079383918692,0.05944780795644626,0.9589593687635832,0.16243365855555728,-0.6714006645317295,0.08155998287025394,-0.4530210168036365,0.17943825601993196,0.41491986467787645,0.13034336929442783,-0.06812062035565604,0.14866995077457204,0.2716232228397038,0.6430267981886068,0.4649386088275516,-0.10884566590884302,-0.5732141930266917,0.7582615108343954,0.09926906866401039,-0.3837280990499059,0.46545999130948706,-0.5325085752603625,-0.05641477257445021,0.9716285440207821
0.33853755395548163,0.4125847932725101,0.7879938796532261,0.3998629801058367,0.12415858252841161,0.155364079055085,-0.6911406856941705,-0.8015317859863396,0.3515579493548317,-0.16675305232032323,0.3919271600784308,0.21933218600591245,-0.04017542213171289,0.5584931970107311,-0.14351461025200388,-0.6430706935840407,0.22084156549006675,0.3925868786857228,0.16084924297073852,0.7716684569942666,0.025032173040743323,1.0,0.4891740313790544,1.0,0.4161167068728303,0.22920054861698036,-0.07413908183177703,0.04368997104119499,-0.537247077511741,0.5063809046504977,0.03426101438394969,0.6280889202567441,0.39100300209829325,-0.03390232313630204,0.5733122820587846,-0.017245448833602593,-0.5253355966033072,-0.2345231144591397,0.24410952762890004,0.18244470253795486,0.4443416419396024,0.05811288165137995,0.6822299474910122,0.37459685453145347,0.8732339555188777,0.11185050771626706,0.2668428194489998,-0.237962894150754,-0.6807918712751571,-0.7249333349239621,0.29913814333712474,-0.46977170174322797,0.49771533584337435,-0.06686028374949353,-0.33447400357898543,0.3785434801843227,-0.11920385544381315,-0.7061361661574173,-0.2997781308093588,0.29406286134609805,-0.08133433191310838,0.5605968617413445,-0.07147759836831209
0.2892661788317791,0.7256810006426424,0.40225918481254025,0.4544619504622787,0.15099074617674563,0.012490439311936179,-0.36123563989505353,-0.4393981441599385,0.1097611388977462,-0.18434689762390752,-0.19441657898724338,0.05017110112770607,-0.30886119893240094,0.7715467931148269,-0.483742027311998,-0.5648769085874168,0.5215920998551007,-0.1421345774832414,0.2961203080569368,0.4678426964134892,-0.646401330627332,0.4891740313790544,1.0,0.48917403137905435,0.6331466639181862,0.09553890159058619,0.1559726343051798,-0.02660661281234422,-0.33297747652475673,0.10710694844824555,0.2663552294709363,0.068655487451901,0.3521371481426897,-0.4562049828006671,0.8411238273303531,-0.4643217459889088,-0.3939000882176426,0.09443359254955763,-0.32007701002656713,0.28039259071951156,0.17117765026082207,-0.6888591352624309,0.13813735356394446,0.6832216870723276,0.413526894060999,0.33474788707036,0.1550771372004044,-0.35967704421905994,-0.4174669091448096,-0.43496658330190363,-0.14052487523735988,-0.4267165081489133,-0.23569038139510634,-0.46651357043010205,0.008539341892115231,0.8352730590346813,-0.5802567025980415,-0.52716390787307,0.20159653200550146,-0.20416373648999422,-0.005751175114087002,0.447498139867317,-0.7170529510927921
0.33853755395548163,0.4125847932725101,0.7879938796532261,0.3998629801058367,0.12415858252841161,0.155364079055085,-0.6911406856941705,-0.8015317859863396,0.3515579493548317,-0.16675305232032323,0.3919271600784308,0.21933218600591245,-0.04017542213171289,0.5584931970107311,-0.14351461025200388,-0.6430706935840407,0.22084156549006675,0.3925868786857228,0.16084924297073852,0.7716684569942666,0.025032173040743323,1.0,0.48917403137905435,1.0,0.4161167068728303,0.22920054861698036,-0.07413908183177703,0.04368997104119499,-0.537247077511741,0.5063809046504977,0.03426101438394969,0.6280889202567441,0.39100300209829325,-0.03390232313630204,0.5733122820587846,-0.017245448833602593,-0.5253355966033072,-0.2345231144591397,0.24410952762890004,0.18244470253795486,0.4443416419396024,0.05811288165137995,0.6822299474910122,0.37459685453145347,0.8732339555188777,0.11185050771626706,0.2668428194489998,-0.237962894150754,-0.6807918712751571,-0.7249333349239621,0.29913814333712474,-0.46977170174322797,0.49771533584337435,-0.06686028374949353,-0.33447400357898543,0.3785434801843227,-0.11920385544381315,-0.7061361661574173,-0.2997781308093588,0.29406286134609805,-0.08133433191310838,0.5605968617413445,-0.07147759836831209
0.359196223129473,0.28745106705869167,0.4290912385399475,0.8956774601098179,0.09459695732659441,0.15261089973720507,-0.3175731680096547,-0.183699495330665,0.31123349045660315,-0.3543363287221694,0.3478990135969536,-0.09532497358634895,-0.1870979047545371,0.3823189769983845,-0.0015242742721198069,-0.3297272554915194,-0.07994503895670176,0.3934685283956756,-0.10837282057468718,0.5033917058614951,-0.2790667632712696,0.4161167068728303,0.6331466639181862,0.4161167068728303,1.0,-0.09010711314330654,0.34381205053057706,-0.08389106074348818,-0.12463693847373421,0.5489289067390618,0.09757352754292295,0.35357770136144206,0.41474157285630125,-0.22336112265329913,0.5885692766010183,0.06643074263599787,-0.10511081434968776,-0.46306025662563177,0.26737306410811457,-0.05622630961217563,0.14665203883486397,-0.36028277625119864,0.10280081030285339,0.3002860248844733,0.297421435655806,0.7535269679927779,-0.09245596791186184,0.020566211511862283,-0.5959418223468547,-0.2527875078966903,0.17626869241870746,-0.4739838247929332,0.3003146292446348,-0.49919346767772804,-0.06419836445099064,0.4348684493952589,-0.06025346677192466,-0.3967299331675639,-0.2720511741138425,0.317591974671976,-0.07515201677874785,0.4788470236795733,-0.39182074269306133
-0.03320121450891318,0.13000063037828088,-0.2521837341954144,-0.10669668491460933,0.6455689713493916,0.45496033206583114,0.260225683191251,-0.14217775799963134,0.09894381463658197,-0.4240224566795593,0.2792757366902371,0.6951965334251051,-0.5406797373605468,0.27179867239275884,0.1550506132174741,-0.027874521804527836,0.1758334399786394,-0.027081701929412064,-0.5593847556272098,-0.26508345604429245,0.2294008541862967,0.22920054861698036,0.09553890159058619,0.22920054861698036,-0.09010711314330654,1.0,-0.805044745930482,0.38742606920944855,-0.07685000659517749,0.13422076893007742,0.55148331906211,0.5510479039369695,0.3976826925196858,-0.5466819780187839,0.3531947034651774,0.14891988648987267,-0.103235132403551,0.30611318186978453,-0.11368380649692436,-0.621628582607332,-0.45126634336277216,0.12943773695155478,-0.2515906018162019,0.03827373942475137,0.017900906552081302,-0.3407980902054171,0.7397626689113552,0.32476256184232266,0.31671681043501165,-0.19929220577854484,0.16602832571622705,-0.487051346459489,0.16862268697972327,0.7041268765659753,0.23548789638635206,0.21299100439991042,0.1931104363568569,-0.27758393203822285,0.08093214276042165,-0.1106566638555129,-0.7967738088265186,-0.49881245064396956,0.23031652292868918
0.06095211080082905,-0.15445479141303992,0.20514593777945586,0.11408571283383406,-0.7111372919705631,-0.43470131386905264,-0.13631697347804658,0.2231128374851608,-0.34316683975595563,0.34201257117615025,-0.2915325706738622,-0.6084126994526744,0.5338377352055707,-0.13907855389221974,-0.15939857056791298,0.16377756247571296,-0.0033798927331310483,0.18671351159429822,0.3386426727207907,0.35315159436766935,-0.16867137292500067,-0.07413908183177703,0.1559726343051798,-0.07413908183177703,0.34381205053057706,-0.805044745930482,1.0,0.03664281144712454,0.2757824046482566,-0.24698470193237573,-0.31341963114210974,-0.31037235833375043,-0.07052686777418721,0.5772899399516475,0.03436061484681191,-0.025255103696752802,0.39499956613448106,-0.16980822900687545,0.23750323627703593,0.3357977437465368,0.35990793267515386,-0.08507697233392955,0.30203699758001024,-0.10928266320526629,-0.028027069172548293,0.26406851915365204,-0.7334772251777688,-0.5065990188610449,-0.3194148590155428,0.25284973749221534,-0.44851385461312915,0.3964139175076821,-0.15473574442353172,-0.849136818519265,0.17646919147547246,0.031362077580737786,-0.15079513124769986,0.3743554673688905,0.117024600254898,0.31228474129277495,0.43592141962837444,0.5833322278881395,-0.1683193907033583
0.009503922563828988,-0.20689760719056963,-0.4687875103307288,-0.312850467815969,-0.17642109451085697,0.027986304808842375,0.36328191412526906,0.3578491353249827,-0.3330604336104009,-0.13531783994037352,-0.08039724572718612,0.2633549264666411,0.119700835331868,0.051889068871152466,0.13105900089228492,0.571367257045963,0.24031886030672348,0.1867330150896159,-0.36785982400251915,-0.30319850734144155,0.0762976703548156,0.04368997104119499,-0.02660661281234422,0.04368997104119499,-0.08389106074348818,0.38742606920944855,0.03664281144712454,1.0,0.4845256950038532,-0.20244276707087797,0.03816329994882015,0.4284638607509743,0.15954603033061715,0.09018352515198455,0.4030878298112228,0.3337121637190313,0.5578066863405358,0.3498733391785197,0.23044791902140888,-0.4958981768431758,-0.5865954658764824,0.12678977384373782,0.09293368194680963,-0.3127531427451265,-0.3268741275971858,-0.41501092106396986,0.11306529531914047,-0.1974238529475041,0.3174998601310776,0.35087326340587704,-0.24662828518894667,-0.18130853417160395,-0.04037209982965954,0.17189300471901064,0.7622742909098777,0.11335886956971143,0.2559066540439764,0.3682050962774734,0.4922078849394393,0.21560737427446008,-0.4260896074004887,-0.41525846524623095,0.15164184140917464
-0.5352173571074855,-0.7920861030907751,-0.7171561865258332,-0.32860859041378254,-0.5774128055934946,-0.5329774613521729,0.3140249903410627,0.9048067796757424,-0.6009534161871496,-0.3372527552345134,-0.2292784289973946,-0.42267168601521043,-0.0003447858117951116,-0.564202361086705,0.029033706513588206,0.8115220387034954,-0.36430763372561725,-0.04409938445402738,-0.11151966111675429,-0.47366088346496554,0.017292534351402006,-0.537247077511741,-0.33297747652475673,-0.537247077511741,-0.12463693847373421,-0.07685000659517749,0.2757824046482566,0.4845256950038532,1.0,-0.21940248774150595,-0.23621190646198972,0.013631497487001414,-0.24743379761899867,0.09356197494363254,-0.21741548224679033,0.22169779132139028,0.9361928633952609,-0.0027002324700964287,0.12038493754044381,-0.2786361666449556,-0.31948846962173194,0.03994191514727089,-0.44208980534173087,-0.44857834643956684,-0.8102857269520107,-0.014046651905741035,-0.5882684010009673,-0.26904287744971955,0.3846581616796177,0.9559891752585579,-0.43033456146630394,-0.004571633583284222,-0.1963344848783791,-0.21708836560880931,0.6356661939172275,-0.3425663055797712,0.13055613997982216,0.8683490624987441,0.3132650864507957,0.10459377800832571,0.0018514883921208977,-0.375715365547197,0.1000981197761007
0.39434278229037184,0.02816813043839075,0.4044130160335351,0.7612214883982059,0.2757266597351571,0.31692703548045725,-0.44157500059063,-0.2886609693135627,0.7632708195152448,-0.46876565566396905,0.7987455934107787,0.18049256657493284,-0.11743321185998375,0.08993699351157465,0.3581933377306064,-0.32942554814156216,-0.36523557320568656,0.5588038810259712,-0.09349328305361666,0.31596689325370275,0.04389406195803856,0.5063809046504977,0.10710694844824555,0.5063809046504977,0.5489289067390618,0.13422076893007742,-0.24698470193237573,-0.20244276707087797,-0.21940248774150595,1.0,-0.34469505923267973,0.7064930851890221,0.3024722208444916,-0.18887298330936247,0.12432794811881934,0.39466561945363293,-0.32823353089519336,-0.7133621817801651,0.4541191718370548,-0.021890993784265338,0.051571501963710506,0.004011985523750348,0.24946470131647125,0.0354046733172202,0.35182050196979103,0.5129728200233994,0.10552582515582895,0.35944201164235384,-0.48686358616025305,-0.3035708426227557,0.8131800243414141,-0.7002764814448584,0.7639817150533628,0.08652163380775403,-0.5616269033212554,-0.1424386548513795,0.32377505407637924,-0.5724425797814017,-0.7031046258790732,0.39161591458910566,0.015947231298632226,0.11140435630308604,-0.07048012387836305
-0.24363136953247902,0.3502245835256692,-0.04121394322018622,-0.02636872927303918,0.5194210560486857,0.2475508757382011,0.23203580692813044,-0.17979973612653793,-0.29462700062410735,-0.16053419402312236,-0.12308772819824204,0.24143365620866872,-0.6106036714472642,0.4363169557179046,-0.19392512539308657,-0.13762959158535817,0.2924347949928469,-0.36441953603124533,-0.5045434482030953,0.028245276396090667,0.11102391333253195,0.03426101438394969,0.2663552294709363,0.03426101438394969,0.09757352754292295,0.55148331906211,-0.31341963114210974,0.03816329994882015,-0.23621190646198972,-0.34469505923267973,1.0,-0.0902174600158642,0.1439095787648734,-0.4858331389122446,0.39155136428727044,-0.286974812208251,-0.11127432790099864,0.5184889512325406,-0.4233209645032301,-0.511220098462011,-0.04002623037541266,-0.052601253518933105,-0.4441133450160781,0.37498099507059157,0.08513151181111453,-0.0463651834183713,0.5471744551743455,0.12517433091000948,0.0726385045134955,-0.2843175788671689,-0.38395887064678025,0.005161107934278496,-0.24205846584921295,0.2264730656487235,0.38155685910958015,0.5803574726244134,-0.2000224846683908,-0.1327935341632839,0.3426371580886799,-0.362660952417156,-0.6613101443206207,-0.011296766927206216,0.08130251744556978
0.29992827829498964,-0.12408894087228309,0.18756799675417857,0.35567461190889194,0.24260765856776917,0.3660982345689006,-0.1797485792235294,-0.19307812506086372,0.40647336576856324,-0.45802285616585886,0.7530059261761359,0.45699107357649776,-0.05827624628094042,0.12572517984288287,0.4305090646515333,-0.025432498690726463,-0.09989839132746434,0.637405817282007,-0.39562910584347083,0.21503168721444846,0.3462374565494924,0.6280889202567441,0.068655487451901,0.6280889202567441,0.35357770136144206,0.5510479039369695,-0.31037235833375043,0.4284638607509743,0.013631497487001414,0.7064930851890221,-0.0902174600158642,1.0,0.5421986280986815,-0.0658190294704666,0.35876554912221603,0.6025641647136476,0.014490266928890473,-0.32422314748103265,0.5358212988494601,-0.4258648167961474,-0.16354674551361176,0.3213481885217237,0.3411850525171409,-0.2035169763662374,0.2833620687290293,3.854538297836649e-05,0.29565116791225593,0.18554352258713722,-0.24372484971201888,-0.2098014347187005,0.5000151994257187,-0.6925816758861677,0.7756477933442392,0.29321749609964365,-0.06431170919720587,-0.06053549115589923,0.49652330571847003,-0.36043763816811036,-0.37679593357539937,0.5249553382613256,-0.47833179987639174,-0.0588775789038982,0.2745741027071761
