Fp1,Fz,F3,F7,FT9,FC5,FC1,C3,T7,TP9,CP5,CP1,Pz,P3,P7,O1,Oz,P8,TP10,CP6,CP2,C4,T8,FT10,FC6,FC2,F4,F8,Fp2,AF7,AF3,AFz,F1,F5,FT7,FC3,FCz,C1,C5,TP7,CP3,P1,P5,PO7,PO3,POz,PO4,PO8,P6,P2,CPz,CP4,TP8,FC4,FT8,F6,F2,AF4,AF8,O2,P4,C6,C2
1.0,0.4980558386601856,0.7959539728305262,0.0022855677497260647,-0.19695259230964468,-0.6021859332620768,0.04539274690880422,0.5724078711428826,0.5990413114091195,0.39557650151972873,-0.4205741038548976,0.8530325162438757,-0.30518685193525136,0.12570913746261625,0.7635472706079871,0.26941195839773274,0.48572258321144307,0.43181242529734093,0.3271613014284178,0.2783186578904859,-0.32053996316316197,0.2508965512998485,0.08464046495867909,0.2508965512998485,-0.38561871000224646,-0.10264899281873949,-0.4144117412876367,-0.07671636654250119,0.5174453857144741,0.2851438326356899,0.05015565075078463,-0.21494278413732354,0.5478058067565549,-0.3637442559353101,-0.06213079263492047,0.6114377936400288,0.1671601620054744,0.45429390235952427,0.2887456122331357,0.251798179860449,-0.04769478262232872,-0.4040527841243697,-0.1278353926161897,-0.006778691413805498,0.12572405207309484,-0.3132334915577013,-0.05369626260172661,-0.3124634320353777,-0.00027795193196086506,0.4576120752491352,0.12747753586750019,0.05549589058799456,-0.1695323504858684,0.5063980961631529,-0.3173800765996975,-0.08967306190223732,0.5190135186810808,0.15396369936289586,0.3650079542668643,0.271538852758649,0.2169449514401613,0.1347701458996995,-0.3755622743846509
0.4980558386601856,1.0,0.6720059157871618,0.6720323824236604,0.44539501832742723,0.12731379416080257,0.4797233124294453,0.0038221736310115966,-0.06388121436310978,-0.23687457307375587,-0.26925049057191514,0.18630616395874966,0.3509635712620193,0.5206294575470066,0.5379702617247442,0.5649091544325014,0.23881045012467073,0.009590682097040856,0.5513322841602263,0.06022027554937562,0.40766981774016975,-0.14525301496611084,-0.03164244971722291,-0.14525301496611084,-0.04849013936828056,0.36291852242697664,0.1485385225153547,0.24947163053188984,0.097787812776346,-0.13011507716610546,-0.3296770396438607,-0.30674679220156986,0.03354141447225,0.23228058693703546,0.3480850522340075,0.35287236674788647,0.3765806672833249,0.05378513635875306,-0.12218883341600709,0.37394270848009714,-0.21843564315335978,0.33167590759784915,-0.10472755535744735,-0.03494618069407332,-0.15503939518258775,-0.03552903000716444,0.3047907769854926,0.15708545787884792,0.11721144550733434,0.10918288524242747,-0.19635721760141397,-0.21736266341315702,-0.2824519872056674,0.1621507927957161,0.11175106279719142,0.29852314571205874,0.2797290610184441,0.33751008096385265,0.04122896875629358,-0.12404458770302576,0.3276430313767116,-0.036142178454651945,0.36353389280514364
0.7959539728305262,0.6720059157871618,1.0,0.21735461574112042,0.21956088974597587,-0.34543131529696036,0.45956207796998133,0.20102038374090106,0.1588589127926047,-0.10109504065486173,-0.5971534865245923,0.6065378626018173,0.1403054438601008,0.505511171825581,0.8513275209818185,0.615076955583197,0.25314466683281506,0.1177753020322777,0.5971089282975758,-0.0403063046733134,0.20547572108937057,0.02322669397238684,-0.1197404719007735,0.02322669397238684,-0.3580954559168267,0.14162526820703206,-0.22829746697493414,0.16806655014035057,0.27739234220896064,-0.06123577374599833,-0.4164717299406278,-0.4558063364593439,0.22704401400629462,0.043172774993099836,0.21181430487602299,0.6322383502127635,0.42939705784895466,0.17489532178557476,-0.036180465641378924,0.43699688233729583,-0.36564438925452225,0.0599428684528071,-0.22209366430701544,-0.1542023942470719,-0.08123293757000143,-0.3094762657398025,0.09725282321854206,-0.18401197373100897,0.10709799297209882,0.24415926655080206,-0.1923197205164276,-0.35882895981414353,-0.4300973642735048,0.2843605701161515,-0.05720013329349033,0.1317288523472812,0.4929455862622367,0.36638006418671926,0.10980100889402762,-0.01957395759384942,0.33293286717949916,-0.2643037325938956,0.04672523838874858
0.0022855677497260647,0.6720323824236604,0.21735461574112042,1.0,0.593498160433217,0.5276990604725335,0.5056627810946724,-0.12198583177293665,-0.19548572384569618,-0.2262932882383557,0.1034777035762027,-0.08387500482765445,0.586490738020501,0.5912824717969558,0.271773459969053,0.510468380694139,0.19586541909541552,0.06896827543718854,0.5161465288147874,0.28726436363721514,0.43208169631172655,0.05237246392965128,0.15654929967402878,0.05237246392965128,0.6087182793397546,0.554081799173859,0.5255180676177293,0.4184764246659141,0.0708827486020801,-0.04118066866816645,-0.09335684716412719,-0.009705652543953457,0.025165089420880755,0.5778915543496339,0.6380667234593456,0.24155925915068863,0.5058103051011126,0.06919909142056184,-0.0034396330077291113,0.44766154913325734,0.12155516193266257,0.5713607484657612,0.17197894036057915,0.2516095928349354,0.1261265611090132,0.5920657028818339,0.522766612201066,0.5269741967714822,0.3853962825654667,0.14947615766879072,0.012995142415738533,0.06541560975656001,-0.011602654206441979,0.19891645519640913,0.4754366377725148,0.6290286342200674,0.2834051587104654,0.5014454890774024,0.1459030105061061,0.04149439055589771,0.46300972451590033,0.09964735133964724,0.5901395426603377
-0.19695259230964468,0.44539501832742723,0.21956088974597587,0.593498160433217,1.0,0.8091064135670708,0.9387805759267772,-0.13531560234652487,-0.4728650329256204,-0.5601375738651622,0.19810797125907,-0.21869407059347024,0.9593993370392968,0.8747904234382275,0.27133900302704395,0.8241187008159948,0.021782432574215624,-0.05615916355868172,0.7634243924217342,0.08084704139480586,0.7366750003372998,0.08637389590489136,0.22942222335648843,0.08637389590489136,0.2942408485277495,0.9271438924477862,0.8241399161037503,0.8576983663335026,0.06881137001235371,-0.11183492480852793,-0.38519689737021423,0.14992959121871344,-0.12283395306441093,0.8996596313024972,0.8006831453795783,0.25500473554227954,0.7880360236648065,-0.0012002685202858361,-0.1372771319648547,0.6827397292505099,0.042590235395263916,0.7778614571281208,0.3289140874521031,0.34085737238346614,0.12902296986640951,0.31455176508117055,0.8483756295976326,0.7934667492022303,0.6384313951539755,0.12641955086736545,0.09504950721234137,-0.22081005060760237,0.084744844250776,0.06257386715240607,0.8373276797109517,0.7461007421232908,0.3038368792633267,0.7570709489970515,0.09321009338794309,-0.1361211589544637,0.6672820168003261,-0.05218292174534221,0.7932320900874289
-0.6021859332620768,0.12731379416080257,-0.34543131529696036,0.5276990604725335,0.8091064135670708,1.0,0.5768137134497433,-0.17783310808490335,-0.4492633114464181,-0.38154618569447096,0.6394131811233827,-0.520659324029465,0.7755085188015611,0.49285093709755895,-0.24278048001142324,0.3964246362550134,0.00038584487850044924,-0.12854729710797602,0.3829922665496692,0.22513059825679965,0.5183352864561401,0.07670509426578773,0.26674903039212433,0.07670509426578773,0.5855762570155183,0.8009043367202686,0.9253207888255605,0.6601940050388726,-0.052575777856511186,-0.021220290618500212,-0.04657246024770226,0.48882250345067574,-0.21565725090595947,0.769327278977562,0.5897872876617307,-0.14344301857525235,0.45207966923634557,-0.0033850189117503415,-0.15318084705787868,0.38157568359989835,0.2821234755891255,0.6478209536530328,0.4936007278300279,0.36061083294499097,0.1652775238469364,0.5498843320710496,0.7399353154124492,0.850651098860931,0.49091914323882674,0.006646511829792139,0.1831546316416628,0.0590655136556418,0.43268769878386604,-0.09526297465330268,0.7449363389208291,0.5783239362225473,-0.016426958187338983,0.45083890212167427,0.11585806976396147,-0.164880909769685,0.435890326945985,0.09834568663399747,0.6709548273772276
0.04539274690880422,0.4797233124294453,0.45956207796998133,0.5056627810946724,0.9387805759267772,0.5768137134497433,1.0,-0.01459735864041103,-0.3456291222074807,-0.5074538550693473,-0.038110950260138804,0.036029909034344096,0.9160427824363491,0.9687020370753255,0.546517573077325,0.9500043213303817,0.08176488787091188,0.10505315073147496,0.8892731090698456,0.04126125346631579,0.6905921815527727,0.2040344956260873,0.2794500214403866,0.2040344956260873,0.1344403691191776,0.8715278419379862,0.6692972503684802,0.8902443297876377,0.22262037715949337,-0.03026792742806996,-0.4230152821858537,0.009434113982549714,0.05256703705052997,0.8581368849399054,0.8455530760278817,0.5098816971260103,0.9026474034350805,0.07800971372568918,0.014095775626317556,0.8119096017756974,0.019365757237684668,0.7072858527863254,0.2879590136822363,0.387751511538045,0.220168440953567,0.20673828220643684,0.8216732952166763,0.6877663201129406,0.719584060551923,0.27867219303497626,0.15205847947289933,-0.23906200845991504,-0.05446324716176705,0.24666299379955928,0.8098399491334727,0.7857354627690737,0.5244859592780443,0.8692554365266052,0.15083037457723925,0.026672088516364954,0.7691251135986048,-0.02652660111055176,0.7184896815481655
0.5724078711428826,0.0038221736310115966,0.20102038374090106,-0.12198583177293665,-0.13531560234652487,-0.17783310808490335,-0.01459735864041103,1.0,0.9081796266591188,0.8407247220323634,0.37680913428860485,0.8443874444684655,-0.27597171159939077,0.029834049026635792,0.4761535373056042,0.12376420908502456,0.8409064042692479,0.7623334774677899,0.32411758075506514,0.7917769948469245,-0.6737688187223853,0.8135370979394898,0.5296761270541873,0.8135370979394898,0.17071354443768455,0.1569589631795831,0.01932712289808996,0.1945338944260068,0.9357432900760926,0.853961053045188,0.7400500426581342,0.6056537341801206,0.9117291740899083,-0.24036702783892916,0.0784250607155957,0.5664402279191957,0.24154010181007604,0.9314668725277897,0.6281377309441056,0.4185537465960498,0.6704048859291409,-0.5604936663972772,0.6404753014752149,0.4445264372274746,0.7190122449422195,0.2637125250863314,0.30026031272768344,0.1263571058262791,0.4127851331507623,0.8824691810618567,0.7045271142374,0.7379311691128677,0.6356133970033274,0.797834692590063,-0.06529582837240941,0.10066457681937833,0.6428897099137696,0.273352947112979,0.9144258701113683,0.6084385234704077,0.4968147999108081,0.6792478385714411,-0.505391725846795
0.5990413114091195,-0.06388121436310978,0.1588589127926047,-0.19548572384569618,-0.4728650329256204,-0.4492633114464181,-0.3456291222074807,0.9081796266591188,1.0,0.9422724848682656,0.2465606603085058,0.8401710382327328,-0.5671250073766159,-0.2434104230375244,0.3902046681671271,-0.14459034688363104,0.8234928162489894,0.7266695453398195,0.07045436151770229,0.7150692258732927,-0.8069502812342579,0.6967884292842758,0.41210218694942935,0.6967884292842758,0.1537904904386986,-0.18441632689193316,-0.2633190716228636,-0.13566430493776077,0.8134598973094719,0.8181718512419809,0.7868469033802262,0.4627203475681703,0.8608939592120459,-0.498700102735779,-0.15795600381957353,0.4804187058484362,-0.030277595962420252,0.865735887180199,0.6305738166865144,0.17741877718834673,0.5875872997725065,-0.6985746746743284,0.4246471373104469,0.2771739905683023,0.6017964841203295,0.22331660159651065,-0.03667442391031329,-0.1631680789313764,0.14764025756051652,0.745691879646811,0.5604868584448679,0.7314288850249016,0.5251554494305046,0.7026793138322271,-0.3607205894399284,-0.1224319997946856,0.5115501116230218,0.0017471236717260903,0.807624541179445,0.6183131115041857,0.23768794863574838,0.5948544976434555,-0.6608018892173637
0.39557650151972873,-0.23687457307375587,-0.10109504065486173,-0.2262932882383557,-0.5601375738651622,-0.38154618569447096,-0.5074538550693473,0.8407247220323634,0.9422724848682656,1.0,0.3839602686260298,0.6810866610136092,-0.6590695515752759,-0.43508520908986176,0.1125560744737025,-0.3807985875824332,0.6950194315217838,0.5928912914101465,-0.16464399029984667,0.6985373121487091,-0.9243684423050657,0.6122734639517454,0.2919546826897062,0.6122734639517454,0.24458936031092382,-0.2831477409010099,-0.2825847047461137,-0.27137514975676785,0.6931463906641308,0.7401106782389748,0.9019750973648666,0.5282876123185158,0.7634769195874657,-0.5846362210773112,-0.2938947229130337,0.219517020570605,-0.22272231070211307,0.7641439980884137,0.5265751262793864,-0.03699872666841635,0.6027249814417199,-0.7943050615918775,0.4527937428017884,0.193136506579624,0.5404942964236427,0.276164449960352,-0.12906847807496957,-0.2016650787380419,0.03622480481223528,0.6341597082490102,0.508860784385996,0.8206799664471821,0.5884916893754457,0.5805533347827521,-0.42915930541123193,-0.23818249269135408,0.29711522541191854,-0.17483618589945424,0.7329401156136355,0.5271377054831206,0.06234093311389056,0.6220518555224045,-0.7575681147007567
-0.4205741038548976,-0.26925049057191514,-0.5971534865245923,0.1034777035762027,0.19810797125907,0.6394131811233827,-0.038110950260138804,0.37680913428860485,0.2465606603085058,0.3839602686260298,1.0,-0.140857228272217,0.0963941696652982,-0.09307881823509562,-0.3898508597977576,-0.13025088547174749,0.4432927236269331,0.19601418967739553,0.012465677966959025,0.686485450709896,-0.25167204215492844,0.4178448895779713,0.4131713797926918,0.4178448895779713,0.6715062633452489,0.4134366764467644,0.6161811945049612,0.26225448700270215,0.3124163646110558,0.48558735630586775,0.6330347424795,0.9425130658074942,0.20736045529396036,0.1588056841075911,0.12151013589645494,-0.1906545738862863,0.04003133106704844,0.49727981189496473,0.15145230401798676,0.1213908433140669,0.6745090400335492,-0.053946489274885996,0.7122983338091653,0.3753492124166689,0.43769115975000417,0.624438376739812,0.44579260040316054,0.5632896781371697,0.29259890821559165,0.2936384331263278,0.49555295633840657,0.6018398080027314,0.9378363595972696,0.1234344226496336,0.2577647509956637,0.15206966416397805,-0.023580227828371835,0.07089568404475448,0.5630446203231838,0.10942107032642358,0.24480079849744302,0.44073186743089743,-0.01260990148489316
0.8530325162438757,0.18630616395874966,0.6065378626018173,-0.08387500482765445,-0.21869407059347024,-0.520659324029465,0.036029909034344096,0.8443874444684655,0.8401710382327328,0.6810866610136092,-0.140857228272217,1.0,-0.31448576528906697,0.1312708600035964,0.7689112896554208,0.24816239079513275,0.7038128220947241,0.6885862800842486,0.3916274410131169,0.5192726806787814,-0.5487323795370098,0.6438823782865576,0.31151818870880366,0.6438823782865576,-0.08001024360876646,-0.03141466114311144,-0.297881073007619,0.06739929641282849,0.829910501026788,0.6321671873373852,0.4186259496597027,0.12825349379627868,0.8525511247733157,-0.3015584929754464,0.05909786625048388,0.7463731802467031,0.27932436808379024,0.7546205073967286,0.5504030308644111,0.42057041264103795,0.3242592676597628,-0.5200956781309005,0.2824113839895753,0.23570266948726046,0.5248001369619985,0.025912095474127445,0.0865700538908189,-0.1680868012549187,0.28604709171103093,0.7802337553543726,0.43621060348638635,0.43122276939873644,0.17055940032768874,0.7780661612394976,-0.20327636744664726,0.0554177719871761,0.7266810567488953,0.28537753537555394,0.6986631274130273,0.5623984662551867,0.42660082641524844,0.39959843149286495,-0.49596243199999956
-0.30518685193525136,0.3509635712620193,0.1403054438601008,0.586490738020501,0.9593993370392968,0.7755085188015611,0.9160427824363491,-0.27597171159939077,-0.5671250073766159,-0.6590695515752759,0.0963941696652982,-0.31448576528906697,1.0,0.8890446173472567,0.24974097758785413,0.8138353087797043,-0.08779180367677823,-0.022098648240345242,0.7278117338884905,-0.03385672165108521,0.8231751064440319,0.07989014387522063,0.2927434402297243,0.07989014387522063,0.312825299409842,0.8739952431528606,0.819710431960793,0.8682596265841256,-0.01406438444191836,-0.13610979699472975,-0.43817324650988565,0.05654080046070056,-0.17073557012894144,0.9777759390214781,0.8678666141116005,0.2775913088235346,0.8070913289886813,-0.11048081962868088,-0.04501151452230119,0.6832268057362166,0.05381586934205583,0.8936721965939421,0.25320992467350323,0.42238562143088015,0.15531891448853277,0.3558041499038076,0.8082132371053141,0.8054310183617874,0.6743169413487754,0.0691553945106758,0.11156493511562081,-0.2532402628129473,-0.01945410141725219,0.04708969131610383,0.9129603055145485,0.8279725347127759,0.31831539732511616,0.7862295327497875,-0.012361942867541501,-0.034460520391973185,0.6532925520310567,-0.05329796399485365,0.900861844783024
0.12570913746261625,0.5206294575470066,0.505511171825581,0.5912824717969558,0.8747904234382275,0.49285093709755895,0.9687020370753255,0.029834049026635792,-0.2434104230375244,-0.43508520908986176,-0.09307881823509562,0.1312708600035964,0.8890446173472567,1.0,0.6620167272746547,0.9774741962542195,0.19104125593801863,0.2598790032409425,0.9372180817633821,0.1184457783610359,0.6645267294948066,0.30143706187926145,0.3937773272875154,0.30143706187926145,0.22133399225285633,0.8453462754426267,0.6454526639944326,0.8947163428778745,0.3074706042303556,0.07449036129833259,-0.3567510937065785,-0.011405230851450782,0.16532642569237072,0.8644626694310409,0.9219884738314809,0.6533976838236963,0.9599699594685189,0.16288798907165958,0.17914510044591314,0.8849257415729809,0.10900580415456029,0.7284696121648878,0.27513064926223973,0.4912112093134924,0.3249901395477271,0.3161280423816784,0.8219037883096753,0.691971193289664,0.7816722965245176,0.37145791562326774,0.2299527094592969,-0.15622632063822894,-0.06775129205090423,0.36966787022042646,0.8185440120171448,0.8739654570972314,0.6587245838371717,0.9354644502516873,0.22723857657592003,0.198335589958773,0.8365835601564302,0.06288139136365646,0.7427154999298381
0.7635472706079871,0.5379702617247442,0.8513275209818185,0.271773459969053,0.27133900302704395,-0.24278048001142324,0.546517573077325,0.4761535373056042,0.3902046681671271,0.1125560744737025,-0.3898508597977576,0.7689112896554208,0.24974097758785413,0.6620167272746547,1.0,0.7494428866012458,0.5288613142413761,0.5883604092313554,0.7966879541425181,0.2652555026970115,0.09901145694533554,0.4917052930665948,0.37470022670953645,0.4917052930665948,-0.0799390431694364,0.341515768793164,0.01844445626567597,0.4676788148299389,0.6466160172226132,0.37813959812113684,-0.08026019252743746,-0.14652771148003796,0.6071815763358324,0.2373627745967746,0.5276944145129191,0.9411640592979555,0.7063066232316939,0.5006021595073288,0.4629040907591175,0.7592227853783993,0.12633119440406881,0.10886415305324108,0.13720362571324995,0.35509118403211143,0.4208847066068124,0.05641799261408349,0.39386900820130377,0.1388257740881399,0.535755356715902,0.6470332852350207,0.2998200935770178,0.04304132216190636,-0.14014114517884046,0.6900967080029772,0.23756559125189802,0.4895387082716565,0.8712845071017128,0.6852256072736521,0.46722643474432196,0.48054085826991927,0.6947549298438254,0.18964255589567947,0.12438291178911881
0.26941195839773274,0.5649091544325014,0.615076955583197,0.510468380694139,0.8241187008159948,0.3964246362550134,0.9500043213303817,0.12376420908502456,-0.14459034688363104,-0.3807985875824332,-0.13025088547174749,0.24816239079513275,0.8138353087797043,0.9774741962542195,0.7494428866012458,1.0,0.2622755466069775,0.31010860250693106,0.9687765270890434,0.1470401377540317,0.6047027437177737,0.3370578296444902,0.4123495192726905,0.3370578296444902,0.11149672641543736,0.8092394107459636,0.5751683308188803,0.8620840675426509,0.3781476735720174,0.13732506682317952,-0.3577200869789106,-0.0116797356085578,0.23518277651979946,0.7777852541966987,0.8565407772747795,0.7226291227132053,0.9460227672779905,0.23980180853279148,0.20384885775164047,0.9049511539325423,0.09649466131909946,0.6353334777206769,0.26871471769464167,0.4715242525085908,0.33305404989636306,0.21534278257293488,0.7840851991588331,0.6265010676992706,0.7450073037692637,0.42385176281898784,0.2566965672108224,-0.17063993132472752,-0.05774003138508871,0.41982175025365687,0.7379343001049514,0.7991728854418729,0.7057735793819845,0.9133922836042174,0.27972106437810834,0.20912720285772815,0.8468442139460852,0.04528996293713204,0.6505738631478958
0.48572258321144307,0.23881045012467073,0.25314466683281506,0.19586541909541552,0.021782432574215624,0.00038584487850044924,0.08176488787091188,0.8409064042692479,0.8234928162489894,0.6950194315217838,0.4432927236269331,0.7038128220947241,-0.08779180367677823,0.19104125593801863,0.5288613142413761,0.2622755466069775,1.0,0.7414931826458868,0.4803084165105049,0.8703069176535507,-0.3875603126253746,0.7447596011059034,0.6051272177630227,0.7447596011059034,0.4416873048872754,0.3195445295159148,0.22256100941601784,0.2972876944437032,0.8581375663851528,0.8249940081517966,0.6382298554273309,0.6267508608816675,0.7864748888669331,-0.02916259587386826,0.28109235076621014,0.636439244168285,0.37069318644525856,0.9576976497437419,0.5998592642135987,0.5478302711087347,0.6704626651160503,-0.22275763269695115,0.5697722224175024,0.4740763019915424,0.6713347762232055,0.5059446648523819,0.4170690643975113,0.2868184614510711,0.45892993246284786,0.8004459499203597,0.6054778278332688,0.6474501247479888,0.6703807150428253,0.7040241587611975,0.047996939828626996,0.28717066874063824,0.6749814002686548,0.3819534892375825,0.928996359972792,0.5705781999761312,0.5904263359879526,0.5842352780765793,-0.1719870607551601
0.43181242529734093,0.009590682097040856,0.1177753020322777,0.06896827543718854,-0.05615916355868172,-0.12854729710797602,0.10505315073147496,0.7623334774677899,0.7266695453398195,0.5928912914101465,0.19601418967739553,0.6885862800842486,-0.022098648240345242,0.2598790032409425,0.5883604092313554,0.31010860250693106,0.7414931826458868,1.0,0.4621489273375468,0.6845553880577591,-0.3783950803827726,0.9158560258768371,0.8766990223419698,0.9158560258768371,0.2962322582666431,0.24830843487735535,0.19868330105485488,0.41291079018818,0.877747002641622,0.9169402345454096,0.628668695965851,0.4633440707810754,0.9125973919803873,0.09610506788174783,0.43923801462928286,0.7911717507007814,0.48764094731741453,0.8067045820067216,0.9703857440410759,0.6332353852271936,0.8236749226065041,-0.16125994471628038,0.5626114638529887,0.8288516194995351,0.9052068715348863,0.4690150378317255,0.4290137583868514,0.36448130268433704,0.6701961884284251,0.8959151821434321,0.8935562074306991,0.7248774801981617,0.4638463992310749,0.9173258162770149,0.27979868298242755,0.49476513561151686,0.8578361859863525,0.5472938931378283,0.805776558820921,0.9569375765469622,0.6837844519494555,0.8115191688789472,-0.10189015601502795
0.3271613014284178,0.5513322841602263,0.5971089282975758,0.5161465288147874,0.7634243924217342,0.3829922665496692,0.8892731090698456,0.32411758075506514,0.07045436151770229,-0.16464399029984667,0.012465677966959025,0.3916274410131169,0.7278117338884905,0.9372180817633821,0.7966879541425181,0.9687765270890434,0.4803084165105049,0.4621489273375468,1.0,0.343552687998584,0.4433522175453932,0.5090646858691479,0.5189030296754842,0.5090646858691479,0.24259543967475497,0.8164117829495293,0.5867192792440877,0.866204689697557,0.5679082507460353,0.33994026136924615,-0.1412163847992876,0.16005620921429245,0.42091744674484094,0.7120890163982861,0.8577643017798383,0.8071367180397936,0.9533879774929397,0.4574647204898641,0.3323824535538796,0.9647396164129921,0.27325561204932236,0.5171175940884226,0.4332266304470787,0.5498939080588297,0.4929136041544007,0.3541184858907777,0.822160530801621,0.6491928614551815,0.8132159885684257,0.6009413930537125,0.3883908971532912,0.035793592406444176,0.129217085707376,0.5712860614014124,0.6913023105516599,0.8092230555156154,0.8102060946298713,0.9270741824838515,0.4941954112131858,0.3385000837346346,0.9269973783365362,0.20139338078746175,0.5408390817848909
0.2783186578904859,0.06022027554937562,-0.0403063046733134,0.28726436363721514,0.08084704139480586,0.22513059825679965,0.04126125346631579,0.7917769948469245,0.7150692258732927,0.6985373121487091,0.686485450709896,0.5192726806787814,-0.03385672165108521,0.1184457783610359,0.2652555026970115,0.1470401377540317,0.8703069176535507,0.6845553880577591,0.343552687998584,1.0,-0.4549846586056219,0.7537672572098199,0.643061618473918,0.7537672572098199,0.6229216125885385,0.4044349842092137,0.40586276250215486,0.30944399888924584,0.7699643961515367,0.7963612125685593,0.7404360514259348,0.805218713482449,0.7134195532205145,0.04434715755861247,0.2823616569131439,0.4133564621871311,0.3189013699644476,0.8989065442488934,0.560247856217957,0.4457269056396713,0.7920253840343829,-0.21863855524393272,0.6606743142355342,0.5669539408229182,0.7100765253403069,0.6513770148961531,0.5032224434466327,0.4597298131486738,0.4677940640554301,0.7373847180934847,0.7209583387620666,0.7541618746581993,0.8265988354297271,0.6359301208376258,0.1852131788667487,0.31062494275087443,0.5302338112773244,0.35641698658113397,0.9179870153459392,0.5269718059479024,0.5469521451686641,0.6419642872286522,-0.15825498720121745
-0.32053996316316197,0.40766981774016975,0.20547572108937057,0.43208169631172655,0.7366750003372998,0.5183352864561401,0.6905921815527727,-0.6737688187223853,-0.8069502812342579,-0.9243684423050657,-0.25167204215492844,-0.5487323795370098,0.8231751064440319,0.6645267294948066,0.09901145694533554,0.6047027437177737,-0.3875603126253746,-0.3783950803827726,0.4433522175453932,-0.4549846586056219,1.0,-0.4028610738759693,-0.06178198733510795,-0.4028610738759693,-0.020263911203371635,0.5343433054721357,0.4979330495554661,0.5155038062594317,-0.459883168154642,-0.53547696232643,-0.8005716671011913,-0.3554036595942946,-0.5836214020579926,0.767153685523905,0.561052487754,0.03132872436986592,0.4853221831811493,-0.5075240726703667,-0.35027526405054055,0.3253778552010856,-0.40350745798436,0.9409834944077493,-0.27657745220227675,0.016780879256270177,-0.33323672737471666,-0.026818251038178986,0.3964413265359135,0.4305733609400336,0.22057961618062158,-0.4046488657871359,-0.3463604841355163,-0.6836289498865239,-0.41368192071297094,-0.3833644669780158,0.6056447699100836,0.500762462801642,-0.03675405586801925,0.43624106845703126,-0.4704691245963954,-0.35615449818147343,0.22546716347759507,-0.45425420804910177,0.921351508946137
0.2508965512998485,-0.14525301496611084,0.02322669397238684,0.05237246392965128,0.08637389590489136,0.07670509426578773,0.2040344956260873,0.8135370979394898,0.6967884292842758,0.6122734639517454,0.4178448895779713,0.6438823782865576,0.07989014387522063,0.30143706187926145,0.4917052930665948,0.3370578296444902,0.7447596011059034,0.9158560258768371,0.5090646858691479,0.7537672572098199,-0.4028610738759693,1.0,0.8330612821609855,1.0,0.45778378800584996,0.37567756208135616,0.3412546230121247,0.5139068361075356,0.928084144333342,0.9431760634520159,0.6963891027160264,0.6610544537378107,0.9144186609519636,0.1990144813087915,0.4768615889315422,0.7166788824194587,0.5395341702238369,0.8708604170960742,0.8566575304975169,0.6883999643644985,0.8859931876204075,-0.1701624425212519,0.7986150504634714,0.8110791447937082,0.9829512006261294,0.6032904265127415,0.5402590880419721,0.47397706036520143,0.7684762059818687,0.9464876131617981,0.9199027406662583,0.785401810977931,0.6552226536866534,0.9042472542211096,0.3717979924311874,0.5196712072927216,0.8280618552483737,0.5877181819500498,0.9027455639722142,0.8615771350672076,0.7596149158417489,0.758341996096084,-0.1276876639513411
0.08464046495867909,-0.03164244971722291,-0.1197404719007735,0.15654929967402878,0.22942222335648843,0.26674903039212433,0.2794500214403866,0.5296761270541873,0.41210218694942935,0.2919546826897062,0.4131713797926918,0.31151818870880366,0.2927434402297243,0.3937773272875154,0.37470022670953645,0.4123495192726905,0.6051272177630227,0.8766990223419698,0.5189030296754842,0.643061618473918,-0.06178198733510795,0.8330612821609855,1.0,0.8330612821609855,0.4173262408824363,0.521700718833603,0.5776776185085649,0.6436606476060359,0.6890847969397376,0.8236733950036439,0.4848547668159538,0.6135221731868666,0.6630117174321611,0.41800375390576466,0.6203482780776793,0.6368040458501785,0.5971484829630407,0.6627416028383929,0.8809946454466336,0.6977486729168356,0.8681602961600511,0.18634808661126082,0.6153140909841502,0.9662775681042889,0.8685439247979934,0.5738031767953609,0.65694186085343,0.6972618251013222,0.7771235569309158,0.7270915114540932,0.9308568987094529,0.6052640129538763,0.5806126954949546,0.7165977895280573,0.5944465344996059,0.6716276061392006,0.7308109818431253,0.6557393693453275,0.6935127368417942,0.8358029203196458,0.7506222039908667,0.7526965226904194,0.2520184766463599
0.2508965512998485,-0.14525301496611084,0.02322669397238684,0.05237246392965128,0.08637389590489136,0.07670509426578773,0.2040344956260873,0.8135370979394898,0.6967884292842758,0.6122734639517454,0.4178448895779713,0.6438823782865576,0.07989014387522063,0.30143706187926145,0.4917052930665948,0.3370578296444902,0.7447596011059034,0.9158560258768371,0.5090646858691479,0.7537672572098199,-0.4028610738759693,1.0,0.8330612821609855,1.0,0.45778378800584996,0.37567756208135616,0.3412546230121247,0.5139068361075356,0.928084144333342,0.9431760634520159,0.6963891027160264,0.6610544537378107,0.9144186609519636,0.1990144813087915,0.4768615889315422,0.7166788824194587,0.5395341702238369,0.8708604170960742,0.8566575304975169,0.6883999643644985,0.8859931876204075,-0.1701624425212519,0.7986150504634714,0.8110791447937082,0.9829512006261294,0.6032904265127415,0.5402590880419721,0.47397706036520143,0.7684762059818687,0.9464876131617981,0.9199027406662583,0.785401810977931,0.6552226536866534,0.9042472542211096,0.3717979924311874,0.5196712072927216,0.8280618552483737,0.5877181819500498,0.9027455639722142,0.8615771350672076,0.7596149158417489,0.758341996096084,-0.1276876639513411
-0.38561871000224646,-0.04849013936828056,-0.3580954559168267,0.6087182793397546,0.2942408485277495,0.5855762570155183,0.1344403691191776,0.17071354443768455,0.1537904904386986,0.24458936031092382,0.6715062633452489,-0.08001024360876646,0.312825299409842,0.22133399225285633,-0.0799390431694364,0.11149672641543736,0.4416873048872754,0.2962322582666431,0.24259543967475497,0.6229216125885385,-0.020263911203371635,0.45778378800584996,0.4173262408824363,0.45778378800584996,1.0,0.4347936527999012,0.6035134443887691,0.3500717472372802,0.30668644845530163,0.41057701512583394,0.5029581472264201,0.6094628505237792,0.2618985688049441,0.43208808214962113,0.48747026505008023,0.11488975929636278,0.31540731638358893,0.4229742291250153,0.2753919139301626,0.3510506340696143,0.6305276801012495,0.2717326258789083,0.6026804743492497,0.45767725743303,0.5306381145179104,0.9753587969636548,0.479168990653383,0.5922512231846728,0.4869096984307485,0.3562831812103104,0.38826835018218997,0.5695860685081293,0.6130451651400926,0.2952462401558656,0.4233165829714756,0.5228532838963729,0.2511514447127908,0.3428633011882262,0.5128351529717807,0.3164551411774721,0.43254808703321873,0.377814241658851,0.28144591919218664
-0.10264899281873949,0.36291852242697664,0.14162526820703206,0.554081799173859,0.9271438924477862,0.8009043367202686,0.8715278419379862,0.1569589631795831,-0.18441632689193316,-0.2831477409010099,0.4134366764467644,-0.03141466114311144,0.8739952431528606,0.8453462754426267,0.341515768793164,0.8092394107459636,0.3195445295159148,0.24830843487735535,0.8164117829495293,0.4044349842092137,0.5343433054721357,0.37567756208135616,0.521700718833603,0.37567756208135616,0.4347936527999012,1.0,0.9165941991411135,0.9380796337895665,0.34215559209498625,0.2146561860804428,-0.09381554234693107,0.43917881066265496,0.14567286107200753,0.8588474148166783,0.8555661800964895,0.40754472162221156,0.8564623859181627,0.31402824146581554,0.154532176153632,0.8010990900573441,0.35832237249284016,0.6619619110701175,0.5174571722249197,0.5897800998785098,0.4033128553277535,0.4849030642891378,0.9753640931640345,0.9193596598906387,0.7884545291901189,0.38198599794556365,0.4069928480373965,0.06188203166291229,0.3763608797673914,0.2870800234881411,0.8783616147726373,0.8221350245461193,0.4915962658321587,0.8490981840908639,0.40247676655901327,0.13003016870695847,0.8183267705212848,0.23008182363072585,0.7042380328450566
-0.4144117412876367,0.1485385225153547,-0.22829746697493414,0.5255180676177293,0.8241399161037503,0.9253207888255605,0.6692972503684802,0.01932712289808996,-0.2633190716228636,-0.2825847047461137,0.6161811945049612,-0.297881073007619,0.819710431960793,0.6454526639944326,0.01844445626567597,0.5751683308188803,0.22256100941601784,0.19868330105485488,0.5867192792440877,0.40586276250215486,0.4979330495554661,0.3412546230121247,0.5776776185085649,0.3412546230121247,0.6035134443887691,0.9165941991411135,1.0,0.8401119990698074,0.19457716638705397,0.2323035879652163,0.03366011747632667,0.5780954169134312,0.029802998945232036,0.8520376260986864,0.7755126862062421,0.17288129320526546,0.675509295696486,0.22638885581382476,0.16849826118686984,0.630114220372786,0.4845359413196756,0.6847233615211713,0.5628990433946977,0.6420111368455781,0.4161765784722505,0.6303752869490598,0.8985340395889604,0.9789616583873493,0.7133690106482147,0.2512843598794571,0.45480734399612943,0.1694888529387971,0.5137831956914468,0.1593047035582193,0.8842293129229064,0.7714408011789801,0.2937047617803284,0.6872418608894969,0.33056812398290614,0.13732530782114394,0.6761252468817391,0.2826200739378245,0.7256638331396835
-0.07671636654250119,0.24947163053188984,0.16806655014035057,0.4184764246659141,0.8576983663335026,0.6601940050388726,0.8902443297876377,0.1945338944260068,-0.13566430493776077,-0.27137514975676785,0.26225448700270215,0.06739929641282849,0.8682596265841256,0.8947163428778745,0.4676788148299389,0.8620840675426509,0.2972876944437032,0.41291079018818,0.866204689697557,0.30944399888924584,0.5155038062594317,0.5139068361075356,0.6436606476060359,0.5139068361075356,0.3500717472372802,0.9380796337895665,0.8401119990698074,1.0,0.43974145127731495,0.3212506289309493,-0.07553248748525715,0.36408518306903204,0.2772232286020795,0.884227180937677,0.928993073466146,0.5801766737780506,0.939497254708513,0.3285636486094965,0.3597037053586755,0.8999855034680773,0.42911282939604145,0.6529616923451065,0.5491712125268383,0.7261491265173815,0.5523391437810151,0.46317395217622553,0.9581848974290198,0.891378952404443,0.9178772534420003,0.4993062132871259,0.5257835412516078,0.10911706627074699,0.2913828337538044,0.43999308729872166,0.9304897584577564,0.909425046079141,0.65609085224612,0.9432141246180687,0.4141133306281273,0.34998572869180355,0.9021388966203214,0.32806853973327715,0.6905620914855054
0.5174453857144741,0.097787812776346,0.27739234220896064,0.0708827486020801,0.06881137001235371,-0.052575777856511186,0.22262037715949337,0.9357432900760926,0.8134598973094719,0.6931463906641308,0.3124163646110558,0.829910501026788,-0.01406438444191836,0.3074706042303556,0.6466160172226132,0.3781476735720174,0.8581375663851528,0.877747002641622,0.5679082507460353,0.7699643961515367,-0.459883168154642,0.928084144333342,0.6890847969397376,0.928084144333342,0.30668644845530163,0.34215559209498625,0.19457716638705397,0.43974145127731495,1.0,0.9021339154859704,0.660641856895524,0.5634142743754071,0.9660282358424549,0.04626409201386519,0.38428494421528053,0.7754770672411698,0.5127084575645444,0.9382596501758015,0.7566907973610428,0.6784909541761175,0.7488408811205288,-0.2989608096010643,0.7302956781292416,0.641642833772616,0.8680275233692142,0.44224653834864136,0.4943079853362252,0.32559948133683936,0.67013502933052,0.9869840322894191,0.7904730332471903,0.732904861225175,0.5785685968814995,0.9320138188561068,0.1942877371524028,0.4060419079069687,0.8532259183334453,0.5437697803867916,0.9446752524058901,0.7587333030765749,0.7379852775360116,0.7253585531958895,-0.24843735086756505
0.2851438326356899,-0.13011507716610546,-0.06123577374599833,-0.04118066866816645,-0.11183492480852793,-0.021220290618500212,-0.03026792742806996,0.853961053045188,0.8181718512419809,0.7401106782389748,0.48558735630586775,0.6321671873373852,-0.13610979699472975,0.07449036129833259,0.37813959812113684,0.13732506682317952,0.8249940081517966,0.9169402345454096,0.33994026136924615,0.7963612125685593,-0.53547696232643,0.9431760634520159,0.8236733950036439,0.9431760634520159,0.41057701512583394,0.2146561860804428,0.2323035879652163,0.3212506289309493,0.9021339154859704,1.0,0.809393567261697,0.7130763951664012,0.9084099306226197,-0.01696947273261713,0.27363196068628154,0.6104117959230951,0.321702894816064,0.9112598821146363,0.8630259199903426,0.5225592528683793,0.9100171364738338,-0.3186866615383035,0.7481896536450336,0.7366129889860308,0.91841852062519,0.5400838646851518,0.3833841354770334,0.3510164135546709,0.5841898268158464,0.8939913310808161,0.8994940051957665,0.85103316063892,0.7313238539635564,0.8469207624364343,0.1595888214081142,0.32646244348483405,0.706701720478067,0.3731262426379019,0.9113891703930744,0.8424819672157219,0.6012813570147821,0.8060734836418805,-0.26575994132572894
0.05015565075078463,-0.3296770396438607,-0.4164717299406278,-0.09335684716412719,-0.38519689737021423,-0.04657246024770226,-0.4230152821858537,0.7400500426581342,0.7868469033802262,0.9019750973648666,0.6330347424795,0.4186259496597027,-0.43817324650988565,-0.3567510937065785,-0.08026019252743746,-0.3577200869789106,0.6382298554273309,0.628668695965851,-0.1412163847992876,0.7404360514259348,-0.8005716671011913,0.6963891027160264,0.4848547668159538,0.6963891027160264,0.5029581472264201,-0.09381554234693107,0.03366011747632667,-0.07553248748525715,0.660641856895524,0.809393567261697,1.0,0.7235231450960572,0.7209804675932283,-0.3268782970717947,-0.0936727447625031,0.13162307883719257,-0.13254200221961698,0.7255265493848069,0.6113279035213032,0.044708988526475736,0.8274688710327474,-0.5823246013664402,0.6770498740811136,0.4328970414749498,0.6939590808222269,0.547281879332839,0.0771121530686658,0.11060036161312117,0.23566773173484568,0.6481452076379761,0.6733031639909656,0.9685868203062467,0.7599647234063498,0.5906625391001403,-0.15154214590167028,-0.011584512367442467,0.27669514335250417,-0.06252189134378047,0.7472919709203962,0.6153649590093034,0.1795353933933369,0.7942528377969567,-0.5341767288530135
-0.21494278413732354,-0.30674679220156986,-0.4558063364593439,-0.009705652543953457,0.14992959121871344,0.48882250345067574,0.009434113982549714,0.6056537341801206,0.4627203475681703,0.5282876123185158,0.9425130658074942,0.12825349379627868,0.05654080046070056,-0.011405230851450782,-0.14652771148003796,-0.0116797356085578,0.6267508608816675,0.4633440707810754,0.16005620921429245,0.805218713482449,-0.3554036595942946,0.6610544537378107,0.6135221731868666,0.6610544537378107,0.6094628505237792,0.43917881066265496,0.5780954169134312,0.36408518306903204,0.5634142743754071,0.7130763951664012,0.7235231450960572,1.0,0.4611790543340228,0.14279242785057614,0.20080815357048334,0.08466445114783833,0.18699340676981932,0.7129861230318358,0.40427599467591685,0.3052025872877955,0.814514654586723,-0.13821113457943615,0.7937739840028953,0.5485762791709345,0.6516294157447347,0.6189136273917931,0.5140904633744731,0.5742391734199357,0.45150127243683896,0.5337259732146896,0.706343014731842,0.7035796667114871,0.9936207530879693,0.3641658690354722,0.29192063846238986,0.23341055492573592,0.2420456981667224,0.22405934958447918,0.7595929458870193,0.3543520853933133,0.41974675596533584,0.5763258756971527,-0.08929811590401857
