Fp1,Fz,F3,F7,FT9,FC5,FC1,C3,T7,TP9,CP5,CP1,Pz,P3,P7,O1,Oz,P8,TP10,CP6,CP2,C4,T8,FT10,FC6,FC2,F4,F8,Fp2,AF7,AF3,AFz,F1,F5,FT7,FC3,FCz,C1,C5,TP7,CP3,P1,P5,PO7,PO3,POz,PO4,PO8,P6,P2,CPz,CP4,TP8,FC4,FT8,F6,F2,AF4,AF8,O2,P4,C6,C2
1.0,0.8396228513882338,0.4181185286550636,0.1636921752559371,-0.41219430063339185,0.1570663261469589,0.10718660930551537,0.4024183066000459,0.7935140353775076,0.7846000917921723,0.34575396838543676,0.4420398025003283,-0.14341710886867567,0.6505343746748864,-0.07509099879322893,-0.3853060726515629,0.6990759145662225,0.31950915020754267,-0.5838721417388437,0.4447188159840505,-0.4674817321417652,0.19875935329368802,0.585965984938221,0.19875935329368802,0.17166392342697526,-0.31172822562119634,0.16299852323194955,-0.23857521145873722,0.260215819039119,0.7050347349286263,0.3388956822850551,0.35129576647963495,0.308279662032261,0.01477433637872729,0.734407640597675,0.037894643552239614,-0.2579038541836067,0.7155438077755746,0.3952291107808826,-0.4467178832340739,0.45865273362101805,-0.4991100340495106,0.48731594006486934,0.592653839549111,0.18678297168866778,0.22033043803849692,-0.21962496761260025,0.15678649570139108,-0.08883115569333491,0.37173261896976145,0.8146245028301005,0.629970945448987,0.31889707516086163,0.34398306584203775,-0.11264369293925852,0.7695163986058079,-0.08648517785514044,-0.30506730312083175,0.6471409372047914,0.4605008615180476,-0.5407174449763816,0.47539817514472144,-0.42679299903523865
0.8396228513882338,1.0,0.4711309170791356,0.337713704628798,-0.42169575966791284,0.3369459085095493,0.308140734893087,0.3888980807674143,0.8673718765719213,0.9139323953981835,0.25741074662079433,0.36797946992192204,-0.08165667627681998,0.7766800792539537,0.1625569378648345,-0.2750084533172421,0.7819340229451841,0.4835020321259616,-0.6342610150375623,0.4466555812958469,-0.3122252619833698,0.4102948825128421,0.8367365855953423,0.4102948825128421,0.40673725720980125,-0.25483372033631235,0.29994770875329996,-0.12583701362254215,0.32947692261462536,0.8326564355248046,0.5536094933694723,0.3478385576648927,0.33883479830950475,0.1200829023891036,0.7691047699088783,0.29614779511910294,-0.09351729714808427,0.7989075903468716,0.5177590928994866,-0.5279738071633365,0.4308067883168951,-0.39026090108421785,0.6335789730506436,0.8212694083440247,0.19199778619279656,0.454310724375308,-0.11627345856848653,0.24625749950676853,0.2136073471984643,0.38182222511719227,0.8581977129844283,0.7761856417078414,0.20812873304536836,0.3236472244546297,-0.20251605176929058,0.7320875997010571,0.06529253663744666,-0.1933868417684468,0.6229770674183525,0.5050142553065196,-0.6240990344648704,0.3935304442220389,-0.3670120686802242
0.4181185286550636,0.4711309170791356,1.0,-0.14816299130032645,0.4611443595197182,0.6973840200659729,0.5766147808139123,0.6563360771788488,0.33704762038213454,0.504098416063458,-0.13236886505144477,0.8475993175026975,0.48931882480267896,0.32914229342333573,0.6986739279545066,-0.04103401504339149,0.2170415202839295,0.6142984089767081,-0.3080369897787193,0.6806539408034026,0.1574540699047872,0.8487019144660316,0.408689648342839,0.8487019144660316,-0.04601011203498955,0.4905164011281996,0.5594877604162984,0.39395395397085964,0.5833060608128358,0.5128758104439635,0.45623529814207736,0.03395490421750618,0.7584656803146285,0.5951511035334679,0.4623405969924042,0.7855177137323307,0.10400566962017145,0.2640353436270231,0.6466786938501247,-0.031221272655297245,0.6549111853991308,0.19729073498849525,0.645578009651576,0.5495219594714773,0.8390010650120895,0.06290292098982893,0.5773359721561852,0.6319635364566993,0.5000829670016246,0.6213740733194068,0.46029422787943536,0.4866369472259066,-0.08751924143352954,0.8167101778136048,0.4822648088284361,0.4744518192441289,0.67738015010727,-0.0859995843382778,0.11356784755104445,0.5808445496861359,-0.4618736452407876,0.635991521624963,0.10748206660286408
0.1636921752559371,0.337713704628798,-0.14816299130032645,1.0,-0.4166550722858086,0.08791660511488535,-0.5790462739061887,0.2006186953745239,0.6013775722641518,0.3232238011010275,0.7781835339186877,-0.05832614534314864,0.11316603202898412,0.20999230580362863,0.34895072179780895,-0.7014320895085357,0.7715721603164029,0.20620429039572055,-0.39956634799584884,-0.11884845276333278,0.15386124605488702,0.11431683893300844,0.6068739219269088,0.11431683893300844,0.9070135327267241,-0.19941472711995498,0.278547656018441,-0.5332537118764717,0.29403677410409534,0.39512373764369385,-0.07474567484958838,0.7357381963489067,-0.20493999445421707,0.15980475621173218,0.0008689518202905069,0.26472101614707155,-0.5093733472463456,0.6854451310490269,0.1338254115840728,-0.3171092912923239,-0.11116943387571267,0.09120742152548979,0.14164508096686668,0.46543809051633156,-0.10528438297403624,0.8425270613306283,-0.2447471460201928,0.06878625128008511,-0.33382916860729134,0.2792090921169967,0.4593847596657896,0.07527569306264684,0.6758015005447684,-0.1504231254839829,-0.0461091884977849,0.050104254579806384,0.2974241908780492,-0.5238327707590059,0.7794569288206261,0.07759658032629443,-0.4078293380814528,-0.14527087350931991,0.18267805461434242
-0.41219430063339185,-0.42169575966791284,0.4611443595197182,-0.4166550722858086,1.0,0.5914444370157576,0.30984266636477953,0.4834411579481604,-0.4191898493330509,-0.2794459423850325,-0.2936821460119661,0.3363058653203689,0.7379601963570873,-0.3979951729004685,0.4946709243548988,0.5121621877936355,-0.4601122968654134,0.41736139040184456,0.6090076811950452,0.46449679084069595,0.24896326785890743,0.5464333015377971,-0.25240323674294785,0.5464333015377971,-0.2482552356162574,0.8994163654335087,0.5508489507898302,0.6411975026046879,0.47993028152177153,-0.081678970342359,0.21919783683223587,-0.1114566888254845,0.49201314008198005,0.6799990118368372,-0.17060897211102227,0.5564960335166854,0.5713857091731287,-0.3627566602868376,0.40768038237242715,0.7337200667994821,0.4425523208777723,0.37933634538928673,0.21994002928196957,-0.07387237294605202,0.6221044738430728,-0.16089404044816882,0.9012601524152744,0.6546458555527759,0.5332501839947961,0.4299015334569428,-0.2121544334842682,-0.07104244125891405,-0.16355864575556273,0.5014223359975336,0.7865335452004527,-0.11516898890783013,0.5316409076691027,0.49620556325107273,-0.4831924382632932,0.3408805968075044,0.4628579749539827,0.4341876594557247,0.2132716949606753
0.1570663261469589,0.3369459085095493,0.6973840200659729,0.08791660511488535,0.5914444370157576,1.0,0.4308117701240085,0.8219118205463746,0.40531088228771994,0.4748995190879136,0.1742347742301932,0.6136276362982493,0.8179485812416898,0.23909157841420633,0.6586902254815751,0.1971012609560323,0.2876924052945453,0.8392509575599488,0.18425082879610097,0.7982641927619686,-0.1046970165590873,0.937534033737029,0.47097745094552934,0.937534033737029,0.3569334396182821,0.7437393689959936,0.877768964291844,0.6058988194122583,0.8040355383699307,0.6572138505198225,0.6933411668183418,0.4292471056995046,0.7920720209821059,0.8840239058081168,0.36862546694459164,0.815040637410458,0.45019336577285196,0.38130199293634803,0.8373973362077775,0.41511744525091676,0.7526414285483666,0.008936628853051137,0.7931052207796416,0.6354348471694892,0.753760074382073,0.4854972290822631,0.8119876117277459,0.8979541159324914,0.709763540050048,0.7986689376433379,0.49061202550040983,0.555021094834469,0.2628473447125778,0.7805426136111929,0.6515311851355562,0.3493836919892258,0.5457327024168992,0.21866230658946248,0.10071658172309342,0.6806631821710487,-0.02870789943190962,0.669277182036351,-0.20468657963286005
0.10718660930551537,0.308140734893087,0.5766147808139123,-0.5790462739061887,0.30984266636477953,0.4308117701240085,1.0,0.15220164971641031,-0.02298289811515531,0.24423080084654966,-0.666837536059656,0.3365864320683638,0.051592224341982795,0.1409918117510176,0.15802636456515287,0.560148240972179,-0.26452231629235035,0.2623326899739176,-0.029565785768173734,0.43797520656145456,-0.06561318746340655,0.4694373643493614,0.0332239282036922,0.4694373643493614,-0.4082002384511705,0.2589212348947228,0.06899107455040314,0.5945298143250848,0.08076561326985296,0.21963817821447812,0.5274439204539522,-0.49006700952022386,0.48493546954064487,0.12853722441977963,0.30144099546972364,0.29457637366983314,0.5391048239439805,-0.18965972068442305,0.3013564093305454,-0.045737429079319464,0.3948197353464081,-0.055848167905728434,0.4066890452097891,0.17664411315414424,0.32057525722714786,-0.29760876062171404,0.38855209350749614,0.21205893026071987,0.7737330548183341,0.09720343922598194,0.07343799113204107,0.4039957080171328,-0.6248062316610579,0.42233351212103415,-0.0654319908740786,0.18717519729855292,0.03150300985654231,0.3835090663164319,-0.4836092061226253,0.2330281724407247,-0.10307413069455594,0.3509275184712658,-0.23235569685399363
0.4024183066000459,0.3888980807674143,0.6563360771788488,0.2006186953745239,0.4834411579481604,0.8219118205463746,0.15220164971641031,1.0,0.502860583032678,0.5645257357744963,0.4345202235916127,0.7018818387307536,0.7582149531018432,0.3018527957067505,0.5401736195335718,-0.08989312836560596,0.4747819577562132,0.8483260938283926,0.026594676134939998,0.858675858198821,-0.015781621320174077,0.7688127220175371,0.5505141017939905,0.7688127220175371,0.398204043167803,0.6520382649913591,0.8551788598635306,0.20211053441896631,0.9542221147100249,0.692253185557638,0.6050619036265925,0.6073898571879983,0.7061965106423569,0.831831870891992,0.5244859704243964,0.6771904575671127,0.2242264473724333,0.563826114320144,0.8509533161312588,0.24169940572174944,0.866638856700534,0.1118686152715306,0.7846823555592033,0.6914083220069819,0.5806910506836281,0.5097719113215865,0.6732732744893831,0.88614523853452,0.4123410813474777,0.9825781302962121,0.6501037294290689,0.5910663045892041,0.5014007136649339,0.7735960181280674,0.693949070740437,0.6222712471826082,0.5045646574553223,0.07662961951378294,0.39985412240392537,0.8301584371704641,-0.0745059631053242,0.8521924025093114,-0.05624363081295347
0.7935140353775076,0.8673718765719213,0.33704762038213454,0.6013775722641518,-0.4191898493330509,0.40531088228771994,-0.02298289811515531,0.502860583032678,1.0,0.8919756161445215,0.6615498265385162,0.42202614193981003,0.15667476363182367,0.7007052977506618,0.19936948176769023,-0.4796753174232104,0.9503721006595376,0.5709511672284759,-0.516437248158588,0.48465249759399875,-0.3862558565229796,0.4335359736452007,0.8654915551651196,0.4335359736452007,0.6990893541869101,-0.13292304782445583,0.43907337847092565,-0.1495619299231826,0.49010218572931247,0.9114701501604912,0.49712455936026345,0.7233259453922275,0.3846902806213498,0.3041660619780874,0.6515050918422338,0.31011626847479296,-0.21709755978288475,0.9542290182453136,0.5882163530029848,-0.3497619758681863,0.47934219230238323,-0.3870383147783091,0.6935217758818695,0.8401792080429563,0.20737194088688074,0.7425547960654068,-0.07145368130004506,0.3452367314996535,0.07910663865477302,0.5437911714591057,0.943957431382301,0.718280818547865,0.6259590304714225,0.38764567572346026,0.009282429401089727,0.643431367868779,0.10161896599795531,-0.35254651944513604,0.8415084272437537,0.5553664894376155,-0.5481529995212115,0.4365778113145312,-0.40372571873895435
0.7846000917921723,0.9139323953981835,0.504098416063458,0.3232238011010275,-0.2794459423850325,0.4748995190879136,0.24423080084654966,0.5645257357744963,0.8919756161445215,1.0,0.4355698008679411,0.5678445835787581,0.20431374830674137,0.8946832697242922,0.18681701124003858,-0.25562601712496325,0.8196148770148564,0.6928077290375163,-0.4653206931965007,0.6628883438130164,-0.3201531667660856,0.5308409455085278,0.9084362548843675,0.5308409455085278,0.5107436313415283,0.013084619747254089,0.4953175841322392,0.03198080358883631,0.5679649735354976,0.9084758427710786,0.7441888061431047,0.5488851356744748,0.5935672449963382,0.3748408094398236,0.9030543229807515,0.36541408507801015,0.028515689488928155,0.8736943218639441,0.7217574368942791,-0.32273539153733505,0.6596393314018695,-0.2948845624605143,0.8358833616362198,0.9351763417234918,0.2589288452986694,0.585202334919213,0.10448233917877947,0.4786494644388311,0.3431035257477083,0.6002034148695902,0.9044729755057668,0.9332032751360883,0.4368616208240226,0.5735978185224245,0.08437694046775597,0.8666484620739389,0.09790968251585766,-0.12314069040614203,0.6923597257184817,0.7293196377270401,-0.4806288007893711,0.6238722742951401,-0.39012633879714725
0.34575396838543676,0.25741074662079433,-0.13236886505144477,0.7781835339186877,-0.2936821460119661,0.1742347742301932,-0.666837536059656,0.4345202235916127,0.6615498265385162,0.4355698008679411,1.0,0.19908011752609822,0.3368937730097908,0.34418639712685856,0.09274788121579791,-0.635971780578477,0.7830373391157379,0.367832530389914,-0.14363356348475834,0.21443766300088155,-0.1778104505438214,0.11162549270564456,0.5487404463789045,0.11162549270564456,0.8198793233277015,0.012667766177541478,0.41385415038478107,-0.35925836745131984,0.4997252178861232,0.5007677506655178,0.12120406250561166,0.9540484967257843,0.11325338546913852,0.3457220463531476,0.2557690198545781,0.09968784356294551,-0.3694248694378748,0.7629422733115421,0.3404410485099598,-0.014267670989641757,0.24833434120705408,-0.09623816330124615,0.34649749133331686,0.490036608145793,-0.033489310676647344,0.8068299170678831,-0.07778639572006257,0.29233298586021644,-0.3119990775920678,0.5196393629354522,0.5734731776905138,0.28158506657874716,0.9819224800735133,0.1682151389657559,0.26933949780287453,0.33344882128329023,0.08478424345666263,-0.41355472797614345,0.8508019605363369,0.3558594970095655,-0.15310035282412282,0.24199267585565276,-0.11317218815175087
0.4420398025003283,0.36797946992192204,0.8475993175026975,-0.05832614534314864,0.3363058653203689,0.6136276362982493,0.3365864320683638,0.7018818387307536,0.42202614193981003,0.5678445835787581,0.19908011752609822,1.0,0.5860462022318306,0.4471318268427248,0.5378397958538195,-0.25972016536440135,0.33015767374083166,0.6188735517738096,-0.2947093450516654,0.7323339450714609,0.11942931874891212,0.7443528723782205,0.42042178723149354,0.7443528723782205,0.08605329255967849,0.5264100648538029,0.5219957641438261,0.31272574567836725,0.6801765352417911,0.5162279629886901,0.4668441079483625,0.2897821582061825,0.8488286225317602,0.6336762004419445,0.5507174162140871,0.6153588770108803,-0.040459105938502216,0.37152742394807947,0.6485810385478263,-0.01922864477081258,0.7416550390383624,0.2640216285474162,0.719683605604174,0.5633436268182638,0.6804312800278696,0.1965702434615587,0.5133384444175987,0.6233818315698609,0.3666522572249227,0.736067858265019,0.48948617826502655,0.5544370635909339,0.25580315751667215,0.9365211832296215,0.5800895999866759,0.5714005054701397,0.5228367918581629,-0.26688233285513796,0.306449263441523,0.6388480570498501,-0.4350772795441561,0.7430614899158495,0.08151847626860759
-0.14341710886867567,-0.08165667627681998,0.48931882480267896,0.11316603202898412,0.7379601963570873,0.8179485812416898,0.051592224341982795,0.7582149531018432,0.15667476363182367,0.20431374830674137,0.3368937730097908,0.5860462022318306,1.0,0.045067565025263205,0.6335780214700143,0.12102060383079308,0.15192458506733497,0.7875458252472526,0.4197463720932662,0.7004267558178512,0.10007378436411224,0.7802634041004637,0.2900046083236571,0.7802634041004637,0.38260315012738655,0.9308131275077544,0.8772617587033712,0.564095291548966,0.8451278717281466,0.40371720235978076,0.5031471968133174,0.5299351847950663,0.7409331434757802,0.9761001295562031,0.1490023392971703,0.7379272086672666,0.39779281751153467,0.24263530263028427,0.758157382520667,0.6501058709416855,0.6843488407171322,0.2915750248783326,0.6397327671269278,0.4343878281662208,0.6684361056501015,0.47915749019205445,0.8968040689808321,0.9036015554150597,0.5369130370256643,0.7923229390344771,0.2731437175871126,0.3221031272569413,0.4579928535180232,0.7487726303646185,0.9306605364963607,0.18632790075960506,0.6135280173109688,0.2172731138753728,0.11459789773197548,0.6650240066454671,0.23200104498957702,0.6416582650471047,0.05308160521486944
0.6505343746748864,0.7766800792539537,0.32914229342333573,0.20999230580362863,-0.3979951729004685,0.23909157841420633,0.1409918117510176,0.3018527957067505,0.7007052977506618,0.8946832697242922,0.34418639712685856,0.4471318268427248,0.045067565025263205,1.0,0.008867267405045473,-0.2364106310999394,0.673124109543108,0.4753451244983227,-0.43499612698865125,0.44295354658427977,-0.28725752144593053,0.30944936916770605,0.7943970577794548,0.30944936916770605,0.37124923072761457,-0.12091127067119455,0.3139692144004674,0.007596086638403546,0.3377802521789151,0.6591366585275359,0.6375957491986572,0.40385180109425106,0.48100094185789144,0.19047732570612438,0.9133680477817502,0.16512143881462135,-0.020498264633475843,0.71807914493424,0.5084500582919912,-0.3304082697720165,0.4432337348271353,-0.2737126175946967,0.6335092838664702,0.7953093777431255,0.12475858072672673,0.413876080618678,-0.04744131610539473,0.30883300221480847,0.22038299591311336,0.35030167766989295,0.6597447071087177,0.8518416753928848,0.3496583350050338,0.4437208783163577,-0.009821722677337726,0.8356628263932382,-0.03694090515440841,-0.12883698890332543,0.6016670221739446,0.5441080380831635,-0.4275428657353023,0.4143162861529226,-0.3381318111580297
-0.07509099879322893,0.1625569378648345,0.6986739279545066,0.34895072179780895,0.4946709243548988,0.6586902254815751,0.15802636456515287,0.5401736195335718,0.19936948176769023,0.18681701124003858,0.09274788121579791,0.5378397958538195,0.6335780214700143,0.008867267405045473,1.0,-0.24157518490610408,0.24137888493233378,0.5233297077616768,-0.21277937858065823,0.3174102306978522,0.5523861341112256,0.8081851972579955,0.3918382926593192,0.8081851972579955,0.3594866348165648,0.5501855606941207,0.6344074695820461,0.19919880741476173,0.5874935305287504,0.30495526477685264,0.14698162818581004,0.23114323078629304,0.4200308969242663,0.6768911667841931,-0.024893783239254987,0.9551434913934832,-0.07816795659099503,0.22085487964193978,0.46934218882606016,0.05041125332239941,0.28440171838837314,0.554904386823607,0.3934354095023842,0.44273555924810754,0.7210806104470082,0.39686088286067217,0.5642491620527528,0.5764730215320893,0.3141301239134798,0.5543971412010613,0.23472357271007302,0.09489124603030542,0.08867191131926305,0.49954193717283385,0.5333465403080363,0.009808859396062651,0.968318613800612,-0.23533767728493576,0.17738794745140157,0.3230007096793032,-0.4040877187984248,0.23761573191836757,0.5119207584143508
-0.3853060726515629,-0.2750084533172421,-0.04103401504339149,-0.7014320895085357,0.5121621877936355,0.1971012609560323,0.560148240972179,-0.08989312836560596,-0.4796753174232104,-0.25562601712496325,-0.635971780578477,-0.25972016536440135,0.12102060383079308,-0.2364106310999394,-0.24157518490610408,1.0,-0.624402036619236,0.1103466345115472,0.7427762315267125,0.22054728425382966,-0.2945796686850255,0.05337831792375201,-0.3548374962796033,0.05337831792375201,-0.45785006114371285,0.37743878006481335,0.07705755154620568,0.7091216568380911,-0.09087273484830753,-0.14801366744182912,0.3822418150962937,-0.4560755781175718,0.18544304933185426,0.10500216690463007,-0.05272816978416919,-0.07233153142630806,0.9213108953592574,-0.4911235962193386,0.13488770745609674,0.6018096748311608,0.177418791692023,-0.2461004123773252,0.04459655810925088,-0.2352274899562116,0.05265875877454208,-0.39037820347702384,0.4774535176931578,0.19285839981763878,0.6585824187020293,-0.1632404599794995,-0.31526511760500336,0.06579826085443916,-0.514393932453503,0.0267626539144296,0.1141421623689107,-0.13682925762088016,-0.2758827514196326,0.9307005058706298,-0.7520346052768367,0.10111355379856675,0.7313360884755155,0.14402292583543086,-0.39533456147724727
0.6990759145662225,0.7819340229451841,0.2170415202839295,0.7715721603164029,-0.4601122968654134,0.2876924052945453,-0.26452231629235035,0.4747819577562132,0.9503721006595376,0.8196148770148564,0.7830373391157379,0.33015767374083166,0.15192458506733497,0.673124109543108,0.24137888493233378,-0.624402036619236,1.0,0.5233062864327557,-0.5419021728634149,0.35219843489612507,-0.2082054605775493,0.3348534540897775,0.8955226532299182,0.3348534540897775,0.813012251664215,-0.1687051237907093,0.4424841293171076,-0.3476477528213731,0.5034638475428524,0.816702843283282,0.3660236121712978,0.8059518430025996,0.23473166845720292,0.28725028429354094,0.5788634021275443,0.30529512762475525,-0.34556821472937077,0.9828436969107374,0.5152991934592159,-0.3862828323862772,0.36139037346368835,-0.22773720756522745,0.5787408590328402,0.8251985425359695,0.10726694313881778,0.8197116101102722,-0.1391738165643763,0.30957568948463066,-0.0903699304460425,0.5337866146561315,0.8878995200686668,0.6101768195164574,0.7273185324526849,0.26265971171455205,0.033474292728040894,0.6092105470781478,0.18413137613419572,-0.4263349314528469,0.9537104168869922,0.5114123861672741,-0.5396615208418001,0.33485101595560307,-0.19752483763778939
0.31950915020754267,0.4835020321259616,0.6142984089767081,0.20620429039572055,0.41736139040184456,0.8392509575599488,0.2623326899739176,0.8483260938283926,0.5709511672284759,0.6928077290375163,0.367832530389914,0.6188735517738096,0.7875458252472526,0.4753451244983227,0.5233297077616768,0.1103466345115472,0.5233062864327557,1.0,0.10966370766240792,0.9052225662297539,-0.12321073478715275,0.8390635564055996,0.7268166610430494,0.8390635564055996,0.5266925059040487,0.6781366762320615,0.9158209686605027,0.4397847351572907,0.9186289659783757,0.825755735003129,0.8463845439684551,0.6059741333575261,0.8162536714689539,0.8900606963062551,0.6074179366374959,0.730822942658146,0.4651151846826215,0.641132604348261,0.992191120475757,0.3015023807028795,0.8881303097934115,0.0013251284386669971,0.9340171913363997,0.8391217304399444,0.5684800762720497,0.6383032723335034,0.743322322331145,0.9244878346797492,0.6794292281535845,0.8757220932221014,0.7280160080396284,0.7781006461983241,0.4588832019095455,0.779161815634632,0.6703718452035144,0.6238943749386805,0.4597759746215217,0.28995045385662865,0.40079506508038354,0.9472704150079522,0.009555413676324854,0.842053264502946,-0.2142883464273957
-0.5838721417388437,-0.6342610150375623,-0.3080369897787193,-0.39956634799584884,0.6090076811950452,0.18425082879610097,-0.029565785768173734,0.026594676134939998,-0.516437248158588,-0.4653206931965007,-0.14363356348475834,-0.2947093450516654,0.4197463720932662,-0.43499612698865125,-0.21277937858065823,0.7427762315267125,-0.5419021728634149,0.10966370766240792,1.0,0.14397766293206712,-0.2600405500157783,-0.04117608836320982,-0.4522694652615436,-0.04117608836320982,-0.17343434213963121,0.5529446403455911,0.24157376419073961,0.5790783228877394,0.07644745280696318,-0.2594028995718918,0.15428526852766386,-0.02827119643447115,0.10974733662741122,0.30833167612093804,-0.2951294630740677,-0.10828127071832398,0.7318761986927836,-0.42747602049609934,0.10531207072424799,0.9238263479070894,0.12477986486892116,-0.12358434954325538,-0.06874448124428212,-0.35070275934660705,0.03540861165476013,-0.13513168333036557,0.5336846448479071,0.30443343120066174,0.33779240687125717,-0.005843713980060702,-0.39521986608326115,-0.1777218827694532,0.0005787260296624833,2.151317414863097e-05,0.45576044582653996,-0.30258632674946406,-0.18778261107716443,0.7653474820657312,-0.5433079428289105,0.07362871062247012,0.9551843329383656,0.10428323200514672,-0.2741216035317607
0.4447188159840505,0.4466555812958469,0.6806539408034026,-0.11884845276333278,0.46449679084069595,0.7982641927619686,0.43797520656145456,0.858675858198821,0.48465249759399875,0.6628883438130164,0.21443766300088155,0.7323339450714609,0.7004267558178512,0.44295354658427977,0.3174102306978522,0.22054728425382966,0.35219843489612507,0.9052225662297539,0.14397766293206712,1.0,-0.2702697423513198,0.7646854571944688,0.5244681414847842,0.7646854571944688,0.21152956365403344,0.6704683859943703,0.7698359297733937,0.5184778657559835,0.845293521847449,0.7594875018936178,0.8550290832367662,0.43182939617895777,0.9032658890818279,0.7871143737937373,0.6854600038547982,0.5509784632669259,0.5183215143746305,0.4912108892367047,0.9389508174304588,0.31549358333180594,0.9949262818438034,-0.10600703751958473,0.9236526758897573,0.6962032798943678,0.5668820178290026,0.35616912323497707,0.7336415151579264,0.866684297527712,0.6925867409378589,0.8549891956051527,0.6715179850562344,0.7986076423809686,0.3291075335241059,0.8813397009351047,0.6395936712915765,0.7053867054290116,0.262226334410995,0.3347980636483779,0.23413498772969218,0.9359391162061593,0.057285957471023705,0.9730918741625022,-0.35680125808309093
-0.4674817321417652,-0.3122252619833698,0.1574540699047872,0.15386124605488702,0.24896326785890743,-0.1046970165590873,-0.06561318746340655,-0.015781621320174077,-0.3862558565229796,-0.3201531667660856,-0.1778104505438214,0.11942931874891212,0.10007378436411224,-0.28725752144593053,0.5523861341112256,-0.2945796686850255,-0.2082054605775493,-0.12321073478715275,-0.2600405500157783,-0.2702697423513198,1.0,0.08785461023656652,-0.09103518163636613,0.08785461023656652,-0.024587786895142634,0.19228444117843638,-0.06550618384380974,-0.28451568819483636,0.0830226746564649,-0.40588261301700707,-0.35630112719784773,-0.2382809315609201,-0.18237467961794396,0.0488554642514671,-0.3478520057966784,0.3632140823007821,-0.30427047363702264,-0.28833317360188254,-0.2079395595672596,-0.26521415025666617,-0.24217672798246626,0.9617975250411839,-0.23674585317372776,-0.12855813256139567,-0.002282410216415224,-0.07775867708953131,0.10000969938315098,-0.06988789858704168,-0.09834981748519425,0.033371919434034565,-0.37315411138420773,-0.38056304523082174,-0.24821152473716276,-0.0540524332698728,0.10310401359762472,-0.2750921866777918,0.6006177411291601,-0.28252790005069656,-0.10622263998468597,-0.18660247864196555,-0.2568134468720991,-0.20264015658371887,0.9723234092209162
0.19875935329368802,0.4102948825128421,0.8487019144660316,0.11431683893300844,0.5464333015377971,0.937534033737029,0.4694373643493614,0.7688127220175371,0.4335359736452007,0.5308409455085278,0.11162549270564456,0.7443528723782205,0.7802634041004637,0.30944936916770605,0.8081851972579955,0.05337831792375201,0.3348534540897775,0.8390635564055996,-0.04117608836320982,0.7646854571944688,0.08785461023656652,1.0,0.5528405284019189,1.0,0.33853890521052665,0.7066672181722331,0.8306130602905879,0.5564762657666984,0.7849271014115664,0.6597306611176078,0.642927751677638,0.34824007792304446,0.8275435740501023,0.8644870886902546,0.38781197873203066,0.9307241215661226,0.30530891745693156,0.4026590607023085,0.8315389924375164,0.23084844490425768,0.7211138013181608,0.17624252292588483,0.8069201028803533,0.6926630309218567,0.8301502010121469,0.4550748737815288,0.7754112498011417,0.8471219042303201,0.6907049347805645,0.7711281718169618,0.5220828024270455,0.5596499139494234,0.17896196326672859,0.8349103273410816,0.6378040615724994,0.3676837327152297,0.7178124859038421,0.061492596760995735,0.17461078403544422,0.6878679877380683,-0.2517670969942526,0.6504927275142056,-0.009411096410223056
0.585965984938221,0.8367365855953423,0.408689648342839,0.6068739219269088,-0.25240323674294785,0.47097745094552934,0.0332239282036922,0.5505141017939905,0.8654915551651196,0.9084362548843675,0.5487404463789045,0.42042178723149354,0.2900046083236571,0.7943970577794548,0.3918382926593192,-0.3548374962796033,0.8955226532299182,0.7268166610430494,-0.4522694652615436,0.5244681414847842,-0.09103518163636613,0.5528405284019189,1.0,0.5528405284019189,0.7535395306889842,0.050655903230595545,0.6032934976681716,-0.09080082947149166,0.6264131873420361,0.8697638019322737,0.6411087125581006,0.6673144764880893,0.440997179418364,0.45624694273254474,0.7258605121960461,0.520114768348723,-0.036724030846863855,0.9244546151294357,0.7099102486835113,-0.3059192340026975,0.5169871557969655,-0.10355075253034375,0.7571621131214592,0.9713103230667501,0.2338028019949946,0.7892155836755811,0.12765873081148602,0.5085115322465179,0.2763917779879108,0.6079792283476722,0.8691280638306459,0.7988229727678509,0.5253660574085521,0.42565438606397976,0.13973259768171312,0.7142609794707611,0.3141241253563614,-0.1539445617719405,0.789388879797255,0.6908038236134182,-0.46875168500585984,0.4717054880099727,-0.1539076311155161
0.19875935329368802,0.4102948825128421,0.8487019144660316,0.11431683893300844,0.5464333015377971,0.937534033737029,0.4694373643493614,0.7688127220175371,0.4335359736452007,0.5308409455085278,0.11162549270564456,0.7443528723782205,0.7802634041004637,0.30944936916770605,0.8081851972579955,0.05337831792375201,0.3348534540897775,0.8390635564055996,-0.04117608836320982,0.7646854571944688,0.08785461023656652,1.0,0.5528405284019189,1.0,0.33853890521052665,0.7066672181722331,0.8306130602905879,0.5564762657666984,0.7849271014115664,0.6597306611176078,0.642927751677638,0.34824007792304446,0.8275435740501023,0.8644870886902546,0.38781197873203066,0.9307241215661226,0.30530891745693156,0.4026590607023085,0.8315389924375164,0.23084844490425768,0.7211138013181608,0.17624252292588483,0.8069201028803533,0.6926630309218567,0.8301502010121469,0.4550748737815288,0.7754112498011417,0.8471219042303201,0.6907049347805645,0.7711281718169618,0.5220828024270455,0.5596499139494234,0.17896196326672859,0.8349103273410816,0.6378040615724994,0.3676837327152297,0.7178124859038421,0.061492596760995735,0.17461078403544422,0.6878679877380683,-0.2517670969942526,0.6504927275142056,-0.009411096410223056
0.17166392342697526,0.40673725720980125,-0.04601011203498955,0.9070135327267241,-0.2482552356162574,0.3569334396182821,-0.4082002384511705,0.398204043167803,0.6990893541869101,0.5107436313415283,0.8198793233277015,0.08605329255967849,0.38260315012738655,0.37124923072761457,0.3594866348165648,-0.45785006114371285,0.813012251664215,0.5266925059040487,-0.17343434213963121,0.21152956365403344,-0.024587786895142634,0.33853890521052665,0.7535395306889842,0.33853890521052665,1.0,0.07776927912403953,0.5401577790842952,-0.2098406737488123,0.5362534351116939,0.6220268479693712,0.3085234311391508,0.8746766478695281,0.12137500174023544,0.44119993509054317,0.2151764181798803,0.38720176179318444,-0.16130229274577415,0.7950759776665639,0.45981933791809293,-0.07584555784429663,0.20842296769979152,-0.007430544272383899,0.46630329714233876,0.6725505432118709,0.01350622288313109,0.9868685550873004,0.05356254789303418,0.3683431934281519,0.021802946220408903,0.492702818608962,0.6108287683754736,0.37547510706043813,0.7802355783496481,0.11619400723418322,0.1716073524779376,0.22752500726997477,0.2694573789848471,-0.24697703608535793,0.7622006598010108,0.38856711585872944,-0.21516101002930946,0.14925402915449137,-0.05286227012587841
-0.31172822562119634,-0.25483372033631235,0.4905164011281996,-0.19941472711995498,0.8994163654335087,0.7437393689959936,0.2589212348947228,0.6520382649913591,-0.13292304782445583,0.013084619747254089,0.012667766177541478,0.5264100648538029,0.9308131275077544,-0.12091127067119455,0.5501855606941207,0.37743878006481335,-0.1687051237907093,0.6781366762320615,0.5529446403455911,0.6704683859943703,0.19228444117843638,0.7066672181722331,0.050655903230595545,0.7066672181722331,0.07776927912403953,1.0,0.7367421685916271,0.6817343299355147,0.7267043458773407,0.19365425502044606,0.4805112126649632,0.2156638784246391,0.7145348962500243,0.8840963733680671,0.057365159785413095,0.6585840568120686,0.5802219764302995,-0.058114423727043674,0.6542110224304747,0.7088883823414177,0.6558948160481979,0.3881925067426074,0.528407750209712,0.22886333752533983,0.6139546759955141,0.18418456032594363,0.9735940041643669,0.8293369317232492,0.6597383349661685,0.66394269034208,0.041203696796566366,0.22111918283340645,0.15134322640020442,0.7105863729114872,0.8935898949291616,0.08763240344230487,0.5407586628249847,0.42420793197601125,-0.2083272390473606,0.5863426350211074,0.38987134226771825,0.6292649624386287,0.11661964670533018
0.16299852323194955,0.29994770875329996,0.5594877604162984,0.278547656018441,0.5508489507898302,0.877768964291844,0.06899107455040314,0.8551788598635306,0.43907337847092565,0.4953175841322392,0.41385415038478107,0.5219957641438261,0.8772617587033712,0.3139692144004674,0.6344074695820461,0.07705755154620568,0.4424841293171076,0.9158209686605027,0.24157376419073961,0.7698359297733937,-0.06550618384380974,0.8306130602905879,0.6032934976681716,0.8306130602905879,0.5401577790842952,0.7367421685916271,1.0,0.42441257771195695,0.9001862659046302,0.6733520226887306,0.65541319937316,0.6467031737508877,0.7087095328318468,0.9495410850215081,0.4147949319209771,0.793016389976144,0.39369957989441445,0.5445500020578592,0.8990009808242507,0.4867109825711477,0.7422798715528313,0.04359062425670439,0.7590238852503866,0.7148961796955297,0.6866125311104527,0.6323146312150659,0.7878350300838811,0.9693032856852803,0.5295012709793261,0.853115363290889,0.5684298175092126,0.5545619205387418,0.5108228835268538,0.6953410733678077,0.797006166949503,0.45534881184273274,0.6047389928260376,0.24794183959414767,0.34809541694260004,0.8063024536192447,0.0894817106177096,0.6858570785572323,-0.10609123711451823
-0.23857521145873722,-0.12583701362254215,0.39395395397085964,-0.5332537118764717,0.6411975026046879,0.6058988194122583,0.5945298143250848,0.20211053441896631,-0.1495619299231826,0.03198080358883631,-0.35925836745131984,0.31272574567836725,0.564095291548966,0.007596086638403546,0.19919880741476173,0.7091216568380911,-0.3476477528213731,0.4397847351572907,0.5790783228877394,0.5184778657559835,-0.28451568819483636,0.5564762657666984,-0.09080082947149166,0.5564762657666984,-0.2098406737488123,0.6817343299355147,0.42441257771195695,1.0,0.23832493528466567,0.1624504365642779,0.550538251517024,-0.13569997078971943,0.6930352134402366,0.5456485697374115,0.09508286832871073,0.37212085886589696,0.7542280614770733,-0.22732607685802236,0.4692779875131062,0.6859699945876587,0.4557297819001302,-0.1438020308962793,0.4337271884258884,0.08285628582634594,0.5806528173522256,-0.0945570479178221,0.7486835485662707,0.5353372886675942,0.8033949049090315,0.18545508946852604,-0.05476015060833892,0.282518171361058,-0.20593583324421638,0.5666579730718401,0.5062685698270294,-0.028353116280724844,0.13441141138078583,0.5712441828635663,-0.4916498840583468,0.3357290521628152,0.3910084718715631,0.3826686715203484,-0.38419258171397147
0.260215819039119,0.32947692261462536,0.5833060608128358,0.29403677410409534,0.47993028152177153,0.8040355383699307,0.08076561326985296,0.9542221147100249,0.49010218572931247,0.5679649735354976,0.4997252178861232,0.6801765352417911,0.8451278717281466,0.3377802521789151,0.5874935305287504,-0.09087273484830753,0.5034638475428524,0.9186289659783757,0.07644745280696318,0.845293521847449,0.0830226746564649,0.7849271014115664,0.6264131873420361,0.7849271014115664,0.5362534351116939,0.7267043458773407,0.9001862659046302,0.23832493528466567,1.0,0.6920673893286612,0.6601316838262361,0.6792506816089028,0.7289903393087078,0.9052187985506217,0.5007014326294711,0.725084668545765,0.27018675998649466,0.5941194507999695,0.8959687249269531,0.2762151696350096,0.8547067550314711,0.23129345785109345,0.8283264425000226,0.7439444005923657,0.5227386381787217,0.6360510133152734,0.7250543539400809,0.9152379581125902,0.4797893772352968,0.9835435683563556,0.6335214242100807,0.6164329721284472,0.5719220448890654,0.7723697790776377,0.7523685108050197,0.5820146306192072,0.5497717746396699,0.11287835101170658,0.44550756161269567,0.8780334548314086,-0.019470629563842226,0.8348378817186054,0.02083350907298049
0.7050347349286263,0.8326564355248046,0.5128758104439635,0.39512373764369385,-0.081678970342359,0.6572138505198225,0.21963817821447812,0.692253185557638,0.9114701501604912,0.9084758427710786,0.5007677506655178,0.5162279629886901,0.40371720235978076,0.6591366585275359,0.30495526477685264,-0.14801366744182912,0.816702843283282,0.825755735003129,-0.2594028995718918,0.7594875018936178,-0.40588261301700707,0.6597306611176078,0.8697638019322737,0.6597306611176078,0.6220268479693712,0.19365425502044606,0.6733520226887306,0.1624504365642779,0.6920673893286612,1.0,0.7599373063424747,0.6700627760789971,0.6275177959128041,0.5611348558079066,0.7208397834095795,0.4983772568744768,0.16302823611510714,0.8860604939187222,0.845182608925516,-0.08554647450577398,0.7410042111939661,-0.3612981889121211,0.8913950903034645,0.9147009624756329,0.38977997619251675,0.711779466620386,0.2928637980060458,0.6280128292006997,0.43178044934379073,0.7126438978021118,0.9661305532765853,0.855857663829022,0.5241507661370308,0.590914945360427,0.24819043763587204,0.7108798325719232,0.19836575692167688,-0.0023850352174711407,0.6572550943497778,0.7997370224453794,-0.31762458137862976,0.6881277549239972,-0.4705669243701176
0.3388956822850551,0.5536094933694723,0.45623529814207736,-0.07474567484958838,0.21919783683223587,0.6933411668183418,0.5274439204539522,0.6050619036265925,0.49712455936026345,0.7441888061431047,0.12120406250561166,0.4668441079483625,0.5031471968133174,0.6375957491986572,0.14698162818581004,0.3822418150962937,0.3660236121712978,0.8463845439684551,0.15428526852766386,0.8550290832367662,-0.35630112719784773,0.642927751677638,0.6411087125581006,0.642927751677638,0.3085234311391508,0.4805112126649632,0.65541319937316,0.550538251517024,0.6601316838262361,0.7599373063424747,1.0,0.3579404982158831,0.7824329541110931,0.6171475330772249,0.7694833754152081,0.41736988467928426,0.6673474438395766,0.5104196535779884,0.8650448687222094,0.21332537031530793,0.8324343740782558,-0.23945257038163878,0.9049676288535603,0.7648171272257438,0.3111465167112873,0.4322699334399376,0.5824091425529094,0.7229865849612692,0.8262227588404172,0.6240034182479914,0.621261857594707,0.9212531327753594,0.2182155797942213,0.6772973209188492,0.35117968089566454,0.694989853507186,0.0323486320295279,0.4929031570904478,0.18139224006908647,0.8427542832654473,0.10321899872401862,0.774354532338852,-0.5076198898752615
0.35129576647963495,0.3478385576648927,0.03395490421750618,0.7357381963489067,-0.1114566888254845,0.4292471056995046,-0.49006700952022386,0.6073898571879983,0.7233259453922275,0.5488851356744748,0.9540484967257843,0.2897821582061825,0.5299351847950663,0.40385180109425106,0.23114323078629304,-0.4560755781175718,0.8059518430025996,0.6059741333575261,-0.02827119643447115,0.43182939617895777,-0.2382809315609201,0.34824007792304446,0.6673144764880893,0.34824007792304446,0.8746766478695281,0.2156638784246391,0.6467031737508877,-0.13569997078971943,0.6792506816089028,0.6700627760789971,0.3579404982158831,1.0,0.3164875031226811,0.5668446816932067,0.35989024175863993,0.3040132594909887,-0.13255633929152397,0.8267027070886953,0.5791405125191922,0.13614182811304695,0.44681580554627476,-0.13844986627850545,0.5551294217676113,0.6513176356509282,0.1498959988465924,0.8965223484057485,0.16769867908815267,0.5334055355030421,-0.04476533490647426,0.678903261517583,0.6852773918618833,0.44989563621338907,0.969288188057822,0.33841946800526895,0.4216244746806086,0.4204561389431877,0.19432146210877865,-0.22200929012960355,0.8083236802293416,0.5552312720422817,-0.08004247034642997,0.4152308516348558,-0.21205976511786273
