Fp1,Fz,F3,F7,FT9,FC5,FC1,C3,T7,TP9,CP5,CP1,Pz,P3,P7,O1,Oz,P8,TP10,CP6,CP2,C4,T8,FT10,FC6,FC2,F4,F8,Fp2,AF7,AF3,AFz,F1,F5,FT7,FC3,FCz,C1,C5,TP7,CP3,P1,P5,PO7,PO3,POz,PO4,PO8,P6,P2,CPz,CP4,TP8,FC4,FT8,F6,F2,AF4,AF8,O2,P4,C6,C2
1.0,0.7105113271121665,0.9286414245131758,0.837510409301631,0.3217258664363092,0.5548156635430572,0.6025364284257454,0.8965060539944117,0.9247857724420268,0.6754505627727968,0.3146483302820679,0.5746183671560431,0.4140084559737851,0.4186105957540669,0.8573830638809163,0.41051969028467966,0.6421599316568346,0.4173595473188874,0.49427190778415475,0.6019479028857544,0.24415392588395665,0.5024698019067958,0.5920813128233838,0.5024698019067958,0.47495044374474793,-0.17842879933579675,0.18232354452846858,0.23076177393721556,0.7307380278313144,0.7250988190895131,0.4563936591919759,-0.09150268300513806,0.13096594359407523,0.16005246789952665,0.11239091047573192,0.5762676937645073,0.17646153973457157,0.47718818247975925,0.28244696527122914,0.4448376498267651,0.4257618344426117,0.2589125348093138,0.6556164069485775,0.640058374205921,0.5335853613800121,0.4766737170642724,0.08958889782511531,0.5251391081902859,0.36650882162979886,0.7812371334541387,0.7899316324750599,0.5443680504499094,0.12512252452672903,0.19130578929652103,-0.2843818087528819,0.052158094637235995,0.4051878838625193,-0.14218756562731447,0.12903625387574102,-0.15710035081013868,0.12293345051372408,0.4059394118287643,0.11216283337337396
0.7105113271121665,1.0,0.7739492720578787,0.8154204661345335,-0.08852154684977179,0.39446005078161356,0.7884109179891637,0.4936979323077733,0.749186895440517,0.25419971454835305,-0.18939838550535545,0.412487929181053,0.5099333371303572,0.09004831713220748,0.5897506725104624,-0.02026946306422206,0.2272807857747966,0.7347764249195315,0.5762155119448565,0.7448912497973409,0.3862601796077167,0.4286971056483911,0.8623401108681286,0.4286971056483911,0.5817004986222865,-0.6469619092796547,0.04409457123458318,0.44672630303366445,0.35407047089442684,0.6438947151547179,0.08576778732598257,-0.4994877566031121,0.029031838830823803,0.12680309864732356,-0.15494990068909606,0.32867557952572407,-0.35631540421292857,0.20179489725069877,0.5192778441679642,0.44779939429332605,0.5642506216461484,0.4538595569571045,0.2352570508246262,0.8922418715901156,0.38121073668408295,0.5230237053427,-0.5186431032958362,0.2530165594047793,0.4705122394068063,0.3400769557293633,0.6497014605792456,0.23838377763317806,-0.3220664343130384,0.16154937165842956,-0.045334141256822995,-0.2740455137132234,0.3352037071737314,-0.6450184883946557,-0.07639751762257849,0.15147006063121005,0.3841479664613163,0.4181071662828583,0.3434128590035132
0.9286414245131758,0.7739492720578787,1.0,0.81526750434429,0.07923099610299926,0.514400685644421,0.7197526221639023,0.8331136963636749,0.927404863658544,0.6431321689985312,-0.027461099064227293,0.7163268560017533,0.43973136731864376,0.20689611605099076,0.8921320744140024,0.3187117148839965,0.5106475971709746,0.5474620148867122,0.44969138920672536,0.7289264782749008,0.3355736420106298,0.6649214077977511,0.6384822275442209,0.6649214077977511,0.44170459503177134,-0.3128102740025726,0.06883744715928158,0.29420822952640246,0.7475236952153513,0.8012615930712778,0.41135208223649083,-0.40110614878368506,0.3215738191834443,0.0927841321937157,-0.09266003220650312,0.6845172574860984,0.039115242389531756,0.3871893824280521,0.3722176649001894,0.3368729901736362,0.5483188584581913,0.3628972300099513,0.5086356927501458,0.7292097874017315,0.6710399965049617,0.4902744869461093,-0.16429548436683686,0.46399622388294404,0.3882754052638921,0.7572710837996983,0.7821353095753005,0.5717216886425069,-0.20424725334508825,0.3426610347927134,-0.21174409660965327,-0.1532595427603499,0.5435924301569265,-0.23932718823543497,0.08084188470468588,-0.10841297952955298,0.11398815966977323,0.5189491139336737,0.2254321550457163
0.837510409301631,0.8154204661345335,0.81526750434429,1.0,0.43184583640585195,0.7474514865813409,0.6239526538662288,0.7522211818955702,0.8978826708153713,0.37174662852371043,0.2198139641156094,0.3348738705597805,0.4746554443714233,0.1755542983495116,0.7194914859329304,0.387417778561235,0.5790025407923383,0.5368242325092581,0.7589476718020576,0.7988417192232011,0.5226491347402263,0.34516812808939457,0.570774861222707,0.34516812808939457,0.6693411834543813,-0.14345408546430777,0.46683917465720826,0.12937289681712724,0.5168258689742767,0.725681586921572,0.10459894614374303,-0.11824600974069512,-0.09169194503566316,0.11028743147757135,-0.18354886535491283,0.4193546740663457,0.11918490636147298,0.43833668213989424,0.3249030549070333,0.691574359554789,0.5921763285160047,0.5081736933216775,0.3924750391625544,0.6425827267406637,0.380353855266459,0.6950914359470695,-0.031009549841519136,0.7143443269112956,0.2461761981588639,0.5421268619293734,0.7489261493553659,0.2365704314930191,0.0756818022897039,-0.03676777472252207,-0.2135446847573068,-0.18060856460659153,0.274087096380443,-0.20717768592812177,0.2036136919262042,-0.17792176412333766,0.5183624188378868,0.5396260417812456,0.3340675784224635
0.3217258664363092,-0.08852154684977179,0.07923099610299926,0.43184583640585195,1.0,0.6280086664226877,-0.054129078372750994,0.5284516326609959,0.2540957067561001,0.022259977066780703,0.8471574815236732,-0.17436836963973668,0.23687312100164692,0.30613951873707895,0.13393976570970012,0.589337370298163,0.4988155842421314,-0.10950199193966345,0.4923812560232802,0.10295711950068438,0.27666744078520406,-0.25368227433559737,-0.25597514964690615,-0.25368227433559737,0.2800012810320034,0.6818337605292683,0.8371704670097425,-0.1954881676612475,0.28584845183477064,0.0364862177637035,-0.1582113602223798,0.7257474958970873,-0.3344297021459835,0.3048705016477907,0.0503396466020377,-0.07351556757143894,0.6298661162856036,0.337901412388852,-0.14275490200526475,0.5980287812491474,0.021285570286095717,0.16599173496842481,0.28969477889321193,-0.24501653717028254,-0.12111112704081661,0.31034708606739736,0.7563179978717341,0.802558361289212,-0.02479098705904204,0.3687301749926249,0.15059347961015654,-0.20608895750706233,0.8262906998273528,-0.3563334005517135,-0.056146632382573766,0.11871319317737095,-0.2699262578933155,0.5151980194764361,0.21902536450398274,-0.3586575514522863,0.3727458204516964,0.09106327664309942,0.0440309248933513
0.5548156635430572,0.39446005078161356,0.514400685644421,0.7474514865813409,0.6280086664226877,1.0,0.5208360120089225,0.5856371492512245,0.6332340068087382,0.11616620314750728,0.3324448402268791,-0.007222486841110665,0.3974382944518815,0.13926315926426097,0.3805632890991115,0.7351019699321528,0.353957001520617,0.24306348706157682,0.671741987205365,0.4827236728224459,0.3816862540018948,-0.12119145051432105,-0.024667651996106897,-0.12119145051432105,0.20360453795819086,0.18472293835671852,0.6832680537379359,-0.23266282579343897,0.23926305671017778,0.35427391621911036,-0.12648552976899602,0.05631520553029258,-0.3345154710836323,-0.028816877572231166,-0.3174141480086163,0.02357543457153819,0.5404859068752402,0.11732741329897982,-0.047702670531761505,0.6118650641783699,0.2016491794868517,0.2699732661614568,-0.051353554707594076,0.08803700012140182,-0.055306242748062735,0.3192972734242654,0.1339790201781832,0.8846184550492361,-0.10496197660246832,0.3092105849067377,0.3031278293722745,-0.014062050401070657,0.20170949375418434,-0.43059384559504416,-0.3462361877145632,-0.264372891507206,-0.24972382533787024,0.3183176377517962,0.017977477687499355,-0.5610393032079815,0.3980179142891851,0.20176192168728718,0.02617568842814131
0.6025364284257454,0.7884109179891637,0.7197526221639023,0.6239526538662288,-0.054129078372750994,0.5208360120089225,1.0,0.547658092945093,0.5634333072615773,0.04748069058042922,-0.2809744618456956,0.48557455477919,0.7549810866441823,0.07990987858151041,0.4194590191469244,0.16222184646587504,-0.09745624115470801,0.746887130826009,0.514059291262516,0.5585098053292372,0.3861892253143531,0.32691032453641067,0.5580342052531472,0.32691032453641067,0.17958852035714726,-0.5619453921129047,0.1274336240893531,0.5631389683847209,0.38373235055984434,0.35413910067772814,-0.135124330925165,-0.6143102985121973,0.18159200020362087,0.33743599714211525,-0.2900477516421269,0.1164915965957312,-0.2037193186292841,-0.14104157131966816,0.4393367223100133,0.33901033114511614,0.3061642089015699,0.41157037194361956,-0.05026452857358804,0.6223261183908796,0.2999801296150539,0.16921007699245091,-0.5627281116626933,0.34907216555187043,0.596620134611065,0.38463741909931426,0.2924824999936419,0.06536346818696973,-0.4149167616752051,0.2110981138294341,0.15779347550036432,-0.51203318183206,0.06497043032388757,-0.3876984696937213,-0.503036335740504,0.030746621206025993,0.23479006234216868,0.16870601106341626,0.25437754085984843
0.8965060539944117,0.4936979323077733,0.8331136963636749,0.7522211818955702,0.5284516326609959,0.5856371492512245,0.547658092945093,1.0,0.7792812751967295,0.5108563243928714,0.4130034409930912,0.6308015464230965,0.5282967229476284,0.355978457389516,0.7684309006309293,0.471366052861041,0.6070115015207036,0.393456872977467,0.4826332615494355,0.5544935318371372,0.35244873743782457,0.5227237273832207,0.3887153342237385,0.5227237273832207,0.42396948546218444,0.09842019308933082,0.40364517543872147,0.29363193631335016,0.8747081574388302,0.5647193087705877,0.2360962957335389,0.05834644782597071,0.29444894495589524,0.3925078036101793,0.011737431886789268,0.5354318302523244,0.29867048633950105,0.46196407010726853,0.28904873309739865,0.4487062493184191,0.4159674144438913,0.3350873515078851,0.6323391979366705,0.45118364680434414,0.5991831351327747,0.4544519299106692,0.2850942368543562,0.6854307094289375,0.45993445979709774,0.9151250293100427,0.6255992975614948,0.3336075489039217,0.2772574488394743,0.30812309332139276,-0.047185149910870264,-0.06573929041230218,0.3500276257076407,0.06968340671446376,0.06868774117385502,-0.14365980662584685,0.13392349742926063,0.4361919303314784,0.1999389352795283
0.9247857724420268,0.749186895440517,0.927404863658544,0.8978826708153713,0.2540957067561001,0.6332340068087382,0.5634333072615773,0.7792812751967295,1.0,0.702956231619422,0.16312889824483148,0.48997891623284695,0.28796803963117484,0.23043539046264752,0.8852342309582348,0.4363588567132469,0.6798521093845942,0.4281162144278196,0.5309992707973259,0.7474507172662186,0.3172134589135334,0.45719531861030294,0.5717461497953796,0.45719531861030294,0.555811089907201,-0.1465544626480798,0.21984702131426478,0.08171983922656902,0.6528524309801754,0.8854257458822311,0.47069597289097165,-0.176498028687973,0.036789743135004625,-0.07032272589207451,-0.05353844654255681,0.6600958427428355,0.19525392372828954,0.5057504049228493,0.255278026155998,0.4594612967842291,0.5523018120788299,0.3205377172089578,0.5129216998874465,0.6646762775039422,0.47194650037760694,0.6233554151833975,0.014391232409060426,0.5971199718008926,0.18663945704248883,0.684333609199644,0.886977439021554,0.5905251853650357,-0.003690211359660984,0.06195836500396848,-0.3932598042266384,-0.012646660440392098,0.48234403537247156,-0.12724704258326697,0.30723379017567765,-0.25014813095374644,0.22753076134645855,0.5377099605478519,0.1613913285241806
0.6754505627727968,0.25419971454835305,0.6431321689985312,0.37174662852371043,0.022259977066780703,0.11616620314750728,0.04748069058042922,0.5108563243928714,0.702956231619422,1.0,0.19162825587249835,0.5560215408428372,-0.2671935790675237,0.15494939178912118,0.7179748937562952,0.2051109437120426,0.7608120756828952,0.06834502333537705,-0.1065244516505597,0.38013733955232953,-0.21080874757255186,0.5160269674032018,0.3580455957855059,0.5160269674032018,0.3467733153572435,0.08885168564078885,-0.132731595373603,-0.0724229077928149,0.6099057740575822,0.7915302263205726,0.9444392361007656,-0.0005962878711515795,0.27167460530822257,-0.32750065062563166,0.16661391403179984,0.7497562391204851,0.16899527319890081,0.66904686182405,0.1450579248860752,-0.1023426125744351,0.37221786051374256,-0.18226160233772645,0.7328263342532104,0.41387438867171117,0.5157777097808591,0.42172396267884144,0.28837373022719665,0.19343821126258,-0.003322530512103088,0.6258184431935605,0.8104155564177457,0.9591248046427904,0.06552573766039721,0.2621134373221066,-0.5456254897051778,0.2876248179588503,0.6175017470738196,-0.015071340928435541,0.5743033854494898,-0.10383934438746414,-0.3337686069821366,0.45009697209501387,-0.22737666772750206
0.3146483302820679,-0.18939838550535545,-0.027461099064227293,0.2198139641156094,0.8471574815236732,0.3324448402268791,-0.2809744618456956,0.4130034409930912,0.16312889824483148,0.19162825587249835,1.0,-0.21821286181395466,-0.05132826597513834,0.4584999187067581,0.07256107070426333,0.4250540903573292,0.571214526929758,-0.28812496801005766,0.17390073258382763,-0.12544120525946878,-0.1379285852663252,-0.2853784628984845,-0.18971272453522373,-0.2853784628984845,0.20022369425791642,0.606839928796224,0.5467761277744941,-0.2536307283137344,0.2174926776506659,-0.03391320091425227,0.11799506306229296,0.8962836741941657,-0.36443466153333176,0.1582685771671208,0.34782921144650913,-0.11037394276484169,0.5626716923508114,0.42121525815166344,-0.18935688565309888,0.3295319295696986,-0.12225844759691025,-0.2101493372984282,0.4701243244092668,-0.24114943693361496,-0.1841490440495239,0.1572414615153829,0.8526451250415656,0.47247962699803053,-0.09772077784498906,0.3153777221049826,0.14989916426008168,-0.027399880884472705,0.9689713420589561,-0.33091490148464187,-0.2545006465568151,0.4125421685143561,-0.2745382139420125,0.4539059062574273,0.29480793925725995,-0.23508638041329655,0.025707084831890565,-0.04397987458000789,-0.2723443933395519
0.5746183671560431,0.412487929181053,0.7163268560017533,0.3348738705597805,-0.17436836963973668,-0.007222486841110665,0.48557455477919,0.6308015464230965,0.48997891623284695,0.5560215408428372,-0.21821286181395466,1.0,0.21786834554005038,-0.18697625270838877,0.5530876591008969,-0.19884498346233898,0.36466561273762504,0.6273646796412377,-0.11533764884103444,0.5903718028241915,0.026882253728905986,0.9256952840397299,0.5898574337041592,0.9256952840397299,0.39002688078003483,-0.16710617548550227,-0.06434416131714345,0.549929874067143,0.8164607974115362,0.5874607091158197,0.42798731410724783,-0.42652660603962034,0.8738281627283423,0.18998707035855936,-0.26848440746134217,0.6150250035221636,-0.3366177914016789,0.4751990052099095,0.6785760925178916,-0.2208666152043204,0.6304152493408309,0.0935038925603458,0.5829415664893667,0.6504256586860362,0.9151526569682923,0.41336625552759604,-0.1380089336050946,0.13862068630058685,0.5938646466302784,0.7409658013579287,0.5489167812496586,0.5831158540851671,-0.29367142354567216,0.8722887406721328,0.09618317968010044,-0.37595126556131764,0.6218773248290465,-0.3937909915629733,0.09330087622876913,0.4207191791728592,-0.3175096853744299,0.6324541856842252,0.08396842617349232
0.4140084559737851,0.5099333371303572,0.43973136731864376,0.4746554443714233,0.23687312100164692,0.3974382944518815,0.7549810866441823,0.5282967229476284,0.28796803963117484,-0.2671935790675237,-0.05132826597513834,0.21786834554005038,1.0,0.4229825398746624,0.3371285742100134,0.31062761226152263,-0.26875340553921195,0.3954747202825273,0.7407234228380836,0.19585587171080834,0.7338299013991356,0.11093794562169482,0.2644487454351679,0.11093794562169482,0.028278613233394714,-0.35571134556335904,0.2014230856326371,0.6177988746393644,0.3423455940847635,-0.013562257319484286,-0.46715317442302934,-0.29712994574443474,0.030667803569781316,0.8088873446306003,0.08558195113720952,0.061119083487939964,0.024004670220784494,-0.3560278202451914,0.10975903013317845,0.6613670158687164,-0.030618361660022336,0.7437929797837146,-0.05429877068088056,0.2717747369529709,0.15401924234046827,-0.025148440955114707,-0.2816240379356775,0.34813418716000427,0.6827047034937533,0.385692340430629,0.02645878974929216,-0.35266580434523914,-0.11404661981784646,0.11171883333122119,0.5932299906618389,-0.18253114448838317,0.039910087770563166,-0.10732028806125204,-0.6702836424834951,-0.11374807074829804,0.5821048666565422,-0.14111633402067109,0.6483178191315346
0.4186105957540669,0.09004831713220748,0.20689611605099076,0.1755542983495116,0.30613951873707895,0.13926315926426097,0.07990987858151041,0.355978457389516,0.23043539046264752,0.15494939178912118,0.4584999187067581,-0.18697625270838877,0.4229825398746624,1.0,0.4219355066484237,0.58203435092335,0.023089776244891662,-0.4391370198999888,0.4573850749751789,-0.39728779358353516,0.2666911688931974,-0.21716478067096326,-0.06570018494949786,-0.21716478067096326,-0.2859312932825966,-0.14451450501772786,-0.20168858177141957,0.018186955234387524,0.13286407149050478,-0.11691189657148497,0.10821387252438149,0.2544796392801528,-0.3918314792089064,0.42507116864138517,0.8716238818693676,0.17074971138769784,0.5143471010184028,-0.2503077580732803,-0.5595872659006184,0.5428513959871679,-0.5608401546400481,0.2685935557177698,0.2586731300393816,-0.1323260164856241,-0.1574124716449479,-0.36433861660984224,0.256431393843016,0.024232303284413295,0.11107179373325515,0.2807195459022389,0.05413280364321849,-0.007825962577564446,0.350267683099031,-0.2855022545768213,0.027707255780391325,0.7544499906398296,0.05004032694025937,0.3316088982984903,-0.3270485023265984,-0.5308737428832835,0.26184120554649054,-0.5594184211522737,0.23080416416038516
0.8573830638809163,0.5897506725104624,0.8921320744140024,0.7194914859329304,0.13393976570970012,0.3805632890991115,0.4194590191469244,0.7684309006309293,0.8852342309582348,0.7179748937562952,0.07256107070426333,0.5530876591008969,0.3371285742100134,0.4219355066484237,1.0,0.4535089008918943,0.5714231713766161,0.18911406086257443,0.48362101118845796,0.5307427719380711,0.44699583555957617,0.5828845901977221,0.467677284297127,0.5828845901977221,0.3640499782491996,-0.17729992929742772,-0.059244438403001774,0.12890982675628884,0.7310904113291176,0.7785011111043932,0.5005741443345002,-0.22042458847890775,0.1971373453831263,0.09614956210580673,0.22403287734034957,0.8782026301528063,0.25661245440895436,0.3785804030923864,0.06000602679060042,0.43980487165447874,0.3806528274241403,0.4731955619196589,0.5956708500494344,0.5442936300916345,0.6148421135021729,0.43009799779425906,0.04974852934124174,0.3893342597361535,0.22678124435715666,0.7690447830573547,0.8032403977444469,0.5892183931624999,-0.07474763756831877,0.23405268125396667,-0.1989169208601649,0.2367642282315314,0.7289406366878927,-0.019095319652662167,0.22908902344461357,-0.31338276080200633,0.22667091975709205,0.4038820219403778,0.3870645275151701
0.41051969028467966,-0.02026946306422206,0.3187117148839965,0.387417778561235,0.589337370298163,0.7351019699321528,0.16222184646587504,0.471366052861041,0.4363588567132469,0.2051109437120426,0.4250540903573292,-0.19884498346233898,0.31062761226152263,0.58203435092335,0.4535089008918943,1.0,0.22107949263841709,-0.37285458442799446,0.5575135442926851,-0.06069864647671599,0.37887898163906014,-0.30189818285865594,-0.421939450689596,-0.30189818285865594,-0.2654582387320959,0.3110575777571428,0.31708483366684137,-0.4091740999364202,0.19176129052377797,0.11307756268773636,0.03341384363952022,0.23485904611895655,-0.4299678365878941,0.04800222941589826,0.2568673637913208,0.19495225701995247,0.9219331577637675,-0.1401055200381717,-0.6201870082226294,0.5821481500347656,-0.3275040857340924,0.2641956614969093,-0.029824668764725015,-0.33690805817175956,-0.2050408912562191,-0.1282376326744589,0.3926310184538092,0.6326275514196382,-0.28205689184387284,0.3271800712508959,0.11094331630496326,0.03139112441317735,0.3117865745656907,-0.5397001607794678,-0.2913869710211274,0.33121122905703393,-0.11524850886460908,0.7576426746058854,-0.06479571458480575,-0.9246605522782073,0.3128710648753771,-0.24759598995842877,0.09004329324378746
0.6421599316568346,0.2272807857747966,0.5106475971709746,0.5790025407923383,0.4988155842421314,0.353957001520617,-0.09745624115470801,0.6070115015207036,0.6798521093845942,0.7608120756828952,0.571214526929758,0.36466561273762504,-0.26875340553921195,0.023089776244891662,0.5714231713766161,0.22107949263841709,1.0,0.12864086843905484,0.09613829644918419,0.5527206220369381,-0.0839740083858313,0.40068199259330234,0.30135968951001746,0.40068199259330234,0.6853483407871028,0.43189668324772984,0.4050911557292542,-0.22385458456888166,0.5931085586298965,0.7331482645948165,0.6179797041888212,0.4086677845722224,0.09953934438176479,-0.25528219478572345,-0.04816579658476209,0.5405362393693824,0.25860857986154623,0.9251962712180974,0.253025627473038,0.15361049758095557,0.5915756073643557,-0.10779726640251766,0.7900073807818324,0.3474149327250624,0.4535259862474045,0.7430580089820489,0.5880464349734663,0.5435063611149267,-0.09507611007058761,0.6003258308692481,0.8023997746291673,0.6141235944008727,0.49107415005959626,0.1003389083783469,-0.5409398907396725,0.1407107011977813,0.38663907229072353,0.06056130772063925,0.807881888100917,-0.04139588412045942,-0.07014343058218486,0.6856404459532748,-0.1760919498456826
0.4173595473188874,0.7347764249195315,0.5474620148867122,0.5368242325092581,-0.10950199193966345,0.24306348706157682,0.746887130826009,0.393456872977467,0.4281162144278196,0.06834502333537705,-0.28812496801005766,0.6273646796412377,0.3954747202825273,-0.4391370198999888,0.18911406086257443,-0.37285458442799446,0.12864086843905484,1.0,0.18281465410167783,0.8024319074736124,0.13807944343629658,0.5369527779184732,0.772412742400462,0.5369527779184732,0.6262350858454782,-0.37308038738561705,0.28467289199169593,0.6543996528516908,0.42242194054874427,0.48441684309982863,-0.06904273230954858,-0.47667945959635843,0.4344090164045356,0.1899825244449214,-0.6220113660713734,0.08452578729796517,-0.6214708628067852,0.3066271642303757,0.9100398279951089,0.02801248423129066,0.755479502649348,0.1960085469407312,0.14080074660758635,0.8161438589145066,0.4842838748801119,0.5856246441690439,-0.4753451115167015,0.27682663296756305,0.6539243166844819,0.32877945747757925,0.4280119974622477,0.130672652799903,-0.3278048880821802,0.49511202766811296,0.18899818464756335,-0.7664380051379311,0.1687328800424606,-0.7178813602398597,-0.08115686666778497,0.585449831020179,0.06742636171332274,0.6222480633864134,0.12202599148204388
0.49427190778415475,0.5762155119448565,0.44969138920672536,0.7589476718020576,0.4923812560232802,0.671741987205365,0.514059291262516,0.4826332615494355,0.5309992707973259,-0.1065244516505597,0.17390073258382763,-0.11533764884103444,0.7407234228380836,0.4573850749751789,0.48362101118845796,0.5575135442926851,0.09613829644918419,0.18281465410167783,1.0,0.34434771886702825,0.8503388692212843,-0.0856212822164945,0.1942116009011149,-0.0856212822164945,0.27717858978943954,-0.16629388560289993,0.40021425467437766,0.11610568476289064,0.16687238155224884,0.242420228443987,-0.33458648976976757,-0.06466018840040674,-0.42062060363096593,0.4282499814212717,0.10747983012505,0.16308157426307815,0.2972702975901805,-0.10644248065357237,-0.12617983262613539,0.9757231206714883,0.07743326871461928,0.8148405240725733,0.011533831702198466,0.22443311013395603,-0.019885613381516683,0.2775882166462081,-0.06949317985520387,0.5910341344679193,0.20892886261155155,0.2418784715076586,0.29556332609239144,-0.25978217961678474,0.08415898649259265,-0.3463026791917668,0.16895166525945726,0.04649324436996663,0.052396878241275875,0.03636598367345983,-0.1934446681485126,-0.44486588481943873,0.8930506039209654,0.006492416460112629,0.6695425431538565
0.6019479028857544,0.7448912497973409,0.7289264782749008,0.7988417192232011,0.10295711950068438,0.4827236728224459,0.5585098053292372,0.5544935318371372,0.7474507172662186,0.38013733955232953,-0.12544120525946878,0.5903718028241915,0.19585587171080834,-0.39728779358353516,0.5307427719380711,-0.06069864647671599,0.5527206220369381,0.8024319074736124,0.34434771886702825,1.0,0.28968813955565137,0.6089491897016442,0.6891688669388766,0.6089491897016442,0.8107245344740975,-0.12037595703519545,0.4111645137874402,0.24852761910975274,0.5557160603662559,0.8276583669391491,0.15924123472047663,-0.323594146803989,0.3102961716434076,-0.09934254530015872,-0.6096660448871641,0.44855150061925814,-0.2708892383781263,0.6038220700310364,0.7110079526504798,0.22293454168322516,0.9323447133017665,0.3062119258542888,0.3311056363919569,0.7924742424229548,0.5934094874243491,0.8714846338067554,-0.2061723426766321,0.5544418111950974,0.29431058990120934,0.48036839688332594,0.7565028122934109,0.35457453485059715,-0.19294302428274124,0.32025356331273047,-0.16049780909647943,-0.564923085035181,0.4119154462182124,-0.46093216508662926,0.38366196322425,0.2432838471255027,0.2166913123668182,0.8824360919512405,0.19712319782379853
0.24415392588395665,0.3862601796077167,0.3355736420106298,0.5226491347402263,0.27666744078520406,0.3816862540018948,0.3861892253143531,0.35244873743782457,0.3172134589135334,-0.21080874757255186,-0.1379285852663252,0.026882253728905986,0.7338299013991356,0.2666911688931974,0.44699583555957617,0.37887898163906014,-0.0839740083858313,0.13807944343629658,0.8503388692212843,0.28968813955565137,1.0,0.1156251694010519,0.09759247035306111,0.1156251694010519,0.18980079971576022,-0.1298330896229534,0.23643402413797066,0.2382071398828027,0.22993767797870618,0.16838201393107824,-0.427724883180311,-0.23744890561463441,-0.0949301258402027,0.538872854086277,0.038687643216986006,0.3382303706824522,0.16952063589763647,-0.19812230485808735,-0.10939461790680555,0.8141718882130059,0.11449694019622408,0.9859281587808456,-0.054054711682975654,0.14461763534964403,0.18254558740067184,0.228531939623936,-0.15081314472993554,0.4197213515574708,0.28602365650006717,0.2527088614992344,0.17258966402015816,-0.3238759120249248,-0.14900818550344758,-0.049410965080442217,0.4853161349465126,-0.021964300125453546,0.31276397776105963,0.03765980081602314,-0.20792601552801007,-0.3192209153246023,0.886604346782025,0.0741238927358904,0.9285774643762811
0.5024698019067958,0.4286971056483911,0.6649214077977511,0.34516812808939457,-0.25368227433559737,-0.12119145051432105,0.32691032453641067,0.5227237273832207,0.45719531861030294,0.5160269674032018,-0.2853784628984845,0.9256952840397299,0.11093794562169482,-0.21716478067096326,0.5828845901977221,-0.30189818285865594,0.40068199259330234,0.5369527779184732,-0.0856212822164945,0.6089491897016442,0.1156251694010519,1.0,0.6252253446752767,1.0,0.4730760985655899,-0.23146351231662574,-0.1693027739987722,0.41892459014209876,0.711175641942345,0.6016221406937404,0.39919000615813,-0.44819615881378594,0.8500745654252164,0.09767391549695538,-0.23335308505829455,0.6961023511187164,-0.40796856723185654,0.5242891570310315,0.6304586164483034,-0.17262753164022873,0.7009382982085459,0.194595739499354,0.6239511829807237,0.6724998745514927,0.9877719117710582,0.48346645191369425,-0.18400999099313053,0.016602031536771592,0.447688316272125,0.6192014329085539,0.5729348175458477,0.5380447916074679,-0.3496445643721347,0.8745496467221198,0.06098161802287263,-0.2918514293320366,0.7404832340916793,-0.47589393391045587,0.23940426210439109,0.44323108944315553,-0.19846383410956758,0.7133210063753079,0.2282078841055682
0.5920813128233838,0.8623401108681286,0.6384822275442209,0.570774861222707,-0.25597514964690615,-0.024667651996106897,0.5580342052531472,0.3887153342237385,0.5717461497953796,0.3580455957855059,-0.18971272453522373,0.5898574337041592,0.2644487454351679,-0.06570018494949786,0.467677284297127,-0.421939450689596,0.30135968951001746,0.772412742400462,0.1942116009011149,0.6891688669388766,0.09759247035306111,0.6252253446752767,1.0,0.6252253446752772,0.7038838834822757,-0.5984356206280909,-0.11270999413025563,0.6202511552418712,0.44352825792928224,0.6335868621790968,0.2718838400954042,-0.404746524352325,0.3141375577355944,0.1355411037296379,-0.10849785148230955,0.3786484742891852,-0.6481690755763346,0.4237156885273932,0.7566937982640434,0.10015018021955863,0.6800953895111349,0.21834249027124414,0.4739657610711879,0.9819149725624571,0.5542174811042025,0.5882901574551272,-0.4311250542623611,-0.02362729082891189,0.6148095185140002,0.3810608485712037,0.6822698052698016,0.38019012560817184,-0.2644264429379669,0.49543602023454386,0.051437969035119005,-0.23719848485213,0.5013589537419688,-0.8495787591886522,0.08613682014790344,0.5617322161869873,0.08332604161202084,0.5462426404513687,0.21181089864462352
0.5024698019067958,0.4286971056483911,0.6649214077977511,0.34516812808939457,-0.25368227433559737,-0.12119145051432105,0.32691032453641067,0.5227237273832207,0.45719531861030294,0.5160269674032018,-0.2853784628984845,0.9256952840397299,0.11093794562169482,-0.21716478067096326,0.5828845901977221,-0.30189818285865594,0.40068199259330234,0.5369527779184732,-0.0856212822164945,0.6089491897016442,0.1156251694010519,1.0,0.6252253446752772,1.0,0.4730760985655899,-0.23146351231662574,-0.1693027739987722,0.41892459014209876,0.711175641942345,0.6016221406937404,0.39919000615813,-0.44819615881378594,0.8500745654252164,0.09767391549695538,-0.23335308505829455,0.6961023511187164,-0.40796856723185654,0.5242891570310315,0.6304586164483034,-0.17262753164022873,0.7009382982085459,0.194595739499354,0.6239511829807237,0.6724998745514927,0.9877719117710582,0.48346645191369425,-0.18400999099313053,0.016602031536771592,0.447688316272125,0.6192014329085539,0.5729348175458477,0.5380447916074679,-0.3496445643721347,0.8745496467221198,0.06098161802287263,-0.2918514293320366,0.7404832340916793,-0.47589393391045587,0.23940426210439109,0.44323108944315553,-0.19846383410956758,0.7133210063753079,0.2282078841055682
0.47495044374474793,0.5817004986222865,0.44170459503177134,0.6693411834543813,0.2800012810320034,0.20360453795819086,0.17958852035714726,0.42396948546218444,0.555811089907201,0.3467733153572435,0.20022369425791642,0.39002688078003483,0.028278613233394714,-0.2859312932825966,0.3640499782491996,-0.2654582387320959,0.6853483407871028,0.6262350858454782,0.27717858978943954,0.8107245344740975,0.18980079971576022,0.4730760985655899,0.7038838834822757,0.4730760985655899,1.0,0.06388022999406025,0.4602007075178394,0.27165459537426806,0.46782735274060727,0.7030013762996266,0.19894719098260885,0.09640602109015797,0.1595527412712105,0.02500595912556646,-0.32650261042286827,0.35438624215979214,-0.3491762226892088,0.8036895765639398,0.7036929318159697,0.26880753779765687,0.871579183523302,0.23034072655927282,0.5797400525236633,0.7161383272342418,0.47568804558031813,0.9644233055007618,0.10752500592730416,0.4228161008760703,0.32585311087110796,0.39957805884193487,0.7644661950837099,0.27408408433208176,0.194694541563316,0.27523293748402766,-0.052128027523337304,-0.25864361020384674,0.4084201776757715,-0.5239666224593071,0.5926754339456224,0.44839773640428016,0.28228390042085105,0.8293451516959081,0.20470965909801406
-0.17842879933579675,-0.6469619092796547,-0.3128102740025726,-0.14345408546430777,0.6818337605292683,0.18472293835671852,-0.5619453921129047,0.09842019308933082,-0.1465544626480798,0.08885168564078885,0.606839928796224,-0.16710617548550227,-0.35571134556335904,-0.14451450501772786,-0.17729992929742772,0.3110575777571428,0.43189668324772984,-0.37308038738561705,-0.16629388560289993,-0.12037595703519545,-0.1298330896229534,-0.23146351231662574,-0.5984356206280909,-0.23146351231662574,0.06388022999406025,1.0,0.6200270770627958,-0.4238118257472889,0.15454838551586123,-0.07270135796955593,0.04650071089506334,0.7590134829443498,-0.05093749763763,-0.07719338678138293,-0.11428117995502823,-0.03928594851031091,0.5685879428450975,0.3954158719604564,-0.20394143661075287,-0.037432782987866474,-0.011936423992768749,-0.2420970483162942,0.16584707148918648,-0.5613369881932807,-0.12619502269305302,0.18473521920096866,0.8785950473002486,0.4933872507870721,-0.33336398149724267,0.17276876953899387,-0.051665243109583536,-0.03556820211984996,0.6975192114383875,-0.18609455937725936,-0.12501928781622546,0.09949339093053992,-0.173782328261923,0.6833125633417255,0.5112609366336055,-0.21693264067135923,-0.10518162140512897,0.1535840524487958,-0.2521663891639608
0.18232354452846858,0.04409457123458318,0.06883744715928158,0.46683917465720826,0.8371704670097425,0.6832680537379359,0.1274336240893531,0.40364517543872147,0.21984702131426478,-0.132731595373603,0.5467761277744941,-0.06434416131714345,0.2014230856326371,-0.20168858177141957,-0.059244438403001774,0.31708483366684137,0.4050911557292542,0.28467289199169593,0.40021425467437766,0.4111645137874402,0.23643402413797066,-0.1693027739987722,-0.11270999413025563,-0.1693027739987722,0.4602007075178394,0.6200270770627958,1.0,-0.0759093095414615,0.2290135554055889,0.1280614757128106,-0.32437948668303673,0.4799015870212498,-0.18319273315827164,0.1671389250802168,-0.472461667764845,-0.21746894996848448,0.30987606136907436,0.3766048955183157,0.22703777477499074,0.42323549300481905,0.3467026626660055,0.12845034648193826,0.055463595394563026,-0.05795311761667239,-0.07917087837607475,0.5213312215847432,0.4720528518841415,0.8668575055492255,0.04386980914927,0.23799383018448397,0.1407080812373153,-0.2729284281421664,0.5673168816198072,-0.24451021362217976,-0.0057690761406530445,-0.3945157137821555,-0.35061460159721874,0.25440377278492415,0.23897663661215576,-0.08161164780850631,0.3427639502890406,0.36944856099538276,-0.010768774981807967
0.23076177393721556,0.44672630303366445,0.29420822952640246,0.12937289681712724,-0.1954881676612475,-0.23266282579343897,0.5631389683847209,0.29363193631335016,0.08171983922656902,-0.0724229077928149,-0.2536307283137344,0.549929874067143,0.6177988746393644,0.018186955234387524,0.12890982675628884,-0.4091740999364202,-0.22385458456888166,0.6543996528516908,0.11610568476289064,0.24852761910975274,0.2382071398828027,0.41892459014209876,0.6202511552418712,0.41892459014209876,0.27165459537426806,-0.4238118257472889,-0.0759093095414615,1.0,0.45496620938993804,0.09881514589532232,-0.13130671727437157,-0.34972722968173564,0.4818351548325821,0.7206972074534037,-0.0004943292981266601,0.12669247253779736,-0.592000201315323,-0.042091468453483334,0.6280821153264416,0.03757007331469071,0.25359690644702665,0.34889050339728805,0.19158880181093016,0.5752564545431949,0.3843898487568928,0.14398417056375268,-0.3599288762142163,-0.09804596960351994,0.9797620752905197,0.40111322827480883,0.1547870342644653,-0.03749180914561923,-0.22549903479646422,0.6370254758267401,0.7282208230109742,-0.28999518963071635,0.3163281493896744,-0.5928879516701071,-0.4503530791394283,0.6085831905987588,0.08414820432922927,0.11827333443429103,0.3954380205225941
0.7307380278313144,0.35407047089442684,0.7475236952153513,0.5168258689742767,0.28584845183477064,0.23926305671017778,0.38373235055984434,0.8747081574388302,0.6528524309801754,0.6099057740575822,0.2174926776506659,0.8164607974115362,0.3423455940847635,0.13286407149050478,0.7310904113291176,0.19176129052377797,0.5931085586298965,0.42242194054874427,0.16687238155224884,0.5557160603662559,0.22993767797870618,0.711175641942345,0.44352825792928224,0.711175641942345,0.46782735274060727,0.15454838551586123,0.2290135554055889,0.45496620938993804,1.0,0.6336616631128161,0.3806348045664733,0.00024398549083016381,0.5941449576171538,0.3674721989019593,-0.027148589289630036,0.7181815977935768,0.09634223996553382,0.5619703039670467,0.4409856754767925,0.13187374710512614,0.5383586354232268,0.2551955350183405,0.6991736880240575,0.5095001726094968,0.7604812751262957,0.5149529248076858,0.2815362850732258,0.4823862163818658,0.5701202302893573,0.9854679360984819,0.670500807476787,0.4800056345421288,0.1597227469826923,0.6089186696040254,0.1093456543667682,-0.08058854131026152,0.6295386079483366,-0.024887976990913715,0.20460633806985576,0.11232627707350608,-0.07577058281291685,0.5786816039623814,0.2109516179669325
0.7250988190895131,0.6438947151547179,0.8012615930712778,0.725681586921572,0.0364862177637035,0.35427391621911036,0.35413910067772814,0.5647193087705877,0.8854257458822311,0.7915302263205726,-0.03391320091425227,0.5874607091158197,-0.013562257319484286,-0.11691189657148497,0.7785011111043932,0.11307756268773636,0.7331482645948165,0.48441684309982863,0.242420228443987,0.8276583669391491,0.16838201393107824,0.6016221406937404,0.6335868621790968,0.6016221406937404,0.7030013762996266,-0.07270135796955593,0.1280614757128106,0.09881514589532232,0.6336616631128161,1.0,0.6244309367566676,-0.23575783896067343,0.23538731743027147,-0.261132812861505,-0.21660847172146813,0.7610269631337917,-0.054582612310490594,0.6909235178181508,0.4377979299681702,0.17190875428243044,0.7576397509248878,0.20146476057136586,0.5580107647954909,0.7319546970875076,0.5854718868784187,0.7917106050041076,-0.012671946505425672,0.4326525504583353,0.14869697452028885,0.6018413788535565,0.9644222535664037,0.7500333263948806,-0.13512383802553837,0.2530777529252966,-0.37855121337547193,-0.09840440141561799,0.677304082120329,-0.2935655125699993,0.5774418869081946,0.01485386505922821,0.07995854104542488,0.7604020701568358,0.11462342975256451
0.4563936591919759,0.08576778732598257,0.41135208223649083,0.10459894614374303,-0.1582113602223798,-0.12648552976899602,-0.135124330925165,0.2360962957335389,0.47069597289097165,0.9444392361007656,0.11799506306229296,0.42798731410724783,-0.46715317442302934,0.10821387252438149,0.5005741443345002,0.03341384363952022,0.6179797041888212,-0.06904273230954858,-0.33458648976976757,0.15924123472047663,-0.427724883180311,0.39919000615813,0.2718838400954042,0.39919000615813,0.19894719098260885,0.04650071089506334,-0.32437948668303673,-0.13130671727437157,0.3806348045664733,0.6244309367566676,1.0,0.004912964830784541,0.23189971382835864,-0.44317044298629704,0.24801572657615,0.6027113667225409,0.05824844129763524,0.5774176937592184,0.07469745551192779,-0.30877739407024907,0.21001850732271454,-0.3830451876088063,0.6509600273927284,0.29213678061846526,0.3736231988189514,0.24474366422085508,0.24416041312440717,-0.07747654350618567,-0.10563437489407643,0.3910848967779311,0.6472998652108081,0.9662241113102701,0.014169070239286381,0.22964928325287723,-0.5712775537341152,0.37383771428537665,0.5270265870045556,-0.06283115522356107,0.5561783818720445,-0.016640735277486725,-0.489565891660894,0.2866533788915626,-0.37990863218041193
-0.09150268300513806,-0.4994877566031121,-0.40110614878368506,-0.11824600974069512,0.7257474958970873,0.05631520553029258,-0.6143102985121973,0.05834644782597071,-0.176498028687973,-0.0005962878711515795,0.8962836741941657,-0.42652660603962034,-0.29712994574443474,0.2544796392801528,-0.22042458847890775,0.23485904611895655,0.4086677845722224,-0.47667945959635843,-0.06466018840040674,-0.323594146803989,-0.23744890561463441,-0.44819615881378594,-0.404746524352325,-0.44819615881378594,0.09640602109015797,0.7590134829443498,0.4799015870212498,-0.34972722968173564,0.00024398549083016381,-0.23575783896067343,0.004912964830784541,1.0,-0.38972615595875754,0.06294407461956947,0.3182654769234111,-0.22870547876439296,0.5012702230599776,0.33361983237383136,-0.28416232554315923,0.12478489888318971,-0.2167113172439654,-0.3086596219433718,0.2762771303969463,-0.4694827728575237,-0.35962451464132755,0.06696802971602123,0.8983960969139467,0.27385698519795515,-0.25187969324130177,0.06785937899265616,-0.07283375646411479,-0.18473318440862443,0.9680460099828684,-0.3740320855989687,-0.139304180735337,0.44874698667988844,-0.31253295046546103,0.5284364707989885,0.3810240560966981,-0.1468739006112165,-0.03055335324696513,-0.11468374287200579,-0.2898609297146721
