Fp1,Fz,F3,F7,FT9,FC5,FC1,C3,T7,TP9,CP5,CP1,Pz,P3,P7,O1,Oz,P8,TP10,CP6,CP2,C4,T8,FT10,FC6,FC2,F4,F8,Fp2,AF7,AF3,AFz,F1,F5,FT7,FC3,FCz,C1,C5,TP7,CP3,P1,P5,PO7,PO3,POz,PO4,PO8,P6,P2,CPz,CP4,TP8,FC4,FT8,F6,F2,AF4,AF8,O2,P4,C6,C2
1.0,0.18504610639183994,-0.22130965475842632,0.6334621850238991,0.7315810328061112,0.5961675588263858,0.6860072634785918,0.0347046646632641,-0.10026347589476921,-0.41000075506581524,0.09293163618303593,0.3180680657521822,0.15605373506470926,0.5096215032885172,-0.4096541656294936,0.07225031035980563,0.4059753493502913,0.5936041746701928,0.25742841874452327,0.5956166367899753,0.2930520885653301,-0.33202214429828725,0.3228690842875932,-0.33202214429828725,0.7486322786656642,0.7599616224187147,0.5259634109432301,0.70865524006374,0.0014728729810909223,-0.19251791604467205,-0.40822056403671525,-0.0828659588437839,0.16430593056269144,0.25400657816508476,0.482252481944089,-0.47477785461059563,-0.039031555072004294,0.4446589523159701,0.5400061178246155,0.21022430312482956,0.5521541679008166,0.3448508634786363,0.7465080913522668,0.06067566388237364,-0.4773365667096082,0.6867321629621586,0.6956098881309305,0.6594230564700579,0.4936757884906969,-0.039650670370568714,-0.14794990776235725,-0.39267676633460336,-0.044217123520326265,0.2372352035660903,0.2362460552505671,0.511045724074005,-0.29873736731076556,-0.09160313592613244,0.4831722049212667,0.6220278436117135,0.2476188906198593,0.5665733394171774,0.2552848449868197
0.18504610639183994,1.0,0.6366888710607651,0.4041608482017752,0.0555657271795593,0.15325210226556996,0.0416093046643863,0.3392524854798631,0.5913854099007958,0.3867379562189674,-0.17673555976418087,0.6817682123710213,0.15146130754947107,0.3946743397955849,0.7054167301549502,0.05123430941714804,0.5831464103567773,0.3893652687613715,0.7346288581090721,0.13701188073419762,0.5839794739843499,0.7334892750573458,0.9078266559023831,0.7334892750573458,0.40558318317018116,0.12255032603094262,0.07036026993074833,0.024693586917580154,0.4782037123350625,0.5753486372333991,0.413096519845958,-0.16195998253838945,0.6220044006843747,0.2675654650364088,0.3679149842322327,0.6817890751636934,0.07290582572197839,0.5782767221722839,0.33700652117534285,0.7401148874857728,0.003128995811613031,0.615317168616152,0.1483456984251838,0.8706973164929466,0.6414450750171853,0.32233680288206534,0.03971149698682208,0.09514450624084511,0.16307841406063533,0.2191555023919917,0.5551954391408954,0.3797807520522585,-0.27957899126186647,0.5808063689596836,0.23099288999358064,0.35012559265529036,0.7866416682132786,-0.06592300715122035,0.22296798016840286,0.3148706129502083,0.7108365970550163,0.027714690542507695,0.5522563957166359
-0.22130965475842632,0.6366888710607651,1.0,-0.14902494035573607,-0.07040894257297513,-0.05682384203879098,0.03398220616434805,0.5986658043626262,0.7557646249994852,0.6705134419958558,0.19464045987324408,0.5379366654260207,0.15740763191624726,0.22391129057875736,0.6721028328688916,-0.11240412254736287,0.3631591060682141,0.10114716206689818,0.5248948355975206,-0.1890785734449838,0.4472932811260453,0.7499393090833617,0.47574852430570175,0.7499393090833617,-0.2379631948392715,-0.18948703496619296,-0.10845602537427884,-0.3997158935751146,0.6403337051389841,0.6829291329442129,0.6189317803786158,0.2076189084223392,0.38085175500301693,0.04918690131522105,0.15644576991991066,0.538066663750762,-0.1381250254172452,0.3531649643611744,0.055681562295902556,0.41232967456511244,-0.3196211831774711,0.4260320720774567,-0.5674863608104908,0.36627814729802,0.8678859113150158,-0.3639038111598036,-0.11767203354889151,-0.17526091498165206,0.3127762283619049,0.5303534318794563,0.6910784906663971,0.6317467867948686,0.13231198178668213,0.34492318566622715,0.14068111186352186,0.1762853475111486,0.6457036949074119,-0.1456401865838928,0.16902508211330186,0.07730765093745108,0.46817078424843345,-0.24610840003391674,0.4032866884920047
0.6334621850238991,0.4041608482017752,-0.14902494035573607,1.0,0.6162025371821162,0.8453331716140051,0.4399222557461564,-0.09887034403903433,-0.14999934589415653,-0.45276762454355307,-0.03654397313376192,0.18289107151448397,0.3693851319110129,0.6508697361691905,-0.07346675063433099,0.5623511891593342,0.5468542828462717,0.5185302608369238,0.5854604272830009,0.39426235302378315,0.244887756932283,-0.1418364223750637,0.3689909940926613,-0.1418364223750637,0.9104594090953362,0.6462693064647799,0.7827005230965726,0.5518735328884476,-0.1339667882940057,-0.20253515196954747,-0.4516383883779324,-0.22038704406319667,0.021574949267130876,0.45523568016636995,0.6399158494332433,-0.09167403880376684,0.4813593094527426,0.5529728271905099,0.46577768360590266,0.6718854432868743,0.34272583417838015,0.31340948277948316,0.5164958948759821,0.21572515609305276,-0.33648016513221235,0.9219692241825912,0.5376093781185511,0.8660188783867581,0.13815182442059507,-0.2588947827491626,-0.24159814866942894,-0.4589758940270506,-0.231753200650384,0.09379326741330542,0.37957805490115254,0.6535541365514446,-0.01790103165647518,0.42232026838336423,0.3352374240332572,0.4731238749030195,0.6609760712849627,0.358627412063195,0.29980649453752334
0.7315810328061112,0.0555657271795593,-0.07040894257297513,0.6162025371821162,1.0,0.6951339621516329,0.7512416767405534,0.0434567956567546,-0.1306880777008528,-0.11120873280031399,0.3935346021000385,0.21336717277537023,0.6045484693649744,0.3074906490101914,-0.3615544158593292,0.11550002689929326,0.33605676605422335,0.5719317241947492,0.537556051765004,0.6299838187701774,0.5710845611336346,-0.26387213771293194,0.17048398429042302,-0.26387213771293194,0.6973853438674295,0.9155159394360171,0.7145853669804041,0.6218789798912632,-0.003936890114717554,-0.24246292779026926,-0.1496824175366064,0.1804173543183126,0.049763401022300625,0.5545088595262699,0.26857452698194606,-0.5159961620408583,-0.0243802354158127,0.3777607430947862,0.5435324607248856,0.471082223434156,0.5968027076201801,0.5775605280619969,0.3916424816962986,-0.143873469325742,-0.328975026315206,0.6441868473010082,0.9668434793102003,0.754594674866495,0.5581821206105213,0.03008062349268546,-0.15872380012866324,-0.1152045140352731,0.26214614307865436,0.1550535636901342,0.604958344522016,0.32272416137875115,-0.33908647138205933,-0.022224826303316216,0.36645792299164776,0.6658977241600875,0.5345664300261885,0.6489551820752417,0.5897868597265642
0.5961675588263858,0.15325210226556996,-0.05682384203879098,0.8453331716140051,0.6951339621516329,1.0,0.6380112392953914,0.1325213108772373,-0.24991024675050028,-0.4761574808987725,0.2530199650987903,0.056086915395070804,0.4413682469032425,0.7332955357131334,-0.24142526473428697,0.5474553200478991,0.33367970848229817,0.367488201689273,0.48935666821769086,0.13109355190814523,0.12267216727371108,-0.40072459163027063,0.06632239343752276,-0.40072459163027063,0.6605982053209585,0.6228621913102625,0.9658845037224046,0.4183918858353516,-0.032002853722577294,-0.35144208336422383,-0.5422883558655882,-0.015035680144863532,-0.2558941698930385,0.37980040713100255,0.7009703082892527,-0.3787708272970469,0.3885865720761321,0.3596001176010598,0.34072149662760837,0.5045764729391616,0.11522934547393154,0.21589056536327542,0.28432733395814835,-0.13487574352736528,-0.41762619134478723,0.6713456727320595,0.5566101197521595,0.9819587916282586,0.39914595171481715,-0.07835556192295019,-0.38881950395394316,-0.5062803205216275,0.013036483524614374,-0.1401376551333322,0.3758540888087116,0.7369919414127618,-0.25545314381022427,0.4596401464386607,0.21548555690173746,0.3751278360241374,0.5412882344888935,0.15299322955046132,0.21372622621737128
0.6860072634785918,0.0416093046643863,0.03398220616434805,0.4399222557461564,0.7512416767405534,0.6380112392953914,1.0,-0.10447563308007923,-0.09975951775528433,-0.21669572560498934,0.05542236418532957,-0.08958083648516973,0.4935978203634121,0.5467669406633653,-0.18333989116625643,0.3812451371668217,0.20108554805649612,0.7428290574861328,0.3925955581498873,0.3076971235972216,0.32904455957442885,-0.28782629633674656,0.21101588185931663,-0.28782629633674656,0.423367245825194,0.7976535881826012,0.714637752352085,0.7507487284274619,-0.19233509841263577,-0.17863077796830926,-0.25466660299498045,-0.18399393446920462,-0.30037235635366843,0.44050398891442977,0.5669664905156313,-0.4182877010201035,0.2541827792188812,0.2688998476838178,0.7578326432994205,0.25758314468808297,0.2610961354225588,0.2975682600369124,0.36105381332721603,-0.10178881458997235,-0.2567993281167979,0.3999330753419232,0.7062524373190076,0.6334076306232413,0.8826730659962525,-0.23233305367730586,-0.1712307347696091,-0.2591775066720821,-0.10910778303660845,-0.26542434778739066,0.46075831210451845,0.5523008163511948,-0.1769905988294186,0.2375293134810132,0.14581826607446813,0.7922188630622546,0.2864203309957154,0.2644604465941457,0.24926301654157818
0.0347046646632641,0.3392524854798631,0.5986658043626262,-0.09887034403903433,0.0434567956567546,0.1325213108772373,-0.10447563308007923,1.0,0.3971223599766889,0.4314979833008246,0.605539871082349,0.6303508097728349,-0.02275106388469215,0.07571807945799643,0.11048227298226522,-0.4450173272362911,0.12476433794630858,-0.30261806118085705,0.21904377109451414,-0.313813957677412,0.27746772897470096,0.2118634152401006,0.05683182969235472,0.2118634152401006,-0.1501897885442693,-0.21038632039500696,0.01200108214487351,-0.5876368051951898,0.9500590666579334,0.2816555943167018,0.33710950875121887,0.582905856170807,0.40327426689925777,-0.15108433424903206,-0.05140214064259962,0.008703017722139763,-0.5260056169531802,0.1251424871188039,-0.3494881333170386,0.14202988526572624,-0.359755624769673,0.40641289191489466,-0.3068058041328243,0.03776840003097674,0.37687503602931227,-0.24271654648238292,-0.04587981266206887,0.08252778477148216,0.1257801558248313,0.9454834140883066,0.3536800293243417,0.4355643606449927,0.5342787261802492,0.4772103365824706,-0.025513601475807494,0.02888645977463295,0.1047188221439697,-0.36244866594500424,0.18009191399169874,-0.24866464524909712,0.24356436258214634,-0.2608722808374352,0.37510539382969366
-0.10026347589476921,0.5913854099007958,0.7557646249994852,-0.14999934589415653,-0.1306880777008528,-0.24991024675050028,-0.09975951775528433,0.3971223599766889,1.0,0.5943356335524281,0.24951339224045446,0.5763912499012973,-0.31531725316875703,0.06453386532179115,0.3864475348689705,-0.29027738222980476,0.6877646049384387,0.20273657634554695,0.22022627825647448,0.07872265756733825,0.35371323711559916,0.8157960106594194,0.5256428528679803,0.8157960106594194,-0.04965778103762542,-0.10842397936162688,-0.31646981179397593,-0.20452787816759477,0.47153846745000927,0.9804631826573742,0.6034381972449137,0.3746337095857114,0.6099022820195388,-0.34684543648843447,0.049259027729829534,0.3914470716559068,-0.19843963207156878,0.6870777206270497,0.16300768797566503,0.14990906720148547,-0.05405164136094128,0.2848531587875042,-0.3271988949669548,0.42133139263615926,0.7514906247740208,-0.2465743346293187,-0.2037540349826222,-0.3347883536255641,0.0018129965655683208,0.36977199660477383,0.9740440588204007,0.5656921172558409,0.2596013606339481,0.45891110965669724,-0.29544039653920323,-0.024706645303795367,0.45734346114668756,-0.33913135494084834,0.5740425610894984,0.07355151542117354,0.18004984991271752,-0.07140716606585658,0.24973989312275696
-0.41000075506581524,0.3867379562189674,0.6705134419958558,-0.45276762454355307,-0.11120873280031399,-0.4761574808987725,-0.21669572560498934,0.4314979833008246,0.5943356335524281,1.0,0.1732672319531516,0.3504072454229932,0.20507003898651852,-0.5118329145063295,0.5648492717795722,-0.4615185003492882,0.030240739212080238,0.014924337284735368,0.351786046578801,-0.11280360214973771,0.662020909710386,0.7524514900504026,0.32119036214303026,0.7524514900504026,-0.32590079094102814,-0.17743151564072218,-0.41795753911520583,-0.39310550462324545,0.6083150966121063,0.6041856110198344,0.9894157265204333,0.3124942475554459,0.4641578644893261,0.1375249017129297,-0.5406897677527207,0.4816323519102401,-0.3791012371986479,0.040964067025729495,0.032923054677960306,0.2511424524757233,-0.19711474720858438,0.6069588893654604,-0.40153218708351646,0.36512845295502955,0.8517854197375452,-0.38394389684038394,-0.03223786222698378,-0.4912687865464834,0.08255256988668189,0.5520049210831328,0.7056386024396453,0.9955183200205179,0.26758771845736967,0.3959096872225212,0.22642955025095948,-0.5522032462097479,0.5601339639659291,-0.39613893353654744,-0.09066471210498049,0.06382792614752567,0.2673239009766035,-0.15578780461971786,0.6253527257423425
0.09293163618303593,-0.17673555976418087,0.19464045987324408,-0.03654397313376192,0.3935346021000385,0.2530199650987903,0.05542236418532957,0.605539871082349,0.24951339224045446,0.1732672319531516,1.0,0.3829808013673518,-0.0874849282779586,-0.04008038499617953,-0.5002060652261356,-0.47958293268486507,0.21202750092389855,-0.29774729669836675,-0.02469693401768129,0.09574608501265304,0.13195410692774598,-0.14472299986031092,-0.2836592858277425,-0.14472299986031092,0.025797533236553337,0.17546522218767224,0.20717709664952239,-0.2798319736181506,0.4412942700194565,0.14369321096761095,0.09028224483366587,0.9539640339470987,0.24467783834783965,-0.3092098992660376,-0.11566162208326053,-0.5603048145517725,-0.5575578374275005,0.22756030046720802,-0.30625917385142293,-0.07235585820137456,0.1357300687695412,0.17966034599383301,-0.29239872574529,-0.4209550663575462,-0.04542741963978944,-0.1266997107497235,0.24018073812617782,0.2268022632995291,0.024982743944221883,0.6104295405472696,0.19958777949381604,0.16416877094771853,0.9655417780068042,0.2926756030570215,-0.15977895142407111,-0.07915964730407919,-0.5298478798809285,-0.43776492169229786,0.4405118621016463,-0.26088816410471916,0.038554978534199126,0.16638160709526234,0.2444918844782266
0.3180680657521822,0.6817682123710213,0.5379366654260207,0.18289107151448397,0.21336717277537023,0.056086915395070804,-0.08958083648516973,0.6303508097728349,0.5763912499012973,0.3504072454229932,0.3829808013673518,1.0,-0.07667221312244575,0.21922338696989374,0.20000392731229988,-0.5354665518578315,0.5284205779868895,-0.002341167043217901,0.43760561583978425,0.40139110334443007,0.5085972407557091,0.48047761196205596,0.617013050976894,0.48047761196205596,0.31947373939517265,0.11253642360295339,-0.10915190707345132,-0.19716436619925135,0.6892625290464582,0.48482438426357527,0.35022783625221543,0.4106136572893568,0.9054379496520363,-0.03229548692668598,0.11912358370571462,0.2244324238051851,-0.584880738428338,0.5075565984896744,-0.09291888542543662,0.42113576912701567,0.3325634847300539,0.5728818210858102,0.06754240164846016,0.5025080022457382,0.41980304745226205,0.1271205616131495,0.16483489197516527,0.026541798862281977,0.06047547997365972,0.6240439891441082,0.5378576616230373,0.37926496996473125,0.33364666853411457,0.9393819773751455,0.026435911123374258,0.1854798477421438,0.28019068227433463,-0.6496870491589934,0.5206323263049918,-0.007270996176771508,0.47723769090310225,0.395661628584944,0.5361008718627319
0.15605373506470926,0.15146130754947107,0.15740763191624726,0.3693851319110129,0.6045484693649744,0.4413682469032425,0.4935978203634121,-0.02275106388469215,-0.31531725316875703,0.20507003898651852,-0.0874849282779586,-0.07667221312244575,1.0,0.09138028197963692,0.2934859993483006,0.37744233690024315,-0.13178345328731023,0.42244091661325145,0.7507500174810732,0.14610641242074032,0.6199328238330429,-0.003405336615406212,0.1574125903320222,-0.003405336615406212,0.26859120077056037,0.4823526194296104,0.5322139297012473,0.27680657678659626,0.038066871350471994,-0.37738128667211274,0.1567112790748423,-0.2672927629557718,-0.21862214233436914,0.9505505659789983,0.05207412003927477,0.08466219569586095,0.2553769635975516,-0.11581916654643533,0.4168282367505259,0.6901805625387936,0.09440992091341413,0.6185915895717555,0.03071943661248053,0.025819872651657534,0.06660191571750367,0.36930807557845463,0.6938390567939332,0.482199385729627,0.5287178164522828,-0.004486777466279654,-0.2933856069287304,0.19496065349509997,-0.1829047989169509,-0.08584602724275998,0.9798186943680358,0.14508560963902883,0.22246172972537703,0.32667500989679726,-0.3186835754274874,0.5778006497683187,0.7104104558802863,0.20382206342812217,0.6542720875536061
0.5096215032885172,0.3946743397955849,0.22391129057875736,0.6508697361691905,0.3074906490101914,0.7332955357131334,0.5467669406633653,0.07571807945799643,0.06453386532179115,-0.5118329145063295,-0.04008038499617953,0.21922338696989374,0.09138028197963692,1.0,0.0578073368087434,0.5254001606208087,0.4611399601337439,0.35703561385536337,0.37556824040292885,0.0923916489169738,-0.09565522907716417,-0.11826474610894244,0.35908032570044796,-0.11826474610894244,0.44252691828761304,0.33464752005709536,0.638219877995971,0.3345638728903609,-0.0769499434258368,-0.021010548171187735,-0.5420720437224591,-0.24579522043441998,-0.09855511749451493,0.09604190566287676,0.9841345842020919,-0.028871247424229623,0.38940956163292706,0.46388750168507437,0.30424737041217764,0.3744311805078206,0.04577244997790847,-0.04236958013508054,0.16993121327742655,0.14847877327984027,-0.14190211939290717,0.378205080456358,0.15660853004873365,0.6350262580601023,0.4380015815244837,-0.19429154878479035,-0.13739088543006753,-0.5524957501616505,-0.2740613144263105,-0.05524003047354843,0.06238375800871968,0.9935130431008701,0.06451192145111188,0.3573712165494474,0.29732017161779734,0.2763714963901398,0.3894504096052773,0.05575326243188042,-0.10185281128552362
-0.4096541656294936,0.7054167301549502,0.6721028328688916,-0.07346675063433099,-0.3615544158593292,-0.24142526473428697,-0.18333989116625643,0.11048227298226522,0.3864475348689705,0.5648492717795722,-0.5002060652261356,0.20000392731229988,0.2934859993483006,0.0578073368087434,1.0,0.18848249864290037,0.058500762940682384,0.1564633348925318,0.5593667022799101,-0.27640463359274203,0.37834222275124074,0.7812195057821283,0.6027027868860554,0.7812195057821283,-0.1867854915820218,-0.31304143247218735,-0.22727592191278034,-0.25890796726831317,0.2885747136445239,0.4267858596466394,0.5843918596639045,-0.4292042298684755,0.2151516727269432,0.3573928154073665,0.05720461712783414,0.9491711945918417,0.2431231885105784,0.036108981910840825,0.14643036291021402,0.545447796448095,-0.38584817981996145,0.34979612686791256,-0.2829645470023708,0.7017100949332853,0.8277282046463107,-0.15480869112605658,-0.2797766742118418,-0.31346386168479934,0.09417814520023586,0.06788380393343244,0.40037051521179307,0.5460772740934849,-0.5117367239244244,0.1635035182347725,0.3238983400086632,0.049124214767920255,0.9813732807227852,0.16847541013693912,-0.33214728448828484,0.12856517475702933,0.49068840823256515,-0.3461648684364395,0.3254415202657277
0.07225031035980563,0.05123430941714804,-0.11240412254736287,0.5623511891593342,0.11550002689929326,0.5474553200478991,0.3812451371668217,-0.4450173272362911,-0.29027738222980476,-0.4615185003492882,-0.47958293268486507,-0.5354665518578315,0.37744233690024315,0.5254001606208087,0.18848249864290037,1.0,0.1401776660465598,0.45674083053959463,0.2823838499603832,-0.18738892430048384,-0.18533986441404632,-0.14979011511882814,-0.008686318476883462,-0.14979011511882814,0.26971394986813924,0.18372925421108746,0.5898840715631897,0.39699607244625873,-0.49460787377446597,-0.28034024089317616,-0.4751401456996445,-0.6374810399551895,-0.6649073679920321,0.39399084715651256,0.5726950914217271,0.11921110698364622,0.9681541117838834,0.14022348679272217,0.4517383857166539,0.32808348015740835,-0.24524736255266613,-0.20236608393982686,0.044156264818147814,-0.06717477281521039,-0.22080629112462682,0.40845730574844363,0.08741501212597474,0.5234047339859428,0.1461963897067057,-0.6120268523498152,-0.38002897043344674,-0.5093291972437526,-0.6225451516853466,-0.6560148880507449,0.2975334611587843,0.5440398938605246,0.14893303420279622,0.9606170062368912,-0.13509087772538336,0.38908741225593907,0.28851049264571915,-0.24666967963493086,-0.2103676373160132
0.4059753493502913,0.5831464103567773,0.3631591060682141,0.5468542828462717,0.33605676605422335,0.33367970848229817,0.20108554805649612,0.12476433794630858,0.6877646049384387,0.030240739212080238,0.21202750092389855,0.5284205779868895,-0.13178345328731023,0.4611399601337439,0.058500762940682384,0.1401776660465598,1.0,0.5193792318649897,0.4017320719285417,0.4647694347350055,0.3226734519324204,0.4673223998075288,0.5457438718033042,0.4673223998075288,0.6007220079420043,0.3672985448402713,0.21680538240800426,0.2784032440811417,0.14544976203969134,0.6301936336328521,0.04733053281116894,0.1991845944601325,0.47720792293272996,-0.09277075414068717,0.4422089927846929,0.09881049879702797,0.16571626893091732,0.9945817230071924,0.43253223107018435,0.4124031283299902,0.325124577042332,0.2890237144376672,0.09484772918341815,0.31386531385920047,0.2165079403321194,0.43207214164034946,0.2202441132725164,0.3004652218494954,-0.013922485923657633,0.03464609952142762,0.6029762032552808,0.009248565532780709,0.114349146154868,0.3971266222500936,-0.10456762177315371,0.3939859715918747,0.16808998510690723,-0.006228159490567251,0.8686877145248498,0.3663354450214217,0.4451808394623237,0.3143474450854016,0.25427236154656013
0.5936041746701928,0.3893652687613715,0.10114716206689818,0.5185302608369238,0.5719317241947492,0.367488201689273,0.7428290574861328,-0.30261806118085705,0.20273657634554695,0.014924337284735368,-0.29774729669836675,-0.002341167043217901,0.42244091661325145,0.35703561385536337,0.1564633348925318,0.45674083053959463,0.5193792318649897,1.0,0.5348991926528162,0.45812825231457294,0.5439276388260073,0.20663552903565577,0.5580946757891472,0.20663552903565577,0.5882047700082651,0.7205378576785831,0.42670206166008795,0.82038558068777,-0.2050020401479547,0.18528578206417584,0.043126726017302726,-0.40961380468779884,-0.020481238455798613,0.5103495417024684,0.40239068298742425,0.031505893539522364,0.4588886511729622,0.5681313164116109,0.9849983708280331,0.45010327037935377,0.31977889472306575,0.45814351667097936,0.45907156345253,0.3047581747295987,0.036776847683451276,0.5743014557577302,0.6042046246231537,0.40072624730680506,0.5718913897845994,-0.36327428378736454,0.20398093366904638,-0.013511527336851435,-0.39584138369356775,-0.07670504019061522,0.46016701093267814,0.33964624136977,0.24390846804345742,0.29577341293108034,0.30740254165709663,0.968917781348423,0.4327880522802497,0.304483773298443,0.38824324896857715
0.25742841874452327,0.7346288581090721,0.5248948355975206,0.5854604272830009,0.537556051765004,0.48935666821769086,0.3925955581498873,0.21904377109451414,0.22022627825647448,0.351786046578801,-0.02469693401768129,0.43760561583978425,0.7507500174810732,0.37556824040292885,0.5593667022799101,0.2823838499603832,0.4017320719285417,0.5348991926528162,1.0,0.26618731801575235,0.7950014520998115,0.45172284794082507,0.6780443869557776,0.45172284794082507,0.5229383077657499,0.48689007858775724,0.48965923561373037,0.22423441586520843,0.31415475374809154,0.15546389226638846,0.3305827411807175,-0.15001623663956112,0.28592748635390747,0.7626655452375977,0.3301706545818232,0.4077142805662807,0.20516614752356213,0.40969628280918324,0.4941484480268866,0.9716129930200247,0.15101301759050814,0.8106339960851112,0.086496969353697,0.5250459591504347,0.4241119767395893,0.5038027099747666,0.5485524750849937,0.469111339476287,0.4421157686552772,0.13984576904842327,0.18918930538130377,0.33420304786939387,-0.17141317177901547,0.34642143872279185,0.7705442046871336,0.3761095213939786,0.5615338654670706,0.15615279565432397,0.056363109467205394,0.575108198862273,0.9769031894912449,0.23388709759517404,0.8121904038379747
0.5956166367899753,0.13701188073419762,-0.1890785734449838,0.39426235302378315,0.6299838187701774,0.13109355190814523,0.3076971235972216,-0.313813957677412,0.07872265756733825,-0.11280360214973771,0.09574608501265304,0.40139110334443007,0.14610641242074032,0.0923916489169738,-0.27640463359274203,-0.18738892430048384,0.4647694347350055,0.45812825231457294,0.26618731801575235,1.0,0.42939125174720905,0.034923077994871,0.4125410241879655,0.034923077994871,0.6631524580290821,0.6886339897317545,0.09639964559387272,0.606514326823282,-0.23885919541286332,0.04001963315418314,-0.04819704986225251,0.06748975048595345,0.48451056334000014,0.2608752524843061,0.08811509093882874,-0.21282005993971181,-0.21844973844027563,0.4633454428549572,0.40011296806184626,0.2738326201404047,0.9759816241526552,0.36084829350868175,0.4882504525586632,0.16665938713770492,-0.20770769215774118,0.5369134614732507,0.6674747631971166,0.20692774297579575,0.12967274355709515,-0.20517971699049214,0.09866054462399106,-0.08034894574336551,0.10323352410243351,0.5015337637020739,0.248724836699028,0.11389035625334,-0.1833559044464967,-0.4041843103036934,0.5551315441781342,0.47067453441446394,0.28651861200151674,0.9728294641387096,0.36775332066859795
0.2930520885653301,0.5839794739843499,0.4472932811260453,0.244887756932283,0.5710845611336346,0.12267216727371108,0.32904455957442885,0.27746772897470096,0.35371323711559916,0.662020909710386,0.13195410692774598,0.5085972407557091,0.6199328238330429,-0.09565522907716417,0.37834222275124074,-0.18533986441404632,0.3226734519324204,0.5439276388260073,0.7950014520998115,0.42939125174720905,1.0,0.5145451425491709,0.6291815265964064,0.5145451425491709,0.4101130310267588,0.531265631271239,0.16100692955605944,0.24102905284913476,0.4540135164283508,0.30608705818309806,0.6603840570636297,0.10243532035471216,0.5133217138284534,0.6398204989444889,-0.13625622778438756,0.24066676446411991,-0.2003923482416482,0.35376668337671724,0.5244971890181014,0.7051046533580162,0.3166186736772714,0.9765844420927787,0.1854228568590677,0.48184498446277896,0.47533476322984947,0.35301441457607646,0.6477916300439658,0.16586608644883752,0.4319297143784112,0.34316983169762055,0.43232690723619455,0.6684738870790997,0.09999996531383691,0.531307249608232,0.6888824421503597,-0.11062926949940136,0.42903931617222885,-0.27131529372810065,0.14167448853376566,0.6305022005900682,0.7250066467049873,0.3822296239478051,0.9689453031499168
-0.33202214429828725,0.7334892750573458,0.7499393090833617,-0.1418364223750637,-0.26387213771293194,-0.40072459163027063,-0.28782629633674656,0.2118634152401006,0.8157960106594194,0.7524514900504026,-0.14472299986031092,0.48047761196205596,-0.003405336615406212,-0.11826474610894244,0.7812195057821283,-0.14979011511882814,0.4673223998075288,0.20663552903565577,0.45172284794082507,0.034923077994871,0.5145451425491709,1.0,0.6618825471887269,1.0,-0.07716910368075938,-0.2243718945718104,-0.42946793028367586,-0.26079630674932364,0.4139836850626973,0.842213758764802,0.789443332083702,0.014856184765500682,0.5969458768737518,0.04462886580381726,-0.12797759119228724,0.8044259622429555,-0.03286204095145678,0.4449270361479484,0.16947119274757536,0.4261159716534509,-0.108741363140871,0.43844434068938143,-0.3238381186740343,0.6738368750116156,0.9246016773370589,-0.17376683467587764,-0.22163420067929593,-0.4562129258152617,-0.10007119599808885,0.24615183894572013,0.8529762553923012,0.7404179749738562,-0.09699143550176707,0.4731356155419542,0.049878773671668084,-0.17103597431094683,0.8285992284575009,-0.18879153603723436,0.1979353723652141,0.12099907643109994,0.40793697132043966,-0.094395595971381,0.4229889636735121
0.3228690842875932,0.9078266559023831,0.47574852430570175,0.3689909940926613,0.17048398429042302,0.06632239343752276,0.21101588185931663,0.05683182969235472,0.5256428528679803,0.32119036214303026,-0.2836592858277425,0.617013050976894,0.1574125903320222,0.35908032570044796,0.6027027868860554,-0.008686318476883462,0.5457438718033042,0.5580946757891472,0.6780443869557776,0.4125410241879655,0.6291815265964064,0.6618825471887269,1.0,0.6618825471887266,0.4844597834664303,0.3410693075695297,0.033845165819407504,0.3218182201149452,0.21706515028328371,0.5347146474547991,0.38504371317037855,-0.2652667442561776,0.6365088691211446,0.3173088245103375,0.3741675877895562,0.584138026351718,0.02361412522918756,0.5565678054106961,0.528695539158417,0.6646316173200999,0.3017534826264401,0.6052212119864662,0.3577006794232053,0.9113553869555955,0.535944353196349,0.3808226889949122,0.19100726385271832,0.028210584259051534,0.30806238313546785,-0.02551184261335096,0.514569263088856,0.3175610372896508,-0.35506468840489885,0.5683468777885453,0.26308655294121414,0.3291441342919712,0.7032209230898657,-0.19486635112345457,0.2225305369419396,0.4931980921012133,0.6099024313677234,0.28687536273594166,0.540204632437557
-0.33202214429828725,0.7334892750573458,0.7499393090833617,-0.1418364223750637,-0.26387213771293194,-0.40072459163027063,-0.28782629633674656,0.2118634152401006,0.8157960106594194,0.7524514900504026,-0.14472299986031092,0.48047761196205596,-0.003405336615406212,-0.11826474610894244,0.7812195057821283,-0.14979011511882814,0.4673223998075288,0.20663552903565577,0.45172284794082507,0.034923077994871,0.5145451425491709,1.0,0.6618825471887266,1.0,-0.07716910368075938,-0.2243718945718104,-0.42946793028367586,-0.26079630674932364,0.4139836850626973,0.842213758764802,0.789443332083702,0.014856184765500682,0.5969458768737518,0.04462886580381726,-0.12797759119228724,0.8044259622429555,-0.03286204095145678,0.4449270361479484,0.16947119274757536,0.4261159716534509,-0.108741363140871,0.43844434068938143,-0.3238381186740343,0.6738368750116156,0.9246016773370589,-0.17376683467587764,-0.22163420067929593,-0.4562129258152617,-0.10007119599808885,0.24615183894572013,0.8529762553923012,0.7404179749738562,-0.09699143550176707,0.4731356155419542,0.049878773671668084,-0.17103597431094683,0.8285992284575009,-0.18879153603723436,0.1979353723652141,0.12099907643109994,0.40793697132043966,-0.094395595971381,0.4229889636735121
0.7486322786656642,0.40558318317018116,-0.2379631948392715,0.9104594090953362,0.6973853438674295,0.6605982053209585,0.423367245825194,-0.1501897885442693,-0.04965778103762542,-0.32590079094102814,0.025797533236553337,0.31947373939517265,0.26859120077056037,0.44252691828761304,-0.1867854915820218,0.26971394986813924,0.6007220079420043,0.5882047700082651,0.5229383077657499,0.6631524580290821,0.4101130310267588,-0.07716910368075938,0.4844597834664303,-0.07716910368075938,1.0,0.7854352247513386,0.6127723443966391,0.6781514010378029,-0.125853751710042,-0.08294444984958861,-0.2898561602470975,-0.09766757191462724,0.27624542098243454,0.40064337671967404,0.446690795781083,-0.16625971925502397,0.23087184004397082,0.6195878462943801,0.5452720007333641,0.5968551816749909,0.618990702487708,0.4494996432670659,0.7084431435071274,0.3182873856275864,-0.3292034087747842,0.9634535230520497,0.6531463552051224,0.7194192623974671,0.12128607539074439,-0.23278734977409887,-0.08223492495049944,-0.31353074088095156,-0.10807778337918159,0.3139797917037691,0.3287110696107045,0.43734145851290146,-0.08109995998403047,0.10324708442745822,0.4599663623235686,0.5513526066155537,0.5772200635581636,0.6064918808043682,0.43181737226438044
0.7599616224187147,0.12255032603094262,-0.18948703496619296,0.6462693064647799,0.9155159394360171,0.6228621913102625,0.7976535881826012,-0.21038632039500696,-0.10842397936162688,-0.17743151564072218,0.17546522218767224,0.11253642360295339,0.4823526194296104,0.33464752005709536,-0.31304143247218735,0.18372925421108746,0.3672985448402713,0.7205378576785831,0.48689007858775724,0.6886339897317545,0.531265631271239,-0.2243718945718104,0.3410693075695297,-0.2243718945718104,0.7854352247513386,1.0,0.6897738620839672,0.8442626089695385,-0.23069252978180718,-0.15713768375457035,-0.16921301747043505,-0.0026014449864999777,0.04712166026485297,0.5017321791998214,0.36211524468737316,-0.4351284180160061,0.10577414481292302,0.42663961502143766,0.7315972896116566,0.44213562714863713,0.6686932323218397,0.5044791661549023,0.6084849523492982,0.06784716459613979,-0.33557932612992225,0.7352720209453029,0.8884166275792955,0.6753597980187445,0.5671559060084864,-0.25944958169894317,-0.12221662202616014,-0.18920927098390963,0.05648449051381755,0.07975749027157604,0.49579051930303386,0.3402269467260892,-0.25812278629392343,0.01175719370180966,0.3101371733870626,0.7610979485698357,0.44462126956740955,0.6492454428535394,0.5032954187608362
0.5259634109432301,0.07036026993074833,-0.10845602537427884,0.7827005230965726,0.7145853669804041,0.9658845037224046,0.714637752352085,0.01200108214487351,-0.31646981179397593,-0.41795753911520583,0.20717709664952239,-0.10915190707345132,0.5322139297012473,0.638219877995971,-0.22727592191278034,0.5898840715631897,0.21680538240800426,0.42670206166008795,0.48965923561373037,0.09639964559387272,0.16100692955605944,-0.42946793028367586,0.033845165819407504,-0.42946793028367586,0.6127723443966391,0.6897738620839672,1.0,0.5045939125282889,-0.14604579426874217,-0.3901077672463041,-0.47941716792238676,-0.06113567008202787,-0.3781538593003596,0.4531003970237633,0.638185977602006,-0.39749969317872363,0.4497714547418551,0.25986496883882165,0.4384976260655105,0.49095653783288484,0.09687964939723284,0.22690612602761437,0.29565659234477365,-0.14934316160364888,-0.4119902377817903,0.6500286168491554,0.5941831698216872,0.9508207665236439,0.47956445833613304,-0.19215245858438518,-0.43002513698586065,-0.45815651153904363,-0.017802090614254425,-0.28343903247070146,0.4460109777980788,0.6449563300642036,-0.25833427667031206,0.5149245774233272,0.06452617661138144,0.44786293838986896,0.5062184153297693,0.11176895546659965,0.24052763800343935
0.70865524006374,0.024693586917580154,-0.3997158935751146,0.5518735328884476,0.6218789798912632,0.4183918858353516,0.7507487284274619,-0.5876368051951898,-0.20452787816759477,-0.39310550462324545,-0.2798319736181506,-0.19716436619925135,0.27680657678659626,0.3345638728903609,-0.25890796726831317,0.39699607244625873,0.2784032440811417,0.82038558068777,0.22423441586520843,0.606514326823282,0.24102905284913476,-0.26079630674932364,0.3218182201149452,-0.26079630674932364,0.6781514010378029,0.8442626089695385,0.5045939125282889,1.0,-0.5694342875406441,-0.19013183605386372,-0.3391272196337629,-0.411746783953969,-0.16578989775065375,0.39315168667304673,0.41887755889438055,-0.3174879829532496,0.38217523133729137,0.3334960780905209,0.8428534419177411,0.19892349367604753,0.5816385804215948,0.1712360779438014,0.7322113061987996,0.11123522215614115,-0.43718946023345534,0.6856166505023377,0.6426701279265052,0.4800437353196953,0.47713830400126905,-0.6400594265576823,-0.20335508636461314,-0.4053739054970726,-0.35749236255483907,-0.19495663220555776,0.31158218592144316,0.3477794652292623,-0.17861488027795647,0.22105076793400336,0.1999421523657179,0.805216254088394,0.15112026614639928,0.5129673094624773,0.1294603449398577
0.0014728729810909223,0.4782037123350625,0.6403337051389841,-0.1339667882940057,-0.003936890114717554,-0.032002853722577294,-0.19233509841263577,0.9500590666579334,0.47153846745000927,0.6083150966121063,0.4412942700194565,0.6892625290464582,0.038066871350471994,-0.0769499434258368,0.2885747136445239,-0.49460787377446597,0.14544976203969134,-0.2050020401479547,0.31415475374809154,-0.23885919541286332,0.4540135164283508,0.4139836850626973,0.21706515028328371,0.4139836850626973,-0.125853751710042,-0.23069252978180718,-0.14604579426874217,-0.5694342875406441,1.0,0.3779742822842304,0.5394662869266054,0.46963848367216504,0.5449221645868929,-0.028729573470510913,-0.20172909311935872,0.20895290352419943,-0.5347490084180814,0.14123055174651808,-0.2597368613841775,0.23781060654025027,-0.3180086489430117,0.5633080556905319,-0.2446279737450589,0.22840940568649726,0.5287937532140401,-0.2041723402357884,-0.028804289635860413,-0.05430995765736303,0.07675881435821368,0.9520195587733397,0.4806069081179624,0.6255733432862801,0.4102368661496895,0.6006371735538953,0.07903453610251318,-0.12286499999811279,0.3103251906035148,-0.4168230772493168,0.14994480597838344,-0.14432081853318796,0.3223425059945656,-0.21174339769983516,0.5208096091835256
-0.19251791604467205,0.5753486372333991,0.6829291329442129,-0.20253515196954747,-0.24246292779026926,-0.35144208336422383,-0.17863077796830926,0.2816555943167018,0.9804631826573742,0.6041856110198344,0.14369321096761095,0.48482438426357527,-0.37738128667211274,-0.021010548171187735,0.4267858596466394,-0.28034024089317616,0.6301936336328521,0.18528578206417584,0.15546389226638846,0.04001963315418314,0.30608705818309806,0.842213758764802,0.5347146474547991,0.842213758764802,-0.08294444984958861,-0.15713768375457035,-0.3901077672463041,-0.19013183605386372,0.3779742822842304,1.0,0.6338486875538738,0.3059384023635286,0.587530071367188,-0.38339370342524626,-0.007017431807451582,0.4598980963478709,-0.1476742931621638,0.6323140134736949,0.16820960677154606,0.10574364121392878,-0.07857851695677084,0.22350420517539007,-0.2900247041501453,0.48967244488694384,0.7679152658332967,-0.26082784616343974,-0.3004833239512139,-0.43450054218270967,-0.07977244568050333,0.2593873226936949,0.9763778399103645,0.575234811844821,0.1808130847674169,0.4045166509316953,-0.3563122773390059,-0.11207171503483,0.5019001330915774,-0.3160468637544311,0.4821390715947841,0.03793269400442478,0.1054158189835338,-0.12551187791066376,0.1937815781093096
-0.40822056403671525,0.413096519845958,0.6189317803786158,-0.4516383883779324,-0.1496824175366064,-0.5422883558655882,-0.25466660299498045,0.33710950875121887,0.6034381972449137,0.9894157265204333,0.09028224483366587,0.35022783625221543,0.1567112790748423,-0.5420720437224591,0.5843918596639045,-0.4751401456996445,0.04733053281116894,0.043126726017302726,0.3305827411807175,-0.04819704986225251,0.6603840570636297,0.789443332083702,0.38504371317037855,0.789443332083702,-0.2898561602470975,-0.16921301747043505,-0.47941716792238676,-0.3391272196337629,0.5394662869266054,0.6338486875538738,1.0,0.25464552986319916,0.5136578100584704,0.12582700987757822,-0.5552593864390437,0.5314948262316487,-0.3689708147536183,0.05689582085250804,0.06484286840319285,0.2450165629876047,-0.1299900926933441,0.5927357240173551,-0.3285190647064513,0.4464398998329059,0.8544589595500722,-0.3493528535714145,-0.055981889823656227,-0.5506988685272743,0.03373229113326973,0.4689291951616867,0.7280278200368259,0.9894287608491442,0.20234676575601357,0.42609251758708316,0.19482386866825854,-0.5819176191828542,0.595386473411522,-0.42455608071903,-0.08799486939847216,0.07749074766192827,0.24284215518358784,-0.10598448025256246,0.6087865270260342
-0.0828659588437839,-0.16195998253838945,0.2076189084223392,-0.22038704406319667,0.1804173543183126,-0.015035680144863532,-0.18399393446920462,0.582905856170807,0.3746337095857114,0.3124942475554459,0.9539640339470987,0.4106136572893568,-0.2672927629557718,-0.24579522043441998,-0.4292042298684755,-0.6374810399551895,0.1991845944601325,-0.40961380468779884,-0.15001623663956112,0.06748975048595345,0.10243532035471216,0.014856184765500682,-0.2652667442561776,0.014856184765500682,-0.09766757191462724,-0.0026014449864999777,-0.06113567008202787,-0.411746783953969,0.46963848367216504,0.3059384023635286,0.25464552986319916,1.0,0.37906918584468746,-0.4613170905920271,-0.3083839231850476,-0.4255967248874237,-0.6515612017712986,0.20591145341558098,-0.41131676457032423,-0.17977295720275996,0.10948218933085362,0.13004363929394994,-0.3519280088339503,-0.3279681916024296,0.08997438302426734,-0.2616317325800827,0.05112971907810819,-0.037839778628943624,-0.17543413468937755,0.6368724450951633,0.3633271486098378,0.31225858595690237,0.985666524484545,0.3802607672091065,-0.320048155598273,-0.29585305139304197,-0.4422745336519564,-0.5678639616434185,0.43634759207155993,-0.39844524183738306,-0.08640495867414999,0.11863689977321001,0.1993457967753871
