Fp1,Fz,F3,F7,FT9,FC5,FC1,C3,T7,TP9,CP5,CP1,Pz,P3,P7,O1,Oz,P8,TP10,CP6,CP2,C4,T8,FT10,FC6,FC2,F4,F8,Fp2,AF7,AF3,AFz,F1,F5,FT7,FC3,FCz,C1,C5,TP7,CP3,P1,P5,PO7,PO3,POz,PO4,PO8,P6,P2,CPz,CP4,TP8,FC4,FT8,F6,F2,AF4,AF8,O2,P4,C6,C2
1.0,0.43095077463427334,0.23697238137758608,0.567373605591793,-0.0010427578902774395,-0.30959605761341236,-0.5359400400790457,-0.36028271302417203,0.061358771545645674,-0.27596842672771443,0.3164674452607925,0.18666371396826967,-0.011623540187578071,-0.11612666894129454,0.015420761266121623,0.27657202717604024,-0.20942521807198863,-0.21198434544597777,-0.0551546589587134,0.3526470590008905,0.3330055394297787,0.39697193739321146,0.2534956724556492,0.39697193739321146,0.4552571573338554,0.0638489904685803,-0.46109681020754606,-0.45348984427100103,-0.4093502372331062,0.19069690555044871,0.49934204259583204,0.1437351927788859,0.16243022504621685,0.11676366770200973,0.22893529303642715,0.07981671890165282,0.4032434894402518,-0.1560988096625396,-0.21654275977306922,-0.0229921022887896,0.27825413248781644,0.29838560067553693,0.6081070306742702,0.38010339226404155,0.38118125155140786,0.570777649734296,-0.07576774315558533,0.07082336745587903,-0.6827337168570592,-0.30588711483422737,0.081123201782605,0.41130589751408714,0.14536645450757352,0.20083060004202408,0.07452104506657321,0.11099350487436131,0.18898082302864766,0.3022342037547058,0.054292227945133914,-0.30712261581078626,-0.09573213768199336,0.21927302790469352,0.37120243491322863
0.43095077463427334,1.0,0.717435570560299,0.6304201720310214,-0.15713976732237664,-0.6488459048078354,0.1783051481397256,-0.4809846932399319,-0.40009937407426016,-0.5165302881775988,-0.43334832234094545,-0.12876899800926206,0.40730221344135353,0.655805237980683,-0.16727797082132762,0.08464728046281918,-0.08225911602490156,0.14608907412387012,-0.176333924879113,0.21258204762311056,0.18097945918433037,0.5861382405664539,0.924348307884596,0.5861382405664539,0.3380027145168821,-0.1113390156013937,-0.40406651515632613,0.29089162419852954,-0.44167824279849716,-0.1260299877376596,-0.0040839268607456005,-0.26838187156403037,0.0748741176569784,0.515462429447531,0.6935961868808757,-0.010962270426654047,0.20238165753939139,0.054203036249962463,0.1265913818432644,-0.03602952708741491,0.21448965496147895,0.20889217773492766,0.01709803513227593,0.9309925526417525,0.6488436371746931,0.36356241014822516,-0.22308587500075233,-0.5077161889387108,0.06710186012439036,-0.37501194144293704,-0.049094934463175526,-0.0814523507869446,-0.20030223985892692,-0.025205976321663964,0.44456649327284176,0.6094356954338753,0.062164605276404,0.1877570036916727,0.15285667152320345,0.14362599589831837,-0.0194363672579302,0.1762174153927243,0.2553845143562802
0.23697238137758608,0.717435570560299,1.0,0.4004519877486887,-0.4911297983780059,-0.7994331826886173,0.4800159731884962,-0.5053722434895133,-0.07346481242068098,-0.5170573242885473,-0.6676034149617669,-0.03576524162256648,0.26293993991130565,0.24446306637522683,-0.6500741396481569,-0.5656349916638402,-0.49977710715045803,0.3803376977607443,-0.09863974849866086,-0.2507839558523722,0.23493560818133338,0.9115370288310587,0.5325149910819232,0.9115370288310587,0.2155173526584733,-0.5524830280526243,-0.6192400298442237,0.3005748584635273,-0.4530797757647486,0.16089886813544543,-0.41377530891433084,-0.5844733211200437,-0.04410037092716041,0.3336380246574709,0.2702403868340192,-0.5601465613106896,-0.480582924293523,-0.12881706558537584,0.39470426365746536,0.0014855698814981674,-0.254343801633551,0.2611332088333405,-0.3799216146487865,0.6058557347162631,0.9508650761536521,0.2758898964016908,-0.5806398581615608,-0.7887459761591789,0.21428995185904923,-0.3996919583822358,0.02643219547005812,-0.41406064371963686,-0.5754468206788309,0.1435937799186938,0.261847331633736,0.26855606298776247,-0.4592472492154849,-0.45884076628056364,-0.39891946352093444,0.3763879094551416,-0.019194880466781795,-0.25772980518450894,0.25860389263915456
0.567373605591793,0.6304201720310214,0.4004519877486887,1.0,-0.1308176763665523,-0.4954308814546358,0.12749940549878647,-0.2953741961278855,-0.1229780070628232,-0.6969069940281597,-0.24203142741595265,0.05800410628073428,0.2760979340871274,0.1657976139072421,-0.2212269932242627,0.29587892297184626,-0.5426846579854946,0.31695372847030995,0.029091055248009052,-0.12132195872072098,0.20689667311899995,0.27980963925675306,0.4425876685235552,0.27980963925675306,0.8319731342226039,-0.1490157180224863,-0.5456285751321958,0.07774235227749308,-0.4410597227940506,-0.0832457897246097,0.0734851968653395,-0.16816701122588892,0.039596813469297706,0.48538146981789493,0.1665582611937089,-0.15140327917492524,0.34427046036770265,-0.6071265077702852,0.27085752384080797,0.10859488654493621,-0.1542200390869927,0.18060114057241836,-0.08153877915919888,0.5007792898948155,0.2909626529828997,0.8307078232757791,-0.3659278835710607,-0.2670498127487224,-0.11247168111699625,-0.2765258522092978,-0.14830645296251044,-0.17103629479380011,-0.3089703252756688,-0.0217930277164381,0.38484543602738003,-0.00934433368638076,-0.16601900308685208,0.15727163939081873,0.015554737114416734,0.18805493914137547,0.038673864829786284,-0.22974805506768958,0.16947534395818983
-0.0010427578902774395,-0.15713976732237664,-0.4911297983780059,-0.1308176763665523,1.0,0.34112203946799924,-0.6068994497567592,-0.26956902675236677,-0.5896916602862364,-0.22131067643769387,0.386096584250507,0.37633577019399667,-0.5649754673936485,-0.008984342398616476,0.833985255658464,0.30069123652531743,0.5232090559166053,-0.6265156705253804,-0.7682836635992683,0.6407657407308713,-0.010999178470289552,-0.5555802147285969,0.05570996333355325,-0.5555802147285969,-0.14147515511406022,0.9331450233023081,0.3199274914602799,-0.4360611679935321,-0.2939859446190392,-0.7486706261149226,-0.05910645345327274,0.15580239501690588,0.37155939454439135,-0.5125889671623793,0.13665874591576083,0.7246453075867908,0.3064246037919557,0.37687303904405894,-0.6589458810357331,-0.8054856448411365,0.6428796573267659,0.03826310135027501,0.329810970547891,0.10354175389770406,-0.5199774608431765,-0.18318172447456074,0.9380985979230784,0.3590406470712398,-0.47692054374479986,-0.3118186474355848,-0.7556169142241925,-0.08487045356872852,0.20199875856595173,0.21301415254246522,-0.6008246728152509,0.025552094161786013,0.6445595528338508,0.2849291734485414,0.42325197897159095,-0.6357816276007555,-0.7475128959456213,0.5940230188645005,0.0534735602688157
-0.30959605761341236,-0.6488459048078354,-0.7994331826886173,-0.4954308814546358,0.34112203946799924,1.0,-0.4155814509991474,0.6926261769699286,-0.19083537831630967,0.4482617310676773,0.3756369304697178,-0.35758316412754176,0.060071682515983535,-0.31621577143273194,0.3689202383566798,0.3002927919355292,0.4121712771151218,-0.02860089912079034,0.19374301164701538,0.34858959546966395,-0.3154018604649744,-0.7957378912413179,-0.5106555474603997,-0.7957378912413179,-0.38213986358171165,0.4897126742949759,0.8798052521031782,-0.1606586998560091,0.6709517215038123,-0.2605042013917467,0.16674283896997022,0.5202084014016165,-0.2631338608723296,-0.057912787430587656,-0.1922112454253362,0.3081334655133623,0.25978797439369555,0.31248340588374823,-0.007371694905405525,0.12860398936706108,0.3496053941796934,-0.3869677715118037,0.19147447490650754,-0.5719681522655956,-0.7863923791458518,-0.3084253668396991,0.446503818599292,0.9182542256214681,-0.06202736698542764,0.6418613829670469,-0.061957609000869066,0.3214727306446534,0.4932609888262367,-0.32367703316739027,0.021260159442428747,-0.011532509322148637,0.2589913776227012,0.44945857936432515,0.25290694999527263,0.05955636488281864,0.16238861838625143,0.38364450154023516,-0.25825897378456314
-0.5359400400790457,0.1783051481397256,0.4800159731884962,0.12749940549878647,-0.6068994497567592,-0.4155814509991474,1.0,0.13345818698647038,0.1926255108404937,-0.0962582903336198,-0.6082742060399944,-0.19715539614337224,0.3409952374765093,0.33522421636403343,-0.5480137632979265,-0.34808623742261363,-0.4396039957278251,0.6449487080653038,0.254037575317203,-0.6950926232913754,0.0875011049758922,0.33900939086864484,0.14316140060356025,0.33900939086864484,0.21948885659980608,-0.6486530890787903,-0.1986585124492028,0.8168264955137119,0.12685314690154295,0.2872284499984134,-0.4159602582480524,-0.2894075827646649,-0.16863820259239617,0.33544288052231674,-0.07810936786689457,-0.48510787189121923,-0.4221274757485758,-0.294573070793268,0.6168206065845854,0.3083090000699545,-0.6579938778512331,0.0908923169110958,-0.7268461601276232,0.05102930897444051,0.32950862882836257,0.10110076720062952,-0.6135314596135137,-0.6227416716476094,0.8830950641970208,0.11578983899697871,0.21685635869434505,-0.4680383424593437,-0.39949859450551506,-0.11796535109115666,0.34571605778956166,-0.02298910090274887,-0.5106179870904279,-0.4204954242364596,-0.38892354730933254,0.6338197670853053,0.2738978561087873,-0.5935978166644829,0.00019904639252121503
-0.36028271302417203,-0.4809846932399319,-0.5053722434895133,-0.2953741961278855,-0.26956902675236677,0.6926261769699286,0.13345818698647038,1.0,0.21700231031475528,0.4914775014287643,0.2647760607982377,-0.4336628933259361,0.27215330361029555,-0.07648641274474605,-0.061714248450210965,0.21044003367897793,0.06314694969344122,0.30046167295727244,0.5799390207995895,-0.02907007637764429,0.046137144878137006,-0.5246574058860854,-0.36940746353370985,-0.5246574058860854,0.010922963987201542,-0.09041797675462143,0.7196482254868626,0.39833092351814925,0.9682439704723567,0.2544853705142044,0.3316177346615105,0.5665820107564982,-0.16675346540068692,0.14694961337073326,-0.08722095115074481,-0.013285456645827866,0.19035655174846225,-0.04045629502435309,0.3239009049986107,0.6120675556595131,0.0007293460703721117,-0.04804509856255335,0.016055878302470697,-0.47938130142734664,-0.5230940498660599,0.04712058031831355,-0.10609096904558467,0.6031529391792314,0.4673578701518872,0.974371329778183,0.4996094010012028,0.42979655404378314,0.4845538087756929,-0.24047891534870866,0.3263559571268309,0.09208406625172857,-0.018120293877393872,0.36630591297742776,0.07216658095102949,0.41920110377049313,0.614986822290863,0.07044211656600062,0.03230977740207985
0.061358771545645674,-0.40009937407426016,-0.07346481242068098,-0.1229780070628232,-0.5896916602862364,-0.19083537831630967,0.1926255108404937,0.21700231031475528,1.0,0.4633950996990259,0.2861198139904385,0.2908654070477716,-0.14064510270215383,-0.2826193164203592,-0.3472091743518325,-0.10847582028480399,-0.2693982978063524,-0.045842921756639905,0.550236903298876,-0.6014494058433163,0.10967172779759318,0.17785212387360827,-0.5110398204340525,0.17785212387360827,0.11563091303453273,-0.6520127484064547,-0.3748174554192453,-0.06357958003982617,0.18347067894467553,0.8538912259838184,0.3657156609378955,0.07082123483117647,0.11043676896489267,-0.1940154500871357,-0.41111331530739137,-0.36887218312202347,-0.16627776801796457,-0.46458221820740075,-0.02850786853337616,0.4818448307768468,-0.6031435646301091,0.09403460350727746,0.08013272103338823,-0.5156224287906152,0.08721868272908372,0.08976398587950629,-0.5126652353795594,-0.1464153853163585,0.04352952235380057,0.14770956626353698,0.7260225133075275,0.326507971925145,0.035265296255542034,0.2444259749766777,-0.06642742229608,-0.4684129716455359,-0.3409950940177488,-0.3069116746855174,-0.2105388222849235,-0.09757453328158484,0.40978530005325103,-0.5796297441883912,-0.0269626963524983
-0.27596842672771443,-0.5165302881775988,-0.5170573242885473,-0.6969069940281597,-0.22131067643769387,0.4482617310676773,-0.0962582903336198,0.4914775014287643,0.4633950996990259,1.0,0.44438917014063345,-0.3086708391433855,0.10601817969430394,-0.05927768682360214,0.1979881992260593,0.23236819694813102,0.4403128273250637,-0.14426589092080871,0.4904899618850011,-0.005086813653934948,-0.22216072645655516,-0.24812233861393518,-0.4255069784898452,-0.24812233861393518,-0.5337670769302987,-0.050387569932154326,0.41122476297505434,0.026597432740085036,0.5972761778125063,0.5211822428198385,0.4953167863797835,0.5372311869501135,-0.26022703911054323,-0.07906717347956334,-0.2095922467770791,0.22656893208988954,0.15452066306554207,0.3976866966625865,-0.13601793508396642,0.39822193601523037,-0.017131704630404757,-0.2500298257974074,0.3512007887521615,-0.5661722443759959,-0.33601658949242375,-0.5919859338481885,0.06981038894454497,0.4033640685907166,0.12322030285175677,0.4469058571366463,0.6116702350231464,0.6225976603260313,0.6329618383743579,-0.31719084708830214,0.05480622695228216,-0.046029435410386,0.2553896345463516,0.22515532718964013,0.028141903144888732,-0.11844560099582545,0.38957521696891717,0.07255916387323474,-0.2374535519736191
0.3164674452607925,-0.43334832234094545,-0.6676034149617669,-0.24203142741595265,0.386096584250507,0.3756369304697178,-0.6082742060399944,0.2647760607982377,0.2861198139904385,0.44438917014063345,1.0,0.3468138323714621,-0.5231726001990167,-0.1556032290439907,0.6692330230630583,0.5211579162918647,0.3688675105842871,-0.6533138425670723,-0.12131955313429527,0.47597715439034505,0.41016311021474716,-0.4146143049557373,-0.26723042557617716,-0.4146143049557373,0.10211210206639211,0.478714195826301,0.2740370249724877,-0.324219153372664,0.24092103760272365,0.24905278944808432,0.7666095042620454,0.775440288022615,0.44251352619897283,-0.5435459370614217,0.008390311987176739,0.659856751365465,0.5432296965521867,0.18095451748562802,-0.6780411125811812,-0.15690725586732657,0.44463957678478017,0.38488287734165505,0.8368831845026365,-0.26104606670863,-0.47668181207452465,0.05955234018680299,0.5388215236933901,0.573867742389142,-0.41187480038236096,0.20639662867423006,0.21330129303410336,0.7382751224491885,0.7971165397058645,0.30769490227565227,-0.45188771033617003,-0.05705216932150197,0.690649297742786,0.4937041453820059,0.257717087033483,-0.6847670024437649,-0.19550098305603278,0.463188256391476,0.397402890312818
0.18666371396826967,-0.12876899800926206,-0.03576524162256648,0.05800410628073428,0.37633577019399667,-0.35758316412754176,-0.19715539614337224,-0.4336628933259361,0.2908654070477716,-0.3086708391433855,0.3468138323714621,1.0,-0.8215095910541024,-0.05268743676337279,0.2533481586429411,-0.14500659834308322,0.06115289465687854,-0.6912489710520229,-0.5492538598291985,-0.021177607920733203,0.34533480342544975,0.013820870096444268,-0.05838525595824587,0.013820870096444268,0.22212618738256423,0.10350834876644407,-0.43343296894512884,-0.39144062523912765,-0.508122456023788,-0.01336020345450782,-0.002394394462999094,-0.2166768335554119,0.8329696699151855,-0.7470795988044504,0.03999367674026864,0.12814873863649112,-0.12395083050295094,-0.24991457945216328,-0.6976328919560267,-0.5732853202536604,0.015909849315293274,0.4252109390457281,0.2014245902261029,0.06637093568094496,0.027354463793289915,0.2017002505670459,0.27557435921181483,-0.30216418025291464,-0.3738583253503894,-0.5092441222430216,-0.2038617605281385,-0.09833634491227433,-0.2005145918471987,0.883179492321345,-0.7386675521470615,-0.24909206886163113,0.1021738279892975,-0.30215686226756805,0.2294987598417453,-0.7217619631082338,-0.5624573065225835,-0.049795460005439884,0.28783929856625834
-0.011623540187578071,0.40730221344135353,0.26293993991130565,0.2760979340871274,-0.5649754673936485,0.060071682515983535,0.3409952374765093,0.27215330361029555,-0.14064510270215383,0.10601817969430394,-0.5231726001990167,-0.8215095910541024,1.0,0.28327175093320717,-0.43981378837525614,0.19488236516192767,-0.1290102786217699,0.733517945457436,0.6463006782602677,-0.15629189524936687,-0.41644139691308163,0.19705325841845117,0.2422381283025218,0.19705325841845117,-0.004947591374712458,-0.3521255307689009,0.10753594743975653,0.4123213472583656,0.27712639527212035,0.12035501506845493,0.02666670468419498,0.0035419780691990513,-0.7119217628774571,0.9712794913996885,0.14736661864994713,-0.3068272034109706,0.18372416786988915,0.01682278028837829,0.7303085354812435,0.6734028474568217,-0.17594248554421066,-0.4943041883342445,-0.2385547307530573,0.12548751057521962,0.20574530347961445,0.07028885381901967,-0.5390723738944827,0.06735488576770021,0.37194909171569407,0.3020698502949432,0.2935741276320329,0.08014445841383228,-0.03933186033254712,-0.7216173904146699,0.9786274038648356,0.32761782270643136,-0.27949907724848033,0.3051423471048616,0.006365584642055326,0.7372098867135304,0.647759611556854,-0.14152931978391717,-0.36564681103628555
-0.11612666894129454,0.655805237980683,0.24446306637522683,0.1657976139072421,-0.008984342398616476,-0.31621577143273194,0.33522421636403343,-0.07648641274474605,-0.2826193164203592,-0.05927768682360214,-0.1556032290439907,-0.05268743676337279,0.28327175093320717,1.0,0.22418109871664116,0.3079667176659994,0.4443453503058295,-0.09655267949666933,-0.17445571042733568,0.259728442268654,0.14608263897135787,0.12272687319946605,0.82834395307301,0.12272687319946605,0.10422581964238356,0.06036084587578882,0.06681986418520248,0.5992803053908169,-0.02073606302624287,-0.07905774435831418,0.16268865567200766,0.072836234607157,0.3090276253010692,0.2797256517837259,0.8185560957740078,0.3684631103140759,0.3580504275991868,0.3389610966155585,-0.13977510760956197,-0.05586753703734046,0.32138453888786506,0.19000545837369456,0.10931728463810579,0.702570875175218,0.18409723611642334,0.03323365207032311,0.0959212614899779,-0.32632294117824107,0.45810628468819076,-0.06748416798119534,0.12075966090915805,0.13937275280815484,0.1758838837199262,0.0521878926855677,0.3283877003298667,0.7478413147308403,0.38889811418553544,0.4076925146648785,0.5250391675448332,-0.029318856683015673,0.00353159449671332,0.339713365722371,0.207701590999749
0.015420761266121623,-0.16727797082132762,-0.6500741396481569,-0.2212269932242627,0.833985255658464,0.3689202383566798,-0.5480137632979265,-0.061714248450210965,-0.3472091743518325,0.1979881992260593,0.6692330230630583,0.2533481586429411,-0.43981378837525614,0.22418109871664116,1.0,0.6341590699497489,0.699861496638611,-0.6837534774210335,-0.5439999040318887,0.6803964195310627,0.09617562306805615,-0.5740786310219279,0.10192380991284787,-0.5740786310219279,-0.11257307449385877,0.8946033468993568,0.40715135377514267,-0.22781651725559313,-0.05772592257217773,-0.3839244477829501,0.38160565392497975,0.5628889054822148,0.3650501056581174,-0.4297021299459541,0.23003768311446687,0.9703887431941554,0.6188107222225433,0.5183431647410569,-0.747715512687797,-0.5846138164874571,0.6686408243227954,0.1255656543687988,0.6250024968015425,0.055566846361572955,-0.59272715866057,-0.23289478922272772,0.9238792500370919,0.4537889713899647,-0.3248561431330902,-0.13188957725890374,-0.36648915991787984,0.3356593111653515,0.6311420744426764,0.09103438216066867,-0.45197822615711364,0.1443138237404071,0.9197408577034507,0.5819603700122744,0.5057386833456027,-0.7227875124463923,-0.5624180454231149,0.6699962449710665,0.1415855794794139
0.27657202717604024,0.08464728046281918,-0.5656349916638402,0.29587892297184626,0.30069123652531743,0.3002927919355292,-0.34808623742261363,0.21044003367897793,-0.10847582028480399,0.23236819694813102,0.5211579162918647,-0.14500659834308322,0.19488236516192767,0.3079667176659994,0.6341590699497489,1.0,0.36834407883955955,-0.19063455364818105,0.12855360195381182,0.3971869248740753,-0.033873666356600454,-0.4840274735460752,0.17279318800191215,-0.4840274735460752,0.29383491381689114,0.4882617420711973,0.24754258994703718,-0.02211720054408675,0.1356052214375411,-0.0654800395364168,0.7193845360482262,0.6742075298746774,0.008269562656170544,0.24821168661496976,0.2103006343252486,0.7064891036485165,0.9759571424925018,0.07908909422497354,-0.2662027596996478,0.11450906408766404,0.36101418559694676,-0.07724878086536624,0.5845468053795305,0.0646074929736549,-0.5301980632114839,0.1971626837111986,0.3534937867291146,0.5226006610382585,-0.18610914124555983,0.14216950905375325,0.05937762246065447,0.5707660080715043,0.6485546265915588,-0.32247279227996484,0.2570646366224095,0.1326593494028204,0.6594783675587024,0.8682148692328218,0.5262910051024315,-0.2880542156006093,0.07647690024070836,0.3517930763366637,-0.031041862646328966
-0.20942521807198863,-0.08225911602490156,-0.49977710715045803,-0.5426846579854946,0.5232090559166053,0.4121712771151218,-0.4396039957278251,0.06314694969344122,-0.2693982978063524,0.4403128273250637,0.3688675105842871,0.06115289465687854,-0.1290102786217699,0.4443453503058295,0.699861496638611,0.36834407883955955,1.0,-0.6559376466341243,-0.2617206808906878,0.6227697529977776,-0.2652369946980999,-0.4604016159726156,0.18546711550747177,-0.4604016159726156,-0.5923271071992317,0.5840994326879689,0.5406114235481299,-0.14951234490046925,0.16234697974420526,-0.2976219067221344,0.29053051505093686,0.2937365226555268,0.2677373298153017,-0.25237625822792525,0.48764618951119815,0.6914364774728978,0.3823921651530961,0.7386713862061552,-0.6512166870865713,-0.28763072687018076,0.6755003201036825,-0.21590113578364484,0.5061128648689089,0.09103975652004391,-0.4143821005183673,-0.5851588344050513,0.7127393815956401,0.363678627953569,-0.13811671846267684,0.028312237237666092,-0.03853381743183165,0.4320516231528899,0.5051721995978299,0.05189642927050764,-0.16802481244487238,0.4804614770861457,0.6808778740173576,0.5000557135479493,0.75480638476778,-0.5348031441259232,-0.17109420954631538,0.6810462667618499,-0.15567222132101663
-0.21198434544597777,0.14608907412387012,0.3803376977607443,0.31695372847030995,-0.6265156705253804,-0.02860089912079034,0.6449487080653038,0.30046167295727244,-0.045842921756639905,-0.14426589092080871,-0.6533138425670723,-0.6912489710520229,0.733517945457436,-0.09655267949666933,-0.6837534774210335,-0.19063455364818105,-0.6559376466341243,1.0,0.5425886361496669,-0.5266568445308761,-0.16679331538770523,0.24955503842443783,-0.05698759784420643,0.24955503842443783,0.22906791040499158,-0.5192055405628365,-0.01947801192275131,0.532619237200811,0.25211013547224,0.1401132410031682,-0.36091898722992777,-0.1540000489319279,-0.7229482836715212,0.7537599057043491,-0.29413731236999624,-0.6126752325806011,-0.24428225518252702,-0.3371915611983818,0.9906983026718391,0.5688140861549441,-0.5584824531247925,-0.2509973104922269,-0.6651747141801674,-0.10995534208383764,0.2329209786354681,0.24225932982921014,-0.7026978420108959,-0.11940278118002752,0.5592169092151774,0.3251926628341766,0.10425979090134395,-0.3706244551368869,-0.33922732681441387,-0.5971407316348674,0.7070319620349066,-0.09767919439006494,-0.620140026977769,-0.16831364432657933,-0.534667718602864,0.9555572881017231,0.49318480405073817,-0.5084773864608004,-0.20015044644564498
-0.0551546589587134,-0.176333924879113,-0.09863974849866086,0.029091055248009052,-0.7682836635992683,0.19374301164701538,0.254037575317203,0.5799390207995895,0.550236903298876,0.4904899618850011,-0.12131955313429527,-0.5492538598291985,0.6463006782602677,-0.17445571042733568,-0.5439999040318887,0.12855360195381182,-0.2617206808906878,0.5425886361496669,1.0,-0.5012724969892061,-0.3479756105043064,-0.013438410486259803,-0.35186995707999025,-0.013438410486259803,-0.0008455681073158235,-0.6332810015597947,0.04502295819655672,0.1777962397686086,0.5627451089020186,0.5655382409091104,0.31183863245236815,0.122185903488162,-0.5577178974484913,0.5623511865975889,-0.3131835802118011,-0.4778659845587036,0.07346882433454947,-0.369866365847499,0.5770457435817873,0.9731178577637449,-0.5092888764935775,-0.4283206283116555,-0.1478458163031277,-0.4496613113811328,-0.06363981219884092,0.045052451211196054,-0.6952421881826519,0.19735556436399013,0.26794476185800775,0.5778708978034112,0.7325250746394332,0.33262551243623034,0.07102039176844828,-0.524327033991507,0.674674273303006,-0.18488391240806426,-0.46918644866243586,0.07723212503685177,-0.13041805539505308,0.5517163992744283,0.9354455465768822,-0.4822505175432487,-0.41209435149586726
0.3526470590008905,0.21258204762311056,-0.2507839558523722,-0.12132195872072098,0.6407657407308713,0.34858959546966395,-0.6950926232913754,-0.02907007637764429,-0.6014494058433163,-0.005086813653934948,0.47597715439034505,-0.021177607920733203,-0.15629189524936687,0.259728442268654,0.6803964195310627,0.3971869248740753,0.6227697529977776,-0.5266568445308761,-0.5012724969892061,1.0,0.2316176048259571,-0.23966103894898028,0.40877243087901555,-0.23966103894898028,-0.13572324217490694,0.7960343523287876,0.48485367474784774,-0.21174997774604074,0.03361972474927582,-0.4119535867272776,0.37096698990723437,0.47376174620538625,0.2894795397310926,-0.1632492795731996,0.620056372679165,0.7369480775429579,0.5272078061728821,0.681620227321768,-0.5297298200515431,-0.4377567299365579,0.989435858154806,0.22855765990134067,0.7117663436440349,0.42799083271220717,-0.17957459041701346,-0.05520853249103477,0.7483200004804519,0.4989920084980339,-0.3996885620470165,0.028032567784944243,-0.2542271462914387,0.46690886948964333,0.6029763089871386,0.11332702988480065,-0.15533381995220588,0.6386361863317584,0.806687425371301,0.6839614627685663,0.4869879764310053,-0.4432097654388225,-0.37989751869648586,0.9826210557930359,0.3912410066647469
0.3330055394297787,0.18097945918433037,0.23493560818133338,0.20689667311899995,-0.010999178470289552,-0.3154018604649744,0.0875011049758922,0.046137144878137006,0.10967172779759318,-0.22216072645655516,0.41016311021474716,0.34533480342544975,-0.41644139691308163,0.14608263897135787,0.09617562306805615,-0.033873666356600454,-0.2652369946980999,-0.16679331538770523,-0.3479756105043064,0.2316176048259571,1.0,0.2751011791520093,0.2859111562609339,0.2751011791520093,0.6113050346625581,0.02089754892588253,-0.11263887391962349,0.32338607832569416,0.03191460257558484,0.3129897788899685,0.2965212958451916,0.3702249737039257,0.5930297580484049,-0.34270667601646954,0.29752533482247795,0.1913668061734931,0.0766877531685129,-0.0726428340778016,-0.195576302989056,-0.21324519374510667,0.21953580637054199,0.9882222981756191,0.3150879694863514,0.3527421137923004,0.26884939494493776,0.5610832354497995,0.047163465769804215,-0.1717866334706401,0.1281855486468328,0.09252560694250878,0.16177890148897098,0.21417179239366793,0.31192472037241536,0.5642389097075595,-0.30141475485917746,0.23182909658504844,0.2926518479139734,0.07358704656549366,-0.2262629835798421,-0.17192762495429237,-0.2742786684089595,0.2561303352932231,0.9785011899504029
0.39697193739321146,0.5861382405664539,0.9115370288310587,0.27980963925675306,-0.5555802147285969,-0.7957378912413179,0.33900939086864484,-0.5246574058860854,0.17785212387360827,-0.24812233861393518,-0.4146143049557373,0.013820870096444268,0.19705325841845117,0.12272687319946605,-0.5740786310219279,-0.4840274735460752,-0.4604016159726156,0.24955503842443783,-0.013438410486259803,-0.23966103894898028,0.2751011791520093,1.0,0.3688650542734498,1.0,0.15195532192412972,-0.57286802032445,-0.6996338732836918,0.14804148252132535,-0.4589054690239536,0.4494074504357615,-0.17408705559836582,-0.39151653927080676,-0.07293464223841746,0.24720086313049094,0.15139674167131492,-0.48309297396815887,-0.41385416170645306,-0.04714846859658306,0.2541187562212242,0.034042180764732005,-0.27881701061394826,0.28709912352414907,-0.12105789936233576,0.44233964406384285,0.9845577049629266,0.20339700786499873,-0.5759384110906979,-0.7035673882916678,0.04925193767354353,-0.4455130778638839,0.20804888466424318,-0.1623913948827491,-0.37147651618653976,0.15985370940570884,0.19094806952556376,0.16548764973039368,-0.3452668197851985,-0.4197213780236961,-0.47299123150865086,0.19064506934112527,-0.033990417369186884,-0.257758132950084,0.28640330399868713
0.2534956724556492,0.924348307884596,0.5325149910819232,0.4425876685235552,0.05570996333355325,-0.5106555474603997,0.14316140060356025,-0.36940746353370985,-0.5110398204340525,-0.4255069784898452,-0.26723042557617716,-0.05838525595824587,0.2422381283025218,0.82834395307301,0.10192380991284787,0.17279318800191215,0.18546711550747177,-0.05698759784420643,-0.35186995707999025,0.40877243087901555,0.2859111562609339,0.3688650542734498,1.0,0.3688650542734497,0.2581816584069127,0.1102258334727761,-0.15485114382141718,0.3983966925302515,-0.30317931987232677,-0.24342480027160612,0.05800116025929176,-0.10751473052910204,0.2807482781688587,0.3182155501930779,0.8543483012390531,0.26182666236100316,0.2967009167193847,0.25387370034463475,-0.08265410097783363,-0.1875142350913951,0.438946937335062,0.333565031141495,0.12085902408724636,0.9726845483250601,0.44961274964975184,0.24082468293008125,0.058069666974185044,-0.420660036571001,0.17087105391484922,-0.26967533683751505,-0.08749748597599787,-0.0002900840958648435,0.0026937510667317077,0.0739834296635153,0.2825785871419644,0.7623622844791447,0.32156841943960374,0.32148383723443363,0.3270085339734658,-0.0069795552019619915,-0.1317651693659864,0.4139418782934651,0.3760633746483423
0.39697193739321146,0.5861382405664539,0.9115370288310587,0.27980963925675306,-0.5555802147285969,-0.7957378912413179,0.33900939086864484,-0.5246574058860854,0.17785212387360827,-0.24812233861393518,-0.4146143049557373,0.013820870096444268,0.19705325841845117,0.12272687319946605,-0.5740786310219279,-0.4840274735460752,-0.4604016159726156,0.24955503842443783,-0.013438410486259803,-0.23966103894898028,0.2751011791520093,1.0,0.3688650542734497,1.0,0.15195532192412972,-0.57286802032445,-0.6996338732836918,0.14804148252132535,-0.4589054690239536,0.4494074504357615,-0.17408705559836582,-0.39151653927080676,-0.07293464223841746,0.24720086313049094,0.15139674167131492,-0.48309297396815887,-0.41385416170645306,-0.04714846859658306,0.2541187562212242,0.034042180764732005,-0.27881701061394826,0.28709912352414907,-0.12105789936233576,0.44233964406384285,0.9845577049629266,0.20339700786499873,-0.5759384110906979,-0.7035673882916678,0.04925193767354353,-0.4455130778638839,0.20804888466424318,-0.1623913948827491,-0.37147651618653976,0.15985370940570884,0.19094806952556376,0.16548764973039368,-0.3452668197851985,-0.4197213780236961,-0.47299123150865086,0.19064506934112527,-0.033990417369186884,-0.257758132950084,0.28640330399868713
0.4552571573338554,0.3380027145168821,0.2155173526584733,0.8319731342226039,-0.14147515511406022,-0.38213986358171165,0.21948885659980608,0.010922963987201542,0.11563091303453273,-0.5337670769302987,0.10211210206639211,0.22212618738256423,-0.004947591374712458,0.10422581964238356,-0.11257307449385877,0.29383491381689114,-0.5923271071992317,0.22906791040499158,-0.0008455681073158235,-0.13572324217490694,0.6113050346625581,0.15195532192412972,0.2581816584069127,0.15195532192412972,1.0,-0.14329349696383606,-0.38228419004458475,0.26766013517334525,-0.15562773719528547,0.16460057975510708,0.2474963498316754,0.161732817809848,0.29378899456438645,0.18066228216125418,0.09170832913283589,-0.038952646596707406,0.33771992875431395,-0.6480469059487104,0.16993676093294452,0.09771442554476176,-0.1631302193224207,0.5658874779369577,0.030248440135264093,0.3087385671065605,0.13643638606378633,0.9447799206994552,-0.292327080714808,-0.16754301049262874,0.07609037870688559,-0.001711430781935849,0.03246660959446274,-0.004914764012073116,-0.036854031822259534,0.22370788793388652,0.15218800611856764,-0.0726869974362182,-0.03922381043349747,0.16881948563698215,-0.1018553521541543,0.11032536742810096,-0.005092733959526953,-0.19186858923914585,0.5292085422557663
0.0638489904685803,-0.1113390156013937,-0.5524830280526243,-0.1490157180224863,0.9331450233023081,0.4897126742949759,-0.6486530890787903,-0.09041797675462143,-0.6520127484064547,-0.050387569932154326,0.478714195826301,0.10350834876644407,-0.3521255307689009,0.06036084587578882,0.8946033468993568,0.4882617420711973,0.5840994326879689,-0.5192055405628365,-0.6332810015597947,0.7960343523287876,0.02089754892588253,-0.57286802032445,0.1102258334727761,-0.57286802032445,-0.14329349696383606,1.0,0.5033547417821723,-0.3182525102717445,-0.09643801156310698,-0.6599749074489639,0.13869610171576635,0.42856327308184916,0.2048563809883203,-0.32091077900983817,0.21691649244835537,0.8468650510704595,0.5050854788295808,0.5405628554484992,-0.5628511765395691,-0.6579909459856255,0.7744231317142466,0.03209621586851395,0.48617777582910954,0.11529065936432215,-0.5525767034761748,-0.17920094209781023,0.9467495588370619,0.5572851987894515,-0.41822146921922165,-0.11980823401757247,-0.6264268204487439,0.14168310889439586,0.4696229230240023,0.0019830716532477245,-0.3921522725749663,0.19152596395411373,0.7998264194843937,0.5483689465876577,0.41995908177611396,-0.5308025336433246,-0.6224526873936551,0.7589653719382294,0.11484438041733763
-0.46109681020754606,-0.40406651515632613,-0.6192400298442237,-0.5456285751321958,0.3199274914602799,0.8798052521031782,-0.1986585124492028,0.7196482254868626,-0.3748174554192453,0.41122476297505434,0.2740370249724877,-0.43343296894512884,0.10753594743975653,0.06681986418520248,0.40715135377514267,0.24754258994703718,0.5406114235481299,-0.01947801192275131,0.04502295819655672,0.48485367474784774,-0.11263887391962349,-0.6996338732836918,-0.15485114382141718,-0.6996338732836918,-0.38228419004458475,0.5033547417821723,1.0,0.2079029510488914,0.7599046551038579,-0.30320962721616335,0.12567701005623091,0.5474637842738649,-0.12219155561471433,-0.03161210271012203,0.15053147514963716,0.41905924970042024,0.246730177493703,0.5280214572820713,-0.0036116224238693477,0.06259987390030639,0.517653850888619,-0.16212059246334087,0.152472535715671,-0.25918230714449336,-0.6547769386120422,-0.3442092250912597,0.4982583523094496,0.7381006487096101,0.25347246725351164,0.7117192859849562,-0.018966536331368928,0.3061200546889969,0.5721128730436891,-0.2693063673391029,0.07195226110696962,0.3543218140237524,0.39850029518875674,0.5138608377395492,0.3054824726760897,0.13680793724629683,0.13329069551429507,0.5787982837568421,-0.02269438983536015
-0.45348984427100103,0.29089162419852954,0.3005748584635273,0.07774235227749308,-0.4360611679935321,-0.1606586998560091,0.8168264955137119,0.39833092351814925,-0.06357958003982617,0.026597432740085036,-0.324219153372664,-0.39144062523912765,0.4123213472583656,0.5992803053908169,-0.22781651725559313,-0.02211720054408675,-0.14951234490046925,0.532619237200811,0.1777962397686086,-0.21174997774604074,0.32338607832569416,0.14804148252132535,0.3983966925302515,0.14804148252132535,0.26766013517334525,-0.3182525102717445,0.2079029510488914,1.0,0.42435323556537485,0.21065930659425613,-0.08078170745314207,0.16060198363074307,-0.06318384376382319,0.3831794587536396,0.297332725650167,-0.07649975103141865,-0.03197529888526639,0.03235707044665407,0.4933927633784628,0.3042190044182451,-0.17350620820500398,0.2996814988193391,-0.3707041166260758,0.25888015245171664,0.16187522783669886,0.1552264542304134,-0.32465795673699555,-0.30167285856542025,0.9450377890260715,0.4155579833054114,0.2933729074173348,-0.09595666777623467,0.08854484403252734,-0.17643372996093648,0.44404298570541756,0.4079488106000562,-0.06007335364962647,0.0812609922362405,-0.15781444651394128,0.5836616002898182,0.28946235086626304,-0.08166409100362806,0.3035472278927989
-0.4093502372331062,-0.44167824279849716,-0.4530797757647486,-0.4410597227940506,-0.2939859446190392,0.6709517215038123,0.12685314690154295,0.9682439704723567,0.18347067894467553,0.5972761778125063,0.24092103760272365,-0.508122456023788,0.27712639527212035,-0.02073606302624287,-0.05772592257217773,0.1356052214375411,0.16234697974420526,0.25211013547224,0.5627451089020186,0.03361972474927582,0.03191460257558484,-0.4589054690239536,-0.30317931987232677,-0.4589054690239536,-0.15562773719528547,-0.09643801156310698,0.7599046551038579,0.42435323556537485,1.0,0.2720931651733315,0.3255862762279137,0.5492355928691104,-0.19410429569070128,0.11711586506893612,-0.02433444988318489,0.011265257690278817,0.1279918143602783,0.1213629346946333,0.2884265740710352,0.6060137314661618,0.06865295392115729,-0.045670842998030405,0.03915402364946874,-0.4266227843145804,-0.4546506851087247,-0.1266444178572985,-0.07617149414927932,0.5530061714425709,0.4975800386305395,0.9774700795167004,0.5588223182757276,0.4641591667033875,0.532115633216519,-0.28134976681353135,0.3032833575145631,0.18924521836402053,0.0285149886555874,0.33608898376979546,0.04069930077133337,0.4034780787274009,0.6332033118014274,0.1487221521047417,0.03639660750010352
0.19069690555044871,-0.1260299877376596,0.16089886813544543,-0.0832457897246097,-0.7486706261149226,-0.2605042013917467,0.2872284499984134,0.2544853705142044,0.8538912259838184,0.5211822428198385,0.24905278944808432,-0.01336020345450782,0.12035501506845493,-0.07905774435831418,-0.3839244477829501,-0.0654800395364168,-0.2976219067221344,0.1401132410031682,0.5655382409091104,-0.4119535867272776,0.3129897788899685,0.4494074504357615,-0.24342480027160612,0.4494074504357615,0.16460057975510708,-0.6599749074489639,-0.30320962721616335,0.21065930659425613,0.2720931651733315,1.0,0.4732305136930889,0.28252190777935904,-0.04223875564855091,0.060504881105668276,-0.18525268657458663,-0.29952485590848377,-0.07923435214447522,-0.19984681267535948,0.1391663360254493,0.5475186002571233,-0.44600340131603367,0.26401179613101133,0.20074913468545422,-0.277794672274779,0.3502591353918305,0.14725439920584035,-0.5833292350091669,-0.15745926789487177,0.2023085214463402,0.23099177615726796,0.8460265674719458,0.4786367604881428,0.2487048011553623,0.09019803870029693,0.18265165718158907,-0.13122385818929239,-0.19103475420314314,-0.11592972533830147,-0.3534567437676538,0.08333693065074371,0.43843276564005124,-0.3689610258241981,0.22855067192514852
0.49934204259583204,-0.0040839268607456005,-0.41377530891433084,0.0734851968653395,-0.05910645345327274,0.16674283896997022,-0.4159602582480524,0.3316177346615105,0.3657156609378955,0.4953167863797835,0.7666095042620454,-0.002394394462999094,0.02666670468419498,0.16268865567200766,0.38160565392497975,0.7193845360482262,0.29053051505093686,-0.36091898722992777,0.31183863245236815,0.37096698990723437,0.2965212958451916,-0.17408705559836582,0.05800116025929176,-0.17408705559836582,0.2474963498316754,0.13869610171576635,0.12567701005623091,-0.08078170745314207,0.3255862762279137,0.4732305136930889,1.0,0.7523382819277749,0.2193336022573631,0.010184811636961074,0.25406279539059057,0.4934412008424027,0.7704140002021233,0.06549021441362421,-0.3818715015024646,0.33249340542412625,0.341005134955622,0.24870395370398501,0.8349718311885407,-0.0018471541121636216,-0.23106056233225347,0.22894044710308284,0.11893141499361247,0.4459091687761508,-0.24257687679770498,0.32006519553048435,0.5961177976887715,0.9390366136136228,0.802453535379249,0.007567711583928129,0.13411483888412035,0.20041280616218718,0.5615501693753251,0.7085857605301193,0.3603590251185385,-0.3854227871649113,0.2911897494719059,0.3533996488541751,0.29185759911920917
0.1437351927788859,-0.26838187156403037,-0.5844733211200437,-0.16816701122588892,0.15580239501690588,0.5202084014016165,-0.2894075827646649,0.5665820107564982,0.07082123483117647,0.5372311869501135,0.775440288022615,-0.2166768335554119,0.0035419780691990513,0.072836234607157,0.5628889054822148,0.6742075298746774,0.2937365226555268,-0.1540000489319279,0.122185903488162,0.47376174620538625,0.3702249737039257,-0.39151653927080676,-0.10751473052910204,-0.39151653927080676,0.161732817809848,0.42856327308184916,0.5474637842738649,0.16060198363074307,0.5492355928691104,0.28252190777935904,0.7523382819277749,1.0,0.0338185519465351,-0.036106181111474435,0.0956276226359682,0.6526297844354816,0.6762527829247137,0.3287832930247564,-0.20951170721054257,0.12244360223515904,0.422221599820789,0.2851950308165702,0.6773813041503597,-0.19954735510475732,-0.460898578079752,0.09787407825373594,0.3705192699583928,0.6823783700232662,0.01878833365933301,0.5169807113599156,0.2987852383174327,0.752883699508306,0.9491888958363004,-0.14929919672577244,0.05173530140578104,0.1954444393117253,0.6965464604004259,0.7484640554697292,0.13950412852861255,-0.19163128753560935,0.04731114630894557,0.5059143559596697,0.3871305553517125
