Fp1,Fz,F3,F7,FT9,FC5,FC1,C3,T7,TP9,CP5,CP1,Pz,P3,P7,O1,Oz,P8,TP10,CP6,CP2,C4,T8,FT10,FC6,FC2,F4,F8,Fp2,AF7,AF3,AFz,F1,F5,FT7,FC3,FCz,C1,C5,TP7,CP3,P1,P5,PO7,PO3,POz,PO4,PO8,P6,P2,CPz,CP4,TP8,FC4,FT8,F6,F2,AF4,AF8,O2,P4,C6,C2
1.0,0.9100337892336585,0.9799447013765532,0.6636445678429445,0.11733526011111936,0.5179804547688209,0.9330481443887018,-0.09401446861573112,0.7809171133793666,0.8893855809868781,-0.3067435194528129,0.6453576432847931,-0.2940604756396463,0.6851576655455734,0.361886883346875,0.27263758127351556,0.21543314437869732,0.6896511508556726,-0.07108031914484586,0.43127959896446016,0.14988129213251908,0.21436506041342454,0.059586370117181854,0.21436506041342454,0.3215001098279547,-0.03528684436904199,0.009177724018510686,-0.0700195919600931,-0.06960109369457909,0.4360134077548476,0.6099134725078792,-0.26563301491885344,0.4453104753152226,-0.27633120227236047,0.4496365569510081,0.3289442062934098,-0.009202803194782422,-0.24109154181366416,0.5218879082194271,-0.08862859134590519,0.3483691031478704,0.04468975883591775,0.683695693396365,-0.1810755219119645,0.5626737572777789,0.25474395788076587,0.007501821098286289,0.1294029178519259,0.6326542359777333,-0.2716133878768662,0.5900476277498988,0.6406099924713864,-0.33167064450480943,0.5509614432399436,-0.06216200092125275,0.5792730853238274,0.3608795829840153,0.20554524922214348,0.4363551820885625,0.0472487380738852,-0.16343976555164821,0.2619877239436965,0.11884717747202699
0.9100337892336585,1.0,0.8905117037873386,0.6966269176175103,0.022179332947796632,0.43301092112716644,0.8570855968590171,-0.3257140889581626,0.8688317038376373,0.8163460499493266,-0.39697003342456244,0.5730477196536728,-0.2552080046182416,0.8049761143169251,0.6147056669851574,0.18460106106199395,0.5087970788718603,0.6140997339114861,0.0059882096457271545,0.6076305109190452,0.48026413888957137,0.2983105537810396,0.34017468786625243,0.2983105537810396,0.509087839303015,-0.005613347111504153,0.05495540623762004,0.08582041080725102,-0.22318043525906142,0.6089387876320479,0.7736958426537391,-0.26852973933542595,0.5920768788168869,-0.17625669054054516,0.6488233371773563,0.6329671558064377,-0.03428798223595725,0.06389026678447343,0.5259849807552605,0.04275829334910959,0.5518763892264265,0.37878585724623753,0.7491243410691314,0.10089971758643948,0.5788623871674847,0.4708351354297743,0.08865984503050206,0.18136709299514692,0.6834672964631954,-0.3845497357141402,0.7707210229302304,0.7509593316808615,-0.3225539299857186,0.5518357504718263,0.090835045684223,0.7475944945741418,0.6432630622038361,0.15028775610355344,0.7414906617512598,0.20167056922498827,-0.10261405690332968,0.48705817841133314,0.46057042540591187
0.9799447013765532,0.8905117037873386,1.0,0.5800816366565176,-0.018594658374389943,0.44786631718758696,0.9198335034366781,-0.12499432693189988,0.8400144177172498,0.912251118265151,-0.4148386891456384,0.7197910373935538,-0.2725866247778024,0.6812307516671241,0.4139603781315422,0.13166716535681353,0.24675800733860687,0.6825682074896438,-0.12874632419256374,0.33168258754797064,0.13368356397417236,0.2419344349813475,0.12114593674929729,0.2419344349813475,0.3248593395642337,-0.1422990381026201,-0.01286501435824569,0.003677928069908256,-0.130272940641391,0.5449624119487176,0.6573182117537391,-0.3468492547515415,0.5098380734156697,-0.2731479720779044,0.475529181484559,0.3532846422808569,-0.10851996186922393,-0.21176770849680157,0.5070818371176815,-0.17873403744278737,0.2643074986354682,0.020716379955658976,0.7351646984416469,-0.1149002808197622,0.6164038590937427,0.23832184634018902,-0.10140208536625664,0.07833133583912393,0.6388159778121403,-0.27257129375462985,0.6735227303225182,0.7214557784873235,-0.40020023155841644,0.6666059857837845,-0.07112724266732098,0.6040886851655461,0.43049706892709955,0.08525927369390461,0.4086420149537632,0.10032959321920926,-0.21739717430290073,0.2124650300278118,0.11608047144182289
0.6636445678429445,0.6966269176175103,0.5800816366565176,1.0,0.6905610763180587,0.8681644829722077,0.6937578522779206,0.15967217697894873,0.37872950250127574,0.31036505719536217,0.3321893016642934,-0.10499510790955303,0.26867630071375215,0.4742037484556798,0.18189432792337282,0.7443441695325606,-0.0159648545760691,0.46301923027709274,0.5090885656253843,0.8178196076950518,0.49328317124271975,0.37001164113392404,-0.1065030500522062,0.37001164113392404,0.7461098203146819,0.5757829936843579,0.6204647943492217,-0.026182284954093263,0.3134602625572491,0.07053698854182176,0.3698555748179308,0.4814663938459874,0.09586572940199266,0.3944837829400155,0.34361486941277425,0.29155227703659126,0.6803044637864083,-0.37815184037227845,0.3500720938994087,0.4872576488631978,0.6553236873397268,0.4353601940968226,0.4011338147804319,-0.29759417634882585,0.554563666945753,0.7652368233851297,0.7240657753091816,0.7281467714033797,0.7796013979629061,0.22560410861744834,0.34834195372068466,0.1870520654716682,0.41371621070889464,0.017778601111786176,0.5919591554715431,0.17668005841778003,0.26578895746494424,0.7798314153798565,0.4915543777862898,-0.3520575817427093,0.43298811308187546,0.5837953555360335,0.46425806783084805
0.11733526011111936,0.022179332947796632,-0.018594658374389943,0.6905610763180587,1.0,0.7882461043928349,0.1808192900594331,0.5907445878326398,-0.32933288000270644,-0.23663535955802398,0.8728515021184463,-0.6041363255685707,0.4713499612031106,-0.15823472331988941,-0.401928760285282,0.9446772898690192,-0.5515564797952724,0.04999688983730624,0.6344647587428035,0.47766912483195434,0.08099464734831656,0.021107992480326777,-0.600605706766545,0.021107992480326777,0.38245210666184665,0.8263351526367532,0.6696963851676943,-0.37866446368957146,0.6787702845501228,-0.6398486974842256,-0.34434976799235284,0.8314764200924968,-0.5419554919763161,0.5419276249649927,-0.3109948057195921,-0.3163948477165007,0.920169631614893,-0.6494065429663233,-0.045883019365963,0.5809969098346686,0.3064152585505361,0.09504287620914284,-0.29181027229823736,-0.6505543227287204,0.05582025693439315,0.4124093398122954,0.8852077214432392,0.7130961680127815,0.281877271548489,0.5875762506865083,-0.3966287276983832,-0.5431634154472518,0.7636821741250123,-0.6083712998057316,0.5515525743968485,-0.4812054109319276,-0.4126426141387291,0.9171100255153367,-0.129291569494802,-0.6875167008153659,0.5963895224453767,0.1974539458913393,0.030555438925226344
0.5179804547688209,0.43301092112716644,0.44786631718758696,0.8681644829722077,0.7882461043928349,1.0,0.5838689932019508,0.4742546795664414,0.15728228812765213,0.1541516006228138,0.5483656228541178,-0.25368362447633064,0.5234040129441707,0.087932132805264,-0.001558409178184488,0.7754424216002597,-0.23356265152229824,0.43282616183307715,0.6889630954259579,0.6136775716325207,0.3216456205184028,0.2509510372720838,-0.42340527631760405,0.2509510372720838,0.7182793614886288,0.6166331933085302,0.8032793849195944,-0.10211367147842071,0.5609485467484584,-0.19383631464958667,0.014170425279606406,0.5388544724369794,-0.12176983841152539,0.5716969455803411,0.0251447361364727,0.05311158623165403,0.7857374851022162,-0.6830974612034021,0.22884289272198746,0.5800331350154851,0.45893516278670254,0.2969537905917849,0.09048804656827926,-0.614223652198956,0.3862557367164335,0.6552190555715549,0.744452466438958,0.8588519337812318,0.6605791228711632,0.5162274469470727,0.04915519495964521,-0.11175114320824547,0.4730816476013668,-0.15637415862142018,0.675965617452422,-0.2091232285720357,0.03459657470404844,0.7878433285683877,0.13154665105660682,-0.4094452162362983,0.6051522768630437,0.43712553454220526,0.28985634709576047
0.9330481443887018,0.8570855968590171,0.9198335034366781,0.6937578522779206,0.1808192900594331,0.5838689932019508,1.0,0.12951986355587047,0.8147826027969844,0.7737077232908107,-0.144103754272346,0.5414678599777402,-0.05999691665413184,0.7048159111456699,0.4844889397789027,0.22553797372462453,0.2751283766581245,0.6744753897413547,0.15326143800968334,0.512060325535347,0.12624004940753114,0.3023080988563295,0.12183379468672016,0.3023080988563295,0.4077803337563952,-0.018854494203799855,0.14894169621408684,-0.03614881098456403,0.18938898067931045,0.463239678705934,0.5376288601794902,-0.1440610673207599,0.4407801084241333,-0.06149287185182139,0.459526819717128,0.42685424607926103,0.09526307335508102,-0.18860197550228855,0.5519524389680855,0.11929262403273536,0.49712516690511405,0.054415359646802476,0.7123790703801448,-0.0843352181822236,0.7490246331211727,0.32658534280088664,0.12595856481001116,0.23295826903107447,0.7942015646224863,-0.008667450089006004,0.6461936472857451,0.611164392803553,-0.18067977178819847,0.5650739287379394,0.10687399693729373,0.5419753515534257,0.4440481332685364,0.2724801856972944,0.43180677261392275,0.026808043483833702,0.047542750749843474,0.3669380025680064,0.10586297721138366
-0.09401446861573112,-0.3257140889581626,-0.12499432693189988,0.15967217697894873,0.5907445878326398,0.4742546795664414,0.12951986355587047,1.0,-0.27902523078929087,-0.26272516788757294,0.7483251224000942,-0.37795952907549135,0.5355901535528235,-0.37834050822820586,-0.3518310024406462,0.38297361144834563,-0.5285050232579033,-0.09389365946074651,0.4786095096576408,-0.06338971275165772,-0.48387862207541815,0.08292400473675697,-0.6256430337223793,0.08292400473675697,0.03576795557948198,0.2444385891707391,0.4303624661121272,-0.3003207623766425,0.9433703870283027,-0.4765342262083958,-0.4940015470145652,0.4858879404902114,-0.38675475855822833,0.48189509878135556,-0.48767719053991126,-0.4129713525397027,0.5753363909476349,-0.6070499323945947,-0.2278792297681552,0.3190425195913347,-0.050415232986290456,-0.43725013664406215,-0.3589629488711926,-0.542903206373598,0.12327574940952395,-0.06852485285444568,0.3879695494123866,0.35267663670107097,0.14784598613751246,0.8579905173347869,-0.3923378168807154,-0.5014237152594545,0.5201801419704094,-0.2988548719683321,0.3283091931734953,-0.552392236264633,-0.44926017039331867,0.5066778929863063,-0.5391737219070124,-0.36225140869666916,0.41256681181147764,-0.10284429193523785,-0.46720912176761364
0.7809171133793666,0.8688317038376373,0.8400144177172498,0.37872950250127574,-0.32933288000270644,0.15728228812765213,0.8147826027969844,-0.27902523078929087,1.0,0.8301038428292846,-0.5976293362917912,0.7642281316696272,-0.2219436090070081,0.7712911384777468,0.8055783167882395,-0.24310585250447891,0.6656733161935253,0.4844282444418634,-0.10411779881522218,0.3175393159062629,0.30204589796026016,0.2693051151683365,0.5094920394800969,0.2693051151683365,0.36927625362578015,-0.32070412641390417,-0.12222511718197344,0.14623872775313032,-0.229648619908023,0.8320513441534778,0.776043821364797,-0.5108187842506003,0.723277921383618,-0.2194123582257549,0.625490939530891,0.7153915828840781,-0.3440116097502953,0.2572296061847163,0.4344493033677455,-0.11908250883706376,0.3799719368758761,0.21104493197317242,0.8092006831950901,0.344310953982407,0.6859814415648648,0.26746841237614244,-0.21526040790793527,-0.07763973801617116,0.628936367934686,-0.3407731309969568,0.9194235151841794,0.9060590798558347,-0.5093247721106315,0.8094127988822587,-0.025557887784130397,0.8152865163783409,0.7774422732008162,-0.2105614021860005,0.6249346040656029,0.3856701770484811,-0.22186191747654463,0.3238016746617915,0.30763064732537454
0.8893855809868781,0.8163460499493266,0.912251118265151,0.31036505719536217,-0.23663535955802398,0.1541516006228138,0.7737077232908107,-0.26272516788757294,0.8301038428292846,1.0,-0.6072197043365735,0.8959865137878268,-0.5328750711028067,0.6137546070722231,0.42031800152966203,-0.03917711819865154,0.3312616321365109,0.5180106850539915,-0.3970464054390323,0.06988758721537128,0.0002751886464829252,0.0075034971888977816,0.16241303215210695,0.0075034971888977816,0.05526248224212771,-0.307122714259358,-0.3395086225531989,-0.1749549034888655,-0.3271126749496931,0.5318041394491038,0.6228162726378095,-0.6222136027159696,0.5020913217407619,-0.5564044211432336,0.3399530827620597,0.296262387219931,-0.40725121435853157,-0.0509939793296414,0.3578647520017881,-0.4289308228381362,0.03848626695003734,-0.12493539459168058,0.5904563753046549,-0.04079823552363256,0.35790815202611403,-0.06630322213422532,-0.3522097574425087,-0.26456355161025785,0.3192471363884981,-0.5358200667740257,0.6038768886379001,0.7305354639189381,-0.677494119507144,0.6452024402901101,-0.37206588268048923,0.6924900520598518,0.3535515205446557,-0.20226346717912774,0.32941592386598806,0.2672297325234274,-0.5192094631498086,-0.034793890117641654,-0.02490503972719491
-0.3067435194528129,-0.39697003342456244,-0.4148386891456384,0.3321893016642934,0.8728515021184463,0.5483656228541178,-0.144103754272346,0.7483251224000942,-0.5976293362917912,-0.6072197043365735,1.0,-0.8198845241165879,0.6606835429745601,-0.43102345726282565,-0.47056769678659693,0.6893290652725014,-0.5804963201912625,-0.17220524843962967,0.7128616983796123,0.257310657769029,-0.08943530049936542,-0.035726123748484946,-0.5687154054429424,-0.035726123748484946,0.20079031124278418,0.7093823020699784,0.6561593236944456,-0.3001543284299611,0.8163170490810877,-0.7612240307388717,-0.648670046857681,0.8746680224340431,-0.6801219452050622,0.6791105808831946,-0.4836493011386728,-0.4123078670730469,0.8606842142791481,-0.5100801224389125,-0.18193127571729953,0.6584719436484814,0.1857861603641909,-0.008268330467627772,-0.529128772729725,-0.5102809337183003,-0.08013597714522379,0.233640137519088,0.8030322445763478,0.626187240491835,0.0814782763876985,0.8044720590801995,-0.6039129290300326,-0.7836717940606279,0.8539327973873097,-0.7426065162270543,0.5568016711100785,-0.7156438265684134,-0.518278360265491,0.7566825195444975,-0.3671553555134077,-0.6311749210061289,0.7139532458575052,0.09308657393205558,-0.1180072705283155
0.6453576432847931,0.5730477196536728,0.7197910373935538,-0.10499510790955303,-0.6041363255685707,-0.25368362447633064,0.5414678599777402,-0.37795952907549135,0.7642281316696272,0.8959865137878268,-0.8198845241165879,1.0,-0.6488444679870101,0.5226399417003681,0.439530778401637,-0.44617462847872164,0.4150561778954502,0.34955885927100727,-0.6248686295654229,-0.23613675532094378,-0.18802723647101255,-0.0860360077879066,0.3246112960848719,-0.0860360077879066,-0.2422633661295537,-0.6077525641226227,-0.6308970603419816,-0.08014068529739692,-0.4838631813504942,0.633584477534645,0.5565552906590938,-0.845269596039397,0.5522420225779514,-0.731170507234871,0.3077321422386578,0.2675325142854521,-0.7477024365866931,0.19895675232472493,0.27448307456202925,-0.6374149216108618,-0.17462756801878904,-0.2878068861398727,0.5718341269821495,0.21433946021129935,0.2688762334132681,-0.35322938378679614,-0.6995813720562079,-0.6010044135727509,0.0881257958710967,-0.6383536791518286,0.5867483199616331,0.777734978230518,-0.8572798455550226,0.7750961115224153,-0.6234433449148467,0.7080940930655821,0.35155084897866123,-0.5728877035308304,0.1966615758214974,0.4259597755497434,-0.6949456917035232,-0.2300269669231183,-0.19710229530197548
-0.2940604756396463,-0.2552080046182416,-0.2725866247778024,0.26867630071375215,0.4713499612031106,0.5234040129441707,-0.05999691665413184,0.5355901535528235,-0.2219436090070081,-0.5328750711028067,0.6606835429745601,-0.6488444679870101,1.0,-0.3656767516369051,0.060532540384084906,0.24515636510426295,-0.17647984951429554,-0.11570064312875061,0.8776039528794433,0.2309892717878585,0.29492611208824177,0.0736142550115249,-0.19984061708174916,0.0736142550115249,0.6100943963067037,0.5546265980381201,0.868332545192494,0.05822260781537733,0.6226176024547814,-0.261726907798406,-0.41902516557688113,0.6761557900064463,-0.37044002198830867,0.958479301597421,-0.23918786571758135,0.03514565387989831,0.6326383418427508,-0.31093734531764955,-0.11785245337728377,0.7236427026288269,0.23237656777361268,0.3656482127586072,-0.24888047800876165,-0.19239926495308118,0.25702972997488477,0.5563230629298652,0.6723190730168087,0.7512846127193645,0.35762885070314676,0.8552607820845779,-0.12545442061918635,-0.4001200074732947,0.6917366105976355,-0.3251478554754591,0.8574116921493716,-0.5890027248997771,0.05558101483011386,0.39052816102293514,-0.17000549109264187,-0.4223345342835727,0.8679194511754752,0.2489555691008557,0.28661036160697956
0.6851576655455734,0.8049761143169251,0.6812307516671241,0.4742037484556798,-0.15823472331988941,0.087932132805264,0.7048159111456699,-0.37834050822820586,0.7712911384777468,0.6137546070722231,-0.43102345726282565,0.5226399417003681,-0.3656767516369051,1.0,0.5586819343228022,-0.07087146765452584,0.5217569810797834,0.6334826528698259,-0.17196432003767922,0.576092718035461,0.2727763832758751,0.44930094137659543,0.679731771623867,0.44930094137659543,0.22209335176198952,-0.25551701250206976,-0.15421295869276466,0.27322755604326654,-0.28315551383453985,0.6913663038879535,0.7783238463392167,-0.24826173311932886,0.6079922112993085,-0.2730245110696706,0.8233390342648902,0.6048937724070427,-0.1641172265471876,0.4119031913565537,0.7174607231938466,-0.0419811382866695,0.5961543504715745,0.21231910494211592,0.8819311441670807,0.5124618514392107,0.6792387756384072,0.30439041269334216,-0.049574052922383906,-0.04760877280925431,0.6538983992189918,-0.3978602050069109,0.8045097094937648,0.7426485074820288,-0.27844497668547835,0.5892594948931885,-0.08483341787637559,0.8925392826308256,0.6266743402852475,0.07111813292236042,0.740358759356465,0.2448425738760682,-0.19850554130142717,0.4702011984819417,0.28889608395781
0.361886883346875,0.6147056669851574,0.4139603781315422,0.18189432792337282,-0.401928760285282,-0.001558409178184488,0.4844889397789027,-0.3518310024406462,0.8055783167882395,0.42031800152966203,-0.47056769678659693,0.439530778401637,0.060532540384084906,0.5586819343228022,1.0,-0.42426787951335454,0.9183177360017416,0.21267738379273063,0.19940030872701095,0.3795261205835494,0.5653435878222206,0.15376521556238057,0.6929255146815236,0.15376521556238057,0.4621688296521245,-0.2062497955331933,0.0022011924767578956,0.2624121730242974,-0.195221306433509,0.7676383596760807,0.5462869609931684,-0.4027546739051849,0.6383814388242673,0.04860655275771582,0.5751869534372758,0.9289322394908684,-0.3363549638980083,0.5811591350893196,0.3118041234206795,0.24227779480780035,0.5430904469807422,0.5511957143950674,0.5932667698429366,0.6053055756898005,0.5317373259760999,0.3815778846911238,-0.08483230837817703,0.0102571472792307,0.5098619153881786,-0.2302001481365803,0.8167726747719767,0.7279686424720148,-0.3650355255537247,0.5968860361192916,0.18889418372214226,0.6524229666291106,0.92009928590612,-0.3435688742195836,0.706011651346041,0.4788706600867053,0.10437775137814222,0.48827521569365945,0.5621980252555341
0.27263758127351556,0.18460106106199395,0.13166716535681353,0.7443441695325606,0.9446772898690192,0.7754424216002597,0.22553797372462453,0.38297361144834563,-0.24310585250447891,-0.03917711819865154,0.6893290652725014,-0.44617462847872164,0.24515636510426295,-0.07087146765452584,-0.42426787951335454,1.0,-0.5352998905827584,0.1225692121489784,0.43706353361725675,0.4710947469853257,0.14807959844426052,0.0030834866219940525,-0.6022564527519273,0.0030834866219940525,0.3733856352481623,0.7944144521378572,0.5565779209837568,-0.4016738641790883,0.4445506256773016,-0.5783985642896271,-0.17600805122717147,0.691874277809839,-0.45632092764729254,0.34913033501795093,-0.242255186065263,-0.31854977797959333,0.8287145656503995,-0.6742369891537247,-0.026178797612012767,0.3956770131817136,0.2388619561440873,0.11843478682306186,-0.2349773804355845,-0.7064763559145322,-0.029987431950517094,0.40389347892082134,0.7955702361367886,0.6383101244901939,0.2251363066467221,0.3289127856122179,-0.3381746401073554,-0.4275272453796016,0.5955334694063594,-0.556239992930924,0.4276911992997585,-0.34287567133745217,-0.3987351101451819,0.879110665206382,-0.03527215917832511,-0.6252242299262933,0.3847642734324585,0.1620660073211132,0.09325388615559208
0.21543314437869732,0.5087970788718603,0.24675800733860687,-0.0159648545760691,-0.5515564797952724,-0.23356265152229824,0.2751283766581245,-0.5285050232579033,0.6656733161935253,0.3312616321365109,-0.5804963201912625,0.4150561778954502,-0.17647984951429554,0.5217569810797834,0.9183177360017416,-0.5352998905827584,1.0,0.16627242534439007,0.013432476645605684,0.3350039022743846,0.5445943687000919,0.18979947153823348,0.7661411738378086,0.18979947153823348,0.26341849831515385,-0.3825920296142824,-0.20469494605433247,0.39639886703731375,-0.3713203747185487,0.7526961558004712,0.5612873018465439,-0.5450267055397067,0.7273681229377414,-0.147761795293247,0.6456675853421912,0.9272900716225354,-0.4674707676171536,0.7662153186055117,0.3025787546533485,0.15236680974776493,0.5213907437293692,0.5485257365896297,0.506606369040398,0.7105455165688074,0.2715622265770505,0.2316800325329789,-0.25368249349114236,-0.15489769463986042,0.28633901592117744,-0.44422531357288525,0.7016656763434617,0.6772330065915261,-0.4935626850349088,0.5276014071858193,-0.0017067107857232351,0.7135162938571885,0.8744065769668493,-0.44863424908686983,0.7666042290838957,0.7143503299182593,-0.05270510865716294,0.5212948264154917,0.5631358370795893
0.6896511508556726,0.6140997339114861,0.6825682074896438,0.46301923027709274,0.04999688983730624,0.43282616183307715,0.6744753897413547,-0.09389365946074651,0.4844282444418634,0.5180106850539915,-0.17220524843962967,0.34955885927100727,-0.11570064312875061,0.6334826528698259,0.21267738379273063,0.1225692121489784,0.16627242534439007,1.0,0.04181925678840381,0.4831307028784239,0.13143076460252273,0.3876887137497109,0.292777956812655,0.3876887137497109,0.23764872440733104,-0.19261517632656378,0.18563193523342159,0.2966641616564986,-0.10661351094539989,0.3028428186740722,0.3612442945751209,-0.17998612070277545,0.31934718393960476,-0.10387797474076094,0.5664914814168606,0.24208557330495195,0.04903578087135424,-0.11251238047580024,0.9229734355591034,0.10239273073767509,0.43721939632130347,0.10879285571757255,0.5678452736692253,-0.022939346006909164,0.4408660626708459,0.2575949757229841,0.021840842375164517,0.27956506117606367,0.6032449900112025,-0.13671433300538252,0.38984965645618375,0.3238001665811965,-0.2733846612990873,0.31025989092628914,0.003284543541598569,0.4381393525451406,0.2918284071815143,0.2184649053031702,0.3405034282105388,0.16688667534656904,0.03834356422436142,0.391991859801395,0.13783393774671646
-0.07108031914484586,0.0059882096457271545,-0.12874632419256374,0.5090885656253843,0.6344647587428035,0.6889630954259579,0.15326143800968334,0.4786095096576408,-0.10411779881522218,-0.3970464054390323,0.7128616983796123,-0.6248686295654229,0.8776039528794433,-0.17196432003767922,0.19940030872701095,0.43706353361725675,0.013432476645605684,0.04181925678840381,1.0,0.5681508366430804,0.45745705057963076,0.09606365253519086,-0.16730201681696022,0.09606365253519086,0.6919028378847938,0.6649870390418245,0.8674168873309944,0.015938114967365462,0.6704335288483414,-0.2627034640541894,-0.32637228611224456,0.6740864902586837,-0.2666869365722097,0.8746446451193721,-0.08404720231810806,0.23585007667817787,0.7274875644349402,-0.24540373722319403,0.060627276973163086,0.9473529761195126,0.5757037547719883,0.5380687832177846,-0.1483816498575839,-0.2102809965913677,0.2758262356702263,0.6633573354811041,0.8193819798880013,0.8442771364036079,0.4942071614778713,0.7321469167061586,-0.08066643693090865,-0.3332409372176457,0.6717973207114004,-0.3572870621594445,0.8567895253251577,-0.4251333938396486,0.15057692981956464,0.5594727262288164,0.10664374448833873,-0.3476262385179248,0.965577483394349,0.5190252548410572,0.42170864905633826
0.43127959896446016,0.6076305109190452,0.33168258754797064,0.8178196076950518,0.47766912483195434,0.6136775716325207,0.512060325535347,-0.06338971275165772,0.3175393159062629,0.06988758721537128,0.257310657769029,-0.23613675532094378,0.2309892717878585,0.576092718035461,0.3795261205835494,0.4710947469853257,0.3350039022743846,0.4831307028784239,0.5681508366430804,1.0,0.6693107499973584,0.5075986572149872,0.273667668477197,0.5075986572149872,0.6882101387876374,0.3977888668757686,0.5336926944906054,0.3210120288547403,0.19523238506640717,0.2057013779707078,0.39257297658393814,0.40948558110251443,0.27738300306906494,0.3858465098303683,0.6243036092991618,0.5856727926138651,0.5612857041346806,0.08842540197111493,0.5411845520931,0.7045978205741981,0.9516117679296254,0.6824110797877657,0.4711494258133014,0.121394357834718,0.5010068455485217,0.7997759338547715,0.6541022544490991,0.6772731156710576,0.7629145507031992,0.11677712723501561,0.3932449022345543,0.20846021242815324,0.3792207804299063,0.01316464281158793,0.5754049909633759,0.31675084160435907,0.4881813439058847,0.6483528730212368,0.7571284639262651,-0.047799780897842606,0.5542512351962148,0.8884809855392154,0.6624028992849087
0.14988129213251908,0.48026413888957137,0.13368356397417236,0.49328317124271975,0.08099464734831656,0.3216456205184028,0.12624004940753114,-0.48387862207541815,0.30204589796026016,0.0002751886464829252,-0.08943530049936542,-0.18802723647101255,0.29492611208824177,0.2727763832758751,0.5653435878222206,0.14807959844426052,0.5445943687000919,0.13143076460252273,0.45745705057963076,0.6693107499973584,1.0,0.22676853360544555,0.3903489477903041,0.22676853360544555,0.8066713243307303,0.37992326164938256,0.4885412438255144,0.3716281022524671,-0.2618839518294144,0.33770292819823056,0.40433846183445515,0.16567262140382888,0.29866352492412435,0.420534710306606,0.49246598761913946,0.7074672856492964,0.23397536421177262,0.2681349009593265,0.18076427295044178,0.5208059009655457,0.6173433688280515,0.9851594541175898,0.2655141643548654,0.2534477571915288,0.20148876731583534,0.8434501772509435,0.44902601686518473,0.5543812189374813,0.43072201340278854,-0.13575888050277207,0.4460769941967646,0.2840767135060067,0.1428036800870232,0.02795250322586732,0.6225319411085477,0.2401511640838596,0.6841806613799652,0.15942460828614666,0.7561666371325128,0.11893594859809704,0.4266002464060604,0.6997105315984316,0.9858607414459841
0.21436506041342454,0.2983105537810396,0.2419344349813475,0.37001164113392404,0.021107992480326777,0.2509510372720838,0.3023080988563295,0.08292400473675697,0.2693051151683365,0.0075034971888977816,-0.035726123748484946,-0.0860360077879066,0.0736142550115249,0.44930094137659543,0.15376521556238057,0.0030834866219940525,0.18979947153823348,0.3876887137497109,0.09606365253519086,0.5075986572149872,0.22676853360544555,1.0,0.25603745621216806,1.0,0.415795474887024,-0.2987746910147003,0.29851601200440003,0.7861834771202606,0.15198492149886467,0.5023347316227232,0.6104175108847222,0.1223525533007668,0.6459410415453377,0.26458250189254257,0.7324121392269938,0.4092070438481491,0.3172324653964096,0.07538547420523131,0.32753999473851264,0.14885438922771113,0.5054495004352831,0.21350814286200087,0.519574617512783,0.22654864189141297,0.49681879129613,0.49119634154866,0.09284805602368947,0.37611528458049626,0.6132860334931522,0.20039201036580412,0.4663412723854814,0.330346600096485,0.19882262484960142,0.368669150054938,0.38286191428733085,0.35807920668371085,0.4554993995980711,0.40163221492364104,0.5143307294133754,0.365151967246599,0.1041804240804672,0.7122901385142001,0.3616125932181117
0.059586370117181854,0.34017468786625243,0.12114593674929729,-0.1065030500522062,-0.600605706766545,-0.42340527631760405,0.12183379468672016,-0.6256430337223793,0.5094920394800969,0.16241303215210695,-0.5687154054429424,0.3246112960848719,-0.19984061708174916,0.679731771623867,0.6929255146815236,-0.6022564527519273,0.7661411738378086,0.292777956812655,-0.16730201681696022,0.273667668477197,0.3903489477903041,0.25603745621216806,1.0,0.25603745621216806,0.0821217937770527,-0.43783552181493995,-0.24748945903691255,0.49123591951371876,-0.5331159523193353,0.7116326694095301,0.5194043257479128,-0.38818966639847297,0.5360253109665863,-0.1631344571522568,0.7253987806096043,0.7034014395551162,-0.4849759414335945,0.8720249825448861,0.5424899868255635,-0.0037723218704960875,0.4226288507421045,0.4021974362687095,0.6011080882478805,0.9299652350071684,0.3690212015126585,0.17613440586023862,-0.26704187049160366,-0.2396189400780844,0.27463136586047326,-0.44308820176153935,0.6817294049794352,0.5810680707076135,-0.37492974488968395,0.457975400759725,-0.09214849565797137,0.7355034381026144,0.7359332718418299,-0.42625108407481754,0.6454840501898635,0.4912441693805349,-0.13762137970359797,0.3684605930680649,0.42320322629752444
0.21436506041342454,0.2983105537810396,0.2419344349813475,0.37001164113392404,0.021107992480326777,0.2509510372720838,0.3023080988563295,0.08292400473675697,0.2693051151683365,0.0075034971888977816,-0.035726123748484946,-0.0860360077879066,0.0736142550115249,0.44930094137659543,0.15376521556238057,0.0030834866219940525,0.18979947153823348,0.3876887137497109,0.09606365253519086,0.5075986572149872,0.22676853360544555,1.0,0.25603745621216806,1.0,0.415795474887024,-0.2987746910147003,0.29851601200440003,0.7861834771202606,0.15198492149886467,0.5023347316227232,0.6104175108847222,0.1223525533007668,0.6459410415453377,0.26458250189254257,0.7324121392269938,0.4092070438481491,0.3172324653964096,0.07538547420523131,0.32753999473851264,0.14885438922771113,0.5054495004352831,0.21350814286200087,0.519574617512783,0.22654864189141297,0.49681879129613,0.49119634154866,0.09284805602368947,0.37611528458049626,0.6132860334931522,0.20039201036580412,0.4663412723854814,0.330346600096485,0.19882262484960142,0.368669150054938,0.38286191428733085,0.35807920668371085,0.4554993995980711,0.40163221492364104,0.5143307294133754,0.365151967246599,0.1041804240804672,0.7122901385142001,0.3616125932181117
0.3215001098279547,0.509087839303015,0.3248593395642337,0.7461098203146819,0.38245210666184665,0.7182793614886288,0.4077803337563952,0.03576795557948198,0.36927625362578015,0.05526248224212771,0.20079031124278418,-0.2422633661295537,0.6100943963067037,0.22209335176198952,0.4621688296521245,0.3733856352481623,0.26341849831515385,0.23764872440733104,0.6919028378847938,0.6882101387876374,0.8066713243307303,0.415795474887024,0.0821217937770527,0.415795474887024,1.0,0.4826662087956393,0.8101882833770853,0.28928917769583223,0.20576157220404784,0.27000169422871,0.3507940348566201,0.39821686002897183,0.22976717948886627,0.7164272195859878,0.36814731004122375,0.5592780996184094,0.5593000256980961,-0.1669932173217279,0.14671941137444358,0.6112154681561884,0.6024621961922288,0.7752534259641292,0.2877639730609249,-0.06901270071329832,0.4968322548869335,0.9547071298616377,0.6508764563414561,0.8315012580618185,0.7260191639138311,0.33336122974928295,0.4608952005581254,0.2181406989468499,0.38648994904442413,0.07811611446245488,0.8843109692470931,0.05979831126950464,0.5863941028047502,0.47073862596439875,0.5468110109126139,-0.097517866680927,0.6088953942196408,0.691482834148964,0.8131149599690395
-0.03528684436904199,-0.005613347111504153,-0.1422990381026201,0.5757829936843579,0.8263351526367532,0.6166331933085302,-0.018854494203799855,0.2444385891707391,-0.32070412641390417,-0.307122714259358,0.7093823020699784,-0.6077525641226227,0.5546265980381201,-0.25551701250206976,-0.2062497955331933,0.7944144521378572,-0.3825920296142824,-0.19261517632656378,0.6649870390418245,0.3977888668757686,0.37992326164938256,-0.2987746910147003,-0.43783552181493995,-0.2987746910147003,0.4826662087956393,1.0,0.649987377725617,-0.4486124775599507,0.3837360273410687,-0.585146459410689,-0.3832234266932862,0.7986072545470881,-0.6377907875920082,0.581989332592947,-0.38405226104257795,-0.18247456848046759,0.7371127914982611,-0.4486956909399359,-0.19843691189016754,0.6001758396732639,0.22907820538755327,0.39064670375576116,-0.3349433743430191,-0.47202722926785895,-0.022847285186408953,0.5149458691991754,0.884225154298675,0.6552347434583629,0.14686847782133347,0.41438829527162924,-0.32923225656440225,-0.46968598150598123,0.7185833913482503,-0.6206853236084104,0.6030402061065798,-0.5176816719897939,-0.25749579917572335,0.6398223094156369,-0.06011663837310491,-0.7825028476525487,0.6510030525536642,0.10335067250915037,0.2803226756440679
0.009177724018510686,0.05495540623762004,-0.01286501435824569,0.6204647943492217,0.6696963851676943,0.8032793849195944,0.14894169621408684,0.4303624661121272,-0.12222511718197344,-0.3395086225531989,0.6561593236944456,-0.6308970603419816,0.868332545192494,-0.15421295869276466,0.0022011924767578956,0.5565779209837568,-0.20469494605433247,0.18563193523342159,0.8674168873309944,0.5336926944906054,0.4885412438255144,0.29851601200440003,-0.24748945903691255,0.29851601200440003,0.8101882833770853,0.649987377725617,1.0,0.1546283867913649,0.5361455927343578,-0.23419799160687926,-0.17398673634243758,0.7290631220811371,-0.24391066991029844,0.9239606868684788,-0.01342908171086009,0.0888419417788999,0.8334002012973192,-0.468171497884794,0.09167696920505337,0.7515120069167438,0.424911934345528,0.5185384815293953,-0.10966075498216414,-0.36209980740643244,0.28671345830859485,0.7894631103144435,0.8270456054006992,0.9718780836512771,0.5439569439770967,0.7209959880481444,-0.04509081368348782,-0.3281438059482537,0.6981568190977844,-0.3440607993716154,0.9402033115931646,-0.43843507084581973,0.10264305710038095,0.6820037807946728,0.07203628119268106,-0.40085701353401376,0.8381906096075449,0.4879416848393702,0.4883298926022498
-0.0700195919600931,0.08582041080725102,0.003677928069908256,-0.026182284954093263,-0.37866446368957146,-0.10211367147842071,-0.03614881098456403,-0.3003207623766425,0.14623872775313032,-0.1749549034888655,-0.3001543284299611,-0.08014068529739692,0.05822260781537733,0.27322755604326654,0.2624121730242974,-0.4016738641790883,0.39639886703731375,0.2966641616564986,0.015938114967365462,0.3210120288547403,0.3716281022524671,0.7861834771202606,0.49123591951371876,0.7861834771202606,0.28928917769583223,-0.4486124775599507,0.1546283867913649,1.0,-0.21333490538145441,0.5751058494377266,0.48179050254133415,-0.09623178559033382,0.653442853829859,0.17472454425962852,0.7495124066119028,0.4996793645538966,-0.02796104233719663,0.36588018388271426,0.34802380291330476,0.12345841927399726,0.38639215309034125,0.40351084598938414,0.4586606813082771,0.48028663865199084,0.2837378464533057,0.3962853420788125,-0.17769468011202463,0.21016346406786976,0.3646599731066785,-0.015756959554637073,0.4128879615937881,0.341829359352556,-0.009440866922261074,0.4057006635420707,0.2495586850944002,0.28597648484560173,0.5655282381520947,-0.03684868409117516,0.49813483947372467,0.5295144777588473,0.11723843565500572,0.6499046666140911,0.4890357054819325
-0.06960109369457909,-0.22318043525906142,-0.130272940641391,0.3134602625572491,0.6787702845501228,0.5609485467484584,0.18938898067931045,0.9433703870283027,-0.229648619908023,-0.3271126749496931,0.8163170490810877,-0.4838631813504942,0.6226176024547814,-0.28315551383453985,-0.195221306433509,0.4445506256773016,-0.3713203747185487,-0.10661351094539989,0.6704335288483414,0.19523238506640717,-0.2618839518294144,0.15198492149886467,-0.5331159523193353,0.15198492149886467,0.20576157220404784,0.3837360273410687,0.5361455927343578,-0.21333490538145441,1.0,-0.416071219149155,-0.4279598586208201,0.609338664686869,-0.3147453797467324,0.5977013891588411,-0.34567376349590717,-0.19916982865985097,0.6896341000600448,-0.4925453311375547,-0.17780011660012882,0.5646415324039807,0.2268237988497083,-0.19577608757217538,-0.253385021695952,-0.43704622813347027,0.2378604453161075,0.14166888591540408,0.5567381732569054,0.4965937621026413,0.3064416349298287,0.8898253813239531,-0.3002925452706214,-0.4380404231485226,0.6579550978249381,-0.2905958266590458,0.4881591658477597,-0.5035365021338412,-0.28534815725665635,0.6164697206508419,-0.3150105461262749,-0.38097578282661504,0.6180881589337227,0.14910268504966104,-0.25736675974918793
0.4360134077548476,0.6089387876320479,0.5449624119487176,0.07053698854182176,-0.6398486974842256,-0.19383631464958667,0.463239678705934,-0.4765342262083958,0.8320513441534778,0.5318041394491038,-0.7612240307388717,0.633584477534645,-0.261726907798406,0.6913663038879535,0.7676383596760807,-0.5783985642896271,0.7526961558004712,0.3028428186740722,-0.2627034640541894,0.2057013779707078,0.33770292819823056,0.5023347316227232,0.7116326694095301,0.5023347316227232,0.27000169422871,-0.585146459410689,-0.23419799160687926,0.5751058494377266,-0.416071219149155,1.0,0.8643215288456151,-0.5574328291474715,0.9079970532994325,-0.21402070291240283,0.8053888006680666,0.7844072490102812,-0.482715137060024,0.5385263480449038,0.33498472263677836,-0.22236104788185881,0.3182497335310995,0.27475881641269095,0.8349891746956966,0.657197104657516,0.6067139340782148,0.247856782848021,-0.43579867892988583,-0.1994568520459987,0.4936744896876276,-0.3889121873747205,0.9388404272056325,0.9390307992151955,-0.4866942564738493,0.9008621351788385,-0.04775302104233892,0.8194790824492522,0.8812407675879578,-0.394004154465461,0.6849284647725774,0.6070179797703465,-0.29271456788781414,0.4097168215375352,0.4051675879136568
0.6099134725078792,0.7736958426537391,0.6573182117537391,0.3698555748179308,-0.34434976799235284,0.014170425279606406,0.5376288601794902,-0.4940015470145652,0.776043821364797,0.6228162726378095,-0.648670046857681,0.5565552906590938,-0.41902516557688113,0.7783238463392167,0.5462869609931684,-0.17600805122717147,0.5612873018465439,0.3612442945751209,-0.32637228611224456,0.39257297658393814,0.40433846183445515,0.6104175108847222,0.5194043257479128,0.6104175108847222,0.3507940348566201,-0.3832234266932862,-0.17398673634243758,0.48179050254133415,-0.4279598586208201,0.8643215288456151,1.0,-0.389940862355391,0.8702710510569107,-0.26509989620595065,0.8370068042239546,0.6658752067633033,-0.22969381054907892,0.33604590986694133,0.31256530973621477,-0.26447204067257446,0.37608996437849723,0.2958568106993707,0.814651818253792,0.42193413533700064,0.5259505719916023,0.37153156585169395,-0.23260612091851793,-0.0667263133916564,0.5187478984619787,-0.4800296139674645,0.8678330395362134,0.87801204328125,-0.3580752310483449,0.7411918288242983,-0.011139289211599514,0.8563240483206289,0.7374294399179553,-0.054918812031783,0.7902122105343669,0.47798559680502684,-0.3801561700076736,0.4847069839299367,0.4721275961613738
-0.26563301491885344,-0.26852973933542595,-0.3468492547515415,0.4814663938459874,0.8314764200924968,0.5388544724369794,-0.1440610673207599,0.4858879404902114,-0.5108187842506003,-0.6222136027159696,0.8746680224340431,-0.845269596039397,0.6761557900064463,-0.24826173311932886,-0.4027546739051849,0.691874277809839,-0.5450267055397067,-0.17998612070277545,0.6740864902586837,0.40948558110251443,0.16567262140382888,0.1223525533007668,-0.38818966639847297,0.1223525533007668,0.39821686002897183,0.7986072545470881,0.7290631220811371,-0.09623178559033382,0.609338664686869,-0.5574328291474715,-0.389940862355391,1.0,-0.5705070027974659,0.7525680581831612,-0.2417017115782978,-0.2768897730727388,0.9005039405867633,-0.4135230099521429,-0.14322453701938248,0.6283248963923196,0.2794971027226717,0.2171329939647686,-0.2758414914819961,-0.32972688060427047,0.12527428713874764,0.511168172744701,0.8744780826523112,0.7148640740888357,0.2497833755647157,0.7218807898492102,-0.3699036322879572,-0.5818350704420332,0.9813431936567528,-0.5984015001960953,0.6971028723386047,-0.5929538944811608,-0.3206243203048817,0.8070543658819431,-0.14217554372277078,-0.750776140523646,0.7297400050333092,0.2288467425702667,0.1439419845166516
