Fp1,Fz,F3,F7,FT9,FC5,FC1,C3,T7,TP9,CP5,CP1,Pz,P3,P7,O1,Oz,P8,TP10,CP6,CP2,C4,T8,FT10,FC6,FC2,F4,F8,Fp2,AF7,AF3,AFz,F1,F5,FT7,FC3,FCz,C1,C5,TP7,CP3,P1,P5,PO7,PO3,POz,PO4,PO8,P6,P2,CPz,CP4,TP8,FC4,FT8,F6,F2,AF4,AF8,O2,P4,C6,C2
1.0,0.6340331311554257,0.7016849333846508,0.011340089459146893,-0.5611751981027394,-0.645386397704476,0.11599461767732418,-0.34957034705626955,0.7326183405874749,0.7395532991934218,-0.6811716618124699,0.4986887463147159,-0.7894455255231759,-0.09199450704086673,0.8146507249062669,-0.6239324809440951,0.9240676145997796,0.03104113596740014,-0.21554215797871423,0.5215041097380638,0.23106649328604517,0.549464857257871,0.6126918956871603,0.549464857257871,-0.041654719923950645,-0.707888373056147,-0.7328719355902782,0.26973765040079034,-0.35162172351100474,0.7267422019670928,0.6255036774466465,-0.5205847566604135,0.3862649638887447,-0.8209625864048102,-0.003870824307815892,0.7165259367985918,-0.612601359943073,0.8562589015203408,-0.08198907772071007,-0.12664040440074345,0.3856480672744906,0.3436986878394311,0.850379174258917,0.6203484847952079,0.5091170966249406,0.04613787669755403,-0.6217610461819623,-0.719156012811019,0.18076872943728692,-0.29565075910610455,0.7704966749101952,0.7000760070981915,-0.6560952797670179,0.402890910103282,-0.7114023039517146,-0.05156657921659801,0.765162183234851,-0.6334805988209204,0.8342993356591304,-0.12354472517888865,-0.20813920369460598,0.2984677418963182,0.11398548114061086
0.6340331311554257,1.0,0.7170202383626736,0.37430520375900206,-0.6067316533599444,-0.21039124249296962,0.41192188483055725,0.14078939389113693,0.7829658230866987,0.7239121416337734,-0.6866951122243016,0.48823830809864804,-0.47458670306264916,0.308266350758458,0.7640690996310482,-0.6840948080963342,0.7598580124456027,0.4174773490280178,-0.45356981036540683,0.4644851213954817,-0.07304243272774366,0.5954981348480305,0.7651262088098614,0.5954981348480305,0.2929678539257356,-0.5349349940545753,-0.34228658650337884,0.2698738473834127,0.01499793754543664,0.7184249255212807,0.6377008292700682,-0.8501102453507305,0.40956828820085545,-0.4525318860984011,0.40845314667400445,0.6687931226098196,-0.664536677549028,0.7233751133181685,0.4423471509119184,-0.4284354561567336,0.35684205047854517,-0.02547735673038894,0.6576674758364129,0.8916420469731828,0.5544869169760227,0.3369940763186659,-0.3955813035807128,-0.2709321661824363,0.45829251022714107,0.08130804963925689,0.7153013794842378,0.5328825616131531,-0.8159226925682305,0.23945561310695967,-0.5925175665012147,0.2224838234606783,0.407763106273024,-0.7783200655301431,0.5233434916269395,0.14174241280190872,-0.6725150201468383,0.10339011679856791,-0.12075640063797093
0.7016849333846508,0.7170202383626736,1.0,0.25569427535618405,-0.2500190447900703,-0.5949339153400676,0.05951126206937597,0.0017730921920287917,0.4480721711383853,0.7370318047035579,-0.7738318921792853,0.7989189627245236,-0.5369995904478714,-0.02359935703347468,0.772975149110808,-0.942805021977979,0.7202392404510005,-0.02363184049714415,-0.45758621281950684,0.31760926067182094,0.20373159760997506,0.9633088151066737,0.8980286482685274,0.9633088151066737,0.3546603872218204,-0.25078892725324314,-0.5641235435066887,0.05583029401565715,0.06875503508640644,0.5163863769716026,0.6648057588872975,-0.6145152010950966,0.8327148625997985,-0.4620500264319961,0.07081759633003538,0.8223592669216722,-0.8929548809312307,0.7640079959219702,-0.04593731896031305,-0.24144373328689434,0.2619945876405716,0.31614349640535605,0.6539780360109603,0.8371431729731275,0.9513215308840922,0.3879176602910486,-0.18801921215544512,-0.5456723049931871,0.4295927868476507,0.11725732778878953,0.510807187101051,0.7211588461697008,-0.7209930152288705,0.7677036030607813,-0.3707854723430153,0.030827020928253703,0.805897231483967,-0.904479849252968,0.6206166073464519,-0.12196067075355325,-0.40065777345556663,0.08022317658994643,0.19440019173047468
0.011340089459146893,0.37430520375900206,0.25569427535618405,1.0,0.17819604585693613,-0.012583558688888805,-0.2655404782052084,0.5748436818962271,0.06320111512059104,0.5255442315009338,-0.11200428074808993,0.06534592177086769,0.1329121407482684,-0.07531708587015644,0.49444817638584837,-0.41691644927080196,0.08398760974550812,-0.062479951066254084,-0.09604476547262836,0.17336925836679412,0.14382475448194415,0.25624396378651604,0.47612874494217083,0.25624396378651604,0.9294011119022652,0.13054511390916362,-0.03496244486018441,-0.4438368940145392,0.36261984470817527,0.04871262026572984,0.5725334965678198,-0.21176234619022716,0.29112908114254626,0.29340807992159584,0.07741526633569401,0.4588297287446001,-0.45904211464833317,0.23646704709916078,0.18189825730791923,0.035614243474938016,0.5148880379454845,0.06743157136696896,0.40606075926905644,0.21566025050246443,0.37107270353008726,0.92316473551209,0.40606420983745894,0.1296462222287453,-0.0657883581708252,0.4736603489890936,0.047125295909822056,0.4097040128735865,-0.06734187863328016,0.20090864869057823,0.0010449389017980204,-0.2172819165729833,0.16651055815077737,-0.46446352997269286,0.19167710153210787,0.04265917671621987,-0.20138899643043429,0.4428499767563858,0.23251802326400114
-0.5611751981027394,-0.6067316533599444,-0.2500190447900703,0.17819604585693613,1.0,0.13618951114565028,-0.6910661415071383,0.04516083752505735,-0.8895160602832415,-0.27218913264822436,0.5840763264380557,-0.17566129987937096,0.670026010218911,-0.6519519790131297,-0.32916955401758197,0.14190144911032782,-0.7028392281284335,-0.6363072469129303,0.5595829703673642,-0.3502883908442148,0.3289025863856265,-0.11416894318768363,-0.2923500410254059,-0.11416894318768363,0.19717231318475784,0.9353268865425642,0.19929268176879775,-0.7852220405609804,-0.039261389740112576,-0.80167355631054,-0.19569618368107605,0.7269911567007755,-0.08925961869260367,0.7381428377008087,-0.6577081949419408,-0.2500110724263682,0.07027842625972715,-0.5053453020498492,-0.5271392261407297,0.7054888483719108,-0.019492797699163563,0.27770385467490577,-0.5248199043928844,-0.6469924725206114,0.022142058895807566,0.20184724318193373,0.870473971826597,0.22884100998494045,-0.4935595663184536,-0.04755810563851817,-0.8293893482150423,-0.12760199759289126,0.7196256625455456,0.10126813617337144,0.6887186492077001,-0.6556042018975611,-0.05943504896936546,0.18864358089646108,-0.5375542275117471,-0.43311296647414044,0.6895197857210087,-0.004572566001568646,0.44299368246402787
-0.645386397704476,-0.21039124249296962,-0.5949339153400676,-0.012583558688888805,0.13618951114565028,1.0,0.47543633763538073,0.5970845248990587,-0.4052861474348992,-0.7107880234035289,0.693385042748001,-0.3005145795885411,0.735381559551185,0.46743983462657446,-0.643310078292881,0.6843705775949026,-0.5104296557425316,0.293116542567836,0.3943784764914196,-0.3384281013759389,-0.36867202021959994,-0.5851976084159662,-0.6248812099862701,-0.5851976084159662,-0.1290579334835571,0.29277381139048586,0.9243967707306452,0.16774662721689027,0.34746804027713213,-0.5876891180595678,-0.6857689270596767,0.3047103895795989,-0.4154063403524329,0.6553716251535732,0.43651041579271976,-0.7118278235741485,0.6087620601782961,-0.6890491047724759,0.3760589071325864,0.09316795412056704,-0.3946725743518268,-0.4928601102591355,-0.6653742738299111,-0.3670363244662459,-0.5830551670277799,-0.28570262808727404,0.11313306966235623,0.9265814092783936,0.17214288830966895,0.3041544496190407,-0.5827546242738372,-0.8223897227425707,0.4137753778325527,-0.4881962713696219,0.31838095870159816,0.30191589035374145,-0.898362656819941,0.5693991834294841,-0.8062361506724688,0.34202105577878034,0.015986510619469232,-0.3441126598782155,-0.3884690548026989
0.11599461767732418,0.41192188483055725,0.05951126206937597,-0.2655404782052084,-0.6910661415071383,0.47543633763538073,1.0,0.3579790756784021,0.4101089129862036,-0.2504978927237294,-0.0952978467180822,0.1273231519947101,-0.11944409917748058,0.8629007358039666,-0.1255631269197062,0.17537748681293247,0.3206383709437842,0.7069654305726588,-0.28203371308690256,0.09339010863348877,-0.36065932071854634,0.008944634404115788,-0.08028477753183148,0.008944634404115788,-0.29596154742221387,-0.4862906465987627,0.37863768283399146,0.8610851933766502,0.2652451974240539,0.2483826904505308,-0.3226414454345245,-0.4157140473058158,0.012734357030838429,-0.1795567081539312,0.8289404770294916,-0.17850348232208801,0.2194278817245413,0.02673410465347979,0.549313222303794,-0.5404731329899379,-0.3891688218671392,-0.3710023621389334,-0.04680771931319593,0.43662750509241055,-0.14213340070390007,-0.4160946902833112,-0.7034782611783399,0.3224030944910178,0.7599897221693618,0.23501964950324536,0.2741611002727516,-0.38842929050489744,-0.3941647884951035,-0.17833439990968125,-0.35754505773308537,0.7491693036221669,-0.3739606731585902,0.04098602678611057,-0.10166610233797961,0.4195619171317122,-0.5895606307904884,-0.4792749023009194,-0.4842319556552917
-0.34957034705626955,0.14078939389113693,0.0017730921920287917,0.5748436818962271,0.04516083752505735,0.5970845248990587,0.3579790756784021,1.0,-0.2090859742046936,-0.19338778994354988,0.191700243344101,0.16654893868488535,0.4565869781693385,0.5342526202350056,-0.14283062702992405,0.03904024921539492,-0.16660832305353643,0.1693222736428805,-0.11127083350961561,-0.2686259033049646,-0.20561757329313152,0.03240201315739256,0.03774689092750457,0.03240201315739256,0.5916798739175498,0.17276351584461055,0.6481813426017602,0.05504659409351452,0.8402757958655684,-0.3366703807679914,-0.161247771551118,-0.06545870842068999,0.318307760651406,0.519236098785747,0.6442220107358214,-0.1312730679668352,-0.0032063807343329287,-0.2640055906581459,0.36578270924234263,-0.214407046576657,-0.17344958411179012,-0.30633207873238216,-0.12601422265120807,0.15060620671045633,0.08050781628008095,0.3878909451539185,0.16079859865509918,0.706697644829535,0.4028156018568851,0.870728492805108,-0.31543808497330666,-0.30889255748904076,0.03909914826441134,0.15413114505890466,0.22618212145765124,0.4125275368648858,-0.4369731664907538,-0.0043172048613056525,-0.33149507326959277,0.4053013641176658,-0.37498638019792857,-0.08950017566191677,-0.1627405716965667
0.7326183405874749,0.7829658230866987,0.4480721711383853,0.06320111512059104,-0.8895160602832415,-0.4052861474348992,0.4101089129862036,-0.2090859742046936,1.0,0.6513181321108371,-0.7495650799046396,0.17278783813451956,-0.804053322751575,0.3437644922894477,0.6558605885260427,-0.4361945975621969,0.8130661698676862,0.48989293476672785,-0.5638537730210179,0.5247465428406739,-0.09559797275780853,0.3011028987296326,0.543744479657105,0.3011028987296326,-0.010811358057350439,-0.89550881095806,-0.5275935827388955,0.49744453301711217,-0.19199260550451971,0.9560251166793348,0.5832681175092939,-0.8369343415677515,0.12860520338139328,-0.8066841219600399,0.36706241361925873,0.546382665085306,-0.37699145716259275,0.7351286616400818,0.40445239236632613,-0.5899088714083969,0.305898476140052,-0.03511646962762167,0.7499389435990377,0.7261170327545486,0.20666553650696368,0.07855545291324667,-0.719271471708461,-0.5048893463080567,0.28887783391477395,-0.1457362380824091,0.9683861326902561,0.5134942491669156,-0.8123624611558696,-0.006358550409071857,-0.8114336677426223,0.31729974242084985,0.37475611980872003,-0.5055596849186528,0.7363125151793125,0.18833987950981876,-0.6473507959200442,0.17128747349066648,-0.18623514239482092
0.7395532991934218,0.7239121416337734,0.7370318047035579,0.5255442315009338,-0.27218913264822436,-0.7107880234035289,-0.2504978927237294,-0.19338778994354988,0.6513181321108371,1.0,-0.7508286581907997,0.35526576659605746,-0.6453524818804728,-0.2767961924897486,0.9456376147993093,-0.857385020128163,0.6906028982192453,-0.08032935718878974,-0.371369000851384,0.48072123668540373,0.31937928377585056,0.6408203927077147,0.8455722356008699,0.6408203927077147,0.46768921770956123,-0.40202853882443335,-0.7886873554784107,-0.2130468730098075,-0.2341327091610792,0.7046865602002149,0.9686996536962543,-0.6347317229581784,0.43410468688007015,-0.5422371878607695,-0.17631038045761657,0.8773395355139806,-0.8503938219423232,0.8265071644916098,-0.029192028000202493,-0.15361801841095138,0.6135338031784181,0.3837068161010559,0.8626312426888565,0.631287769688483,0.6820760986057084,0.6095362962101778,-0.11720541859796442,-0.6937457508642233,-0.06153108160691884,-0.14000513721422747,0.7006447122161344,0.9465451568833968,-0.6393712108713807,0.43007118473249645,-0.5621180974759787,-0.286565859564275,0.8081332689132915,-0.8703831211757008,0.7921970905715234,-0.21520515472845467,-0.318216267240253,0.43561940683677247,0.3219675984312597
-0.6811716618124699,-0.6866951122243016,-0.7738318921792853,-0.11200428074808993,0.5840763264380557,0.693385042748001,-0.0952978467180822,0.191700243344101,-0.7495650799046396,-0.7508286581907997,1.0,-0.5406936384650763,0.8503445879496229,-0.1666696002217752,-0.671847716762705,0.8162192348384483,-0.7192705702066172,-0.12708800927501962,0.7477492906763036,-0.2287487697418998,0.00014124113800865405,-0.6787235039646455,-0.816167652665414,-0.6787235039646455,-0.21659260567923722,0.6154377367987801,0.6377024149072369,-0.19330718095431995,-0.04679195107487404,-0.8162806439451157,-0.7527470167802872,0.8755373460974929,-0.6382789301336392,0.7909397896131164,-0.15061120157732302,-0.6994714875805609,0.7409152032981313,-0.7315219424929301,-0.1371742248827278,0.624486565551596,-0.18073597005138436,-0.10856653277530795,-0.7295046097306424,-0.8141509379432408,-0.6507417266146521,-0.2843149450565658,0.3907246018412979,0.6572801704923728,-0.25934010945306246,-0.05878507728447553,-0.7881026428593032,-0.7421940265975601,0.9305012684142292,-0.552584748926428,0.647359487090437,-0.27929294633916013,-0.6570262964800693,0.7325738046180057,-0.7705475213871834,-0.10797717101796395,0.651478243240388,-0.13545460885901026,0.010770622081802343
0.4986887463147159,0.48823830809864804,0.7989189627245236,0.06534592177086769,-0.17566129987937096,-0.3005145795885411,0.1273231519947101,0.16654893868488535,0.17278783813451956,0.35526576659605746,-0.5406936384650763,1.0,-0.22269547887574703,0.1254795659250252,0.46407189331303145,-0.6718953138908208,0.5618009443798605,-0.036402941632836125,-0.20995723690891668,0.05496227567924286,-0.1964959544190353,0.7286717960451174,0.6944825868263734,0.7286717960451174,0.22803714609104428,-0.14878070329257367,-0.14236648245035405,0.12469333155529892,0.3470765446802426,0.20667864449872086,0.2757871364405566,-0.38433874819850244,0.8648379130088397,-0.3050892697006304,0.24525267287138816,0.5453071025353264,-0.6532589607002331,0.5166930957461031,0.07870772018848234,-0.11009486809433174,0.12450051524969269,-0.07625921668424411,0.41761627924067274,0.6706631884856001,0.7412742291193868,0.1548040784636984,-0.09917998007192656,-0.15899232695138624,0.4972009047706588,0.34868764834410004,0.20405121410216912,0.3023718263306087,-0.5425966397178004,0.742132936809855,-0.06163788339892199,0.28379414155757215,0.4916479894857296,-0.5181986005974513,0.3822117643910763,0.24416482942043305,-0.23455669134164356,0.17514198425733907,-0.19861095069578427
-0.7894455255231759,-0.47458670306264916,-0.5369995904478714,0.1329121407482684,0.670026010218911,0.735381559551185,-0.11944409917748058,0.4565869781693385,-0.804053322751575,-0.6453524818804728,0.8503445879496229,-0.22269547887574703,1.0,-0.07408829986421495,-0.579383824244654,0.5480229777707396,-0.7368231808067429,-0.10196036370261848,0.5919050457539904,-0.3238612490920396,-0.1901859737638104,-0.4284611642153725,-0.5075811028183724,-0.4284611642153725,0.10318904919612144,0.7923073397012275,0.7628177241031112,-0.3367843469408137,0.2733900239133784,-0.8483824033519245,-0.6366291543252905,0.6888099911865264,-0.31291532489193236,0.948476725536887,-0.0062305773563648,-0.5460668274528021,0.4780564225140718,-0.6847388851901939,0.04849294165666073,0.5221746155599647,-0.1174557745231925,-0.2897804228971282,-0.7276334049588046,-0.5607430905492635,-0.3619436161013671,-0.0020623381981602087,0.6574615659538293,0.8097852824530771,-0.10163838927553423,0.2660292710590156,-0.8533221046165063,-0.6955702159723012,0.7722082360034989,-0.33376698234356483,0.8281913735963062,-0.15249576405354862,-0.6399829391671166,0.5233026496856483,-0.81813993414737,0.06457564416178417,0.45336800740183325,-0.08755047821774307,-0.10599908539722946
-0.09199450704086673,0.308266350758458,-0.02359935703347468,-0.07531708587015644,-0.6519519790131297,0.46743983462657446,0.8629007358039666,0.5342526202350056,0.3437644922894477,-0.2767961924897486,-0.1666696002217752,0.1254795659250252,-0.07408829986421495,1.0,-0.1905786845557919,0.17585232284214034,0.2078628628045269,0.769255260699407,-0.42564675671168006,0.005261883509997776,-0.6271830223133191,-0.051895014791558135,-0.0022966872992525645,-0.051895014791558135,0.0025471696742812044,-0.44412685889949616,0.5220013636468759,0.7894596907224876,0.6149186014188333,0.24109971691487483,-0.2635872300822039,-0.47136403621854034,0.1403121285813718,-0.10529159090945044,0.9329153764296563,-0.15385303461222616,0.26038820767847165,-0.024941324200608888,0.7567152198443402,-0.6661623897622699,-0.30900366642850685,-0.6532702890543195,-0.014467252150663704,0.40227731129284994,-0.1751567478753546,-0.15221980944033628,-0.48175280516230995,0.47499994678614227,0.7519241480394534,0.5730687923581268,0.23175772834350725,-0.4280461874482147,-0.3930671036454341,-0.16077770436891867,-0.23078329752403656,0.9405810839481143,-0.4769064539638547,0.14961332015472767,-0.05259877580063526,0.7427611139646895,-0.6714603954017363,-0.25656179516312067,-0.6789658061102197
0.8146507249062669,0.7640690996310482,0.772975149110808,0.49444817638584837,-0.32916955401758197,-0.643310078292881,-0.1255631269197062,-0.14283062702992405,0.6558605885260427,0.9456376147993093,-0.671847716762705,0.46407189331303145,-0.579383824244654,-0.1905786845557919,1.0,-0.8061924750033449,0.8238227745232879,0.07958030778292437,-0.2432783043903503,0.6723243693389211,0.19318331634491726,0.6788213870060497,0.8599480079922458,0.6788213870060497,0.4494124394220716,-0.4328340880061385,-0.7093306577031967,-0.038323456335255336,-0.203580978967862,0.7103833523166097,0.8663096962998088,-0.565978979276268,0.45573685661526725,-0.5176197130142104,-0.051427550107195436,0.9483603402414654,-0.7739954330535521,0.9331625700321511,0.09452795180816038,-0.03436451262413242,0.7301657031383629,0.2701146318528789,0.916858719949557,0.6773832270502448,0.6812256321200134,0.5688643719306027,-0.18971871832915782,-0.6034963879642119,0.1429582434471886,-0.09812404238471414,0.7175869530303307,0.8355160630700315,-0.5874832472243773,0.37230710577123655,-0.506016188684071,-0.21652641101403394,0.8126889433168153,-0.8231060802505566,0.8360608085897626,-0.09715779781197621,-0.22811676499697278,0.5244812678719846,0.170610910947161
-0.6239324809440951,-0.6840948080963342,-0.942805021977979,-0.41691644927080196,0.14190144911032782,0.6843705775949026,0.17537748681293247,0.03904024921539492,-0.4361945975621969,-0.857385020128163,0.8162192348384483,-0.6718953138908208,0.5480229777707396,0.17585232284214034,-0.8061924750033449,1.0,-0.6045232575643863,0.1622577262802289,0.5034589899928289,-0.24218233794340394,-0.2778366957807745,-0.9035064427422423,-0.9356880748800195,-0.9035064427422423,-0.49522563348948423,0.18755083400101374,0.6531193752046466,0.19509946819949783,-0.036863537023402275,-0.5240684636329728,-0.8329497500578669,0.6408331364938823,-0.7836048341773728,0.43359978827254025,0.09089055829048802,-0.8428433216360527,0.9705683843928412,-0.7257258190713148,0.10383366008318286,0.2481953855280105,-0.342327689946612,-0.37211082127762163,-0.6791997050363313,-0.7592546334530158,-0.9427952366713472,-0.5668883435265778,0.009269125409205726,0.6104901713856532,-0.17779975369417494,-0.09417454660229718,-0.5030623332679808,-0.8617413456361034,0.7058042652816002,-0.7612315243813057,0.3673589083418758,0.11467672516826295,-0.8298187964559758,0.9460037898709588,-0.6395398834130616,0.1902802544452953,0.4036492340511254,-0.18480534571709156,-0.31168147852379346
0.9240676145997796,0.7598580124456027,0.7202392404510005,0.08398760974550812,-0.7028392281284335,-0.5104296557425316,0.3206383709437842,-0.16660832305353643,0.8130661698676862,0.6906028982192453,-0.7192705702066172,0.5618009443798605,-0.7368231808067429,0.2078628628045269,0.8238227745232879,-0.6045232575643863,1.0,0.3686761628271191,-0.3094834166368379,0.6651108922442075,-0.07180438790710264,0.5844567654472436,0.700890092074726,0.5844567654472436,0.08384673390851514,-0.7590225212531504,-0.5485114390424014,0.48534355102427157,-0.1251585590406745,0.8202527867241832,0.5830507867466799,-0.6559870790861142,0.44905218350420806,-0.7680903268818141,0.28210980370106126,0.7793875802590869,-0.5341586948933179,0.9247096480543543,0.27627277262366234,-0.25048995406722885,0.4653887044941622,0.03495444356042064,0.8788902847749139,0.7656541252996288,0.497780829956844,0.13790720924056102,-0.6326748199999066,-0.5230077614817344,0.4726877012924342,-0.07117679333130905,0.8414799169161201,0.5653131406470246,-0.7379282649010138,0.29757916781338967,-0.6823128357160894,0.2196417595804024,0.6472099044113849,-0.6056735815712011,0.851745960199861,0.1846783908136609,-0.36163736067896574,0.34626379301758137,-0.17712445097816673
0.03104113596740014,0.4174773490280178,-0.02363184049714415,-0.062479951066254084,-0.6363072469129303,0.293116542567836,0.7069654305726588,0.1693222736428805,0.48989293476672785,-0.08032935718878974,-0.12708800927501962,-0.036402941632836125,-0.10196036370261848,0.769255260699407,0.07958030778292437,0.1622577262802289,0.3686761628271191,1.0,-0.22735063917409834,0.5585682798530052,-0.6648009147119927,-0.028594861292403694,0.10064338083896622,-0.028594861292403694,-0.034881721587784145,-0.42469984079447964,0.2777762043201796,0.780466429099701,0.1929270742345057,0.4770095938456743,-0.11495909836820686,-0.42170398560098976,-0.1312558402810697,-0.1325122885661181,0.7049348573595626,0.1225580906048658,0.31251121994611025,0.2804946500216467,0.8938200002631763,-0.36852136628997484,0.18704415930153234,-0.6690356555802588,0.14685045827173324,0.3870567749140888,-0.20889893438448942,-0.05667443415127715,-0.39866469241085334,0.2911404358135176,0.7139980366617479,0.19053121254516722,0.4426665944851236,-0.30863302370869644,-0.2950257993659791,-0.5061637025765194,-0.22564025159872678,0.6480158624772042,-0.2729826418127318,0.08757192521342036,0.1476246779343106,0.6418028792159198,-0.4145477768768078,0.00934427465276799,-0.7159625592139528
-0.21554215797871423,-0.45356981036540683,-0.45758621281950684,-0.09604476547262836,0.5595829703673642,0.3943784764914196,-0.28203371308690256,-0.11127083350961561,-0.5638537730210179,-0.371369000851384,0.7477492906763036,-0.20995723690891668,0.5919050457539904,-0.42564675671168006,-0.2432783043903503,0.5034589899928289,-0.3094834166368379,-0.22735063917409834,1.0,0.03612771613311057,-0.011686975660556343,-0.47993034756540487,-0.5229337842925573,-0.47993034756540487,-0.24389433262134913,0.43967898985420256,0.3315026928509057,-0.2877961508884926,-0.33082191830896196,-0.5994164400591485,-0.3852859672499077,0.7455262161111238,-0.47334975334656443,0.4568074805278722,-0.4245430630254348,-0.3167192783664577,0.4052740166098044,-0.31692781050156815,-0.18377435894694713,0.9167056605641348,0.1917916662340837,-0.05253235312609786,-0.3384895274124195,-0.6942818032588775,-0.4150571700640067,-0.24135798281297532,0.35527408564442203,0.366733772983417,-0.3460435712808789,-0.3441284423752382,-0.589490517100985,-0.38644998554560683,0.7039079123415902,-0.35643017320746373,0.35914614678421497,-0.4948396088273268,-0.2364814895857777,0.48638515521894765,-0.4059523176108388,-0.10848004486339827,0.8590184224904074,0.24289296985013376,-0.04676284945743983
0.5215041097380638,0.4644851213954817,0.31760926067182094,0.17336925836679412,-0.3502883908442148,-0.3384281013759389,0.09339010863348877,-0.2686259033049646,0.5247465428406739,0.48072123668540373,-0.2287487697418998,0.05496227567924286,-0.3238612490920396,0.005261883509997776,0.6723243693389211,-0.24218233794340394,0.6651108922442075,0.5585682798530052,0.03612771613311057,1.0,-0.10928487715472623,0.31404733111865757,0.4295186228610137,0.31404733111865757,0.14328349093329587,-0.34633945750039064,-0.41231515925598955,0.3447679199325842,-0.3379135409326007,0.6226828691790427,0.3794392342181049,-0.22619884458148964,-0.04236927673732159,-0.29668455962886137,0.06120591039340951,0.6869743677215839,-0.10879706081009573,0.7719320269636847,0.38771151605076604,0.16950976963334424,0.7797869526900663,-0.05886393306140909,0.620388729619875,0.3604809688793313,0.1858748024534033,0.2723986459130259,-0.2389884778633834,-0.31889393136471894,0.3505991171681226,-0.251797708437535,0.6167073994119877,0.31306511051034003,-0.1812520990662529,-0.26404936781759936,-0.28048177236764843,-0.10505136914761544,0.46213706972995067,-0.31759329456261814,0.627802471996543,0.0799461468662071,0.06395262100733055,0.46647664760597357,-0.16003410221870254
0.23106649328604517,-0.07304243272774366,0.20373159760997506,0.14382475448194415,0.3289025863856265,-0.36867202021959994,-0.36065932071854634,-0.20561757329313152,-0.09559797275780853,0.31937928377585056,0.00014124113800865405,-0.1964959544190353,-0.1901859737638104,-0.6271830223133191,0.19318331634491726,-0.2778366957807745,-0.07180438790710264,-0.6648009147119927,-0.011686975660556343,-0.10928487715472623,1.0,0.25226676206687526,-0.0007529580476351624,0.25226676206687526,0.017066438123441326,0.17554459410491963,-0.5557067395479981,-0.4590676247043492,-0.4558243935652841,-0.10891872722412543,0.2972032422108164,0.17057925526067233,0.005648857642722018,-0.015771356045115262,-0.5715035288276703,0.09432077930102994,-0.36818203417596146,-0.0006978060854284966,-0.83456950953413,0.16353902335578602,-0.12988914008117314,0.9842787260620538,0.06183905815440149,-0.11310340584629927,0.3213704980384747,0.10638520425785812,0.007935249946115875,-0.5391056110247991,-0.43920691023016284,-0.39669437267021407,-0.049712574588229926,0.5198978316586258,0.10778837574828327,0.36018877693090384,-0.16505793589204235,-0.7013279440892748,0.4515360358978457,-0.41835641497249365,0.03945302474608272,-0.9301520684579143,0.14651021833380537,-0.28901601469721266,0.9781715312704563
0.549464857257871,0.5954981348480305,0.9633088151066737,0.25624396378651604,-0.11416894318768363,-0.5851976084159662,0.008944634404115788,0.03240201315739256,0.3011028987296326,0.6408203927077147,-0.6787235039646455,0.7286717960451174,-0.4284611642153725,-0.051895014791558135,0.6788213870060497,-0.9035064427422423,0.5844567654472436,-0.028594861292403694,-0.47993034756540487,0.31404733111865757,0.25226676206687526,1.0,0.8538811983114766,1.0,0.40480288412911664,-0.07162666772738006,-0.5252405070764853,0.021670003011760086,0.11539071049343569,0.4129353261986299,0.5746802001157066,-0.4966513137552046,0.8306071474694161,-0.30531786579988635,0.03704679367276804,0.7882405905659119,-0.8219709450329699,0.6820586991926598,-0.09383469029386736,-0.20995795931311295,0.22332956185003933,0.3561940556204914,0.5304439609931818,0.7724693675898273,0.9720584780162748,0.4354818742627847,-0.06284994077373797,-0.5082484706512828,0.46782381299162595,0.16665842462281136,0.40090633430237593,0.6546342008262752,-0.5856355826419655,0.7537261954968959,-0.19814503710430847,-0.006533957882185733,0.7860073803881569,-0.8695513346770984,0.5290217454305213,-0.194276488790178,-0.3438074531053342,-0.00693755808270511,0.2726724190545547
0.6126918956871603,0.7651262088098614,0.8980286482685274,0.47612874494217083,-0.2923500410254059,-0.6248812099862701,-0.08028477753183148,0.03774689092750457,0.543744479657105,0.8455722356008699,-0.816167652665414,0.6944825868263734,-0.5075811028183724,-0.0022966872992525645,0.8599480079922458,-0.9356880748800195,0.700890092074726,0.10064338083896622,-0.5229337842925573,0.4295186228610137,-0.0007529580476351624,0.8538811983114766,1.0,0.8538811983114766,0.5796186870770041,-0.2881405428415932,-0.5545370481080225,-0.03650619226692042,0.15465470033995285,0.6430181551222371,0.7997064289397525,-0.694867001588606,0.7553661109268085,-0.43043607566685577,0.11900795477317815,0.9205315783793477,-0.8647813355934869,0.8340399116131236,0.19389178605673102,-0.28462662706606473,0.5308336624793488,0.09445024215275753,0.7726350481079388,0.8418307483444689,0.8585470627780475,0.6401441114143086,-0.03569685614466105,-0.48497119499592795,0.33215705398339884,0.2272231465766219,0.6174768826041186,0.7544283231605556,-0.7158913403022303,0.5906036496059227,-0.30943587697570596,0.058287923847642815,0.7464468704529487,-0.8632359680331495,0.7303442166848946,0.08072098060372532,-0.45094662677022945,0.3783581245339328,0.04258398708262881
0.549464857257871,0.5954981348480305,0.9633088151066737,0.25624396378651604,-0.11416894318768363,-0.5851976084159662,0.008944634404115788,0.03240201315739256,0.3011028987296326,0.6408203927077147,-0.6787235039646455,0.7286717960451174,-0.4284611642153725,-0.051895014791558135,0.6788213870060497,-0.9035064427422423,0.5844567654472436,-0.028594861292403694,-0.47993034756540487,0.31404733111865757,0.25226676206687526,1.0,0.8538811983114766,1.0,0.40480288412911664,-0.07162666772738006,-0.5252405070764853,0.021670003011760086,0.11539071049343569,0.4129353261986299,0.5746802001157066,-0.4966513137552046,0.8306071474694161,-0.30531786579988635,0.03704679367276804,0.7882405905659119,-0.8219709450329699,0.6820586991926598,-0.09383469029386736,-0.20995795931311295,0.22332956185003933,0.3561940556204914,0.5304439609931818,0.7724693675898273,0.9720584780162748,0.4354818742627847,-0.06284994077373797,-0.5082484706512828,0.46782381299162595,0.16665842462281136,0.40090633430237593,0.6546342008262752,-0.5856355826419655,0.7537261954968959,-0.19814503710430847,-0.006533957882185733,0.7860073803881569,-0.8695513346770984,0.5290217454305213,-0.194276488790178,-0.3438074531053342,-0.00693755808270511,0.2726724190545547
-0.041654719923950645,0.2929678539257356,0.3546603872218204,0.9294011119022652,0.19717231318475784,-0.1290579334835571,-0.29596154742221387,0.5916798739175498,-0.010811358057350439,0.46768921770956123,-0.21659260567923722,0.22803714609104428,0.10318904919612144,0.0025471696742812044,0.4494124394220716,-0.49522563348948423,0.08384673390851514,-0.034881721587784145,-0.24389433262134913,0.14328349093329587,0.017066438123441326,0.40480288412911664,0.5796186870770041,0.40480288412911664,1.0,0.18760765422517883,-0.019750777000362676,-0.378739264288428,0.5587804787914048,0.05180354114537588,0.5309696843224672,-0.2214101636658362,0.5114532913678382,0.276496451335927,0.13610975272870887,0.5268417685845358,-0.47617990128032267,0.27026618792509305,0.21099442611962388,-0.051344210449666146,0.4763469707961537,-0.02770932119019977,0.40073782107228145,0.2887330602339426,0.4978065355777612,0.9669496398025346,0.47293887474284635,0.1146191987329474,0.08812245239146435,0.6513801024031683,0.03152617313343384,0.3830782785505713,-0.10312825003055018,0.35183758667718157,0.13566844106472203,-0.05808195567649419,0.23369017836260422,-0.453130462305138,0.25519354803668054,0.16867969174744038,-0.22793267075272552,0.45407229637197355,0.1411189844968871
-0.707888373056147,-0.5349349940545753,-0.25078892725324314,0.13054511390916362,0.9353268865425642,0.29277381139048586,-0.4862906465987627,0.17276351584461055,-0.89550881095806,-0.40202853882443335,0.6154377367987801,-0.14878070329257367,0.7923073397012275,-0.44412685889949616,-0.4328340880061385,0.18755083400101374,-0.7590225212531504,-0.42469984079447964,0.43967898985420256,-0.34633945750039064,0.17554459410491963,-0.07162666772738006,-0.2881405428415932,-0.07162666772738006,0.18760765422517883,1.0,0.3637905387683049,-0.635817838244522,0.09375650042412906,-0.8108081844749305,-0.3488425940740773,0.6669601742908116,-0.08111798362752105,0.860646634735111,-0.44095110222983963,-0.31373933111956975,0.151846029982331,-0.5651461131060276,-0.34022189999559066,0.5672626163786285,-0.11343701041565585,0.11977077631930448,-0.6697031116633477,-0.5287315057172333,0.019392482730543985,0.16417692805788958,0.8683418270803344,0.38777138224522695,-0.2629973134349894,0.0805778670974731,-0.8482737875988835,-0.3027199769572859,0.6972741649249892,0.01607568470597219,0.8151600175342445,-0.4664681805752188,-0.20773068967888103,0.20909541358833858,-0.6747320623736252,-0.33026659750744286,0.5380657771650627,-0.17602652388073609,0.30591059671924664
-0.7328719355902782,-0.34228658650337884,-0.5641235435066887,-0.03496244486018441,0.19929268176879775,0.9243967707306452,0.37863768283399146,0.6481813426017602,-0.5275935827388955,-0.7886873554784107,0.6377024149072369,-0.14236648245035405,0.7628177241031112,0.5220013636468759,-0.7093306577031967,0.6531193752046466,-0.5485114390424014,0.2777762043201796,0.3315026928509057,-0.41231515925598955,-0.5557067395479981,-0.5252405070764853,-0.5545370481080225,-0.5252405070764853,-0.019750777000362676,0.3637905387683049,1.0,0.16797578729991366,0.5842837766776099,-0.6414432251579714,-0.7323555972738603,0.3445138601360536,-0.2156729798839398,0.6717280528679888,0.4777009502512835,-0.6752682031654723,0.6194375093795019,-0.6950730708549913,0.42434944200837904,0.07116800328292215,-0.38970400848688763,-0.6564937528504762,-0.6687527715176101,-0.3705555591118563,-0.51853121144416,-0.21373896415969829,0.24401532196761933,0.9806357365316285,0.24829409402451313,0.5203021744184919,-0.6560667035312494,-0.8798839430590993,0.4301200200265329,-0.356837948774145,0.487113474849903,0.4497311271219426,-0.882069052736964,0.6535488776199505,-0.758377530826399,0.5405759023223399,0.051281554245467424,-0.22297107930386628,-0.5331434917061146
0.26973765040079034,0.2698738473834127,0.05583029401565715,-0.4438368940145392,-0.7852220405609804,0.16774662721689027,0.8610851933766502,0.05504659409351452,0.49744453301711217,-0.2130468730098075,-0.19330718095431995,0.12469333155529892,-0.3367843469408137,0.7894596907224876,-0.038323456335255336,0.19509946819949783,0.48534355102427157,0.780466429099701,-0.2877961508884926,0.3447679199325842,-0.4590676247043492,0.021670003011760086,-0.03650619226692042,0.021670003011760086,-0.378739264288428,-0.635817838244522,0.16797578729991366,1.0,0.15202943009947797,0.4420648964263465,-0.29124806688258115,-0.34653061595819606,0.00926506383578718,-0.41629992568191765,0.7269290016266817,-0.01272378395638578,0.3202015845951044,0.24283250546857768,0.5474050272252381,-0.47299222176115957,-0.18445376512669107,-0.4193670308204244,0.14592406076834485,0.3932670378693335,-0.18057015631918338,-0.4536780918328123,-0.7892795605255944,0.09228103082875223,0.7679227359649692,0.11924149264808728,0.46202915291646085,-0.326234809211257,-0.36536914191510256,-0.23281333518671424,-0.3709390363373748,0.7608575363578379,-0.17459764007741607,0.14696507505616954,0.20742700514808496,0.5046023772709779,-0.40785352698853167,-0.22384885749219394,-0.5877684023483732
-0.35162172351100474,0.01499793754543664,0.06875503508640644,0.36261984470817527,-0.039261389740112576,0.34746804027713213,0.2652451974240539,0.8402757958655684,-0.19199260550451971,-0.2341327091610792,-0.04679195107487404,0.3470765446802426,0.2733900239133784,0.6149186014188333,-0.203580978967862,-0.036863537023402275,-0.1251585590406745,0.1929270742345057,-0.33082191830896196,-0.3379135409326007,-0.4558243935652841,0.11539071049343569,0.15465470033995285,0.11539071049343569,0.5587804787914048,0.09375650042412906,0.5842837766776099,0.15202943009947797,1.0,-0.2145699248037308,-0.16364471333867564,-0.14933655376958704,0.5338301291439274,0.30705859648329936,0.6626559689400148,-0.06469764968659374,-0.0033693212331769346,-0.19111780338710832,0.4186977434861021,-0.3867620727096544,-0.21099760053893704,-0.4973534543690949,-0.07324239752173363,0.21764207720420436,0.14089914895369007,0.3473038916019391,0.1713385330664307,0.5835992125121119,0.47360681858182085,0.9866162321453181,-0.22613078473219517,-0.3013820161715443,-0.09282534676500152,0.2974017041524642,0.28771356468540743,0.6552470553751972,-0.34252544137522645,0.07995592688439446,-0.15179257478951227,0.6393061340702643,-0.41594152467743606,0.01611224491230029,-0.3752874430482367
0.7267422019670928,0.7184249255212807,0.5163863769716026,0.04871262026572984,-0.80167355631054,-0.5876891180595678,0.2483826904505308,-0.3366703807679914,0.9560251166793348,0.7046865602002149,-0.8162806439451157,0.20667864449872086,-0.8483824033519245,0.24109971691487483,0.7103833523166097,-0.5240684636329728,0.8202527867241832,0.4770095938456743,-0.5994164400591485,0.6226828691790427,-0.10891872722412543,0.4129353261986299,0.6430181551222371,0.4129353261986299,0.05180354114537588,-0.8108081844749305,-0.6414432251579714,0.4420648964263465,-0.2145699248037308,1.0,0.6506094257368817,-0.8057377270402544,0.20413133943109518,-0.8226040534400453,0.2424310570566675,0.6772973990665706,-0.4147372103878426,0.8275805945485711,0.37422649209427905,-0.5338675829907287,0.4209212880549267,-0.023228649892616058,0.7943972224818867,0.7244126305065914,0.30680138491576847,0.17368051312877597,-0.5950006926678173,-0.6211086002942617,0.28815953872225725,-0.1693073413874352,0.9902389807965661,0.5949643678687422,-0.7889667712115517,0.04121704704233809,-0.7248630046367968,0.2564246005384306,0.5234780670432649,-0.5410157457914468,0.8410835471685741,0.16871715955474761,-0.5555390149218421,0.26283444117690763,-0.1671635910540205
0.6255036774466465,0.6377008292700682,0.6648057588872975,0.5725334965678198,-0.19569618368107605,-0.6857689270596767,-0.3226414454345245,-0.161247771551118,0.5832681175092939,0.9686996536962543,-0.7527470167802872,0.2757871364405566,-0.6366291543252905,-0.2635872300822039,0.8663096962998088,-0.8329497500578669,0.5830507867466799,-0.11495909836820686,-0.3852859672499077,0.3794392342181049,0.2972032422108164,0.5746802001157066,0.7997064289397525,0.5746802001157066,0.5309696843224672,-0.3488425940740773,-0.7323555972738603,-0.29124806688258115,-0.16364471333867564,0.6506094257368817,1.0,-0.6411192606474344,0.43081928865877755,-0.5023485270906077,-0.2276534124715273,0.816793995125699,-0.8253435244609545,0.7293017262604384,-0.02275266440129043,-0.18018861653692902,0.5635281845377154,0.3443893768067808,0.8099718731631408,0.5372754672879411,0.6385312524580973,0.668330361073326,-0.014125247188096062,-0.6461763846198842,-0.1401862182517678,-0.08923490432957933,0.6250154237324157,0.9453464697301212,-0.6257874029513237,0.43800120307527557,-0.5764174048452307,-0.27493778550715353,0.7494822246720918,-0.8212302178608081,0.7426841111437759,-0.1693227608711929,-0.3244373423416658,0.43388690823069936,0.31859223005638476
-0.5205847566604135,-0.8501102453507305,-0.6145152010950966,-0.21176234619022716,0.7269911567007755,0.3047103895795989,-0.4157140473058158,-0.06545870842068999,-0.8369343415677515,-0.6347317229581784,0.8755373460974929,-0.38433874819850244,0.6888099911865264,-0.47136403621854034,-0.565978979276268,0.6408331364938823,-0.6559870790861142,-0.42170398560098976,0.7455262161111238,-0.22619884458148964,0.17057925526067233,-0.4966513137552046,-0.694867001588606,-0.4966513137552046,-0.2214101636658362,0.6669601742908116,0.3445138601360536,-0.34653061595819606,-0.14933655376958704,-0.8057377270402544,-0.6411192606474344,1.0,-0.44569404518635714,0.6362411187557226,-0.44194365507057737,-0.525773206316688,0.5854908992417963,-0.5929429659643639,-0.4565415955330851,0.759609029987593,-0.10282820358098209,0.11875967060498968,-0.5987027823134696,-0.8526690825216695,-0.44942001765157474,-0.254205527369369,0.4645619417745785,0.34035819545050044,-0.39877677609124573,-0.16120836401480457,-0.773765439764032,-0.5256355340476636,0.9617307452994958,-0.2840712556893919,0.716360554445184,-0.46398981823084806,-0.319390444330486,0.6580474865947589,-0.5523476065138947,-0.2812982543621829,0.8664054821699381,0.010583832522213028,0.20040765645847924
