Fp1,Fz,F3,F7,FT9,FC5,FC1,C3,T7,TP9,CP5,CP1,Pz,P3,P7,O1,Oz,P8,TP10,CP6,CP2,C4,T8,FT10,FC6,FC2,F4,F8,Fp2,AF7,AF3,AFz,F1,F5,FT7,FC3,FCz,C1,C5,TP7,CP3,P1,P5,PO7,PO3,POz,PO4,PO8,P6,P2,CPz,CP4,TP8,FC4,FT8,F6,F2,AF4,AF8,O2,P4,C6,C2
1.0,0.3514117235711044,0.477425328142096,0.6626286303823492,0.08649020127744456,0.5745155928754069,0.3683286883303091,-0.5655854108745945,0.2880846433964027,-0.23829014525844075,-0.06162385071208302,-0.08744793502844062,0.517313117288283,0.34298950063442923,0.6987111406833654,0.29119731150995587,-0.2962810866632393,-0.44058878087934333,-0.14627951346134493,-0.16512999163253803,-0.027361311210652887,0.3665279284517013,0.1777662889112017,0.3665279284517013,0.5811887494135762,0.12735790879086614,0.4469934817742145,0.3673008221165689,-0.3960121371740545,0.22364097229464913,-0.20362125191269217,0.052164585589647774,-0.0786553922152448,0.4639201295796004,0.2818060273872681,0.5972055394202963,0.21792687556418178,-0.307151244801912,-0.49615814839752365,-0.2708754642653485,-0.2540357361389134,-0.2515602666438538,0.8202373665630917,0.12968392426746492,0.23946461475884886,0.6286732147238601,-0.05865190858546302,0.5251741668827425,0.20831129115089,-0.5224026927408667,0.07069072866072276,-0.21884571889321477,-0.052543762984227804,0.008484747263109854,0.4682156544805204,0.3071658911644449,0.6915668504753946,0.41882376969776347,-0.2698823055715571,-0.3627545654452699,-0.29141891898508937,-0.20663206772541579,-0.188542692083541
0.3514117235711044,1.0,0.3973500208646018,0.4562453227270558,0.041122540251456716,0.05955506198776415,0.4281019932745001,-0.029512300149740083,-0.07684179810537463,-0.5910213452659361,0.2709138559419176,0.28843271316999936,-0.2262470967423337,-0.05010847229492913,0.12751655422804078,-0.20282004949908816,-0.0769403783680782,0.15133742104796113,0.18634067104881763,0.3729869285679469,0.47820639986334584,0.5458362677888456,0.8847666889817013,0.5458362677888456,0.39678976884984235,0.12288021473931954,0.19067630461391352,0.4087671978601139,0.11683409386867556,-0.09698246931297998,-0.3306482681976063,0.25990761483570435,0.5732228851798367,-0.07947671905491671,-0.042671225708988784,0.10891316156819618,-0.10751162812122514,-0.06053593468904344,0.1722750297030609,0.13937544395188745,0.3625500912925502,0.29868021972862757,0.21083613613608815,0.9075635954964819,0.3936662559419971,0.2798186843575052,-0.06598658395364221,0.06324814599971842,0.49832834457973646,-0.07892678901370272,-0.18406743131845776,-0.5331291960628212,0.1974699680400541,0.1930722159632951,-0.165440544657243,0.03192185510393786,0.14259539433319782,-0.07790201977365109,-0.1371872479255405,0.14741353440666377,-0.003117185527020305,0.28274955145898434,0.2003588492332762
0.477425328142096,0.3973500208646018,1.0,0.1771175960343019,0.21627739818942782,0.48963037767861195,0.4135785257089246,-0.1530826629761062,0.48305706904498624,-0.05192818248891796,0.5328312030169288,0.5421015203062376,0.1594818879563599,-0.2661057262795646,0.37748039766696406,0.31578853822640596,0.032817837114682905,0.11816781833441817,0.020996503450940635,0.04309510585130952,0.5707682297602985,0.8654377556613838,0.3378020433386519,0.8654377556613838,0.1398706529439295,0.19418484584747395,0.4286508379716405,0.5136236192018789,-0.04218979587574493,0.3041026907354289,-0.026444067316688587,0.5198845763049855,0.41325918712387744,0.1260892221819956,-0.23375885381839795,0.2926514588229844,0.42388172570600885,0.050312086729141385,0.05567650610493619,-0.042612322438379424,-0.06555131061849205,0.46142543749266896,0.16364310005865232,0.3549680919551956,0.7970855517184978,0.07536259194102804,0.04721738519607497,0.489626834533477,0.2686021158182267,-0.026471755071420626,0.2466345890017984,-0.003124901656043843,0.5476101280973336,0.5014946488273065,0.12278805374404479,-0.25759654468525106,0.3054881555030418,0.04005600725583318,0.051428400617516364,0.122540395579074,-0.07596728232357812,0.0014534248828013748,0.43175526974315626
0.6626286303823492,0.4562453227270558,0.1771175960343019,1.0,0.31959865919597336,0.41897813320473576,0.6109085516749203,-0.4233801121749122,-0.20459646549216667,-0.7089779100775192,-0.312204787788831,-0.30116586572779036,0.19847337252176386,0.6019438687335333,0.3326364918685296,-0.1484931250432241,0.03745553613156597,-0.4152180528638962,0.22519011913207873,0.21575079013410384,-0.19983384516174374,0.23647094439143942,0.3154083490843251,0.23647094439143942,0.8928805061002056,0.35677018597328225,0.38657780342467035,0.49759848390539657,-0.2786808362544993,-0.1442871553149909,-0.46056524558540507,-0.1536545872162785,0.03631151935410643,0.13504772785326552,0.5601438881587948,0.2563619454413294,-0.12377261618141923,-0.02383076148415335,-0.38009140766687,0.17392724215541208,0.20896903590160418,-0.44772265414818874,0.635994000316293,0.25055436591409636,0.07880478998109751,0.9439152437841646,0.1854076749924721,0.29624878002676946,0.5618192418413783,-0.5625434062810944,-0.28835469838565536,-0.6327490600124916,-0.33652455232276185,-0.30820795568066384,0.21080910300012395,0.60291027590354,0.4171755145681785,0.11349158302727626,-0.010372019174126765,-0.3672021085436079,0.045684716864270544,0.1489853039740413,-0.47701995689619486
0.08649020127744456,0.041122540251456716,0.21627739818942782,0.31959865919597336,1.0,-0.2548205096287603,0.651040963381247,0.1653472555079585,0.12845446492311416,-0.2566483876259281,0.055051808945353664,-0.18923455040860626,0.07960683338784265,0.4711712176995369,-0.17939093488484267,-0.35268116198144583,0.6825740578001209,0.3216134494270211,0.6987485183791027,0.601990258908002,-0.020395243643018306,0.19141783430974552,-0.0023441564655532813,0.19141783430974552,0.34252191632490775,0.8607858364989197,-0.23945863687281166,0.5063814306974028,0.16920899001100942,0.15090999920933088,-0.116699166069225,0.15251179527560407,0.05229578306146289,0.11603686506147035,0.42545861529716184,-0.2125477172713914,-0.323384075424276,0.6100919518797887,0.32364139292992844,0.713412793180874,0.5172786927313449,-0.10378447158622735,-0.04510915419740733,-0.028140615207312664,-0.025408900360991013,0.3382824230248907,0.82997842343205,-0.32917992271668445,0.536645835721022,0.17621644257981073,0.0853608096935124,-0.174665137428085,-0.06627039704762937,-0.28741103428679754,0.15772660839425245,0.48320007791399305,-0.19216306257298224,-0.20405684955080905,0.6191775063407464,0.306158235142378,0.6705011385834981,0.5819439457238755,-0.08094178968713407
0.5745155928754069,0.05955506198776415,0.48963037767861195,0.41897813320473576,-0.2548205096287603,1.0,0.10013515704498638,-0.4514332703269471,0.1897714312692839,-0.006488983120402893,0.08754758608192703,0.18492218991206166,0.47487589172358763,0.08631718759847659,0.7016243981068656,0.6220060081364649,-0.3704903972249765,-0.46606539011621234,-0.3875294449598531,-0.4182641901454821,0.10217498222164136,0.4173398826154234,0.07086368880110382,0.4173398826154234,0.35491597805956315,-0.1139955628789305,0.8804661052263314,0.269546906934404,-0.24885336648121237,0.13225972792241938,-0.02585869831529807,0.1378718839373055,0.04304557644154971,0.2726973367720947,0.10479732973108478,0.6107515005406651,0.6137806869200948,-0.33178280818313244,-0.5103594555245002,-0.4997070440864987,-0.4552487646840961,-0.021970678132978084,0.5889484508402383,-0.06840653543701974,0.5159780000357287,0.3742098550709397,-0.22567178156184864,0.94352014502546,0.014484768885260195,-0.4537354838778303,0.05563044065078556,-0.019313145688492146,0.1656450014508535,0.35310957409568666,0.3336795098752209,-0.006514525986400221,0.7200494012407301,0.4284019085636432,-0.33569140798584785,-0.4687602085443153,-0.5421414117051544,-0.4822820209581547,-0.057067757542488204
0.3683286883303091,0.4281019932745001,0.4135785257089246,0.6109085516749203,0.651040963381247,0.10013515704498638,1.0,0.13667459885791905,-0.06045413798737476,-0.622238064084249,0.018184397388879087,0.06264029481521684,0.20100202412873902,0.41775458765462864,-0.0012246693348488314,-0.23681483706412437,0.5442440854045515,-0.06677972912805241,0.6098324434770496,0.6047194063505621,0.1002559233730287,0.48695330131356773,0.3514468284430076,0.48695330131356773,0.5440882861192973,0.6563523776324302,0.0912486745133242,0.8659642664772674,0.18591094778388786,-0.10222518091919484,-0.2873145743303396,0.004411426210203112,0.4523782447246752,0.20778814576397764,0.3933398738889925,-0.0052005813531939855,-0.12707504574497627,0.5253333805349665,-0.058661765077453,0.5720602915291242,0.5638460473793083,-0.10119315480908872,0.2767467976699342,0.3567461228461452,0.20085337765184466,0.526710464815889,0.4378204879102464,0.041843996772031655,0.9187471840898451,0.11800384611661097,-0.20365925620545627,-0.48619276844047554,-0.0691304561146228,-0.17169566686556156,0.2193878430657065,0.46310937616217984,0.05954004301251446,-0.2124965048371253,0.5112107747914236,-0.0545801013237864,0.5034324063992951,0.5525261440582082,-0.07829209502888262
-0.5655854108745945,-0.029512300149740083,-0.1530826629761062,-0.4233801121749122,0.1653472555079585,-0.4514332703269471,0.13667459885791905,1.0,-0.07345443899927727,-0.01955737813508601,0.1979956455947305,0.224723716385767,-0.06604343893449044,-0.007205098535311457,-0.4431505572900328,-0.4174390457743546,0.5437243821646575,0.5153629849803718,0.33529665126026753,0.4321851764041184,0.07232336637105954,0.01156090846438541,0.04715493531317586,0.01156090846438541,-0.35159885613912345,0.12232477069371184,-0.35194054044371403,0.06867025269016308,0.7593582461006089,-0.011335843236389765,0.0990386123762885,0.0940685184652804,0.4206000833070654,-0.037846008866547085,-0.03266123670358484,-0.39372526181583656,-0.3208845819812819,0.576578940835819,0.5267464181630971,0.39595337573943046,0.4730705899980441,0.1534774062654263,-0.43399133662562117,0.0795006247857362,-0.06718621664012299,-0.399561369420819,0.18911007823699852,-0.48459911653651194,0.2088289530447628,0.8766113686844597,0.05016779733891712,-0.03155237706446038,0.13563885490611532,-0.05908038554316178,-0.07972700559031418,-0.040879994137982135,-0.5577868820558218,-0.49069695519196904,0.4957842487239234,0.35273906910075004,0.3800351109857971,0.3729729230458938,0.1260922071746488
0.2880846433964027,-0.07684179810537463,0.48305706904498624,-0.20459646549216667,0.12845446492311416,0.1897714312692839,-0.06045413798737476,-0.07345443899927727,1.0,0.5316890369156368,0.6480820074741049,0.1619611883365341,0.36514524882045674,-0.21502804978218934,0.42573774352147087,0.4583103579936028,-0.04798474200400719,0.3499924201637145,0.10062744772297348,-0.01662728581874235,0.39577909187264426,0.3019963023493825,-0.062449971411055405,0.3019963023493825,-0.11026541026360256,0.1596422170539134,0.23291303664538685,0.15708813881993577,0.15931855060130573,0.8658090601429597,0.45047202989145063,0.622013081111639,-0.10739539915411966,0.4271089022261052,-0.25731431945456185,0.32160398527965056,0.3665443447624032,0.03026842345417887,0.2635911046068887,-0.008108737270603492,-0.12409374634463279,0.33803833490511376,0.13059652250934048,-0.17222489804686417,0.30258480481205857,-0.1965097422955469,0.14574300824314307,0.17844992907839036,-0.22464197003785527,0.10063333500455021,0.8830674313445288,0.5394811418333014,0.6153633274316204,0.4587078274883256,0.3697137302309299,-0.2899946706244429,0.2524809755148459,0.28162881445952387,0.04106113206900092,0.32463185669008005,0.06002100811030895,-0.12427191134344587,0.38756375289690415
-0.23829014525844075,-0.5910213452659361,-0.05192818248891796,-0.7089779100775192,-0.2566483876259281,-0.006488983120402893,-0.622238064084249,-0.01955737813508601,0.5316890369156368,1.0,0.4262616591543785,0.21852595301599836,0.17000990405671734,-0.40010691740222576,0.16940622347723086,0.5832882388511494,-0.19415394556477103,0.28270023158924157,-0.2618155747855034,-0.4363602876693874,0.2127880092048139,-0.1879406296067825,-0.45480268715503325,-0.1879406296067825,-0.5917112536545509,-0.15306435538788532,0.03648156205085075,-0.36670099298002073,0.03515361778388403,0.5630225151378044,0.7280335476330422,0.34437958473910496,-0.3009630191852819,0.22445315701078233,-0.38557322529070237,0.16635854911263986,0.47810999172511087,-0.1159394213517765,0.22370018162020294,-0.301545930923895,-0.48864056593016914,0.3454499151732273,-0.16301475755510497,-0.5537539852870831,0.03782269508694168,-0.6754156710381625,-0.05329327418267394,0.05884939267923676,-0.6441979944467279,0.15362914942999553,0.6236963564008255,0.9367223638504406,0.4192318132416157,0.4754961978038475,0.1810537048424481,-0.44929085469202784,0.08873809066945516,0.41006543042600735,-0.09656848778023107,0.2745342956150342,-0.149055361791485,-0.39552579038444047,0.4368965775374009
-0.06162385071208302,0.2709138559419176,0.5328312030169288,-0.312204787788831,0.055051808945353664,0.08754758608192703,0.018184397388879087,0.1979956455947305,0.6480820074741049,0.4262616591543785,1.0,0.6192641682874119,-0.06426754357106897,-0.42343782562340426,0.13196198525364894,0.3860901912956326,0.1339537122913384,0.6200905433018784,0.20977054623318697,0.17901885996691805,0.8521081687897486,0.5330970066220971,0.3729273329597006,0.5330970066220971,-0.23724601264139739,0.18485183926605833,0.2652434783454068,0.3212688610816374,0.4304312932121007,0.6215310089557053,0.48515606973465975,0.828012604246361,0.4220433781294916,0.0974042135097466,-0.38306234297114516,0.07299217656005672,0.48002410013347246,0.222439763825021,0.5740387642865986,0.13096588983374552,0.11836513405924336,0.8132300313589288,-0.13675128617685994,0.23388243989580834,0.587911108680813,-0.4477123944772192,0.19229795039383837,0.10880433763860531,0.029858537590412248,0.336404984621175,0.6354428929438812,0.46897864045068677,0.9012300464899712,0.7846255802098422,-0.0068955359049484395,-0.45080423609893827,0.016293858998101974,0.10758837505727037,0.15700877056754686,0.5665883403062107,0.139327227922565,0.07663272477605708,0.7984052556090511
-0.08744793502844062,0.28843271316999936,0.5421015203062376,-0.30116586572779036,-0.18923455040860626,0.18492218991206166,0.06264029481521684,0.224723716385767,0.1619611883365341,0.21852595301599836,0.6192641682874119,1.0,-0.12195431082672342,-0.5394765895275228,0.03690070560765502,0.32223173970628255,0.08826561395069465,0.3185002545419465,0.00260659479105249,0.050149520998982774,0.7105838662926727,0.7001769997769979,0.4227138513158615,0.7001769997769979,-0.2319224103659505,-0.08026342229948726,0.31562188836463073,0.2442370248214892,0.2713596269706158,0.18399030951070316,0.3983374515221176,0.5160850915832015,0.7746334409069421,-0.012487846439521073,-0.45011144525319235,0.07577755644851973,0.5173445693504186,0.17346429921429798,0.2988181601634978,-0.040173193904490666,0.007446269849627635,0.6879266146619043,-0.058000278626130775,0.45857412936451764,0.6925098456098752,-0.42018278080537225,-0.17428345206725812,0.2759889013814431,0.16036465392565702,0.3801516429284783,0.17192128527433534,0.3164700727181631,0.6841143587741126,0.7275985880048038,-0.12105841819020595,-0.4481676992585425,0.04045260912992506,0.011773113892240615,0.11061128720159313,0.3335595074596466,-0.03978010279928364,0.12529172154201726,0.6761188584455434
0.517313117288283,-0.2262470967423337,0.1594818879563599,0.19847337252176386,0.07960683338784265,0.47487589172358763,0.20100202412873902,-0.06604343893449044,0.36514524882045674,0.17000990405671734,-0.06426754357106897,-0.12195431082672342,1.0,0.4971661666887921,0.7409301814851349,0.3395505155936096,-0.07593299806768428,-0.24985899128463954,-0.08688711587575233,-0.10366056048113376,-0.1824617565199627,0.17167829937221055,-0.17620411691165472,0.17167829937221055,0.3225948563538178,0.23268387932078544,0.4323691441900662,0.235648503004883,0.12141627939653189,0.4453643850003725,0.25184386009158116,0.09182515882210451,-0.1048260517100035,0.8954243571258127,0.45122577694324006,0.694058259995078,0.15429193662147925,0.005463768239581888,-0.3318109448326034,-0.23000354726180391,-0.20319949110140006,-0.3392815630221148,0.6361651841217404,-0.3214101999378472,0.16646711322824445,0.3095566148875577,0.07989442101536971,0.4203353770816761,0.08760004093161229,0.015333933214293126,0.33571024359082935,0.1724591201069786,-0.15892143410119627,-0.024747736716143522,0.9386314593265369,0.4290820311964227,0.6928108076316328,0.5772375897520355,0.0433969997018641,-0.28276752831830515,-0.15718700931227875,-0.15809862382948325,-0.2010271468566783
0.34298950063442923,-0.05010847229492913,-0.2661057262795646,0.6019438687335333,0.4711712176995369,0.08631718759847659,0.41775458765462864,-0.007205098535311457,-0.21502804978218934,-0.40010691740222576,-0.42343782562340426,-0.5394765895275228,0.4971661666887921,1.0,0.1950252143055464,-0.26179783145293467,0.29873519989611236,-0.24340071721415685,0.3159447559717391,0.3087256956103308,-0.440311460509315,-0.13665349628260742,-0.026044389728276912,-0.13665349628260742,0.6965545171653698,0.5006539337195071,0.11483834455970711,0.28992796747051414,0.141246222265599,-0.00200656575172954,-0.15892310363732565,-0.19925797137933984,-0.1702335675337218,0.45603526278953804,0.9594017846896353,0.21052675103969545,-0.34330939776898883,0.25445189673614266,-0.25033065617409783,0.25776157906414054,0.2801166395350959,-0.609837772204007,0.5217288762221793,-0.1938654788804871,-0.2386012066541099,0.7221720892171979,0.5098844330173714,-0.01500057029866782,0.4120126232331191,-0.06719157152924074,-0.13743719732455095,-0.33787660179927204,-0.5347439390853259,-0.5082888256528196,0.5294571013882022,0.9463390099402863,0.24304990812916208,0.21405124164374598,0.25977183954309846,-0.25351514957032,0.2141179286954443,0.25875304820316714,-0.5466045779215097
0.6987111406833654,0.12751655422804078,0.37748039766696406,0.3326364918685296,-0.17939093488484267,0.7016243981068656,-0.0012246693348488314,-0.4431505572900328,0.42573774352147087,0.16940622347723086,0.13196198525364894,0.03690070560765502,0.7409301814851349,0.1950252143055464,1.0,0.5292585875682776,-0.4589423300355586,-0.23772825990929103,-0.35130364590994917,-0.3605264597557862,0.08991903366438822,0.3343618397653188,0.10576944653719465,0.3343618397653188,0.37506354207683246,0.01831666698371343,0.661295149802754,0.12475949283714458,-0.18232992942333698,0.4597881012754701,0.14475111767475835,0.2739097020494666,-0.0735809788970455,0.6731589817113784,0.1639695622142083,0.8906512910981618,0.36488157340706956,-0.39590544796624744,-0.3097990189297574,-0.5123678003475323,-0.4666349910004724,-0.0855713689607223,0.6896833604889613,-0.04528823298479169,0.4013116662147786,0.3221246717180739,-0.12384167585219685,0.6746794389057376,-0.06950230083267464,-0.3744743199407459,0.3823553614989056,0.142738822439865,0.09366216859638204,0.25452098231298576,0.6995329797371821,0.1548613508863837,0.9291151222401314,0.7290204389230592,-0.3570546444281798,-0.23134732041122424,-0.48898138724397533,-0.39711224612913304,-0.024697717404387313
0.29119731150995587,-0.20282004949908816,0.31578853822640596,-0.1484931250432241,-0.35268116198144583,0.6220060081364649,-0.23681483706412437,-0.4174390457743546,0.4583103579936028,0.5832882388511494,0.3860901912956326,0.32223173970628255,0.3395505155936096,-0.26179783145293467,0.5292585875682776,1.0,-0.4040481758363257,-0.1765227445306445,-0.4084345281028741,-0.5659415254224087,0.3667696213504699,0.19582207532732146,-0.11782837719512974,0.19582207532732146,-0.10536608723142045,-0.12253674998819757,0.5870565466687084,0.1589795217681936,-0.16633277609982003,0.4124035097975094,0.4436672046304569,0.30242730947091423,-0.11776328351773362,0.36742054699831533,-0.17147719401961986,0.5186588019595395,0.9359285859508815,-0.3037443897636921,-0.22095541946071107,-0.5375505937591118,-0.6052877322492779,0.35893387725509934,0.35457373382155694,-0.30458737277714315,0.3654422980427432,-0.1988718269244135,-0.1263238493672544,0.7000679573897043,-0.25545011459910083,-0.24162386661543211,0.3846281823637478,0.5791125218547298,0.509254210157364,0.6669729787686067,0.3311300685433886,-0.28670739396144324,0.5613039396816173,0.6077445566557806,-0.28461133020100127,-0.1004054609399338,-0.45230009800788923,-0.5443719167434274,0.4149068738788892
-0.2962810866632393,-0.0769403783680782,0.032817837114682905,0.03745553613156597,0.6825740578001209,-0.3704903972249765,0.5442440854045515,0.5437243821646575,-0.04798474200400719,-0.19415394556477103,0.1339537122913384,0.08826561395069465,-0.07593299806768428,0.29873519989611236,-0.4589423300355586,-0.4040481758363257,1.0,0.3655922592273785,0.7977265537190985,0.6838786042209806,0.06480859414267351,0.15250250915393682,0.03739594990693545,0.15250250915393682,0.1373868310186236,0.5842910256279892,-0.26772977955095817,0.45523750302696087,0.5153253110875274,0.053406741079284746,0.12817339562228522,0.23936807640408808,0.37113341154450596,0.0032835723695903876,0.32490371472362867,-0.4331267991555786,-0.24778933337521983,0.9514624377288701,0.3814276294888819,0.81556919193495,0.6721750992149865,-0.011560809419490834,-0.2567023010123875,-0.008064497135137155,-0.0043294925589931,0.059463751459796044,0.6315509552439083,-0.39955897284205466,0.5627079881674453,0.5863149019709518,0.015851431119929333,-0.05125764935511378,0.09541118227885573,-0.09360055718849213,0.011694261436018554,0.3556598244263458,-0.47040886901626244,-0.3826530415157161,0.9550019741377622,0.35586311812326016,0.8357536101114799,0.7303563209867869,0.06087677016566526
-0.44058878087934333,0.15133742104796113,0.11816781833441817,-0.4152180528638962,0.3216134494270211,-0.46606539011621234,-0.06677972912805241,0.5153629849803718,0.3499924201637145,0.28270023158924157,0.6200905433018784,0.3185002545419465,-0.24985899128463954,-0.24340071721415685,-0.23772825990929103,-0.1765227445306445,0.3655922592273785,1.0,0.46463783936808134,0.4348339465389699,0.5614260183298622,0.23981750519189568,0.2785520098140277,0.23981750519189568,-0.2443696698463991,0.3561018029612428,-0.20491611151308312,0.023402162102098886,0.6019065307103987,0.4766222401534553,0.3993012596979909,0.617516776661204,0.3358435194084299,-0.008314552747415358,-0.23441034266631935,-0.16490383827658628,-0.11618431870784662,0.4341089590177657,0.9799346219798715,0.4569829003828734,0.3643722486130302,0.6079076136888399,-0.4390995568842672,0.19292101549493731,0.22499294475207482,-0.44959412059254067,0.4192573406558375,-0.4326581131587035,0.03049044023864554,0.59693492865049,0.5177214006376034,0.3423870776227024,0.5206893744674812,0.365461375151971,-0.11934168420055832,-0.18756733329458652,-0.3512019727661381,-0.13400862831532964,0.3551323318444933,0.9316969182963044,0.45312536420780136,0.4195511478767186,0.5840524544954017
-0.14627951346134493,0.18634067104881763,0.020996503450940635,0.22519011913207873,0.6987485183791027,-0.3875294449598531,0.6098324434770496,0.33529665126026753,0.10062744772297348,-0.2618155747855034,0.20977054623318697,0.00260659479105249,-0.08688711587575233,0.3159447559717391,-0.35130364590994917,-0.4084345281028741,0.7977265537190985,0.46463783936808134,1.0,0.8788475574269337,0.20077643882718113,0.1917630571209099,0.30506501036048017,0.1917630571209099,0.35741108781891473,0.6879196472168188,-0.14930971594505338,0.5416987044353512,0.5340191695557139,0.21683624667526716,0.1767801697724124,0.2911576919413947,0.36793878129749025,0.11527902267940676,0.3168479335478556,-0.2995455213210736,-0.31215268607392976,0.8070558668301464,0.488325725634253,0.9687363734515222,0.8510899358613394,0.052775981607787584,-0.11321139670720211,0.21065261365046092,-0.005388486607217325,0.21467731213040805,0.6312535357576612,-0.4252205776499919,0.6250344076482991,0.41644965663015393,0.16010586442833855,-0.06746596508106599,0.08948935211951448,-0.05031825424218909,0.06795867845260078,0.38929794724950384,-0.3135208534541527,-0.2607098279161579,0.766972237012027,0.46746368057486226,0.9461020315220325,0.813639314550515,0.09608495950543361
-0.16512999163253803,0.3729869285679469,0.04309510585130952,0.21575079013410384,0.601990258908002,-0.4182641901454821,0.6047194063505621,0.4321851764041184,-0.01662728581874235,-0.4363602876693874,0.17901885996691805,0.050149520998982774,-0.10366056048113376,0.3087256956103308,-0.3605264597557862,-0.5659415254224087,0.6838786042209806,0.4348339465389699,0.8788475574269337,1.0,0.2335854907307039,0.2785182514130274,0.4665902861523457,0.2785182514130274,0.3337190253717027,0.5880566173242551,-0.18279626612918135,0.45497058029229304,0.5996124698195845,0.10533738623969675,0.05501939355419004,0.21941911333917358,0.4949463155466807,0.059560268803725724,0.3126774944069847,-0.30682721064720764,-0.4681029969018669,0.7198791385918006,0.4591508727072838,0.859889762129337,0.9684852587064207,0.08891945136878221,-0.12872244317305145,0.4374755961602922,0.07326089405740298,0.20036882993181593,0.5262255370449499,-0.46021720998602555,0.6494490036018723,0.4625771550830562,0.05770202898528504,-0.2610815582971602,0.01973058085851253,-0.12165074774904588,0.04638276859946882,0.3786113093484714,-0.3455873724661252,-0.29885204932766346,0.661083832303845,0.4072359696856804,0.8158894103948146,0.8902056185255641,0.1071034231029408
-0.027361311210652887,0.47820639986334584,0.5707682297602985,-0.19983384516174374,-0.020395243643018306,0.10217498222164136,0.1002559233730287,0.07232336637105954,0.39577909187264426,0.2127880092048139,0.8521081687897486,0.7105838662926727,-0.1824617565199627,-0.440311460509315,0.08991903366438822,0.3667696213504699,0.06480859414267351,0.5614260183298622,0.20077643882718113,0.2335854907307039,1.0,0.6855876718474296,0.6457307100307056,0.6855876718474296,-0.06594066674296085,0.20260450886507475,0.33702443881248967,0.3885236519252305,0.4116372159361422,0.4193781601356594,0.4493513700337558,0.7317268214106039,0.5950029397894805,0.07376336896985086,-0.31190425577573466,0.1671377756233224,0.5021892784936052,0.18888270223678927,0.5421419575563405,0.10277033735159068,0.16882313858427025,0.9285459421566639,-0.0657231290739535,0.5057498483162658,0.7426911031722742,-0.35308093053935796,0.14601536799488535,0.20176720029031867,0.20200857680766987,0.2923029473093166,0.40195583287557446,0.35171820075415333,0.817418249950868,0.8427848332583104,-0.05646895491113391,-0.3567556406974324,0.0793152908568352,0.16232450054146508,0.11514299746432793,0.6012265688277181,0.10084004338510778,0.20679613955509943,0.9156006582889642
0.3665279284517013,0.5458362677888456,0.8654377556613838,0.23647094439143942,0.19141783430974552,0.4173398826154234,0.48695330131356773,0.01156090846438541,0.3019963023493825,-0.1879406296067825,0.5330970066220971,0.7001769997769979,0.17167829937221055,-0.13665349628260742,0.3343618397653188,0.19582207532732146,0.15250250915393682,0.23981750519189568,0.1917630571209099,0.2785182514130274,0.6855876718474296,1.0,0.6245314238066588,1.0,0.3204934701831537,0.2955221900680579,0.5159904141764389,0.5950829369424686,0.24056732194609282,0.2960999089787301,0.14032670725209692,0.5874038050008673,0.7246879145628966,0.23785965992018268,-0.05607203694927741,0.31619699503412524,0.3450848207653909,0.22704721653966173,0.20068523076769398,0.10089346984462577,0.18088012435728887,0.5020523470286833,0.253063274740662,0.5876165726369296,0.9069832031988516,0.15099723630867173,0.08830188076085778,0.43999088976330286,0.4738320265338334,0.16190380741188132,0.2028532878143743,-0.03928556462165523,0.5247899412708089,0.5550911620113779,0.18978488543342587,-0.06310391695009239,0.309728169973912,0.09564679177199964,0.17761239224169417,0.25903860934580775,0.02839767088384573,0.2521088020553161,0.48359980417599135
0.1777662889112017,0.8847666889817013,0.3378020433386519,0.3154083490843251,-0.0023441564655532813,0.07086368880110382,0.3514468284430076,0.04715493531317586,-0.062449971411055405,-0.45480268715503325,0.3729273329597006,0.4227138513158615,-0.17620411691165472,-0.026044389728276912,0.10576944653719465,-0.11782837719512974,0.03739594990693545,0.2785520098140277,0.30506501036048017,0.4665902861523457,0.6457307100307056,0.6245314238066588,1.0,0.6245314238066588,0.42882683347742384,0.17334080704949348,0.3369304429418807,0.41525184527811937,0.3946232577343955,0.026666946359136422,0.0018182970700382738,0.42408366676724635,0.7156153682009592,0.04620454592440716,0.05786359325659204,0.1755793234955923,-0.0034152651307001684,0.11730309272970432,0.3007085238078214,0.21380975143255093,0.4477843751794717,0.44792963847997336,0.18374702936885662,0.9055449132982348,0.5423621869814694,0.1977571759254472,0.017447453527960604,0.11947242222844585,0.4981664825846,0.12711621754665478,-0.06742768097730907,-0.30528489198230035,0.28849868927621525,0.40583810068953746,-0.06785629690900746,0.09297098866148172,0.1661350814455136,0.046988167024200896,0.017647984660312165,0.2877837325131029,0.0945039542961933,0.3972576594925218,0.3792335897619655
0.3665279284517013,0.5458362677888456,0.8654377556613838,0.23647094439143942,0.19141783430974552,0.4173398826154234,0.48695330131356773,0.01156090846438541,0.3019963023493825,-0.1879406296067825,0.5330970066220971,0.7001769997769979,0.17167829937221055,-0.13665349628260742,0.3343618397653188,0.19582207532732146,0.15250250915393682,0.23981750519189568,0.1917630571209099,0.2785182514130274,0.6855876718474296,1.0,0.6245314238066588,1.0,0.3204934701831537,0.2955221900680579,0.5159904141764389,0.5950829369424686,0.24056732194609282,0.2960999089787301,0.14032670725209692,0.5874038050008673,0.7246879145628966,0.23785965992018268,-0.05607203694927741,0.31619699503412524,0.3450848207653909,0.22704721653966173,0.20068523076769398,0.10089346984462577,0.18088012435728887,0.5020523470286833,0.253063274740662,0.5876165726369296,0.9069832031988516,0.15099723630867173,0.08830188076085778,0.43999088976330286,0.4738320265338334,0.16190380741188132,0.2028532878143743,-0.03928556462165523,0.5247899412708089,0.5550911620113779,0.18978488543342587,-0.06310391695009239,0.309728169973912,0.09564679177199964,0.17761239224169417,0.25903860934580775,0.02839767088384573,0.2521088020553161,0.48359980417599135
0.5811887494135762,0.39678976884984235,0.1398706529439295,0.8928805061002056,0.34252191632490775,0.35491597805956315,0.5440882861192973,-0.35159885613912345,-0.11026541026360256,-0.5917112536545509,-0.23724601264139739,-0.2319224103659505,0.3225948563538178,0.6965545171653698,0.37506354207683246,-0.10536608723142045,0.1373868310186236,-0.2443696698463991,0.35741108781891473,0.3337190253717027,-0.06594066674296085,0.3204934701831537,0.42882683347742384,0.3204934701831537,1.0,0.45714277939055725,0.47531104672964525,0.5123346555933503,0.001543702125131285,0.06353271742482637,-0.15798696159808695,0.04640189997377388,0.10527255544202552,0.37251259409256454,0.7198319002288308,0.38265420876895656,-0.10023183553670327,0.12914995311718194,-0.2144968554213444,0.25876022319508146,0.30251984707830437,-0.3522381502186661,0.6702065356209866,0.26901933518896337,0.20334665739809427,0.9239329772746977,0.314337302520202,0.27536614553014355,0.5542079225810489,-0.35632141862156885,-0.11430811016692156,-0.43200576683552394,-0.28293460119583197,-0.16226384249766132,0.4122001866114488,0.745602772635692,0.4775072642566663,0.28869711928304925,0.13077098870837656,-0.18856687937877728,0.14940838024151973,0.278284111194953,-0.3510988799840107
0.12735790879086614,0.12288021473931954,0.19418484584747395,0.35677018597328225,0.8607858364989197,-0.1139955628789305,0.6563523776324302,0.12232477069371184,0.1596422170539134,-0.15306435538788532,0.18485183926605833,-0.08026342229948726,0.23268387932078544,0.5006539337195071,0.01831666698371343,-0.12253674998819757,0.5842910256279892,0.3561018029612428,0.6879196472168188,0.5880566173242551,0.20260450886507475,0.2955221900680579,0.17334080704949348,0.2955221900680579,0.45714277939055725,1.0,0.018878871260729173,0.6413742503359833,0.3175769223390983,0.28350919972646094,0.1338580908358831,0.26531131595858876,0.1612409769172588,0.3496327773465542,0.5063945925267833,0.014012312631556558,-0.11047084745400605,0.6179912612495374,0.3622702259833993,0.6387014935842904,0.49274522845531404,0.039159786826366685,0.1506210231895829,0.018349717217700463,0.14891151744353096,0.3310014198495879,0.8620904751827446,-0.16286733738507686,0.6352003649881944,0.1664185420998845,0.17156049637969492,-0.01712207847959628,0.03859452343389035,-0.06713983544650408,0.3614876615114538,0.5401207389199346,0.039072848514266394,0.08370111238583482,0.5981768816636918,0.3533184033289698,0.6021636566342409,0.5337669772739863,0.09870970632466657
0.4469934817742145,0.19067630461391352,0.4286508379716405,0.38657780342467035,-0.23945863687281166,0.8804661052263314,0.0912486745133242,-0.35194054044371403,0.23291303664538685,0.03648156205085075,0.2652434783454068,0.31562188836463073,0.4323691441900662,0.11483834455970711,0.661295149802754,0.5870565466687084,-0.26772977955095817,-0.20491611151308312,-0.14930971594505338,-0.18279626612918135,0.33702443881248967,0.5159904141764389,0.3369304429418807,0.5159904141764389,0.47531104672964525,0.018878871260729173,1.0,0.3520761014488311,0.05386443452638281,0.3086924579476046,0.2401713573626244,0.3714496827639587,0.23327983538886357,0.38697173674660085,0.17634491917989845,0.6643203055478847,0.6117524522666498,-0.17011589143096234,-0.23071450619268258,-0.29395566166299436,-0.22006258017883165,0.16047885440120266,0.5940396458580278,0.10308621190480885,0.6337680085174676,0.3422856260497159,-0.12512759863130488,0.8611441742556445,0.09897469498685085,-0.28232621546600256,0.19843833223432256,0.12116976013856902,0.2835501987433626,0.55278508041176,0.39123509828814285,0.07727363887634406,0.7339682314901629,0.5638903903487439,-0.21218543113869992,-0.20724100256186181,-0.3505095651680905,-0.2745376198435844,0.12118652291657886
0.3673008221165689,0.4087671978601139,0.5136236192018789,0.49759848390539657,0.5063814306974028,0.269546906934404,0.8659642664772674,0.06867025269016308,0.15708813881993577,-0.36670099298002073,0.3212688610816374,0.2442370248214892,0.235648503004883,0.28992796747051414,0.12475949283714458,0.1589795217681936,0.45523750302696087,0.023402162102098886,0.5416987044353512,0.45497058029229304,0.3885236519252305,0.5950829369424686,0.41525184527811937,0.5950829369424686,0.5123346555933503,0.6413742503359833,0.3520761014488311,1.0,0.29701911910796835,0.13460492021742076,-0.036411348430063536,0.2691959527640254,0.4656376113408804,0.3382902501449082,0.34322240452622743,0.13180324424299736,0.28332378436801076,0.48980039873687836,0.03322627747813214,0.4521717419619187,0.4211099985022167,0.17473974616073945,0.33631439521043655,0.29569211823460767,0.39899182793593096,0.38582740127615095,0.46121163518045727,0.260586463362526,0.8259700487961017,0.13284540028003736,0.009286564070816345,-0.20084350736194637,0.27421005211058974,0.22190737510434927,0.2982788496700859,0.3285154000868779,0.19937454535574492,0.009926375261782836,0.45326555480311137,0.05617643532368631,0.38473101440084306,0.3542936232389203,0.19036024964547066
-0.3960121371740545,0.11683409386867556,-0.04218979587574493,-0.2786808362544993,0.16920899001100942,-0.24885336648121237,0.18591094778388786,0.7593582461006089,0.15931855060130573,0.03515361778388403,0.4304312932121007,0.2713596269706158,0.12141627939653189,0.141246222265599,-0.18232992942333698,-0.16633277609982003,0.5153253110875274,0.6019065307103987,0.5340191695557139,0.5996124698195845,0.4116372159361422,0.24056732194609282,0.3946232577343955,0.24056732194609282,0.001543702125131285,0.3175769223390983,0.05386443452638281,0.29701911910796835,1.0,0.30812537806138873,0.43415625904794425,0.4367178116510071,0.5067763496663438,0.2988955869656622,0.20087461363142795,-0.05736060944418123,-0.10713973435372451,0.6401309032829506,0.5999736557468464,0.46989890667624257,0.5942314575238365,0.35710091793302196,-0.16837772649087235,0.21954282639725825,0.22407854493731424,-0.2312281799642085,0.35272869503975113,-0.23781843863660604,0.3044328439186928,0.838160371925024,0.29832279883790924,0.15412552973876759,0.3005765194491698,0.29232624993196654,0.20535434546460463,0.14583996258780108,-0.23542583592076197,-0.0962387258300114,0.5284529974293889,0.47439022206252274,0.45581312124894846,0.47063111596763696,0.354835268817872
0.22364097229464913,-0.09698246931297998,0.3041026907354289,-0.1442871553149909,0.15090999920933088,0.13225972792241938,-0.10222518091919484,-0.011335843236389765,0.8658090601429597,0.5630225151378044,0.6215310089557053,0.18399030951070316,0.4453643850003725,-0.00200656575172954,0.4597881012754701,0.4124035097975094,0.053406741079284746,0.4766222401534553,0.21683624667526716,0.10533738623969675,0.4193781601356594,0.2960999089787301,0.026666946359136422,0.2960999089787301,0.06353271742482637,0.28350919972646094,0.3086924579476046,0.13460492021742076,0.30812537806138873,1.0,0.6678500118466116,0.7168878946400554,-0.014203337764912071,0.5960698691459977,-0.011984242511808242,0.4168455871114019,0.3369622565137847,0.15525986469429928,0.4006857921253905,0.07162418907395787,-0.018732012910449562,0.3049239754692497,0.24463206789016853,-0.18791966192346024,0.3265084360026456,-0.11245656211058028,0.27777992338882196,0.11300532852019214,-0.15222337128074015,0.1648844954002452,0.9402358739912331,0.6424624535243368,0.561783425227581,0.4721755087778255,0.5457546278376647,-0.029656134081457862,0.34216718729130063,0.4858785330700445,0.16713950680400813,0.48405186281051127,0.1576208606835793,0.03973345766128871,0.4131867963939061
-0.20362125191269217,-0.3306482681976063,-0.026444067316688587,-0.46056524558540507,-0.116699166069225,-0.02585869831529807,-0.2873145743303396,0.0990386123762885,0.45047202989145063,0.7280335476330422,0.48515606973465975,0.3983374515221176,0.25184386009158116,-0.15892310363732565,0.14475111767475835,0.4436672046304569,0.12817339562228522,0.3993012596979909,0.1767801697724124,0.05501939355419004,0.4493513700337558,0.14032670725209692,0.0018182970700382738,0.14032670725209692,-0.15798696159808695,0.1338580908358831,0.2401713573626244,-0.036411348430063536,0.43415625904794425,0.6678500118466116,1.0,0.5503071643374643,0.13009939708143317,0.45168336781478846,-0.07915137841508646,0.24893928477001104,0.41531778042717216,0.27820114281788805,0.3664768911179705,0.0696421382916966,0.0026893413308971886,0.4131891771168971,0.050512284430350385,-0.20513518247496584,0.2929855234306164,-0.3961890758462951,0.11058245842075351,0.056443988674651696,-0.22485397760727613,0.36321764432213716,0.6601640351791842,0.8718328939010246,0.43928495204241624,0.5994167835357089,0.3697654008557556,-0.1155576219395832,0.14694780936013185,0.5194753500956593,0.2590416787565822,0.43808711669332884,0.196281580090537,0.10061520955464097,0.5532065595360013
0.052164585589647774,0.25990761483570435,0.5198845763049855,-0.1536545872162785,0.15251179527560407,0.1378718839373055,0.004411426210203112,0.0940685184652804,0.622013081111639,0.34437958473910496,0.828012604246361,0.5160850915832015,0.09182515882210451,-0.19925797137933984,0.2739097020494666,0.30242730947091423,0.23936807640408808,0.617516776661204,0.2911576919413947,0.21941911333917358,0.7317268214106039,0.5874038050008673,0.42408366676724635,0.5874038050008673,0.04640189997377388,0.26531131595858876,0.3714496827639587,0.2691959527640254,0.4367178116510071,0.7168878946400554,0.5503071643374643,1.0,0.4055404834491907,0.26372522468655984,-0.140199941884944,0.21871331918019277,0.3579942672138298,0.2867205865414942,0.5540581559702201,0.18138970040301658,0.13661633947096471,0.6028773089958812,-0.032654495573709155,0.22986116487758668,0.646869918766995,-0.19229091017525984,0.22240552814707656,0.16824342103875983,0.006438893880471439,0.28227451552874516,0.6499194777026919,0.44913895195193687,0.7638953817825469,0.742824072449511,0.17912985624529004,-0.1830883085176153,0.1922558277512672,0.3000517047304715,0.25415199936696625,0.5821672152343289,0.18944129752651087,0.16551905678692858,0.6251358692671498
