Fp1,Fz,F3,F7,FT9,FC5,FC1,C3,T7,TP9,CP5,CP1,Pz,P3,P7,O1,Oz,P8,TP10,CP6,CP2,C4,T8,FT10,FC6,FC2,F4,F8,Fp2,AF7,AF3,AFz,F1,F5,FT7,FC3,FCz,C1,C5,TP7,CP3,P1,P5,PO7,PO3,POz,PO4,PO8,P6,P2,CPz,CP4,TP8,FC4,FT8,F6,F2,AF4,AF8,O2,P4,C6,C2
1.0,0.9730706454967455,0.9160974130165914,0.8548900173291702,-0.11641173168909041,-0.03881076834212608,0.5503299875862666,0.0835083279228891,0.8123619022188414,0.42212378349577206,0.2461214194896102,0.18103471903435983,0.42103572286786317,0.02251990512404441,0.3370871408110154,0.5090898751540079,-0.3634857552786081,0.396734817601803,0.2926368346147262,0.20488447264523826,0.3559155897404583,0.5193512972490492,0.5741335599034805,0.5193512972490492,0.46323508645099465,-0.5502584701928597,0.0883780989842857,0.20477825260070784,0.32894905214876585,0.6830700465032267,0.7416884621709993,0.36711089225469623,0.3839127881461464,0.20402551262388732,0.06315376123638711,0.3267252002730461,0.38764633716643676,-0.551022547389478,0.5105884548335218,0.24361868506338924,0.36799021241950874,0.3661316435301946,0.6983100914907701,0.5082062793588308,0.5308914715078101,-0.13288968270000148,0.08634732733786347,0.34435111915619915,0.2619292413869434,0.10817898498599211,0.29641336560610076,-0.40635056067195685,0.21366086773021314,0.4755731720913226,0.2792999719154501,0.20530563026136703,0.29365019884502974,0.3129024949593696,0.18853152803763884,0.5725852355811439,0.3495554795800625,0.38015956551645613,0.4937548539466904
0.9730706454967455,1.0,0.9423542183710296,0.8930662555801662,-0.03892793500531518,-0.06616532510185533,0.5167647671627018,0.04869393828011194,0.7956637642931133,0.5420392879307224,0.20011657503536392,0.21978461748497402,0.47099249261989323,0.0991629267466556,0.3869534231215029,0.5239022413595683,-0.2501638734839341,0.3267602254829079,0.3122555974586162,0.29852618107156026,0.35783487800327174,0.5057286223647005,0.6092609101931183,0.5057286223647005,0.5026825403255617,-0.5919287602091917,-0.004988022941180648,0.19884143400174492,0.22300185169189568,0.6875060105434823,0.8111668950944669,0.3220873968772964,0.38131289307391886,0.225367879052508,0.1229312375559893,0.35894009630841417,0.3977317626161309,-0.4419935660914873,0.44196425748487067,0.23319038837281672,0.43934544887186294,0.3722864358768323,0.5539369372906896,0.5866684940908662,0.5509449246530727,-0.2697747492065323,0.17494492543710036,0.42018759103749237,0.19995280360634435,0.08223677718560184,0.377782325473391,-0.2313933362446698,0.19561606569354348,0.5489347549889914,0.25414180864128133,0.24840891103676077,0.36718521363919643,0.3280750131859295,0.21160111319645686,0.535439445449601,0.34980120722318,0.47325957801416807,0.5070585607545636
0.9160974130165914,0.9423542183710296,1.0,0.8619830626018872,-0.16863966251705348,-0.1758374261858344,0.5230343895007864,-0.13729404177013946,0.8046790236421957,0.580640703559721,0.1441770868779906,0.261861736845756,0.25902124234037804,-0.04556227321807794,0.16662382364145914,0.44190480718768027,-0.3738909886178593,0.2903467202373231,0.23180647451796707,0.1445332112529852,0.13499452437699552,0.6745999785933151,0.37899389567554564,0.6745999785933151,0.7046002285441966,-0.7748134849445775,-0.18172319774614648,0.28765050817201504,-0.03997607079791831,0.7046612524378432,0.8637687625682933,0.23855363647958341,0.33021976729379304,0.10894380783709895,0.01910970313777749,0.2140450082866469,0.3645899952860943,-0.5636751870647093,0.348359540874406,0.15400230480961896,0.266557500139253,0.15866113247399108,0.4338103999496881,0.5425440662161914,0.6600684662692475,-0.044730822036927076,0.08047275601735183,0.31349856259680714,0.23995052553346682,-0.17445934211551828,0.3734469880988475,-0.26024574448329363,0.19162250700909444,0.6848133850916756,0.3425646585708148,0.13063948375897946,0.24289170433634272,0.3246983394349341,0.3963118563697283,0.5316597784885407,0.307428124931846,0.379888304756222,0.3483603925548307
0.8548900173291702,0.8930662555801662,0.8619830626018872,1.0,-0.11513810629677028,0.0029071162235337956,0.6233548103853996,-0.13953515928095328,0.8802173494557228,0.6831747782217127,0.4549500485176342,0.1632763132817156,0.14250568805391858,-0.09638404091574712,0.17130915474606379,0.7410878655441749,0.04250464567177315,0.4443436217583949,0.01701241743314465,-0.011675855023497956,0.3304039621570431,0.5351688744643,0.40482369706348165,0.5351688744643,0.6002205940371244,-0.4406164528926791,0.1532213609524916,0.42650450704151366,0.13998603726070488,0.8504390826699318,0.8778374465975555,0.5082017277149635,0.3443253961716088,-0.08600199491047544,-0.07008458727551661,0.07141916468620178,0.6055214579535583,-0.21970732712304866,0.5515277021218823,0.02099086724701969,0.0991544213468342,0.28373980374428265,0.43466209955111773,0.49145412934096216,0.6506367734724858,-0.1609284825389052,-0.14619983248279067,0.0931008278145142,0.34589825608305697,-0.2031787018631356,0.6729633921990265,-0.034390560919115215,0.3614988495832247,0.42553469003259065,0.01429302442074808,0.004961949763989441,0.05143163236857805,0.5696287205205383,0.061591031505854335,0.6332464774821561,0.25595466931653377,0.11186038537169943,0.3234181537519353
-0.11641173168909041,-0.03892793500531518,-0.16863966251705348,-0.11513810629677028,1.0,0.5366267839668482,-0.7338864066126654,0.5416805842792224,-0.35587414610170903,-0.2539607461511445,-0.629547301294592,0.32518634697029336,0.3405242416531116,0.3934479197252175,0.5920838064658978,-0.3742120847656485,-0.03823488181935943,0.08664745628748317,0.2641686768133748,0.6117279604114477,0.09581585676384957,-0.3718535585900928,0.22863992747157957,-0.3718535585900928,-0.3711641393035797,0.08382874727084748,0.1598550614851186,-0.4922349193426458,0.23083368146743888,-0.4078554187934096,-0.31412159958837793,-0.6433293064208109,0.35852380438206816,-0.10090694038521421,0.1716847059615565,0.28705996985302484,-0.4495099635069179,-0.02166811924063109,0.009221431081796485,0.23936093001125217,0.6391807569203956,0.054715561683527994,-0.20779764541374862,0.116938018266642,-0.5561378896686173,-0.45800443714846495,0.5663098465513087,0.1296006039392908,-0.8330628879785291,0.514485134771723,-0.3595004989366721,0.02707433009065188,-0.7856220731722883,-0.3843655422769289,-0.6079412510297224,0.2049459219327789,0.31571700437084094,-0.5216777795635246,-0.33618603206290826,-0.12139108924971204,-0.05183229691881391,0.5263525701545252,-0.1847936448310332
-0.03881076834212608,-0.06616532510185533,-0.1758374261858344,0.0029071162235337956,0.5366267839668482,1.0,-0.3262789563511372,0.6197226280951019,-0.3522216399313715,-0.20951731030519005,-0.02624617339508607,-0.06155399795577859,-0.1118141126164718,-0.37973379392115314,0.06597852458401736,-0.20646538453572474,-0.04872391139696723,0.5610590181378049,-0.4878677440815867,0.23441900609397617,-0.24698846680507144,-0.5741043470675278,-0.1133781391313767,-0.5741043470675278,-0.5285911134760954,0.29664149633398035,0.794643524785052,-0.09467386038560655,0.6257217742888287,-0.40929518571579915,-0.3522783776907976,-0.11349200494764199,0.12168222321646235,-0.4701011112862354,-0.5004591895150994,-0.35768328737072375,-0.46743531250622805,-0.05456959572649411,0.4999978698343434,-0.4442458682726692,0.21158475329135118,-0.3726653813596584,-0.12791794247445024,-0.2684252775252748,-0.6066426628006756,-0.27674294065372124,-0.1389864116259509,-0.426016620029896,-0.4287236576687417,0.42453002624382746,-0.3519075279704107,-0.10067268047176316,-0.31536942528327994,-0.6046252093702512,-0.7300280463136827,-0.508711764381027,-0.31770750771081224,-0.4424467599100646,-0.5977213433417278,0.30433759322251636,-0.6891237315845501,-0.022629387220738786,-0.5969126455461545
0.5503299875862666,0.5167647671627018,0.5230343895007864,0.6233548103853996,-0.7338864066126654,-0.3262789563511372,1.0,-0.48984617693504207,0.6637290502590286,0.6110684899876839,0.8558927386296408,-0.2510652313476782,-0.06787562558472494,-0.358963103773088,-0.2467425599067846,0.8298521414145931,0.15540515698434898,0.2549735473654348,-0.2603212136460211,-0.3398628967968714,0.2309071300498045,0.45217868375828685,0.29064600644710165,0.45217868375828685,0.5363548913918214,-0.19607613471392452,0.11756959937563391,0.7243714732772902,0.02210819814684267,0.7290142678600722,0.6893142017926241,0.8788548441213803,-0.11341426546371872,0.11080965557897889,-0.18574751732954098,-0.12683263034597014,0.7493525857506393,0.05505249184479689,0.4179596885107395,-0.21986562334111778,-0.30762879809329197,0.23821255174278022,0.3842016027771731,0.2278369906165364,0.7009640084078572,0.04311474052842615,-0.48085169272770883,-0.0028394010240295055,0.8842009342141351,-0.2921954358428598,0.5924535206407099,0.059619738081879925,0.912936915954985,0.4423910563944057,0.3690192141627916,-0.13235690526995228,-0.1336167554617311,0.8016166526489921,-0.011622618479227426,0.5231332477294944,0.10731519840425709,-0.2626648066176705,0.4085958735781918
0.0835083279228891,0.04869393828011194,-0.13729404177013946,-0.13953515928095328,0.5416805842792224,0.6197226280951019,-0.48984617693504207,1.0,-0.29317487064520253,-0.37215074943110854,-0.3478326018466909,0.017815007790376727,0.3890979449524815,0.22956583681810927,0.6139538170912401,-0.460472762461302,-0.18585129609757908,0.020238285364760217,0.18246425831582855,0.6398171889797104,0.17447457434900776,-0.6398179606318921,0.14189329681445592,-0.6398179606318921,-0.7492610643017178,0.19620142032292948,0.3777676147636939,-0.7580634889430224,0.6789395329949491,-0.4894551297705594,-0.4886466054914594,-0.38374296418799025,0.10115987189064357,-0.03128087353775704,0.029715431738457768,0.2858446979945498,-0.6440528710408877,-0.21300585469744446,0.020359437618839387,0.05203975617659739,0.6042030060695356,0.05812510788242178,0.12860526728415816,-0.17931663682383495,-0.7249258706933173,-0.46859442416487096,0.22780918644247386,0.07905320154801883,-0.6852727188226022,0.7312444691797017,-0.5379738791060301,-0.2770707936256087,-0.5668172845378104,-0.5293417862646472,-0.3012287712041174,0.06543381305531439,0.31648636003408576,-0.7346563957100749,-0.3253062234986367,-0.1620212326126809,-0.11140378462102216,0.4101213010283285,-0.06300339070127782
0.8123619022188414,0.7956637642931133,0.8046790236421957,0.8802173494557228,-0.35587414610170903,-0.3522216399313715,0.6637290502590286,-0.29317487064520253,1.0,0.5215231965402827,0.4376991330481672,0.16025571672195082,0.10503791776063336,0.04279857006144971,0.11022685173216933,0.7309161087528524,-0.03370714449722987,0.2602908320613262,0.23882389683728306,-0.24908692812120883,0.4385511852347407,0.74190799783418,0.32954990956240815,0.74190799783418,0.6892110046058183,-0.43232534855584015,-0.061589531670931154,0.360010145301533,0.016770109048185558,0.9635349522075386,0.8390980303066498,0.5228730863227006,0.30803098135373996,0.04024174080004957,0.11476013901217176,0.19289407103473719,0.7367579307784171,-0.3002806279017385,0.37221240535107686,0.27573498730926543,-0.1038742237378908,0.42620578058897257,0.6467177769679954,0.4655087754921026,0.8077829208508003,0.16003351498994,-0.17456099223527455,0.13079423775425728,0.5011452540672495,-0.35162688687459004,0.7092828502920091,-0.21332334042351744,0.39931291720153694,0.48062531856115503,0.28207450214269947,0.1918930643256215,0.07831443966392221,0.6661069524194102,0.2921606763891508,0.4679768565890647,0.5779991862880545,-0.03478012562860284,0.5064422342675589
0.42212378349577206,0.5420392879307224,0.580640703559721,0.6831747782217127,-0.2539607461511445,-0.20951731030519005,0.6110684899876839,-0.37215074943110854,0.5215231965402827,1.0,0.5063733340023903,0.32124845737894875,-0.12385207308303667,-0.2578275355904898,-0.08571611392509183,0.5682746951286359,0.29587431542684467,-0.11719470815985744,-0.23159292956471367,-0.00839537040778423,0.27953487863686804,0.2448477460355974,0.2944903058488596,0.2448477460355974,0.5717675510106456,-0.2933333809623901,-0.11515628637817571,0.4796603294581521,-0.2766269344868592,0.5919740719266103,0.8026212576008627,0.4412302579395421,0.2611768512319565,-0.21225730684589775,-0.2951101851309825,-0.21000543987068912,0.4433031962390974,0.14179723767846567,0.003507396672492471,-0.39460103781834105,-0.019444084208769325,0.24030443425292808,-0.16394768807297067,0.10206347877189868,0.4636367279717134,-0.3525693005183351,-0.28971945348485145,0.21835661998685016,0.3211316692619097,-0.44877424129868604,0.66245538175844,0.5755099047697022,0.5451073810012774,0.6268981225687122,-0.03837584440834741,-0.2458129630484657,-0.06290105935801825,0.5364938645809806,-0.05878396745747246,0.1444313866751856,0.04609322153230938,0.0678556583850339,0.2856041287375363
0.2461214194896102,0.20011657503536392,0.1441770868779906,0.4549500485176342,-0.629547301294592,-0.02624617339508607,0.8558927386296408,-0.3478326018466909,0.4376991330481672,0.5063733340023903,1.0,-0.30897337064718333,-0.31099175491638986,-0.5042065691639445,-0.3541931193804018,0.7943243421168635,0.4562032539084379,0.2847768612064562,-0.5588950384357835,-0.4923119457365475,0.25813572056299,0.07782770490418456,0.11540729595672035,0.07782770490418456,0.19765511634776076,0.2723193873613809,0.4755643601801168,0.6903348845904526,0.22004813826734543,0.5511065265037735,0.4086035156451619,0.9458641075305161,-0.12163052063780046,-0.18346897420065675,-0.4052126155691491,-0.40960999884734245,0.6648216270497999,0.3531904546125622,0.44789861426559097,-0.47480001292378177,-0.5010993961673498,0.19153472339995556,0.23157335644587554,-0.11007066821615562,0.3984233133676371,-0.0014744309080584367,-0.7308671875306307,-0.28886700336287524,0.8025370055882252,-0.27587076278834943,0.6099551128631393,0.2525057757411618,0.9133015885153705,0.047166765456334414,-0.03699751374894251,-0.4060988900168814,-0.44219974442621335,0.7486600768737327,-0.3733246462971914,0.40841245210409044,-0.13444409387508613,-0.5768332277077081,0.1805572162779388
0.18103471903435983,0.21978461748497402,0.261861736845756,0.1632763132817156,0.32518634697029336,-0.06155399795577859,-0.2510652313476782,0.017815007790376727,0.16025571672195082,0.32124845737894875,-0.30897337064718333,1.0,-0.07306156486387368,0.010543607520891705,0.06198399048244872,-0.2228637601164825,-0.30977125835791214,-0.36508887932067857,0.261964943058111,0.07795989126874021,0.31830670640688413,0.0730647965249236,0.23167161733343786,0.0730647965249236,0.2210336292493503,-0.1027472201526462,-0.18063743207486027,-0.13959907280874592,-0.115030127327877,0.1128815814743705,0.2918918748219073,-0.3148672927412403,0.9066124572685912,-0.288618350624675,-0.20427992094515857,-0.08641588838159987,-0.18373233824058155,-0.37515779957799583,-0.36293689387373773,0.05247458983100244,0.24337186258206572,0.34827495731148517,-0.011777544428950107,-0.28052255312048696,-0.07553389493493219,-0.022771943593293553,0.16196312503640653,0.45612238194224575,-0.381798165894453,-0.23804622169642445,0.02620892177002299,0.1063249028172905,-0.31913858274258255,0.4385000775339669,-0.29699100471411444,-0.08697845680310491,-0.06416440850478387,-0.15033434634649254,0.07253825062392132,-0.41923227314427697,0.20904236170085547,0.2888257961571746,0.17867943992490903
0.42103572286786317,0.47099249261989323,0.25902124234037804,0.14250568805391858,0.3405242416531116,-0.1118141126164718,-0.06787562558472494,0.3890979449524815,0.10503791776063336,-0.12385207308303667,-0.31099175491638986,-0.07306156486387368,1.0,0.7552786935847676,0.7992568140219803,0.04675553273482873,-0.09514269478937086,-0.027245692475750448,0.7409511457000372,0.7506773951467769,0.4123459276879553,-0.009145059149244822,0.7566258762068298,-0.009145059149244822,-0.18835301201145072,-0.18013823897915887,-0.16360741580072705,-0.384654019093111,0.3491436812678191,0.0027203414485164994,0.0916716984810966,-0.10192819256736875,0.04730835439698894,0.8215506973047378,0.747738680569989,0.8788711899444541,0.024169594947767537,-0.0556257559703229,0.07821617357241462,0.6683720927683315,0.8278328242207105,0.5132007017195711,0.3897297368709107,0.6430252140417992,0.01569397047350382,-0.5712590645694255,0.8108503294323842,0.7260801701717332,-0.19166822775493916,0.7425301528880778,-0.14325655134326096,-0.17947331241698508,-0.2072687609200948,0.13102810682446597,0.37091179545335073,0.8169258440919298,0.876719267809984,-0.12153333554990146,0.14953248252379167,0.05571386075411492,0.4241843401696052,0.801034248552107,0.6456225428285601
0.02251990512404441,0.0991629267466556,-0.04556227321807794,-0.09638404091574712,0.3934479197252175,-0.37973379392115314,-0.358963103773088,0.22956583681810927,0.04279857006144971,-0.2578275355904898,-0.5042065691639445,0.010543607520891705,0.7552786935847676,1.0,0.7610190799181977,-0.08452929726094047,0.15727270077906846,-0.36082861491137014,0.8771955919166105,0.49728325020097386,0.46380243893873946,0.05209888154389786,0.42269928559951625,0.05209888154389786,-0.1596490951083949,-0.047353528494338805,-0.46083851176726476,-0.6028863640664384,-0.02898852050383661,-0.007289428920280152,-0.0961248768553405,-0.3578151728268447,-0.01672724751845051,0.6463023159189388,0.9401980170198307,0.8964426835945678,0.06262470570587526,0.15029269277985083,-0.3195375137316071,0.8481740194644837,0.5244711120007686,0.528527654602461,0.18560741797740585,0.5355235144595875,0.009624135958087188,-0.32403057942544683,0.770728100555457,0.5597052507470446,-0.3433729084628988,0.4142807306119005,0.008494992009325186,-0.019200376764556746,-0.41925726209288633,-0.02530525512390186,0.28679851009979856,0.9362825119063024,0.8265955039510978,-0.11356829950237154,0.2750447448709573,-0.3227130959896199,0.7149700566418729,0.5579867733579029,0.5643338365342949
0.3370871408110154,0.3869534231215029,0.16662382364145914,0.17130915474606379,0.5920838064658978,0.06597852458401736,-0.2467425599067846,0.6139538170912401,0.11022685173216933,-0.08571611392509183,-0.3541931193804018,0.06198399048244872,0.7992568140219803,0.7610190799181977,1.0,-0.009924786769525606,0.01373296892773962,-0.10005649120606275,0.6806724152744263,0.7920188344836944,0.5907227784077407,-0.1510066365098712,0.6326169997273089,-0.1510066365098712,-0.27301033156760435,-0.12099493248772825,-0.06437304905685616,-0.6265145335377506,0.3499421470107709,-0.01975237591283753,-0.0500586778681021,-0.30717421608310347,0.13478696674490176,0.39223893706486485,0.6002115596055595,0.8462434731868022,-0.08613671611931024,-0.06039213600083215,-0.026304736564864636,0.5842974170683516,0.8049044793845398,0.5435208580665074,0.28394008208984206,0.4590093556636544,-0.21557761767977787,-0.6384882720928793,0.6054868308716531,0.47339185931952465,-0.49553780523133084,0.6932093995742173,-0.14215475382032228,-0.12902133837907645,-0.4448793239488285,-0.17668875747746643,-0.013075446831933627,0.6885876955634742,0.8474399903453899,-0.2524925812920535,-0.15871413484341407,-0.07872913891276255,0.5200183346590429,0.7324211113179319,0.5041766547504054
0.5090898751540079,0.5239022413595683,0.44190480718768027,0.7410878655441749,-0.3742120847656485,-0.20646538453572474,0.8298521414145931,-0.460472762461302,0.7309161087528524,0.5682746951286359,0.7943243421168635,-0.2228637601164825,0.04675553273482873,-0.08452929726094047,-0.009924786769525606,1.0,0.4565938795961389,0.40173922313442234,-0.14200215474617583,-0.30829582958589086,0.4233508594647658,0.45356669032689195,0.4056938804774055,0.45356669032689195,0.49827648562348537,-0.033916254833620145,0.2418038783798846,0.6835609742574523,0.09741038189707872,0.8437274874806833,0.6972971538344587,0.8416784955883724,0.005646175162556685,0.07551687895205664,0.032103242240632594,0.01684637639384941,0.9347099439125495,0.2915808473228788,0.5653120725917095,0.00029888815855256146,-0.24244811873784222,0.40579113842888614,0.39853848104252715,0.4439685191693664,0.7133483564562387,-0.08529240616319335,-0.31728093200341645,-0.05808487484774793,0.7446208214753263,-0.2211790330767021,0.8132549808427398,0.18143835269350986,0.7472045528562897,0.22072117969682803,0.06933312245756044,0.057076292576084764,-0.06464725425968905,0.92780574001129,-0.16353434613682533,0.5958703170980979,0.25734869595133075,-0.2576823182325293,0.42590658238278306
-0.3634857552786081,-0.2501638734839341,-0.3738909886178593,0.04250464567177315,-0.03823488181935943,-0.04872391139696723,0.15540515698434898,-0.18585129609757908,-0.03370714449722987,0.29587431542684467,0.4562032539084379,-0.30977125835791214,-0.09514269478937086,0.15727270077906846,0.01373296892773962,0.4565938795961389,1.0,-0.14122408985701743,-0.26610786762807476,-0.1566974293194425,0.29259142875938127,-0.2887694441037553,0.002806476661446263,-0.2887694441037553,-0.16767572687526672,0.5429705848274363,0.15371080314958327,0.15605740570821652,-0.06825148638045336,0.1473665845568455,0.0074669885005277745,0.3945579534989247,-0.29076227511306835,-0.07326389165139793,0.12538549609032,-0.10210037467545115,0.4319529597483926,0.9404012725898468,-0.043561600109612214,-0.19918663033054682,-0.28454998800513487,0.21596824428633582,-0.3417441734292373,0.012879345915873985,0.04337502325269133,-0.37478719173211056,-0.2272710987636483,-0.18003565867824595,0.20552593314945022,-0.13524491771325645,0.6113414618462895,0.7710899591074847,0.38698837513069606,-0.27131228556791775,-0.29353598486095406,-0.007630053337916265,-0.09754675830210803,0.4537309485853869,-0.37091436554086327,-0.1061806366052382,-0.004793962751053365,-0.3585654608388134,0.08479519450895846
0.396734817601803,0.3267602254829079,0.2903467202373231,0.4443436217583949,0.08664745628748317,0.5610590181378049,0.2549735473654348,0.020238285364760217,0.2602908320613262,-0.11719470815985744,0.2847768612064562,-0.36508887932067857,-0.027245692475750448,-0.36082861491137014,-0.10005649120606275,0.40173922313442234,-0.14122408985701743,1.0,-0.34556434662996294,-0.15263984326728489,-0.29060569670087233,0.24012378947678018,0.0030739171670612626,0.24012378947678018,0.13731587524298772,-0.11929543214823271,0.6333805791489852,0.47559048811325016,0.44237050040847836,0.255690614792543,0.17731995717394503,0.34310602575422416,-0.04496676386418917,-0.13561075486350538,-0.2232118363360238,-0.17870809515353506,0.25568476900090537,-0.20664925354614172,0.9660204192083344,-0.08252817653461621,-0.07014450615586439,-0.3188946558550567,0.3613534429081153,0.3532566410011999,0.2260541896982379,0.15695601431577794,-0.15620762278532016,-0.483346231119653,0.25966145967682003,0.1543555760758098,0.07694260096511388,-0.437339046559976,0.11406133378925881,-0.25674775072831285,-0.2138225924674234,-0.2176689692827273,-0.2746491387770085,0.22996226772803877,-0.18953987051657545,0.9226235575539521,-0.3408805934384413,-0.18724378805954422,-0.3437708144804779
0.2926368346147262,0.3122555974586162,0.23180647451796707,0.01701241743314465,0.2641686768133748,-0.4878677440815867,-0.2603212136460211,0.18246425831582855,0.23882389683728306,-0.23159292956471367,-0.5588950384357835,0.261964943058111,0.7409511457000372,0.8771955919166105,0.6806724152744263,-0.14200215474617583,-0.26610786762807476,-0.34556434662996294,1.0,0.4348852480857892,0.4632299736418693,0.29667119486825366,0.48778629905141196,0.29667119486825366,0.055548006044628444,-0.2907505745231497,-0.5480190570350169,-0.5511194913648267,-0.02471846331089709,0.12173927191789422,0.07947461945644851,-0.37537332595324313,0.23820449169321808,0.6556672287586556,0.8358456060364636,0.8906275073988796,0.032452005659659694,-0.28446023752232863,-0.30870925340964667,0.9245076425324562,0.5583085689076535,0.5714090851825572,0.43807584042503805,0.4992282303632606,0.14517309186362207,-0.09745126374423492,0.7702647662557984,0.7049521178088082,-0.27935411887950484,0.3268940937146487,-0.09131389086413783,-0.32320800877032096,-0.4317908417339932,0.25034924749787607,0.46165181529968313,0.9102768485022539,0.7984948703137986,-0.14017270753151836,0.4785562131059948,-0.2831328498995284,0.8175624683169883,0.6425303148859547,0.6642092242174459
0.20488447264523826,0.29852618107156026,0.1445332112529852,-0.011675855023497956,0.6117279604114477,0.23441900609397617,-0.3398628967968714,0.6398171889797104,-0.24908692812120883,-0.00839537040778423,-0.4923119457365475,0.07795989126874021,0.7506773951467769,0.49728325020097386,0.7920188344836944,-0.30829582958589086,-0.1566974293194425,-0.15263984326728489,0.4348852480857892,1.0,0.18395249827613283,-0.36549480555266634,0.5296612492333405,-0.36549480555266634,-0.3460394828401794,-0.24185098298803157,-0.12285832737837661,-0.5675378016088934,0.23750493543630127,-0.37896449033299523,-0.12088101290326193,-0.4620674269849164,0.042946684931209365,0.39045584280889134,0.3539436875255031,0.6183232478159509,-0.4587927129931314,-0.10038189398350301,-0.12595359270866238,0.23142973013745205,0.9505109645121566,0.1807527429723828,-0.1059165060145801,0.3184643427662555,-0.42042456742757295,-0.7945302161187626,0.6786720610149085,0.5499848585461153,-0.6225419638932859,0.7487348495357021,-0.4394665360860096,0.02431025823821501,-0.4682532413865757,-0.00925733545731028,0.006553060963728854,0.429754977746768,0.7812931888020123,-0.5341293905484538,-0.12628607534045666,-0.11555265350318683,0.04859652722496711,0.9117454543547333,0.23856623470680913
0.3559155897404583,0.35783487800327174,0.13499452437699552,0.3304039621570431,0.09581585676384957,-0.24698846680507144,0.2309071300498045,0.17447457434900776,0.4385511852347407,0.27953487863686804,0.25813572056299,0.31830670640688413,0.4123459276879553,0.46380243893873946,0.5907227784077407,0.4233508594647658,0.29259142875938127,-0.29060569670087233,0.4632299736418693,0.18395249827613283,1.0,-0.04311428694391144,0.718229567479839,-0.04311428694391144,-0.06509874348423417,0.2670907626595003,0.08571651806108463,-0.18808472407516913,0.3448742021799595,0.41942154560249667,0.25117339970634833,0.2843728076999814,0.450007465962021,0.19072519823873324,0.2999592900386768,0.46360334203835646,0.40378996573775283,0.15943118308673151,-0.08741813295062646,0.36613474630758036,0.29013944260464763,0.9633026733216685,0.47983389317243297,0.07416832529754538,0.07024710796902998,-0.40181530562938933,0.08799044748133035,0.48803889270368134,0.0541614748520359,0.2248888358748824,0.36052332014588284,0.14114704003883008,0.15634556872953198,0.048895743286680754,-0.07635479106798257,0.4140442231944281,0.3754944102600584,0.32204560508919056,-0.30532622920958313,-0.23771042841250586,0.6594679327848211,0.20521354280504553,0.8131890612933063
0.5193512972490492,0.5057286223647005,0.6745999785933151,0.5351688744643,-0.3718535585900928,-0.5741043470675278,0.45217868375828685,-0.6398179606318921,0.74190799783418,0.2448477460355974,0.07782770490418456,0.0730647965249236,-0.009145059149244822,0.05209888154389786,-0.1510066365098712,0.45356669032689195,-0.2887694441037553,0.24012378947678018,0.29667119486825366,-0.36549480555266634,-0.04311428694391144,1.0,0.03751853034758922,1.0,0.9051236371001924,-0.691585062213719,-0.44759155369440745,0.44630838791635913,-0.4468238982664165,0.7508627765814502,0.6893668629456926,0.19431710954822623,0.08252663706280275,0.16989801186266804,0.24409789498893036,0.18500727724714996,0.6176270405168209,-0.41393130322969157,0.220634711473432,0.42144790525648107,-0.2366991393646801,0.046571191518372156,0.41344682574506547,0.5903641012567229,0.8999110844656982,0.531661267095485,0.037555289333083886,0.053502452532718035,0.4857296534657048,-0.5144676497669463,0.45391478064875446,-0.34914208940430036,0.2154895594663838,0.5930301262683729,0.5188956521670468,0.2880356099255309,0.07767705313733847,0.564933038632518,0.6321578626981352,0.45146025416817537,0.517330367928775,-0.030303841670097337,0.2445675715634222
0.5741335599034805,0.6092609101931183,0.37899389567554564,0.40482369706348165,0.22863992747157957,-0.1133781391313767,0.29064600644710165,0.14189329681445592,0.32954990956240815,0.2944903058488596,0.11540729595672035,0.23167161733343786,0.7566258762068298,0.42269928559951625,0.6326169997273089,0.4056938804774055,0.002806476661446263,0.0030739171670612626,0.48778629905141196,0.5296612492333405,0.718229567479839,0.03751853034758922,1.0,0.037518530347588994,0.03506634354408654,-0.040343489696446154,0.0772276062544095,0.02347384116407882,0.4046609301637822,0.30170925597309084,0.3985917150963976,0.2569238897999052,0.4231644308269833,0.544165101090014,0.35730553083509,0.5832844361655557,0.3162074701065124,4.6068680319893024e-05,0.19536671513894965,0.39123402170109794,0.679909263015571,0.7967394137740185,0.4609622336233468,0.4254230260564983,0.13654348390695484,-0.6057631165134859,0.47281197320002005,0.7419636557950043,0.07621114148550692,0.5317142885549329,0.1212679241734283,0.0340341548860816,0.15698626122428785,0.3025964565169614,0.10073134008289868,0.5127179853417959,0.5835978270430613,0.2538324658209272,-0.2103341317804713,0.11123254411481694,0.39335271089996354,0.6213153951368378,0.7998450541946079
0.5193512972490492,0.5057286223647005,0.6745999785933151,0.5351688744643,-0.3718535585900928,-0.5741043470675278,0.45217868375828685,-0.6398179606318921,0.74190799783418,0.2448477460355974,0.07782770490418456,0.0730647965249236,-0.009145059149244822,0.05209888154389786,-0.1510066365098712,0.45356669032689195,-0.2887694441037553,0.24012378947678018,0.29667119486825366,-0.36549480555266634,-0.04311428694391144,1.0,0.037518530347588994,1.0,0.9051236371001924,-0.691585062213719,-0.44759155369440745,0.44630838791635913,-0.4468238982664165,0.7508627765814502,0.6893668629456926,0.19431710954822623,0.08252663706280275,0.16989801186266804,0.24409789498893036,0.18500727724714996,0.6176270405168209,-0.41393130322969157,0.220634711473432,0.42144790525648107,-0.2366991393646801,0.046571191518372156,0.41344682574506547,0.5903641012567229,0.8999110844656982,0.531661267095485,0.037555289333083886,0.053502452532718035,0.4857296534657048,-0.5144676497669463,0.45391478064875446,-0.34914208940430036,0.2154895594663838,0.5930301262683729,0.5188956521670468,0.2880356099255309,0.07767705313733847,0.564933038632518,0.6321578626981352,0.45146025416817537,0.517330367928775,-0.030303841670097337,0.2445675715634222
0.46323508645099465,0.5026825403255617,0.7046002285441966,0.6002205940371244,-0.3711641393035797,-0.5285911134760954,0.5363548913918214,-0.7492610643017178,0.6892110046058183,0.5717675510106456,0.19765511634776076,0.2210336292493503,-0.18835301201145072,-0.1596490951083949,-0.27301033156760435,0.49827648562348537,-0.16767572687526672,0.13731587524298772,0.055548006044628444,-0.3460394828401794,-0.06509874348423417,0.9051236371001924,0.03506634354408654,0.9051236371001924,1.0,-0.7025658528167349,-0.4473859859200784,0.6019030568178357,-0.5976352000777357,0.7467085549787079,0.8152903967049433,0.23322356075349582,0.15602857179247295,-0.04306038207247668,-0.017514936079994735,-0.04658142913887137,0.5962082609471442,-0.2929343598334041,0.1281247285203196,0.10092050597411802,-0.26228681217163335,-0.0033359333770305063,0.12508550971560292,0.44430695978831275,0.8635389213776852,0.3679700531702366,-0.1124861205015263,0.04998962314812393,0.4783576364169776,-0.6726068967935691,0.545699361821742,-0.026159181688294047,0.3413148176884409,0.7262851186866726,0.3448285142598804,0.034678561274581854,-0.052098596462650665,0.6202370495836143,0.47157910919587753,0.39369325939548944,0.33256552699874004,-0.0373977247163426,0.16396714226156975
-0.5502584701928597,-0.5919287602091917,-0.7748134849445775,-0.4406164528926791,0.08382874727084748,0.29664149633398035,-0.19607613471392452,0.19620142032292948,-0.43232534855584015,-0.2933333809623901,0.2723193873613809,-0.1027472201526462,-0.18013823897915887,-0.047353528494338805,-0.12099493248772825,-0.033916254833620145,0.5429705848274363,-0.11929543214823271,-0.2907505745231497,-0.24185098298803157,0.2670907626595003,-0.691585062213719,-0.040343489696446154,-0.691585062213719,-0.7025658528167349,1.0,0.5625569802853773,-0.08216979067248827,0.4494875118998838,-0.33047822120849474,-0.5325857840642056,0.23407474656453722,0.027809792433858282,-0.14870465987664927,-0.14963100401164792,-0.2963823865610182,-0.05026027923275815,0.623225135944252,-0.04616786752649695,-0.22598700645671208,-0.2517977025370533,0.22803961587257468,-0.08361086175282247,-0.5696515231896511,-0.5094201739546314,-0.11703067035469565,-0.24725839891702353,-0.18535165609577745,-0.00031017135541438096,0.19831025048628065,-0.005645136199328378,0.3324450484809724,0.12131956978827016,-0.6000033398237922,-0.49799182439548484,-0.2224308775845701,-0.3871934110743269,-0.009340569128459979,-0.5858394372717688,-0.36370682182734215,-0.25534467126761096,-0.4707529047397218,-0.05653845847247448
0.0883780989842857,-0.004988022941180648,-0.18172319774614648,0.1532213609524916,0.1598550614851186,0.794643524785052,0.11756959937563391,0.3777676147636939,-0.061589531670931154,-0.11515628637817571,0.4755643601801168,-0.18063743207486027,-0.16360741580072705,-0.46083851176726476,-0.06437304905685616,0.2418038783798846,0.15371080314958327,0.6333805791489852,-0.5480190570350169,-0.12285832737837661,0.08571651806108463,-0.44759155369440745,0.0772276062544095,-0.44759155369440745,-0.4473859859200784,0.5625569802853773,1.0,0.22364454426385658,0.8058592928672109,-0.05517685882044623,-0.1841357734473084,0.4249099244292003,0.15012615827969272,-0.3776438069848289,-0.515152351265464,-0.4086277982041324,0.006090063320356236,0.11712441982667383,0.6891387519683291,-0.4192398193154803,-0.07633468665361993,-0.023631942226937642,0.2359881810480431,-0.3043855004044615,-0.3365042804929988,-0.14038920753974538,-0.4189009625613398,-0.4412307487064881,0.08386975186641296,0.3318446488647131,-0.031257942013321015,-0.10308930403493655,0.16922400345102329,-0.5820284660499188,-0.6314380498444838,-0.5014413154204356,-0.4803472809067557,0.03812405249970211,-0.73040512697762,0.4138889517096859,-0.5130752699273401,-0.35442524339966863,-0.27255061960426086
0.20477825260070784,0.19884143400174492,0.28765050817201504,0.42650450704151366,-0.4922349193426458,-0.09467386038560655,0.7243714732772902,-0.7580634889430224,0.360010145301533,0.4796603294581521,0.6903348845904526,-0.13959907280874592,-0.384654019093111,-0.6028863640664384,-0.6265145335377506,0.6835609742574523,0.15605740570821652,0.47559048811325016,-0.5511194913648267,-0.5675378016088934,-0.18808472407516913,0.44630838791635913,0.02347384116407882,0.44630838791635913,0.6019030568178357,-0.08216979067248827,0.22364454426385658,1.0,-0.1648371535325066,0.531435758777267,0.5743328485778634,0.7136402305939368,-0.00925348226844393,-0.1326572103416252,-0.405425507012043,-0.515246394244357,0.651799742881927,0.1530037641592581,0.5257425824815285,-0.3881293394701354,-0.5021308745542579,-0.1273853529029089,0.04101007186813029,0.1292319751658633,0.6214915193580903,0.2605841261903487,-0.44942439966791053,-0.2521343051024196,0.7934150823261059,-0.48037147386216117,0.518232759362012,0.18352834600406998,0.7592894279475867,0.3643663800093525,0.022762273486824747,-0.40341678618360494,-0.5273051806175139,0.7748681181999885,-0.06670568890562052,0.602833352607666,-0.28321438159954143,-0.455368623154291,-0.06787394443309536
0.32894905214876585,0.22300185169189568,-0.03997607079791831,0.13998603726070488,0.23083368146743888,0.6257217742888287,0.02210819814684267,0.6789395329949491,0.016770109048185558,-0.2766269344868592,0.22004813826734543,-0.115030127327877,0.3491436812678191,-0.02898852050383661,0.3499421470107709,0.09741038189707872,-0.06825148638045336,0.44237050040847836,-0.02471846331089709,0.23750493543630127,0.3448742021799595,-0.4468238982664165,0.4046609301637822,-0.4468238982664165,-0.5976352000777357,0.4494875118998838,0.8058592928672109,-0.1648371535325066,1.0,-0.09044873040326139,-0.20298604217070448,0.2852330387593226,0.23391788662361052,0.07097096961703218,-0.10500480037827756,0.09411833592166714,-0.10521335081400306,-0.09452696123685575,0.5506323990431993,0.006627328210928897,0.3409934372714592,0.2919890526409433,0.5542457280130036,-0.10894258349779641,-0.3739816322694302,-0.3064324346375638,-0.00918218322860299,0.019875611923748687,-0.06821923027659843,0.6898871835756994,-0.2085971179862857,-0.350300451106154,-0.017209880117187187,-0.4644293260211776,-0.2978092777561796,-0.041622235249697506,-0.0010139109569445492,-0.1652755724530793,-0.49537813917841256,0.25687060103516773,-0.1687694325335722,0.06810180137797461,0.13844169664998923
0.6830700465032267,0.6875060105434823,0.7046612524378432,0.8504390826699318,-0.4078554187934096,-0.40929518571579915,0.7290142678600722,-0.4894551297705594,0.9635349522075386,0.5919740719266103,0.5511065265037735,0.1128815814743705,0.0027203414485164994,-0.007289428920280152,-0.01975237591283753,0.8437274874806833,0.1473665845568455,0.255690614792543,0.12173927191789422,-0.37896449033299523,0.41942154560249667,0.7508627765814502,0.30170925597309084,0.7508627765814502,0.7467085549787079,-0.33047822120849474,-0.05517685882044623,0.531435758777267,-0.09044873040326139,1.0,0.8664682431058092,0.6276428591385277,0.25568841783150653,0.015380296364125879,0.08865584187320792,0.08557234679655346,0.8712274203686802,-0.09613594367846998,0.37471625128842384,0.20056265327055364,-0.2461468683681043,0.42044691699814574,0.5299333998886014,0.4562493416422263,0.8746369114178832,0.175579744206803,-0.24120941896163353,0.06970399375439437,0.6254539248317253,-0.4646257797135968,0.8377527477005926,-0.03292415306836348,0.5362753364511536,0.4870588604160176,0.22805359608278342,0.14010542826022446,-0.029104191577482674,0.8312503625577528,0.22918148153517826,0.47263850299081994,0.5241455033293472,-0.16888767263957105,0.4793425153910335
0.7416884621709993,0.8111668950944669,0.8637687625682933,0.8778374465975555,-0.31412159958837793,-0.3522783776907976,0.6893142017926241,-0.4886466054914594,0.8390980303066498,0.8026212576008627,0.4086035156451619,0.2918918748219073,0.0916716984810966,-0.0961248768553405,-0.0500586778681021,0.6972971538344587,0.0074669885005277745,0.17731995717394503,0.07947461945644851,-0.12088101290326193,0.25117339970634833,0.6893668629456926,0.3985917150963976,0.6893668629456926,0.8152903967049433,-0.5325857840642056,-0.1841357734473084,0.5743328485778634,-0.20298604217070448,0.8664682431058092,1.0,0.5015310936974686,0.3552218579040959,0.0691419788941048,-0.015256261095690499,0.02809312277408626,0.6679142993366279,-0.17438358272875618,0.2853181941848149,0.03653739491109339,0.004509663115344793,0.30052387898942834,0.2873765492188885,0.47636709727282855,0.8213007251517769,-0.04644243908114292,-0.0623591953834077,0.3096301492797192,0.4946902460673754,-0.4305443350886055,0.7206480187659958,0.12882588749912852,0.49654818944034995,0.7781039464722018,0.254655862874256,0.055896433407775115,0.043881439922562625,0.6815563830617303,0.3101235183443457,0.4477618366315891,0.3064977436357559,0.12899764181537404,0.43386335977700397
0.36711089225469623,0.3220873968772964,0.23855363647958341,0.5082017277149635,-0.6433293064208109,-0.11349200494764199,0.8788548441213803,-0.38374296418799025,0.5228730863227006,0.4412302579395421,0.9458641075305161,-0.3148672927412403,-0.10192819256736875,-0.3578151728268447,-0.30717421608310347,0.8416784955883724,0.3945579534989247,0.34310602575422416,-0.37537332595324313,-0.4620674269849164,0.2843728076999814,0.19431710954822623,0.2569238897999052,0.19431710954822623,0.23322356075349582,0.23407474656453722,0.4249099244292003,0.7136402305939368,0.2852330387593226,0.6276428591385277,0.5015310936974686,1.0,-0.07014893696057545,0.06958986341691809,-0.20744574743991723,-0.25877342310894924,0.754056254659066,0.31087092560055807,0.5269873458842541,-0.2681024486089383,-0.40482560012283664,0.2886899056323137,0.39928755544667677,0.07441361633821665,0.5318841648822537,0.014417688742623332,-0.5244547478571577,-0.10535192206853577,0.8777259281355397,-0.1926766712820357,0.6451010040132773,0.1559411780164627,0.9242354197693643,0.1694610483154172,0.1313725872201083,-0.2083166861846623,-0.33230483331934396,0.806941565719497,-0.19155849053491883,0.4784182761956471,-0.03823539423183231,-0.47105795209381246,0.3327282321747716
