Fp1,Fz,F3,F7,FT9,FC5,FC1,C3,T7,TP9,CP5,CP1,Pz,P3,P7,O1,Oz,P8,TP10,CP6,CP2,C4,T8,FT10,FC6,FC2,F4,F8,Fp2,AF7,AF3,AFz,F1,F5,FT7,FC3,FCz,C1,C5,TP7,CP3,P1,P5,PO7,PO3,POz,PO4,PO8,P6,P2,CPz,CP4,TP8,FC4,FT8,F6,F2,AF4,AF8,O2,P4,C6,C2
1.0,0.8729557722783258,0.8805545906265425,-0.20632332550499283,-0.7720752880294545,-0.3855722334406244,0.5223622524481583,-0.6079794272591024,0.809781839851173,0.9167503028434775,-0.7360481665434486,0.909646340934115,-0.749184684620988,0.3298847816276671,0.9658307409168254,-0.8153501298710374,0.9528791985166276,0.24634768065185886,-0.56212968933458,-0.03851014956118603,0.7452857504936089,0.6666718521056231,0.26130323204362704,0.6666718521056231,-0.529225582569884,-0.04725036355042685,-0.5577877566278391,0.05225406886488249,-0.7352035973321616,0.569683331638145,0.8394433957048996,-0.8799311309666782,0.4267187588661453,-0.4921824984450639,0.4914958276886131,0.5912316884001549,-0.6741979900714498,0.7441181747191103,0.2993655786586355,-0.5349248759541689,-0.01785498516112506,0.5304122297994286,0.39977399124406027,0.7837034702789716,0.6262476292672358,-0.5329033321845963,-0.7092831188075568,-0.3640493498953224,0.5910831492410391,-0.7216452838688304,0.4809004614056638,0.7031321182838,-0.7635086025385992,0.5252979165350576,-0.565766947466444,0.3312433159295778,0.7142901321287183,-0.7772495725827702,0.7348086191765413,0.23309851756750394,-0.6042194713076203,-0.08352578793702471,0.5143739740951622
0.8729557722783258,1.0,0.7882775502491595,-0.00427011421577255,-0.6017657644962967,-0.2987112784901808,0.3949440941474702,-0.4833295174624343,0.6101316359013781,0.7401710906963201,-0.598581718154765,0.767564432043884,-0.48171139505481103,0.057591900630807595,0.8639563080733335,-0.7502948478560484,0.941192502861373,0.013674797054368965,-0.42243233911072064,-0.09519426701473341,0.7084578478538306,0.56870798707561,0.08066290043070964,0.56870798707561,-0.5812628947874801,-0.30832175667871986,-0.43996116046932426,0.03513206507393328,-0.5363317875834193,0.4048811764003961,0.6290972823230332,-0.8261730910292755,0.17395287229868844,-0.35498269677615596,0.20068065130736257,0.2794973197470123,-0.6540348391315336,0.6228865547509701,0.0015945598624544826,-0.5372622697640146,-0.22933586962007452,0.489291678267983,0.3145134337763458,0.5700173079297574,0.5569099692835207,-0.575525524982971,-0.7539805590763532,-0.25957220839390654,0.5232115314532562,-0.663874028846759,0.35237769928051194,0.5914086014048557,-0.70623063968011,0.4200567362726624,-0.3945063927732295,0.03329727307399358,0.44584084348654196,-0.7973167963733574,0.6610359845484846,0.008751930623912899,-0.6293505917725297,-0.2677662132899508,0.449404016773834
0.8805545906265425,0.7882775502491595,1.0,-0.07780354099064603,-0.6001715356400208,-0.3402211724054475,0.3157174175412251,-0.6289692950210228,0.5385888562217626,0.6839839390077349,-0.7623302839217226,0.9489665455167938,-0.5096766817682277,0.1813960796239517,0.8684252552533482,-0.8565889576913369,0.8738333164769537,0.1674693804883046,-0.25674516843943523,-0.009489444312178606,0.913980827666297,0.6555249764764917,0.13770368129736996,0.6555249764764917,-0.48209328689646863,-0.1390516629666377,-0.32565759095773056,-0.09852937019168695,-0.7581475242215207,0.31842154369733705,0.6266323276147824,-0.931288282696112,0.45837840581812167,-0.242232590468685,0.26669162823236187,0.41400945734208133,-0.825160913394647,0.5906794451713253,0.2537549026496733,-0.29979369447603366,-0.05282685034277859,0.592454279721109,0.1911752183922932,0.5054108795266418,0.7050276505322464,-0.4779643536103651,-0.6164620883571668,-0.1342310970925924,0.6640325513351905,-0.7051320991228661,0.265995737073289,0.6430328421333442,-0.7314719847524508,0.5905376587550734,-0.3419155927356447,0.28027240919442503,0.5877079958408005,-0.7988083895634259,0.720062575940034,0.22364717175427554,-0.3057466160179199,-0.06518268718809932,0.6116236811579543
-0.20632332550499283,-0.00427011421577255,-0.07780354099064603,1.0,0.6457950877886106,0.7499792689376098,0.017754998008196955,0.2860040090560424,-0.5621751183815218,-0.2511434344333821,0.6083362871833349,-0.23966468296013724,0.6303034049916603,-0.32186054208442844,-0.31097798293679396,0.27743847341979033,-0.2483961840523929,-0.8491572289151097,0.5983700455445262,-0.46296092290122826,0.16394060456939247,-0.5613693854719876,-0.7422982220108573,-0.5613693854719876,0.43142935446603764,-0.4291867150298736,0.5644652052310615,-0.19352702810568848,0.2955739920906633,-0.6636278942739614,-0.6221888312976889,0.07200265562189893,-0.4720148813351121,0.4376174766650786,-0.3190826407274482,-0.6161825319602663,0.16580058933577516,-0.5622514625809566,-0.7829547784939138,0.25579151590204724,-0.5954114901542173,-0.1043365715227733,-0.6480737578632052,-0.5516295875869062,-0.4927435410708066,0.2527920370150192,0.17631365808137653,0.517373766844286,-0.46185349885039,0.19680153674694917,-0.6611207655973332,-0.6336516209150322,0.0034982264503759138,-0.6581034807092543,0.4436955123974915,-0.38237805720940166,-0.5372889915662298,-0.05818906262732631,-0.5200362859604496,-0.8500837227798459,0.2866113969014355,-0.7819909124272854,-0.06332346339056817
-0.7720752880294545,-0.6017657644962967,-0.6001715356400208,0.6457950877886106,1.0,0.8231570365392761,-0.38321476491183837,0.7538102152749511,-0.8941550762123347,-0.7404612040539534,0.9080885134658897,-0.7649082513819516,0.9399489007330235,-0.3127239458317652,-0.8474355705523793,0.6691798826940911,-0.7755070356460588,-0.6471069369031045,0.8256469748335019,-0.21329295173751706,-0.3923312328521125,-0.718075112023258,-0.6188875120612791,-0.718075112023258,0.504422342381625,-0.24448678391082235,0.6858734265343429,-0.2939017667146247,0.8028228701970386,-0.7912917904454607,-0.8829899049811548,0.6768016168597513,-0.42023183762481386,0.7405736394633504,-0.35075957230688415,-0.6646543703852623,0.5918443805048977,-0.7193275548112804,-0.5741854617510854,0.623234004277635,-0.23701667840888002,-0.44341089967836833,-0.7020178849906911,-0.8935727509464281,-0.5572653463357623,0.403918373354715,0.5705304768874369,0.4792479891980132,-0.5206064872474856,0.6470857474108174,-0.7567689600579699,-0.777303778038174,0.5444162685132202,-0.6154422224984778,0.7147173833405109,-0.30604947595984494,-0.6970075699706471,0.5177894367885073,-0.6204752059172962,-0.6002050873770419,0.645179149491107,-0.3489879637924154,-0.4413947029205926
-0.3855722334406244,-0.2987112784901808,-0.3402211724054475,0.7499792689376098,0.8231570365392761,1.0,-0.12343000078007257,0.7069581246743404,-0.6228653113908448,-0.4083015286432186,0.8283292836793593,-0.5579446077074657,0.7262652719131903,-0.10158272646375356,-0.553303172479284,0.5654967796314733,-0.5066324810616126,-0.6535268903899623,0.7600840176548934,-0.13415570504221735,-0.13203024850571815,-0.47525482752285686,-0.7221695240407301,-0.47525482752285686,0.4511499117039725,-0.08817655633706935,0.6522879136539701,-0.16114900476560323,0.6926236804936243,-0.5552975768284565,-0.6225232674309978,0.477773367190827,-0.1764527924101464,0.6627350348961175,0.025131361794864072,-0.421857763602915,0.5546585512143474,-0.4622616408963685,-0.5348629231168952,0.5718254140846375,-0.1850695925357934,-0.2655506132375175,-0.5414411719966483,-0.6243475835040906,-0.39199188021056414,0.3080136251960899,0.5033569334557438,0.5108135337727371,-0.34143471362485844,0.5637536988019851,-0.5698504290040751,-0.6408778921572735,0.40278235603908286,-0.567616416237488,0.5587995425734529,-0.10335389767521087,-0.49495436734641735,0.31833668449295305,-0.4555034839067759,-0.6326790957175589,0.5030517922012595,-0.44546304391363756,-0.32011438940536907
0.5223622524481583,0.3949440941474702,0.3157174175412251,0.017754998008196955,-0.38321476491183837,-0.12343000078007257,1.0,-0.6077988352605426,0.6920612575661018,0.6497975595016379,-0.24229569245532803,0.44105134277902297,-0.5580835160511602,0.3045694750466806,0.4456617560459684,-0.35153163618953726,0.42959582205119956,0.2806818185891366,-0.5290494677171113,-0.43241497687988006,0.3894954017710708,0.09630935776591372,0.3926165942401372,0.09630935776591372,0.26119131322428296,-0.16387671139123622,-0.654625178975144,0.424435366469238,-0.5435606150718854,0.5353591865452938,0.29170298835394376,-0.5100442854832854,-0.2503679144805738,-0.28409035503574837,0.5070157406619733,0.514839432596568,-0.07113001478452118,0.5170487615577158,0.36166443490552125,-0.33413394767897286,-0.07306763093902988,0.5535317547973653,0.31999637036452583,0.6915158626852357,-0.21580168862375765,0.21409930134856026,-0.4738443543813123,-0.5778646354729611,-0.2900770843593705,-0.7431103711660348,0.4611347484805404,-0.11395381416677004,-0.6588461767852628,-0.2774583136439641,-0.4373327604338795,0.42421540717838113,0.5367576260478629,-0.17123274196340277,-0.04031612085353145,0.1868196934401288,-0.3992325710361025,-0.20767004564455863,0.5949749267455748
-0.6079794272591024,-0.4833295174624343,-0.6289692950210228,0.2860040090560424,0.7538102152749511,0.7069581246743404,-0.6077988352605426,1.0,-0.6973825134116056,-0.5675761044887938,0.7990190836871535,-0.7793741190571779,0.7099466487895686,-0.22638939798769764,-0.6881486505362517,0.6226313024602494,-0.6216112293809413,-0.5107291848991528,0.5931580064822856,0.08372774751716622,-0.6178483035629898,-0.4616219952170674,-0.5151581391466562,-0.4616219952170674,0.02985571026401112,-0.0046182710582291665,0.5762314340004715,-0.4055826716867823,0.9488295160182636,-0.582350225893009,-0.4872371746955383,0.7819342041547844,-0.0628531103137877,0.44647904183089693,-0.18164373870744208,-0.5098383872265657,0.571550989613713,-0.550429509957484,-0.5184882003552964,0.3906229065327188,-0.07802722955676077,-0.719242000042482,-0.4927439175479921,-0.7074942741963965,-0.1997447758853012,-0.03852681219587968,0.514323473924984,0.3673520065971699,-0.12071861817180643,0.8611228960201662,-0.5858468080948684,-0.3366547220927926,0.7163152410434339,-0.25575376966234786,0.46605258590576953,-0.3463782234026673,-0.5893782410613667,0.4010090780943445,-0.23650906156590867,-0.48645220024472957,0.3349354034217632,-0.16245463349887027,-0.8059025706782914
0.809781839851173,0.6101316359013781,0.5385888562217626,-0.5621751183815218,-0.8941550762123347,-0.6228653113908448,0.6920612575661018,-0.6973825134116056,1.0,0.8739051824019988,-0.7351604198811912,0.712738003596929,-0.9477276539503412,0.4664402791986386,0.8251846642549462,-0.627545557420771,0.7614209361386538,0.6195098972426214,-0.8584575606301541,0.021264143983815702,0.3790072092558809,0.6173076528625968,0.6292947611756942,0.6173076528625968,-0.33519584220448645,0.1434653417593168,-0.8260761390839751,0.3673167148094505,-0.7307532489751125,0.8716297220456766,0.8543169175343392,-0.654395386259315,0.289792834159351,-0.662971475460212,0.6023613828416373,0.8082101804187295,-0.3849032798899876,0.8387799660519426,0.6278331101831706,-0.5952468118007551,0.23179345077805322,0.5086782033275038,0.7016931022404481,0.9810676123468933,0.3906282492284598,-0.2722962362219147,-0.6202231113111896,-0.660642908366923,0.3296457212486012,-0.7317251032109,0.7950738930418946,0.5928453788593374,-0.656264271738718,0.4095087204223529,-0.6995225168036716,0.4878672498323088,0.8300892548435957,-0.41676562804403017,0.5437893136987566,0.5543808657052552,-0.680307531433092,0.2228418932573193,0.4909669561723902
0.9167503028434775,0.7401710906963201,0.6839839390077349,-0.2511434344333821,-0.7404612040539534,-0.4083015286432186,0.6497975595016379,-0.5675761044887938,0.8739051824019988,1.0,-0.5981250673318695,0.8068478384090143,-0.8134855993919521,0.42771444752853305,0.8889139426080483,-0.7435538565379031,0.8509457063760021,0.21312364133448936,-0.7344421750076473,-0.2563075055510749,0.5293287405961361,0.4464886715930863,0.3515147113931749,0.4464886715930863,-0.4353758203317823,-0.11870914381780225,-0.7183338276248453,0.025151708137356822,-0.6959188840278487,0.5712351729992371,0.8465854468475281,-0.7735762877099155,0.24707029798189678,-0.6169381572085479,0.5535000085829402,0.6446312495444757,-0.5099255538238471,0.6990053915002982,0.28730175884316306,-0.6661709804810997,-0.0718327125261968,0.3900182739226259,0.35894859621279646,0.8493288472139573,0.39562914711862013,-0.4671934263032433,-0.7555202822323785,-0.5694107579845584,0.3493859137664553,-0.7275828172184973,0.45295661623466976,0.5953140377075551,-0.8196264001972706,0.35965353277260115,-0.622582952770145,0.34449020586231605,0.778100259219898,-0.6718499954789047,0.6154463286487836,0.16397178472873689,-0.722897631913062,-0.16483522671514425,0.4007688676765464
-0.7360481665434486,-0.598581718154765,-0.7623302839217226,0.6083362871833349,0.9080885134658897,0.8283292836793593,-0.24229569245532803,0.7990190836871535,-0.7351604198811912,-0.5981250673318695,1.0,-0.8580167599286282,0.7883654463809318,-0.20070945737670484,-0.8329695430080195,0.7855501174175116,-0.7875317784775662,-0.6510708012788624,0.6122849923320584,-0.2560821786540564,-0.570303720414565,-0.7932076096448617,-0.5815427692217108,-0.7932076096448617,0.5368991217462159,-0.1379613460468564,0.5672961596579773,-0.16362082220689256,0.8539992538308087,-0.649177841674746,-0.7644308648556885,0.7793143893170554,-0.48470382500445663,0.5513242255683478,-0.2001831339424155,-0.5831699866312373,0.7663850069740068,-0.686330115561704,-0.6095960069611447,0.4537195433888705,-0.23581431178051454,-0.5367937136752448,-0.5795293386466881,-0.712498676627233,-0.7112530959547024,0.41517124900238156,0.5635868323781539,0.3582609363690496,-0.6589983810819808,0.697650568322495,-0.6375311988156503,-0.7941316399855076,0.5694753259873951,-0.7464308678976229,0.5624262573599943,-0.3060856429275519,-0.6717799812264883,0.5778202604540057,-0.7065548168899755,-0.671221384988724,0.4429463268992012,-0.40309312991650326,-0.5523089751408198
0.909646340934115,0.767564432043884,0.9489665455167938,-0.23966468296013724,-0.7649082513819516,-0.5579446077074657,0.44105134277902297,-0.7793741190571779,0.712738003596929,0.8068478384090143,-0.8580167599286282,1.0,-0.7112492191497856,0.2430028275162265,0.9342621602202533,-0.9134924355747331,0.9092277291015493,0.29932428461193206,-0.5193435267524945,-0.09980211349310017,0.8158178304509439,0.6257157600185123,0.34586392554761847,0.6257157600185123,-0.48163538961507446,-0.13933044122988653,-0.5442106723489881,-0.03642183358173499,-0.8981624386302511,0.4521863880699922,0.7411410519010981,-0.9699081824084592,0.37451499267005856,-0.4698795534119805,0.28683902582155785,0.5283214705729101,-0.8371107932232235,0.6463190433732194,0.36184327265732935,-0.4942521616781059,-0.04912657426003696,0.5784940050106182,0.2974621639174363,0.6834013383072434,0.6230451377924776,-0.4658966528879732,-0.727307134264276,-0.3422454615071167,0.5663700440123894,-0.8284376148250677,0.38884197325695297,0.6840042298705573,-0.8399797264464122,0.5767097189158428,-0.5083119778135781,0.30281282304681767,0.7127888141546351,-0.7958500803230397,0.7025589534369664,0.3219417172946758,-0.47834200545862116,-0.019924947382353606,0.6261225993939933
-0.749184684620988,-0.48171139505481103,-0.5096766817682277,0.6303034049916603,0.9399489007330235,0.7262652719131903,-0.5580835160511602,0.7099466487895686,-0.9477276539503412,-0.8134855993919521,0.7883654463809318,-0.7112492191497856,1.0,-0.3559789293505786,-0.7771824258352804,0.6409660200278684,-0.6944568124253021,-0.6662589316525838,0.9002938826962966,-0.028470043723520896,-0.2913962057693456,-0.5566467987519652,-0.7198770269694259,-0.5566467987519652,0.38880303191262977,-0.20761863197659886,0.8032860926333156,-0.24141188509775358,0.782591767727263,-0.7821312385586621,-0.8597118056088497,0.6199476137794415,-0.3222714872050277,0.8007648473451037,-0.4636063643099428,-0.7274237797504107,0.48507229395052387,-0.6816234767220175,-0.6199312329228404,0.6696236874563525,-0.185029388417002,-0.3472303355418678,-0.6091340480710978,-0.9499059959524363,-0.39209276818207484,0.3381088524280102,0.5896950209275879,0.6484354737167347,-0.3531332331908848,0.6707884656370988,-0.707312252030126,-0.6401250733499585,0.5741047213912569,-0.4409569666876544,0.8176459199577597,-0.36668743596143827,-0.7539510595763361,0.4569723429117809,-0.5177486972413908,-0.5851318077264618,0.6908802254438946,-0.26193751640078233,-0.3687866247632379
0.3298847816276671,0.057591900630807595,0.1813960796239517,-0.32186054208442844,-0.3127239458317652,-0.10158272646375356,0.3045694750466806,-0.22638939798769764,0.4664402791986386,0.42771444752853305,-0.20070945737670484,0.2430028275162265,-0.3559789293505786,1.0,0.35612240345634816,0.04523230758988757,0.15459565264767677,0.2538283543621334,-0.16111546730596396,0.3492617181895465,0.22623509356543717,0.45086031049113967,-0.0743142124419153,0.45086031049113967,0.18681051295889445,0.5571855010035132,-0.10396844460032975,0.47977390122419594,-0.2544521072978432,0.5864331917543598,0.4907599020131718,-0.11055815965427014,0.5667460862833799,0.07777133949238885,0.8643816049431807,0.8260593673270622,0.2686790900126254,0.6359605581403203,0.5278240412882641,0.24126218128028054,0.7211885165680693,0.5135767466699988,0.5845974546811126,0.4489400196775143,0.2115402843956371,0.2707192522599381,0.16969530706073002,0.022864652947385704,0.15719484156259447,-0.09439360428347769,0.5636445843135359,0.2819847068884965,-0.24406504239740784,0.3331674471969242,0.1752919109171968,0.892284899606104,0.705059556898102,0.21872470400989547,0.2529010672928764,0.31613889527996847,0.14850956579373614,0.4461635617883939,0.4369910681566313
0.9658307409168254,0.8639563080733335,0.8684252552533482,-0.31097798293679396,-0.8474355705523793,-0.553303172479284,0.4456617560459684,-0.6881486505362517,0.8251846642549462,0.8889139426080483,-0.8329695430080195,0.9342621602202533,-0.7771824258352804,0.35612240345634816,1.0,-0.8340503280930507,0.9599679828036763,0.30081866498266857,-0.6186246247093169,0.025469467826035146,0.703895811412128,0.7267161982585238,0.29854789327201564,0.7267161982585238,-0.5604832888149095,-0.04139035251656552,-0.5705351867194655,0.09248031281543938,-0.8021806040319772,0.619068689381609,0.862947069541647,-0.8996734551900623,0.4373602456941246,-0.5536387940705978,0.40733558390570423,0.6240516149524438,-0.7062434952616803,0.7660851019209128,0.3469398215910012,-0.5611316680160193,0.04262332687942548,0.5488172455148231,0.489593660121622,0.7801405417963014,0.6689874153050662,-0.5213779267525539,-0.711215576945709,-0.3484282216134667,0.6163544592975563,-0.7369929663603806,0.5487625141241044,0.77612886803658,-0.7993960004179133,0.6258007321426304,-0.519593480371174,0.3282780761812683,0.7691123587334863,-0.7657713614645231,0.7719029059380257,0.30899850644570154,-0.6161340912216495,0.024936470234455,0.5342342192606216
-0.8153501298710374,-0.7502948478560484,-0.8565889576913369,0.27743847341979033,0.6691798826940911,0.5654967796314733,-0.35153163618953726,0.6226313024602494,-0.627545557420771,-0.7435538565379031,0.7855501174175116,-0.9134924355747331,0.6409660200278684,0.04523230758988757,-0.8340503280930507,1.0,-0.8932602112368749,-0.26815861068874086,0.5655590726078643,0.27536386560641796,-0.6433239965647756,-0.47519199714798477,-0.48564718171937526,-0.47519199714798477,0.6704289559488118,0.4102986669366153,0.6644733472166328,0.3084187085477568,0.7575995926758358,-0.2944800080006454,-0.6642691784019574,0.9116932389022036,-0.19095279090281095,0.5503879964137922,-0.06811632487838812,-0.3374296303398578,0.9098483720638886,-0.5198409334448216,-0.25502178192895747,0.6577506860084044,0.273573184509885,-0.3188295563738522,-0.10271276027792474,-0.5800971174615256,-0.6127632114612153,0.6763457723242846,0.8931399875635087,0.543008334246066,-0.5618739097049461,0.820455334398396,-0.21042227664387092,-0.6668497677399329,0.7990475633116942,-0.5404348714332429,0.6173630088607691,-0.041858799443415785,-0.5906737775405039,0.8724322329821761,-0.7494457971602873,-0.2753755757778641,0.6347606423014194,0.1450763049206765,-0.38034533504618795
0.9528791985166276,0.941192502861373,0.8738333164769537,-0.2483961840523929,-0.7755070356460588,-0.5066324810616126,0.42959582205119956,-0.6216112293809413,0.7614209361386538,0.8509457063760021,-0.7875317784775662,0.9092277291015493,-0.6944568124253021,0.15459565264767677,0.9599679828036763,-0.8932602112368749,1.0,0.23990330765798515,-0.590742785342312,-0.07385681233813136,0.7171650217953431,0.6588729186369571,0.3205311428550616,0.6588729186369571,-0.659278331515019,-0.21581550406352856,-0.6113143800752401,-0.015391747389430685,-0.7167967427950108,0.5162994724935173,0.8001863148680919,-0.9087169379485873,0.31043533308369375,-0.5119503669686928,0.28919545978200323,0.46284975150575525,-0.7755927599935445,0.7188132796617284,0.23724858354926248,-0.6223680163303021,-0.11927397412266971,0.4979045055361925,0.37782712163425497,0.7244422544600267,0.6652838696945882,-0.6364254657602064,-0.826635634617651,-0.42482502269332095,0.6222114114111356,-0.7736420197173173,0.44626464900429913,0.7445710392922278,-0.7786116140858239,0.5765292435948176,-0.5649367272950657,0.1638599299141643,0.6361099795434603,-0.8360069782632749,0.7859137420142671,0.2351417905650077,-0.6802140984669033,-0.10173450386484023,0.48757914447817163
0.24634768065185886,0.013674797054368965,0.1674693804883046,-0.8491572289151097,-0.6471069369031045,-0.6535268903899623,0.2806818185891366,-0.5107291848991528,0.6195098972426214,0.21312364133448936,-0.6510708012788624,0.29932428461193206,-0.6662589316525838,0.2538283543621334,0.30081866498266857,-0.26815861068874086,0.23990330765798515,1.0,-0.5333260246421595,0.442001390320434,0.028363890228917586,0.5953562168917925,0.822169042824547,0.5953562168917925,-0.1321573258570471,0.4684270855466359,-0.5681323323215531,0.4537011060233867,-0.4517556085492593,0.7698820312268183,0.46650740264743223,-0.18275651331629295,0.3703107661953078,-0.3510683236896983,0.3639828604548332,0.6572979775016509,-0.1621963506234685,0.5968396978109589,0.9306681706382902,-0.12608607400838986,0.6017156177051277,0.3680454808936532,0.7103779849402095,0.6204469798551517,0.3535338805607046,0.033771563618681416,-0.12022202101494764,-0.49522674382396525,0.3078343417321932,-0.3733978593454367,0.7808269924445206,0.39311339360982844,-0.05345168604027348,0.43900099177118557,-0.49925253467795755,0.5001198060194998,0.5292599515880583,0.11246565125478175,0.30616017293446884,0.976594947181007,-0.1672296070308361,0.7757571945923287,0.3450022203832528
-0.56212968933458,-0.42243233911072064,-0.25674516843943523,0.5983700455445262,0.8256469748335019,0.7600840176548934,-0.5290494677171113,0.5931580064822856,-0.8584575606301541,-0.7344421750076473,0.6122849923320584,-0.5193435267524945,0.9002938826962966,-0.16111546730596396,-0.6186246247093169,0.5655590726078643,-0.590742785342312,-0.5333260246421595,1.0,0.2022435835591929,-0.027208592942327175,-0.2813838239570078,-0.7671636936372872,-0.2813838239570078,0.40874650534066453,0.04315507937002264,0.9034238739995843,-0.14837682104295047,0.6190565085334531,-0.6480205774775917,-0.7286095690790794,0.47721447759441116,0.023357393341865085,0.8808838952107725,-0.2375678581695304,-0.5120015949498634,0.38787699799308756,-0.5151558780450436,-0.4174413521859817,0.8473564476834512,0.039844743356385756,-0.12621603261302525,-0.4899300719129194,-0.8609040759392892,-0.15934320033575405,0.3726346642709252,0.6924682455441489,0.8100828440608141,-0.11954866087314076,0.6372602859984914,-0.5749179675356129,-0.5023857377793145,0.5428915360523769,-0.24907141592201454,0.831854594711541,-0.09490204956774652,-0.5820847218048057,0.40049055294490316,-0.3753343158729347,-0.415633008817338,0.8527575115905283,-0.0905524512132321,-0.1683461544487617
-0.03851014956118603,-0.09519426701473341,-0.009489444312178606,-0.46296092290122826,-0.21329295173751706,-0.13415570504221735,-0.43241497687988006,0.08372774751716622,0.021264143983815702,-0.2563075055510749,-0.2560821786540564,-0.09980211349310017,-0.028470043723520896,0.3492617181895465,0.025469467826035146,0.27536386560641796,-0.07385681233813136,0.442001390320434,0.2022435835591929,1.0,-0.026475299470311842,0.6636694679623754,-0.08211464179487828,0.6636694679623754,-0.09739021501065877,0.815679932207848,0.34095006498991604,0.4580746684871794,0.11829413981868209,0.4208510971283092,0.20228210774071745,0.2382960737966531,0.7443549732579953,0.22048387963928318,0.2814285088584322,0.3263625840039529,0.17199912985739363,0.31833666593187765,0.43740996651458236,0.47054329037501447,0.8192371651714895,0.22981507876206736,0.6144566887206351,0.0216783882781242,0.51337738694301,0.09237231415493338,0.5310414545976213,0.44123945948227317,0.5361865411156067,0.39364480023778464,0.5092674001596262,0.38490289321975624,0.4847001174449482,0.5690378941289966,0.23273864792644428,0.3943242634614963,0.0902383617891776,0.32835010724078373,0.25853734048670024,0.5253065043253486,0.37372001668422267,0.8238746329374295,0.07699607817534444
0.7452857504936089,0.7084578478538306,0.913980827666297,0.16394060456939247,-0.3923312328521125,-0.13203024850571815,0.3894954017710708,-0.6178483035629898,0.3790072092558809,0.5293287405961361,-0.570303720414565,0.8158178304509439,-0.2913962057693456,0.22623509356543717,0.703895811412128,-0.6433239965647756,0.7171650217953431,0.028363890228917586,-0.027208592942327175,-0.026475299470311842,1.0,0.5307094322374285,-0.07618624002797149,0.5307094322374285,-0.17126413601677618,-0.10764202374213136,-0.13887370653558065,0.09291983118917921,-0.6603344537860509,0.23002850155802454,0.3988648263109156,-0.8348983236110862,0.32998445489262956,0.06910815702912294,0.3000011526995918,0.31576378924656434,-0.6319474087635146,0.5221833501102495,0.16584513208245544,-0.04142858060166847,-0.02482419674363047,0.7686306681414982,0.15376760316285812,0.37929509737973705,0.4830599077822668,-0.1759595560778713,-0.4317687189719951,0.050586658077169486,0.44169853586222824,-0.66009655056915,0.2158964903822371,0.37055231283110124,-0.6549071420115659,0.3601081065616687,-0.1012702377376902,0.35106800997298543,0.4299836666620695,-0.5960035016233455,0.4573082885324982,0.08968489419170164,-0.04554685028472053,-0.13060853429729669,0.79141309390142
0.6666718521056231,0.56870798707561,0.6555249764764917,-0.5613693854719876,-0.718075112023258,-0.47525482752285686,0.09630935776591372,-0.4616219952170674,0.6173076528625968,0.4464886715930863,-0.7932076096448617,0.6257157600185123,-0.5566467987519652,0.45086031049113967,0.7267161982585238,-0.47519199714798477,0.6588729186369571,0.5953562168917925,-0.2813838239570078,0.6636694679623754,0.5307094322374285,1.0,0.2427711544582646,1.0,-0.4555308999429316,0.43374876816934127,-0.24573831417282838,0.3712684298693466,-0.5028660558193028,0.7507655837366841,0.7079518196644339,-0.5247650230769927,0.7805659685092954,-0.18220624716090092,0.4886249932384412,0.6982355353319128,-0.41101065846161905,0.8262203612314574,0.6381720280498532,-0.04046062595519073,0.5927227651077794,0.6134355160000294,0.7622722045778495,0.5659569801893152,0.8532166765647431,-0.2890485012884067,-0.20173669098883265,-0.036237893137308706,0.8122512844499727,-0.3486839525743917,0.7566230155304009,0.7757046897114749,-0.2860586374501344,0.8330236332315036,-0.2082432724133516,0.5529126657170558,0.6582713593084644,-0.31441407944014677,0.7567839326728195,0.6716740319666712,-0.16222894356380232,0.5994598514133379,0.4977178035982769
0.26130323204362704,0.08066290043070964,0.13770368129736996,-0.7422982220108573,-0.6188875120612791,-0.7221695240407301,0.3926165942401372,-0.5151581391466562,0.6292947611756942,0.3515147113931749,-0.5815427692217108,0.34586392554761847,-0.7198770269694259,-0.0743142124419153,0.29854789327201564,-0.48564718171937526,0.3205311428550616,0.822169042824547,-0.7671636936372872,-0.08211464179487828,-0.07618624002797149,0.2427711544582646,1.0,0.24277115445826422,-0.2874987216518001,0.0004947752620241154,-0.8434390788469391,0.08819028460490529,-0.49307435633057267,0.533028074939344,0.43893939608594645,-0.2876728435799225,-0.032805721107607565,-0.6327460912046288,0.09019873229132344,0.4105342315342183,-0.3560896932034505,0.38742375666621187,0.6725869042107692,-0.5510560339962666,0.09577545453286467,0.08250707069618124,0.3718026917258614,0.6360934810706563,0.155291320369031,-0.2136748037724242,-0.5031015650143866,-0.8419801148373893,0.11359238436959551,-0.5619792696507054,0.49344826885470194,0.3184480320046194,-0.2548899092726149,0.22736233597341554,-0.7786658326547591,0.12204052247701812,0.426843167290165,-0.1444692907793006,0.26168217750866285,0.7336315637164567,-0.5252763950091536,0.3587723845076909,0.14544583386538
0.6666718521056231,0.56870798707561,0.6555249764764917,-0.5613693854719876,-0.718075112023258,-0.47525482752285686,0.09630935776591372,-0.4616219952170674,0.6173076528625968,0.4464886715930863,-0.7932076096448617,0.6257157600185123,-0.5566467987519652,0.45086031049113967,0.7267161982585238,-0.47519199714798477,0.6588729186369571,0.5953562168917925,-0.2813838239570078,0.6636694679623754,0.5307094322374285,1.0,0.24277115445826422,1.0,-0.4555308999429316,0.43374876816934127,-0.24573831417282838,0.3712684298693466,-0.5028660558193028,0.7507655837366841,0.7079518196644339,-0.5247650230769927,0.7805659685092954,-0.18220624716090092,0.4886249932384412,0.6982355353319128,-0.41101065846161905,0.8262203612314574,0.6381720280498532,-0.04046062595519073,0.5927227651077794,0.6134355160000294,0.7622722045778495,0.5659569801893152,0.8532166765647431,-0.2890485012884067,-0.20173669098883265,-0.036237893137308706,0.8122512844499727,-0.3486839525743917,0.7566230155304009,0.7757046897114749,-0.2860586374501344,0.8330236332315036,-0.2082432724133516,0.5529126657170558,0.6582713593084644,-0.31441407944014677,0.7567839326728195,0.6716740319666712,-0.16222894356380232,0.5994598514133379,0.4977178035982769
-0.529225582569884,-0.5812628947874801,-0.48209328689646863,0.43142935446603764,0.504422342381625,0.4511499117039725,0.26119131322428296,0.02985571026401112,-0.33519584220448645,-0.4353758203317823,0.5368991217462159,-0.48163538961507446,0.38880303191262977,0.18681051295889445,-0.5604832888149095,0.6704289559488118,-0.659278331515019,-0.1321573258570471,0.40874650534066453,-0.09739021501065877,-0.17126413601677618,-0.4555308999429316,-0.2874987216518001,-0.4555308999429316,1.0,0.19369515418896072,0.3774851206866337,0.4901495739885619,0.196825635310818,-0.13337666193048922,-0.6490413792456337,0.4179238948774852,-0.37748119547833947,0.497386388634931,0.0814804983219027,-0.07297926771206838,0.6831802959001605,-0.31285133588108194,-0.001409158105355485,0.5999302116003182,0.166894000673017,0.17588843592976808,-0.07890035868305294,-0.29996354613653153,-0.7663175619511333,0.9674132782403587,0.6224933785752055,0.3314690975872516,-0.7897392641522224,0.21652606406679945,-0.07557381908308439,-0.8394499652065108,0.23289620616374734,-0.7214788244882074,0.4930123336766786,0.26493915420386405,-0.23561945853469834,0.704669536782856,-0.850323279713526,-0.14290578829421205,0.6233811997586871,-0.008644032774688165,0.2118548104997638
-0.04725036355042685,-0.30832175667871986,-0.1390516629666377,-0.4291867150298736,-0.24448678391082235,-0.08817655633706935,-0.16387671139123622,-0.0046182710582291665,0.1434653417593168,-0.11870914381780225,-0.1379613460468564,-0.13933044122988653,-0.20761863197659886,0.5571855010035132,-0.04139035251656552,0.4102986669366153,-0.21581550406352856,0.4684270855466359,0.04315507937002264,0.815679932207848,-0.10764202374213136,0.43374876816934127,0.0004947752620241154,0.43374876816934127,0.19369515418896072,1.0,0.24117137048489717,0.5644031031512882,0.019483719172029134,0.4648605084762488,0.2462783850286051,0.31830399422768635,0.6689634604617025,0.09737038895938083,0.5142032816879858,0.45505188363768545,0.34457245262528524,0.24762244593264635,0.5025367765067079,0.41570692481566157,0.8353708165987626,0.20531132431822272,0.5851905282366858,0.20796737089004388,0.18873121089892878,0.3162239670059478,0.6134874616461854,0.3240829499443312,0.22679413417879826,0.3695708274562976,0.5237221551417066,0.2078648457008032,0.46587044886095436,0.29559250495838385,0.06578869679909752,0.5470975398614608,0.14625305045288736,0.46738717641500743,-0.008418441416167547,0.4770529313680162,0.3687351591151491,0.7568933397355299,0.11251572815501201
-0.5577877566278391,-0.43996116046932426,-0.32565759095773056,0.5644652052310615,0.6858734265343429,0.6522879136539701,-0.654625178975144,0.5762314340004715,-0.8260761390839751,-0.7183338276248453,0.5672961596579773,-0.5442106723489881,0.8032860926333156,-0.10396844460032975,-0.5705351867194655,0.6644733472166328,-0.6113143800752401,-0.5681323323215531,0.9034238739995843,0.34095006498991604,-0.13887370653558065,-0.24573831417282838,-0.8434390788469391,-0.24573831417282838,0.3774851206866337,0.24117137048489717,1.0,-0.06633058720882938,0.5787364349327601,-0.5918080677674175,-0.630038416699238,0.5304427613373527,0.1147428289818785,0.6849921675185688,-0.2834463481876694,-0.512648285913004,0.4079619815300606,-0.5882352828965844,-0.5000670149918703,0.7497441345225374,0.08166905088356607,-0.22572541393766268,-0.37902895407314086,-0.8148577331240374,-0.16143158092938403,0.35097732478921906,0.794971477277839,0.9590538540358975,-0.09864875873181632,0.777753082029305,-0.5063303881021456,-0.39424947606290245,0.6126396454427139,-0.19845877797551192,0.7880264892553203,-0.17567010533519248,-0.614044944011076,0.3804553287006315,-0.4063990023640614,-0.4721868604701236,0.7726078147489381,-0.03703233550738769,-0.2764415404536184
0.05225406886488249,0.03513206507393328,-0.09852937019168695,-0.19352702810568848,-0.2939017667146247,-0.16114900476560323,0.424435366469238,-0.4055826716867823,0.3673167148094505,0.025151708137356822,-0.16362082220689256,-0.03642183358173499,-0.24141188509775358,0.47977390122419594,0.09248031281543938,0.3084187085477568,-0.015391747389430685,0.4537011060233867,-0.14837682104295047,0.4580746684871794,0.09291983118917921,0.3712684298693466,0.08819028460490529,0.3712684298693466,0.4901495739885619,0.5644031031512882,-0.06633058720882938,1.0,-0.18540757113699766,0.6915143663206037,0.08203553750046665,0.03885474044722887,0.08804071970510002,0.11227700871076506,0.4521047805454061,0.4729263458141644,0.3920928163125464,0.46494423891463976,0.48455485256740594,0.26517342602761806,0.6078130726554847,0.6556873838725091,0.7934333916117601,0.3980488099170273,-0.1532256462217869,0.6306584237908268,0.29865678500907494,0.07393252859719066,-0.19696736001642687,-0.13070943565694898,0.771566709384167,-0.1186523957151046,0.03735527402305889,-0.08078175784715072,0.08772473139399291,0.5517887213473485,0.2305540453591494,0.4590484506321789,-0.25085092044849516,0.4257057108258464,0.1582186818028655,0.4894505266571218,0.5751016411065578
-0.7352035973321616,-0.5363317875834193,-0.7581475242215207,0.2955739920906633,0.8028228701970386,0.6926236804936243,-0.5435606150718854,0.9488295160182636,-0.7307532489751125,-0.6959188840278487,0.8539992538308087,-0.8981624386302511,0.782591767727263,-0.2544521072978432,-0.8021806040319772,0.7575995926758358,-0.7167967427950108,-0.4517556085492593,0.6190565085334531,0.11829413981868209,-0.6603344537860509,-0.5028660558193028,-0.49307435633057267,-0.5028660558193028,0.196825635310818,0.019483719172029134,0.5787364349327601,-0.18540757113699766,1.0,-0.5274448517126393,-0.6179035323789164,0.8711576107177069,-0.21266002836304987,0.5623709539259788,-0.21544723635876453,-0.5534240748424968,0.7059752938599916,-0.5432038904582445,-0.48307470965501614,0.4812900279690663,-0.019113496945520045,-0.6005157701715351,-0.3891979372997859,-0.722086171634409,-0.3532034970681199,0.16264863968131565,0.5916026484449848,0.3687888183485568,-0.2837724619791067,0.8460345925569459,-0.49162323505658045,-0.4910748899370009,0.7932265890054752,-0.38603242760031203,0.5435099033115783,-0.3338703696709939,-0.6863023114131969,0.585467037980637,-0.4107326626406419,-0.43985847645485127,0.41717416317891837,-0.09829830656643287,-0.6914374589028767
0.569683331638145,0.4048811764003961,0.31842154369733705,-0.6636278942739614,-0.7912917904454607,-0.5552975768284565,0.5353591865452938,-0.582350225893009,0.8716297220456766,0.5712351729992371,-0.649177841674746,0.4521863880699922,-0.7821312385586621,0.5864331917543598,0.619068689381609,-0.2944800080006454,0.5162994724935173,0.7698820312268183,-0.6480205774775917,0.4208510971283092,0.23002850155802454,0.7507655837366841,0.533028074939344,0.7507655837366841,-0.13337666193048922,0.4648605084762488,-0.5918080677674175,0.6915143663206037,-0.5274448517126393,1.0,0.6977448363235449,-0.37331757429617424,0.4209255470948843,-0.4036734198863424,0.6669300492254241,0.8662902334864078,-0.07646797380417122,0.875629642418196,0.7869394260277248,-0.23253086122517966,0.6060755195653134,0.6055344493746351,0.9461690077757039,0.847285559281687,0.3834499190284883,0.018689288743854556,-0.23514444621328115,-0.41858576768898575,0.3199392829333997,-0.472859845871381,0.984806543071882,0.49410301586142413,-0.33854809508337896,0.4381516579486259,-0.42420512143099903,0.657935319341311,0.7499967366450883,-0.03654549772667507,0.41434864611330674,0.7412294216749651,-0.37182797142373336,0.5775647430071743,0.516620234467334
0.8394433957048996,0.6290972823230332,0.6266323276147824,-0.6221888312976889,-0.8829899049811548,-0.6225232674309978,0.29170298835394376,-0.4872371746955383,0.8543169175343392,0.8465854468475281,-0.7644308648556885,0.7411410519010981,-0.8597118056088497,0.4907599020131718,0.862947069541647,-0.6642691784019574,0.8001863148680919,0.46650740264743223,-0.7286095690790794,0.20228210774071745,0.3988648263109156,0.7079518196644339,0.43893939608594645,0.7079518196644339,-0.6490413792456337,0.2462783850286051,-0.630038416699238,0.08203553750046665,-0.6179035323789164,0.6977448363235449,1.0,-0.609606646791863,0.597725919880581,-0.6175576426271095,0.5667981371979689,0.7190362789384601,-0.5195356694470541,0.7755853813451913,0.4821582186085248,-0.5652579624698363,0.27200844285238934,0.3368026464108888,0.5854831710094885,0.8491239341207829,0.6840466475035822,-0.5826411846950508,-0.5707485624054849,-0.46361529440583815,0.6642938872745974,-0.5095193901111413,0.623659066405248,0.8884346721278008,-0.5200903246202907,0.7223272691922293,-0.6182138187816237,0.39763725389088717,0.7589881770775816,-0.5485897708582852,0.8051196611944854,0.446370362091135,-0.6231094841215286,0.2696896320936913,0.2998342747224574
-0.8799311309666782,-0.8261730910292755,-0.931288282696112,0.07200265562189893,0.6768016168597513,0.477773367190827,-0.5100442854832854,0.7819342041547844,-0.654395386259315,-0.7735762877099155,0.7793143893170554,-0.9699081824084592,0.6199476137794415,-0.11055815965427014,-0.8996734551900623,0.9116932389022036,-0.9087169379485873,-0.18275651331629295,0.47721447759441116,0.2382960737966531,-0.8348983236110862,-0.5247650230769927,-0.2876728435799225,-0.5247650230769927,0.4179238948774852,0.31830399422768635,0.5304427613373527,0.03885474044722887,0.8711576107177069,-0.37331757429617424,-0.609606646791863,1.0,-0.1836620434527907,0.4384654528032488,-0.1676986113451119,-0.40280797361882364,0.8328377688246446,-0.573809359444086,-0.2299638952698211,0.5201919039869459,0.21392467940735302,-0.5828030887669746,-0.21397665005975697,-0.6136150371834957,-0.5093213995984972,0.4249173430365966,0.7824253792654793,0.33619822999473636,-0.4447897889868967,0.8769833231671406,-0.31170877187232476,-0.5467984955768719,0.8970027246214789,-0.4259246847153576,0.4698792111062627,-0.18462203927848397,-0.6237343025706548,0.8306744692863046,-0.6028967660510711,-0.19688349571101646,0.5096590440936245,0.18729174502983217,-0.638480130264318
