Fp1,Fz,F3,F7,FT9,FC5,FC1,C3,T7,TP9,CP5,CP1,Pz,P3,P7,O1,Oz,P8,TP10,CP6,CP2,C4,T8,FT10,FC6,FC2,F4,F8,Fp2,AF7,AF3,AFz,F1,F5,FT7,FC3,FCz,C1,C5,TP7,CP3,P1,P5,PO7,PO3,POz,PO4,PO8,P6,P2,CPz,CP4,TP8,FC4,FT8,F6,F2,AF4,AF8,O2,P4,C6,C2
1.0,-0.5257144250317193,-0.051707489579102935,0.04018568690696687,0.32317637236671687,0.34499877869812373,0.19102192094360268,-0.09210236645905505,-0.44118518696065695,-0.07870004965523916,0.31747493141924954,-0.47331463631374965,-0.04459918136512856,0.08270192276185825,0.31388519352743105,0.144500504660836,0.23451888646116906,0.3540930745478232,-0.23025840959780222,0.4027779188363124,0.027599550068300453,-0.14210963331608134,-0.015214228506216322,-0.14210963331608134,0.2979804079043489,0.40198141348709077,0.08845866401190605,0.1479213781791015,0.21066972712905768,0.21451137045598748,-0.21916659591320203,0.3711058848310718,-0.24058034456140773,0.005118730479322195,0.06140943669149568,0.27788859950643086,0.0978454482801956,0.2515691233461985,0.42798014974470094,-0.2892238647664715,0.4911685720957168,-0.06317214151255063,0.5639654287336248,-0.12527250331570244,-0.389966781821097,0.05845631436666533,0.17970222918740258,0.48254216606943495,-0.13168065335399276,-0.019833369104980576,-0.20637959727355787,-0.23133852991375728,0.2542612463238751,-0.41670260898659506,0.15489360568443145,-0.06755578064885047,0.33381296129967375,0.04326086235991633,0.18992644433098513,0.5231044504677518,-0.4487987120007809,0.26912799191844544,-0.2349850252780447
-0.5257144250317193,1.0,0.3493888589774477,0.536312294865544,0.00894949391580264,0.2589235960233108,-0.001583366357925466,0.02389197246192974,0.4313768678833349,0.14017765400049167,0.19924916995045708,0.4945414516376133,0.5605825989867937,0.01712910751635566,0.052985832515049805,0.23776747199893053,0.17601011075116707,-0.44975808536390943,0.28232817612384314,-0.3578283152475805,0.2035563330884454,0.16543625218973604,0.18625473772467416,0.16543625218973604,-0.014012649482931176,-0.29472855861836966,0.35256662926139026,-0.1849712050822215,-0.3088020195504929,0.3042812362325694,0.013320085413673325,0.2276555608491183,0.2844867916934207,0.2409117254611574,-0.02367288702551617,-0.003307058098970993,0.2314254347348357,-0.06764217406218027,-0.42928119861367237,0.15773924533859335,-0.5165816405259296,0.0483113385968574,-0.7224651564717652,0.47666335923164427,0.13687517574552094,0.014826195850314243,-0.33088767102513333,-0.04796024261822751,-0.10985621276890063,-0.2702529181710032,-0.13135677308207977,-0.05573634885727,0.11635281065110002,0.28712625795661284,0.27075361566461414,0.07933298376904874,0.029825219333825367,0.3347750455750686,-0.05882721015163036,-0.628845803771267,0.23037307954492184,-0.3762251610787077,0.0718284904468272
-0.051707489579102935,0.3493888589774477,1.0,0.24340386608228484,-0.10179082970411737,-0.19318516095253918,-0.3639049310099047,-0.16734350343838628,0.22288966918219114,0.835073424415319,0.013261891058045955,0.48734607944987746,0.18055068576917793,-0.506576048272899,-0.5206590235192138,0.11656541542159005,-0.25286727708064677,0.29263828586482626,0.7433424397842587,-0.5197003824994421,-0.28010590391508167,0.7947964735684224,0.30736329263071216,0.7947964735684224,0.25212970115885186,-0.5297157590166583,-0.2736656431392484,-0.6297297521299479,-0.3512850970470511,0.024593416032049044,-0.15197575565706253,-0.12939673062779597,0.32656047688051265,0.2743766147533776,-0.5939689900219326,-0.6410151833624425,-0.053899580720775296,-0.32140271100582446,0.10481171085649733,0.6526700662675906,-0.5629401544966778,-0.4181950545639703,-0.09282306512802115,0.3436518785781701,0.6926156736946042,0.23877508918073745,-0.6643063342117022,-0.3582961139646335,-0.5555846698620829,-0.2816323280747443,0.29143115864529495,0.7069871075061127,-0.24557544200877926,0.418136271933941,0.1878065862105096,-0.6192814338365752,-0.5600799854580581,-0.01909331979462013,-0.09706952735767316,-0.03788458748487337,0.58326109175774,-0.7255341960092861,-0.4807083795510073
0.04018568690696687,0.536312294865544,0.24340386608228484,1.0,0.5017460100840441,0.7674549377354271,0.4913043224165319,0.7026926421013753,0.5353669161446115,0.12528576097824407,0.5187364639536245,0.5610508067782728,0.435060229636626,0.325723120093266,0.47536379239842763,0.27667917908200484,0.34245770240685974,0.1535653927109213,0.23926598052957632,0.29677554314337207,0.23570426157467597,-0.14617203270368512,0.2425831289788531,-0.14617203270368512,0.6960715573947023,0.05562787496779722,0.41731592206212015,-0.034249169675902816,0.49379961347834744,0.11586842563918735,0.3119184457489888,0.3195837728513947,0.4889185265373397,0.16605303194196322,0.12327891601675708,0.3817506174191325,0.16839441835619348,0.13227980104396184,0.17181431417259266,0.11985814367334655,0.18485473883703774,0.017422158514424968,-0.5300576569581529,0.07695849816081829,-0.21078436487549773,0.6078459183023803,-0.030521156309792633,0.6615889441638564,0.16678861473558798,0.4172909778398643,-0.36606912617020465,-0.1749460787576116,0.289939483147465,0.3656410838981285,0.5127999380625285,0.2126420605086754,0.3717518678806895,0.2888426344719935,0.03524483343360575,-0.29435482702974197,0.023582296366643548,0.20299813524865482,-0.012875485558925088
0.32317637236671687,0.00894949391580264,-0.10179082970411737,0.5017460100840441,1.0,0.7395247900353311,0.913789467298711,0.5077803975668136,0.5965034961028496,-0.156958222684528,0.8498048888378882,0.13123923606701138,-0.008275192787299298,0.7046213322335876,0.5006586547205512,0.6423229484516575,0.8042074168107839,-0.002944423669942398,-0.22771943059181407,0.8341397660030149,0.5463714374114242,-0.4600718122678506,-0.06312484573535693,-0.4600718122678506,0.5015172198997527,0.8040493526913042,0.17460776293367652,0.5579674565097695,0.3541793846624558,-0.11504258900287141,0.4448753401638138,0.5094209103112483,0.021668602201916676,-0.2687130469119112,0.5014684090979165,0.35786612489244435,0.5334222696098566,0.7956468667536898,-0.1851567175753186,-0.3517636516085812,0.6642074858337192,0.3976477257907651,-0.30995254042330433,-0.5423024643534509,-0.59117066088587,0.2192042247031969,0.6794869687766127,0.6073316394127525,0.5988853806246698,0.2448120748009865,-0.29292141640794483,-0.3998684351186157,0.5579445551383383,-0.09025291033989755,-0.2244338547885701,0.47979306665221316,0.42667914964805165,0.5723046431884635,0.7411914281558633,-0.4130091782875869,-0.5497957315051075,0.6728808278139685,0.2557482022545467
0.34499877869812373,0.2589235960233108,-0.19318516095253918,0.7674549377354271,0.7395247900353311,1.0,0.6828519373345296,0.5828653078437309,0.3253725981746839,-0.30176427017820356,0.8123347115822384,0.007490029909687723,0.1133376423201556,0.5682754276975206,0.7632401303126851,0.27903393232415985,0.7395607162512089,-0.01953279357319553,-0.18654961372500273,0.6899599966263841,0.41019528726455895,-0.6402630612472237,0.1746063796802972,-0.6402630612472237,0.46778422066303205,0.5206837733444806,0.47433658103661475,0.2768668945384338,0.49129580341288875,0.002241612549436801,0.09833208751265457,0.676366325027525,-0.05073246883145139,-0.26094353597518605,0.3922751896875606,0.6783271160726664,0.20748701913328052,0.5804441339435814,0.061167741615636526,-0.3381887600585743,0.6122514771055281,0.1870192588691135,-0.36113207452477913,-0.11447912772164588,-0.7648909883639178,0.2448235894627742,0.42195260154164943,0.8815984329418226,0.29645776395030893,0.3019180176038585,-0.4563325381710731,-0.6427319516153256,0.6714371082855689,-0.22125475042928924,0.17996861369114955,0.43748481118946236,0.677735843802672,0.30915060748091194,0.3613322509902827,-0.27523546935760823,-0.48087478938612915,0.5917023096599926,0.0921050630188983
0.19102192094360268,-0.001583366357925466,-0.3639049310099047,0.4913043224165319,0.913789467298711,0.6828519373345296,1.0,0.6162322737212639,0.6004795238040692,-0.3521354351211173,0.6600171515108064,0.19787189887948792,0.1538591962634951,0.8386882084489521,0.6039665378305104,0.6338886092435606,0.7193826367775153,-0.10827486567157513,-0.3918580755148384,0.8593819765698979,0.6259631180809435,-0.5520354811132647,-0.185028764016769,-0.5520354811132647,0.49835316049790224,0.8327141094423879,0.30084342361839084,0.7507623709100354,0.5060492726734145,-0.018903536518729964,0.655491296779301,0.38138913985993306,0.17994774849433637,-0.0972355297218701,0.6827163484062324,0.5208762193021699,0.6040722893404206,0.7157924060867339,-0.22093957489460503,-0.45086949453249775,0.6895648286437412,0.5593346589323768,-0.3262927034168615,-0.5974988126348308,-0.6089284841977846,0.3014281300274255,0.7735147102436867,0.6508595579129645,0.8329354029125776,0.4273257991075221,-0.36518774352027733,-0.4961421221609049,0.46538362125024013,0.047805912009950983,-0.1064611644388511,0.6890788391085266,0.5536460973007895,0.6313728131293952,0.6315207134124073,-0.4294160814750733,-0.5808047517406921,0.811714895717248,0.4835285486921376
-0.09210236645905505,0.02389197246192974,-0.16734350343838628,0.7026926421013753,0.5077803975668136,0.5828653078437309,0.6162322737212639,1.0,0.5464206788769725,-0.1559690505872481,0.3835020019989475,0.4342288148220119,-0.006261177053524891,0.5533235752975266,0.5324260096182835,0.025908685078764933,0.21950888899540194,0.28702804467973964,-0.05104509653936614,0.6048195249199325,0.07256971201508754,-0.45797440274576645,0.16059634480242857,-0.45797440274576645,0.7264691209617907,0.24394817217586723,0.29100738544694904,0.21409671855389903,0.8715451368556763,-0.31230326788843826,0.5159380545060683,0.10299789769329255,0.41453933866544435,-0.09131790789381426,0.35920284146677023,0.48056822826698103,-0.06865921960228658,0.18162037899700395,0.2686696849519945,-0.045289833722072584,0.5482636860297525,0.019373474641940162,-0.36363610609264774,-0.28620998012550486,-0.3206561199455167,0.7073208621520671,0.34644937078287774,0.6782050949720242,0.5325890580813895,0.872783252438805,-0.27901361282667897,-0.23408434887267268,0.27142976405475894,0.3424991551891329,0.22247268612704527,0.4583331009308938,0.4057266864040985,0.038883925512144965,0.08623293510679904,-0.17665368890167246,-0.11960599719332775,0.6125567848909318,0.0789699436945307
-0.44118518696065695,0.4313768678833349,0.22288966918219114,0.5353669161446115,0.5965034961028496,0.3253725981746839,0.6004795238040692,0.5464206788769725,1.0,0.21393406156790754,0.418548402418827,0.6507835024575016,0.1875406995112182,0.40432976409171373,0.06201169238636177,0.5763328924757236,0.4752717999348545,-0.157758918794262,0.24105114601450514,0.33468991747760923,0.4413063106974503,-0.029959789709315895,0.12662867579144244,-0.029959789709315895,0.3798870467229233,0.25888125094906156,-0.013051233765579392,0.2509014108187159,0.18624266677338186,-0.343251018306148,0.5964690065654121,0.0254051914771194,0.3627164204054873,-0.046272737991327244,0.21533178029686295,-0.04861733023954712,0.4853374285384142,0.45625742840273453,-0.3291633893984281,0.17109497941401658,0.14715561472472405,0.36840692711720124,-0.5742154935100434,-0.3581245713949796,0.02535673198740175,0.417775081379649,0.3036483316744715,0.13701985577028755,0.5857782109060798,0.30318501831253736,0.1301035223418918,0.10873550234339782,0.18250667379468224,0.45742442874574196,-0.058009996074383355,0.29120791082026554,-0.034383306859609664,0.5794111182026493,0.5157301897739063,-0.7514534415679961,0.07644776454589734,0.25757267200377143,0.3774979372743775
-0.07870004965523916,0.14017765400049167,0.835073424415319,0.12528576097824407,-0.156958222684528,-0.30176427017820356,-0.3521354351211173,-0.1559690505872481,0.21393406156790754,1.0,-0.2527221334427682,0.5013378772055649,-0.027872502799759294,-0.7058626192358186,-0.7728095476822628,0.11101771387419898,-0.3600431758568424,0.5506418138330795,0.9356346335787009,-0.46537550346753537,-0.11125381502405295,0.7893425569401532,-0.07307114436475007,0.7893425569401532,0.03330086384989675,-0.5568081915862144,-0.635802121942989,-0.710809070817148,-0.35153785852177843,-0.027741633654691688,0.09224368564152777,-0.5538121707105714,0.3116755729511414,0.08601935920093567,-0.8376279159968711,-0.8278953482906838,-0.01542468894544873,-0.34859792080974894,0.3145118097780942,0.9071174019953622,-0.5015038303697896,-0.2071613648391729,-0.10291764789970909,-0.06340511724484794,0.6959552796410046,0.12043653998040259,-0.6769690849127187,-0.4771569598791775,-0.4827916410178943,-0.2719369369076023,0.2234997757901203,0.9009132067584699,-0.6148203060621551,0.42600105277351313,0.061822434274170994,-0.8334738389567492,-0.8220187178538501,-0.06426702564778689,-0.24218948467355242,0.18836614603175414,0.8034647039396015,-0.6425450908213388,-0.2678433550467867
0.31747493141924954,0.19924916995045708,0.013261891058045955,0.5187364639536245,0.8498048888378882,0.8123347115822384,0.6600171515108064,0.3835020019989475,0.418548402418827,-0.2527221334427682,1.0,-0.08749402693762144,-0.05088957274050235,0.6466526714461936,0.6198477731947913,0.44356461821098375,0.8265699491601727,-0.14081713201537924,-0.27897949683850765,0.6734064691695555,0.24590759788690675,-0.5206460104221251,0.28034113841266145,-0.5206460104221251,0.44204643905854446,0.6179218012307846,0.41867873578142945,0.35854727543505693,0.2299758439243189,-0.13386099952255126,-0.02516293022166689,0.8242873667171898,-0.23146301937867933,-0.34533223117129297,0.47134802903255385,0.440100389471061,0.2987114769324822,0.7380449402391274,-0.18258685213093903,-0.46661303755173,0.5478402436068032,0.03439226230061405,-0.30787762364754395,-0.09761720609838528,-0.6489302297772709,0.15384654847927223,0.5120677047676171,0.6295023183597123,0.2777929584057265,0.0867401746396234,-0.2688896606189479,-0.5611552785559335,0.8274708570632272,-0.34294821995673547,-0.12121596586723098,0.46137327589562444,0.5247623754718113,0.41225303769518734,0.7070424148667764,-0.438510648909604,-0.6331261553038875,0.48559304164586725,-0.1004858116353917
-0.47331463631374965,0.4945414516376133,0.48734607944987746,0.5610508067782728,0.13123923606701138,0.007490029909687723,0.19787189887948792,0.4342288148220119,0.6507835024575016,0.5013378772055649,-0.08749402693762144,1.0,0.44981997507092225,-0.02457237995746902,-0.22145824850207774,0.20794436366352906,-0.21004059115679333,0.16208117946608463,0.5358754802351466,-0.20366682604984698,0.20894148642923585,0.4642643518569855,-0.09210393331717281,0.4642643518569855,0.4429270136764343,-0.24992201580447487,-0.12299772077964097,-0.15894570725544466,0.14187935657164874,0.11625890041234895,0.6618888980299895,-0.3620610702430913,0.892741027418365,0.4243574768487637,-0.13807772669771046,-0.25617102146617987,0.14528961125209522,-0.29488206916824844,-0.13415500874822053,0.5467762061445334,-0.36600326999532135,0.16175192552120102,-0.5699437369077116,-0.06977919513727467,0.5099051261624048,0.4446860741895589,-0.2788295884079724,-0.08440581993776669,0.17139394519242668,0.2794826329725461,-0.03827849370986122,0.47182223963473596,-0.37941452356151223,0.9191542943625988,0.17409297689895653,-0.07294016737827139,-0.246768807145123,0.1648484114930956,-0.20796048172981246,-0.35313880388029684,0.5592114594097699,-0.2258563869878311,0.2050483367286834
-0.04459918136512856,0.5605825989867937,0.18055068576917793,0.435060229636626,-0.008275192787299298,0.1133376423201556,0.1538591962634951,-0.006261177053524891,0.1875406995112182,-0.027872502799759294,-0.05088957274050235,0.44981997507092225,1.0,0.18354415474643543,0.2360309819379226,0.40681354066190506,0.03660740430185915,-0.4119626541315649,-0.03945062767730045,-0.24084291036821767,0.2904873113077905,0.3147087118938552,0.12425208190251559,0.3147087118938552,0.32332211428559704,-0.04722244661461199,0.4951158073647141,0.2392124042935564,0.005279695057316634,0.5902127343120335,0.23620296413003777,0.15670687594356644,0.601288464634488,0.866447495305912,0.268291584127339,0.24557294393056922,0.4857638783080975,-0.1459125812710119,-0.29055770831490163,-0.07305920131075752,-0.31567772836219504,0.2642344230740411,-0.1143399841687688,0.3907133921297181,0.23036401120431263,0.34313148742709504,-0.15058229519779817,0.15372929501602972,0.15933040093747475,0.013470485031905375,-0.04158601372685152,-0.06121670479085773,0.013323202410909183,0.5219015391653699,0.6495214050547922,0.2648172338100171,0.3132139394915745,0.5248666667033771,-0.058832578506989926,-0.34561126897885014,0.014440763508751949,-0.1783809054370067,0.2846205433762877
0.08270192276185825,0.01712910751635566,-0.506576048272899,0.325723120093266,0.7046213322335876,0.5682754276975206,0.8386882084489521,0.5533235752975266,0.40432976409171373,-0.7058626192358186,0.6466526714461936,-0.02457237995746902,0.18354415474643543,1.0,0.8091094140161398,0.4299354729011678,0.6331468294688359,-0.37922319006786387,-0.7461198047774512,0.7612792175599434,0.2964729729752261,-0.6846001492013124,0.07274138914107534,-0.6846001492013124,0.47528787256687083,0.7666715566191168,0.6552736227012694,0.8577867093167885,0.525274518090881,-0.022092630338134925,0.3766966760934587,0.6069214356571184,0.042220587208290306,0.003357996092975524,0.9459930341016607,0.7260371963119492,0.42451314123692074,0.6140943073350585,-0.33617620486806354,-0.7863032576568699,0.6397038062300762,0.2963721084348166,-0.21197929845544145,-0.23269259857967023,-0.6389339096035959,0.3199486838591024,0.8091848750223897,0.6401693756034454,0.8009447140714823,0.4691452883999436,-0.314836389498834,-0.7425364143507334,0.7016738578655977,-0.0918840005256322,-0.02347364560568487,0.9529906527812474,0.772253826631972,0.5106969489292809,0.6141869031603095,-0.47750345003358047,-0.8123952704389065,0.7922716753212754,0.29228781721542385
0.31388519352743105,0.052985832515049805,-0.5206590235192138,0.47536379239842763,0.5006586547205512,0.7632401303126851,0.6039665378305104,0.5324260096182835,0.06201169238636177,-0.7728095476822628,0.6198477731947913,-0.22145824850207774,0.2360309819379226,0.8091094140161398,1.0,0.09160918343259736,0.572335723501193,-0.3020816458245173,-0.6958381170217866,0.6630624049764908,0.1726353130102729,-0.7694147488637169,0.31471458617439435,-0.7694147488637169,0.48652598694775423,0.5851415230323989,0.8004305816885449,0.6024558394371706,0.649468383255945,0.04027981018008009,-0.003530661015286459,0.7699852468614925,-0.06630434828569766,0.012640340689806146,0.7957485146338645,0.9692557115276678,0.10507076497290017,0.4555048649292007,-0.058119581039687965,-0.7602841944902493,0.6644005097336682,0.10847257429735066,-0.0396725048210573,0.10458432473176564,-0.7692183949960553,0.3233191459669185,0.6047094065913745,0.8945476216677298,0.46684288064283647,0.49968819638467166,-0.3506304684133188,-0.8888013156499772,0.8026627193909376,-0.24763425542616505,0.2927408130612959,0.8102363450347198,0.9756613511667825,0.2242121269920152,0.3274575674473902,-0.23986092298525488,-0.7738377113347967,0.7152342465727928,0.1088182748506889
0.144500504660836,0.23776747199893053,0.11656541542159005,0.27667917908200484,0.6423229484516575,0.27903393232415985,0.6338886092435606,0.025908685078764933,0.5763328924757236,0.11101771387419898,0.44356461821098375,0.20794436366352906,0.40681354066190506,0.4299354729011678,0.09160918343259736,1.0,0.5928920582347217,-0.22651414637017894,-0.06768246706841226,0.3551096521282865,0.5242425373702044,0.04192549100738365,-0.19021811057211271,0.04192549100738365,0.21750918253149829,0.4798139236339549,0.16196991230857144,0.49679419793825347,-0.15646393479327717,0.2418415592094698,0.4661532010163039,0.2083260129774087,0.10769476190711054,0.19265437390813292,0.30560618160517683,-0.041005742687978124,0.9640864123483607,0.581410981423434,-0.2937432166220479,-0.1767784861196709,0.14950099711808862,0.43901347153138276,-0.23666386993166838,-0.375984307078408,-0.12441371570957364,0.18153773680972582,0.32570911014714266,0.1019555924618948,0.49202067374492064,-0.18601192961622606,-0.13087922768571647,-0.057931319240530715,0.18937179042609095,0.05746678104033181,0.048584381375400304,0.2843868575436127,0.055614401663144866,0.9599004646693629,0.6813500329725221,-0.43718057900231866,-0.3084930140532155,0.22019133828286377,0.3161552104128822
0.23451888646116906,0.17601011075116707,-0.25286727708064677,0.34245770240685974,0.8042074168107839,0.7395607162512089,0.7193826367775153,0.21950888899540194,0.4752717999348545,-0.3600431758568424,0.8265699491601727,-0.21004059115679333,0.03660740430185915,0.6331468294688359,0.572335723501193,0.5928920582347217,1.0,-0.4282335874380768,-0.33746060169687003,0.7186000580548147,0.6100061832944412,-0.5954897874039049,0.18521916330432425,-0.5954897874039049,0.13419427953095625,0.7725553324884201,0.2920388359810474,0.5727022389503356,0.12385258147624703,-0.21173694430164053,0.05474577554970238,0.6978958143700902,-0.3745292078255857,-0.3702072867704163,0.5243884298173144,0.4751039781217895,0.5647308591749769,0.9544939381738374,-0.356706811283788,-0.4965563844489475,0.6232298388416294,0.4698421032033284,-0.1897933546907131,-0.29052571190456583,-0.7243188829844768,-0.024859277116625254,0.709718884983553,0.5600176590197192,0.5133466483464013,0.007633042934516259,-0.05042874700287383,-0.6027137749518054,0.7728939697300448,-0.41118155960351166,-0.1512573792457342,0.5175710426237137,0.5259319348362532,0.6480149333904685,0.8430333546781941,-0.5912209775046846,-0.6471512012874533,0.6169583807791933,0.3589634371713863
0.3540930745478232,-0.44975808536390943,0.29263828586482626,0.1535653927109213,-0.002944423669942398,-0.01953279357319553,-0.10827486567157513,0.28702804467973964,-0.157758918794262,0.5506418138330795,-0.14081713201537924,0.16208117946608463,-0.4119626541315649,-0.37922319006786387,-0.3020816458245173,-0.22651414637017894,-0.4282335874380768,1.0,0.48588120630114834,0.057515148112433176,-0.3505990154906042,0.2098509736420115,-0.25208284543234594,0.2098509736420115,0.31834645143143403,-0.28548256549767487,-0.4139853686900494,-0.5189348213512678,0.2931056273289987,-0.047723632425894724,0.15845150881148315,-0.4489026330986143,0.2061577653810375,-0.15827914915296482,-0.5566796201019181,-0.3316196942022605,-0.36689591008205463,-0.358127737933281,0.8264805254588118,0.5293840084491035,0.09726541056057442,-0.41171511104239,0.09098853383467144,-0.31156850220359195,0.17554764346139523,0.2924856180120128,-0.3654561858988458,0.04948834777611933,-0.3261005872128487,0.2399993167405369,-0.27234326910371964,0.475229390503159,-0.463785050556952,0.13851951177621089,0.06076920622659779,-0.5511238450670614,-0.3950385371549987,-0.4394975618083006,-0.4016140238200924,0.7359545516952114,0.3930170333776823,-0.07169245908929466,-0.4695597423941121
-0.23025840959780222,0.28232817612384314,0.7433424397842587,0.23926598052957632,-0.22771943059181407,-0.18654961372500273,-0.3918580755148384,-0.05104509653936614,0.24105114601450514,0.9356346335787009,-0.27897949683850765,0.5358754802351466,-0.03945062767730045,-0.7461198047774512,-0.6958381170217866,-0.06768246706841226,-0.33746060169687003,0.48588120630114834,1.0,-0.48614613470481,-0.04161274182742519,0.6628667350794094,0.003932362783472336,0.6628667350794094,-0.041138042888382,-0.6316345701163761,-0.6191232993387926,-0.8009506560300924,-0.27199549950571694,-0.1205664239472353,0.04478811203270237,-0.552404261916936,0.30187869857600075,-0.018195772071684505,-0.8747181222635861,-0.7075699956468038,-0.16535222516848735,-0.37296763477616957,0.3091040573809394,0.9719487285779935,-0.49601091719553925,-0.15369735042542468,-0.22551406328770823,0.007083093089670183,0.611421624627801,0.08152413963929821,-0.6990991815976664,-0.3870963375933533,-0.5001878685373775,-0.18865693697912106,0.2304328975446889,0.8169283160157361,-0.584588701403796,0.4365921000411624,0.10356666604126878,-0.8242516470339719,-0.7490487517441516,-0.1849068635646988,-0.3692465611367936,0.1072278510051399,0.8965204683665824,-0.6132384394898127,-0.17285153993735103
0.4027779188363124,-0.3578283152475805,-0.5197003824994421,0.29677554314337207,0.8341397660030149,0.6899599966263841,0.8593819765698979,0.6048195249199325,0.33468991747760923,-0.46537550346753537,0.6734064691695555,-0.20366682604984698,-0.24084291036821767,0.7612792175599434,0.6630624049764908,0.3551096521282865,0.7186000580548147,0.057515148112433176,-0.48614613470481,1.0,0.3967741461879934,-0.7721098786756048,-0.0392825284303327,-0.7721098786756048,0.41447706752899943,0.8540942998239794,0.2239160462809431,0.6606556045183455,0.630790365976674,-0.3071816188796935,0.34646377123878025,0.43541701355000206,-0.197196026761087,-0.41629478781771584,0.6107124282105599,0.597749754936801,0.3078563845527722,0.78304784031578,0.06361724344307317,-0.5298609756947714,0.951477780283151,0.3497685597709007,-0.020209527848180243,-0.622570804199833,-0.7982456290871762,0.24571745670569356,0.853981583814107,0.7466081272076598,0.7031070408237216,0.507755699463332,-0.270172254856233,-0.5858965832177441,0.5908597968331145,-0.30697785172892467,-0.17612510813352503,0.6038965907731367,0.5867710466067318,0.34354979725857354,0.6385494622365542,-0.1512808413860558,-0.6970209908356031,0.9486802727574439,0.2760298230197505
0.027599550068300453,0.2035563330884454,-0.28010590391508167,0.23570426157467597,0.5463714374114242,0.41019528726455895,0.6259631180809435,0.07256971201508754,0.4413063106974503,-0.11125381502405295,0.24590759788690675,0.20894148642923585,0.2904873113077905,0.2964729729752261,0.1726353130102729,0.5242425373702044,0.6100061832944412,-0.3505990154906042,-0.04161274182742519,0.3967741461879934,1.0,-0.2144040470720466,-0.35272914855353626,-0.2144040470720466,-0.0925498226823469,0.6173603372929161,-0.14116543027145825,0.49733975908676376,-0.007825628493063615,0.09401631092349837,0.5109847135158921,0.09177475361827482,0.12009556078819779,-0.0683454003760759,0.26721830670100183,0.21929964044741748,0.6253966172573153,0.5821138190778941,-0.49010792842713524,-0.08875431248587101,0.273894616145225,0.9503910776693899,-0.274375078299137,-0.5270534466501842,-0.3603555121607554,-0.2409361565710617,0.5043722260283043,0.2520239934428059,0.5546936415223152,-0.05329928524445995,-0.05749375013510614,-0.22864610095999288,0.09564897099470922,0.09815979668642544,-0.23250357299419502,0.25379963400141603,0.24001917463259959,0.5716739872024115,0.3947987418553735,-0.4989672664851328,-0.1578421761312225,0.40871874752440257,0.869841360856885
-0.14210963331608134,0.16543625218973604,0.7947964735684224,-0.14617203270368512,-0.4600718122678506,-0.6402630612472237,-0.5520354811132647,-0.45797440274576645,-0.029959789709315895,0.7893425569401532,-0.5206460104221251,0.4642643518569855,0.3147087118938552,-0.6846001492013124,-0.7694147488637169,0.04192549100738365,-0.5954897874039049,0.2098509736420115,0.6628667350794094,-0.7721098786756048,-0.2144040470720466,1.0,-0.023669826451833638,1.0,-0.039501307609010564,-0.624065524978643,-0.4435467966978206,-0.5335803361979224,-0.5037721432624535,0.2450690374359093,-0.0019594950315462083,-0.5259191934702154,0.4521685602481497,0.5465015489929627,-0.6317152911363868,-0.7740579195344024,0.005692557473693692,-0.591972184207574,0.023536258793028987,0.689431356802499,-0.7777786141692546,-0.19588673864317208,0.12628568127726608,0.26343014270279685,0.9340929699525367,0.049886740421437904,-0.7319283791634997,-0.676701364155063,-0.5015956765739696,-0.3749104203131443,0.3710223103285618,0.8670891178923489,-0.6632136675211326,0.5645314551267663,0.16632052029958885,-0.6847339269616071,-0.7115283876326545,-0.06031662289183517,-0.35217885165879487,0.14453224035180293,0.7244755710866657,-0.8424014963891863,-0.20495420662265937
-0.015214228506216322,0.18625473772467416,0.30736329263071216,0.2425831289788531,-0.06312484573535693,0.1746063796802972,-0.185028764016769,0.16059634480242857,0.12662867579144244,-0.07307114436475007,0.28034113841266145,-0.09210393331717281,0.12425208190251559,0.07274138914107534,0.31471458617439435,-0.19021811057211271,0.18521916330432425,-0.25208284543234594,0.003932362783472336,-0.0392825284303327,-0.35272914855353626,-0.023669826451833638,1.0,-0.023669826451833638,0.3505274912394797,-0.1407054212963483,0.34290854368022233,-0.11878362359601571,0.23530404556638732,-0.48949722098571996,-0.5563277288605699,0.4706748692706909,-0.14194940590151053,0.08714061238045538,0.10549722174383021,0.2572658330537189,-0.2742058427193694,0.10857551225752,0.043038462687840874,-0.0740945473633924,0.1030437279348871,-0.40121095875795054,0.27368507464073805,0.5979757316934313,0.053880537757592425,0.44552301877271955,-0.026495513889824938,0.27068006227691577,-0.14798619230295024,0.27310136876168034,0.5650378432889495,-0.09254886322273546,0.5728944361245085,-0.01840236996011489,0.4284755152710109,0.10792390330814923,0.2702468218878328,-0.07726528379653537,0.2198334952124027,-0.29694037006394247,-0.07810632663650645,-0.06508178948425425,-0.3341134274492127
-0.14210963331608134,0.16543625218973604,0.7947964735684224,-0.14617203270368512,-0.4600718122678506,-0.6402630612472237,-0.5520354811132647,-0.45797440274576645,-0.029959789709315895,0.7893425569401532,-0.5206460104221251,0.4642643518569855,0.3147087118938552,-0.6846001492013124,-0.7694147488637169,0.04192549100738365,-0.5954897874039049,0.2098509736420115,0.6628667350794094,-0.7721098786756048,-0.2144040470720466,1.0,-0.023669826451833638,1.0,-0.039501307609010564,-0.624065524978643,-0.4435467966978206,-0.5335803361979224,-0.5037721432624535,0.2450690374359093,-0.0019594950315462083,-0.5259191934702154,0.4521685602481497,0.5465015489929627,-0.6317152911363868,-0.7740579195344024,0.005692557473693692,-0.591972184207574,0.023536258793028987,0.689431356802499,-0.7777786141692546,-0.19588673864317208,0.12628568127726608,0.26343014270279685,0.9340929699525367,0.049886740421437904,-0.7319283791634997,-0.676701364155063,-0.5015956765739696,-0.3749104203131443,0.3710223103285618,0.8670891178923489,-0.6632136675211326,0.5645314551267663,0.16632052029958885,-0.6847339269616071,-0.7115283876326545,-0.06031662289183517,-0.35217885165879487,0.14453224035180293,0.7244755710866657,-0.8424014963891863,-0.20495420662265937
0.2979804079043489,-0.014012649482931176,0.25212970115885186,0.6960715573947023,0.5015172198997527,0.46778422066303205,0.49835316049790224,0.7264691209617907,0.3798870467229233,0.03330086384989675,0.44204643905854446,0.4429270136764343,0.32332211428559704,0.47528787256687083,0.48652598694775423,0.21750918253149829,0.13419427953095625,0.31834645143143403,-0.041138042888382,0.41447706752899943,-0.0925498226823469,-0.039501307609010564,0.3505274912394797,-0.039501307609010564,1.0,0.2076538962682777,0.3976995894520921,0.19523765579528046,0.7244792649619928,-0.026778082033591562,0.3369211382905933,0.2885193608503844,0.561324985648648,0.3663757460607216,0.3352317922358367,0.369737710503553,0.06894466968215883,0.06866315529353807,0.2801773759211796,-0.08053277979625025,0.37259841226104656,-0.1804154735609426,-0.028356933804115338,0.002934992940115881,-0.04510765797545555,0.8663460279717305,0.1531053421867992,0.6336189837713833,0.2920729942767217,0.6886586360238726,-0.15044320385874105,-0.06781505456639891,0.31158088478290247,0.4452672349529693,0.4615942362181199,0.3261089408186166,0.4087532887944635,0.16926001301881902,0.1666662080199315,-0.060860268235694695,-0.1811574576993009,0.3219593079695673,-0.20022181003718656
0.40198141348709077,-0.29472855861836966,-0.5297157590166583,0.05562787496779722,0.8040493526913042,0.5206837733444806,0.8327141094423879,0.24394817217586723,0.25888125094906156,-0.5568081915862144,0.6179218012307846,-0.24992201580447487,-0.04722244661461199,0.7666715566191168,0.5851415230323989,0.4798139236339549,0.7725553324884201,-0.28548256549767487,-0.6316345701163761,0.8540942998239794,0.6173603372929161,-0.624065524978643,-0.1407054212963483,-0.624065524978643,0.2076538962682777,1.0,0.1810946256600218,0.8576259651892119,0.3225060882379712,-0.11524866431486434,0.3208471856899393,0.5151976177778138,-0.20648509242508492,-0.24651215014973082,0.7325268464994842,0.5458792949800086,0.5022468835872568,0.842141848915739,-0.3611338292694581,-0.6777454645501877,0.7780767238863767,0.6115413314207591,0.06351308263836303,-0.5645078513097541,-0.7190689074916284,-0.06017534092450477,0.9366839568755359,0.5486772793220116,0.730139296940767,0.21249105847128763,-0.1372426933406449,-0.617133429464893,0.5903280471652612,-0.3030917482254779,-0.36166489146963865,0.6563976742761939,0.6089702106391267,0.4919328591557207,0.7568539025931834,-0.33435629963025637,-0.792070706513595,0.8276100425755156,0.5082892650944066
0.08845866401190605,0.35256662926139026,-0.2736656431392484,0.41731592206212015,0.17460776293367652,0.47433658103661475,0.30084342361839084,0.29100738544694904,-0.013051233765579392,-0.635802121942989,0.41867873578142945,-0.12299772077964097,0.4951158073647141,0.6552736227012694,0.8004305816885449,0.16196991230857144,0.2920388359810474,-0.4139853686900494,-0.6191232993387926,0.2239160462809431,-0.14116543027145825,-0.4435467966978206,0.34290854368022233,-0.4435467966978206,0.3976995894520921,0.1810946256600218,1.0,0.4152987013145012,0.327901390481625,0.35295315779489944,-0.11805919404409965,0.6866005847334087,0.039899952159442656,0.3470449463594208,0.6817201924657292,0.7353925641920702,0.17522247148557948,0.11606677156727963,-0.09596267786960241,-0.6889331790629554,0.18200367915275167,-0.19438481476760328,-0.14916197485032567,0.4842255055847876,-0.41869500107340346,0.36951030723153977,0.20366615640660402,0.5598952397980638,0.22619331041611782,0.2321670757803948,-0.40040381219980986,-0.7230601893572464,0.6319884729675214,-0.14011856171465414,0.5340360952342306,0.723989897620323,0.7696679028556467,0.30924154066042153,0.13988626532219664,-0.23441329482649353,-0.6147730329649383,0.2835710834417612,-0.15674132654687814
0.1479213781791015,-0.1849712050822215,-0.6297297521299479,-0.034249169675902816,0.5579674565097695,0.2768668945384338,0.7507623709100354,0.21409671855389903,0.2509014108187159,-0.710809070817148,0.35854727543505693,-0.15894570725544466,0.2392124042935564,0.8577867093167885,0.6024558394371706,0.49679419793825347,0.5727022389503356,-0.5189348213512678,-0.8009506560300924,0.6606556045183455,0.49733975908676376,-0.5335803361979224,-0.11878362359601571,-0.5335803361979224,0.19523765579528046,0.8576259651892119,0.4152987013145012,1.0,0.31905233733182975,0.037358138321648825,0.41268358747866174,0.40488014798895366,-0.022560325781325143,0.10975566506194126,0.912418196063972,0.5962294074812496,0.5887438686056696,0.6342076482030838,-0.4818805015468011,-0.7860141713633377,0.5807485946987723,0.5963497436878586,0.07641659758161208,-0.38046035125403693,-0.524775843691881,0.0775440249864415,0.8818311688957132,0.4095750199866673,0.863813850508718,0.28837379055907797,-0.09398223404450269,-0.6248815165783843,0.49493852622558987,-0.10612733910237043,-0.14365109157410383,0.8606029194659436,0.6535251283429268,0.593360746737803,0.6423930406721804,-0.4186690929089516,-0.7849005786457118,0.7498191457842913,0.5861603823182628
0.21066972712905768,-0.3088020195504929,-0.3512850970470511,0.49379961347834744,0.3541793846624558,0.49129580341288875,0.5060492726734145,0.8715451368556763,0.18624266677338186,-0.35153785852177843,0.2299758439243189,0.14187935657164874,0.005279695057316634,0.525274518090881,0.649468383255945,-0.15646393479327717,0.12385258147624703,0.2931056273289987,-0.27199549950571694,0.630790365976674,-0.007825628493063615,-0.5037721432624535,0.23530404556638732,-0.5037721432624535,0.7244792649619928,0.3225060882379712,0.327901390481625,0.31905233733182975,1.0,-0.29262908641093105,0.33462465301198113,0.14168287054363943,0.3108374122233942,0.027839123868197934,0.4384930155025274,0.6629286683352925,-0.1935780421598627,0.12686794274603574,0.40159597228877475,-0.21728159582129164,0.6972327970587806,0.011046693855638232,0.09009960751826841,-0.21727534615539373,-0.3803185057873204,0.6963233583712145,0.42623588218063435,0.783310667664432,0.49288547842991504,0.9584001334494243,-0.16161938454584043,-0.33252532752075964,0.3030590305319613,0.21690784830190338,0.3354838803456139,0.4765362391888265,0.5837206948052914,-0.11230607930289774,0.01494067843471003,0.0863361906277676,-0.26876907151431184,0.6990110573892568,0.07826983652094394
0.21451137045598748,0.3042812362325694,0.024593416032049044,0.11586842563918735,-0.11504258900287141,0.002241612549436801,-0.018903536518729964,-0.31230326788843826,-0.343251018306148,-0.027741633654691688,-0.13386099952255126,0.11625890041234895,0.5902127343120335,-0.022092630338134925,0.04027981018008009,0.2418415592094698,-0.21173694430164053,-0.047723632425894724,-0.1205664239472353,-0.3071816188796935,0.09401631092349837,0.2450690374359093,-0.48949722098571996,0.2450690374359093,-0.026778082033591562,-0.11524866431486434,0.35295315779489944,0.037358138321648825,-0.29262908641093105,1.0,0.13386414951438771,0.04896444426130993,0.33254956227935367,0.572115221882347,0.040045030474300684,0.04773033723104827,0.3164556600676384,-0.3605686364567904,-0.07926980888926605,-0.1400345380381786,-0.4248418749489662,0.03960709811759866,-0.18962863997997337,0.2506881026042004,0.06629421996883374,-0.16045623304196518,-0.3352738648176272,-0.04815073880999752,-0.19937384363711574,-0.4058049191341134,-0.6274318354775308,-0.1200124210633264,-0.25479781219830333,0.09998288325208728,0.2856294016839971,0.015447274329951225,0.11969403090493157,0.22326482577455212,-0.3521144876681771,0.21648316494771638,-0.05811272241096441,-0.29698925514788216,-0.0325671501941438
-0.21916659591320203,0.013320085413673325,-0.15197575565706253,0.3119184457489888,0.4448753401638138,0.09833208751265457,0.655491296779301,0.5159380545060683,0.5964690065654121,0.09224368564152777,-0.02516293022166689,0.6618888980299895,0.23620296413003777,0.3766966760934587,-0.003530661015286459,0.4661532010163039,0.05474577554970238,0.15845150881148315,0.04478811203270237,0.34646377123878025,0.5109847135158921,-0.0019594950315462083,-0.5563277288605699,-0.0019594950315462083,0.3369211382905933,0.3208471856899393,-0.11805919404409965,0.41268358747866174,0.33462465301198113,0.13386414951438771,1.0,-0.38323350495711916,0.6612698117335429,0.20234426136093592,0.2538020225295749,-0.005229470049431246,0.4820935763026448,0.10534689868901057,-0.12909893602796446,0.1154498465752422,0.15737822600978274,0.5600612828270705,-0.42746781689753693,-0.6765356278837978,0.0384710292015878,0.3122118317925401,0.3044826522395062,0.10336580991902436,0.6986720706980555,0.4066897271011566,-0.29827392556125004,0.1292936500108311,-0.31525931099965615,0.6040314582556351,-0.09667212689195978,0.294282939496897,-0.019945769291042012,0.41594052592510555,0.09108293606711554,-0.2191417319051459,0.08075290054702165,0.3806379734764141,0.5691214862476766
0.3711058848310718,0.2276555608491183,-0.12939673062779597,0.3195837728513947,0.5094209103112483,0.676366325027525,0.38138913985993306,0.10299789769329255,0.0254051914771194,-0.5538121707105714,0.8242873667171898,-0.3620610702430913,0.15670687594356644,0.6069214356571184,0.7699852468614925,0.2083260129774087,0.6978958143700902,-0.4489026330986143,-0.552404261916936,0.43541701355000206,0.09177475361827482,-0.5259191934702154,0.4706748692706909,-0.5259191934702154,0.2885193608503844,0.5151976177778138,0.6866005847334087,0.40488014798895366,0.14168287054363943,0.04896444426130993,-0.38323350495711916,1.0,-0.34801339240377416,-0.10284624519792217,0.6010018341472929,0.6561257230968938,0.1540107433149473,0.5605603157005988,-0.2892675598651091,-0.7185772716831657,0.40654975990895403,-0.06011425099666795,-0.035250800217865745,0.3316523566906118,-0.6427497921684608,0.023829736833546042,0.43610678586805385,0.6138269668964634,0.10926290436519083,-0.02116500904282062,-0.1697936599524778,-0.7693182468872747,0.9368904399881256,-0.4760377899307218,0.07517961215680442,0.5601372143567158,0.7547453647045421,0.28243075912905935,0.5452020469422374,-0.3781138769861311,-0.7692011484031597,0.3507250882465111,-0.1481634524935704
