Fp1,Fz,F3,F7,FT9,FC5,FC1,C3,T7,TP9,CP5,CP1,Pz,P3,P7,O1,Oz,P8,TP10,CP6,CP2,C4,T8,FT10,FC6,FC2,F4,F8,Fp2,AF7,AF3,AFz,F1,F5,FT7,FC3,FCz,C1,C5,TP7,CP3,P1,P5,PO7,PO3,POz,PO4,PO8,P6,P2,CPz,CP4,TP8,FC4,FT8,F6,F2,AF4,AF8,O2,P4,C6,C2
1.0,-0.45750296295611276,-0.06978422069573853,-0.3001079851906839,0.1307297477961106,0.1564014186046776,-0.355906578376879,-0.007732743311611023,-0.45357207594726845,0.3808867266997637,0.6116365827929684,-0.2573147583730193,-0.07068655643043963,-0.13757741690237363,0.04434272368239023,-0.1538337690699656,0.6284589553434732,-0.42283639875017,0.21364556742199428,0.5307322169682712,0.18397871226017942,0.006066464309420303,-0.59891505023707,0.006066464309420303,-0.08995333801665341,0.027661586085495803,0.32673789057902713,-0.08041294093099532,-0.09702400728386251,-0.4901388523628481,0.5197030446390699,0.5805920142880954,-0.32931084176105896,-0.049038946606538555,0.06231835945470258,0.016418754824601676,-0.17676465646840575,0.2757548600028202,-0.3833391975565033,0.21905589738010373,0.4843439628599623,0.014603873101961231,0.8336320316175199,-0.5587032725408515,0.05162959026082503,-0.3373706999879475,0.2113123272571022,0.14513622273428212,-0.26669816515855177,0.12316252576936555,-0.4566561264036402,0.38239840648761303,0.6474300774541838,-0.20842591391325402,-0.1511091507591088,0.38398195973090515,-0.06934001862855313,-0.19527030695823744,0.3463655619170979,-0.49536046038771153,0.1758941171843286,0.7121663954328011,0.11130264117401573
-0.45750296295611276,1.0,0.6902508603641622,0.6604129813574572,-0.4360855742782169,-0.32237232305907637,0.3017947280320994,-0.5745401510428648,0.6752523980220803,-0.39116063418472163,-0.24707395365880003,0.6069428518205761,-0.1492169065658781,0.7586141766710669,0.4372112034104671,0.14808138763082151,-0.27595719139476604,0.6612787293357015,0.4802697825315886,-0.3481579533625915,-0.32297813338436926,0.6482625729660136,0.7798598490311527,0.6482625729660136,0.6414385084999785,-0.3006096318167204,-0.3587322039846449,0.20388410084919367,-0.2274054628606105,0.7546992790292208,-0.2856180086169273,-0.43367492137900937,0.6393783171876966,-0.14438388487586626,0.5542579331504486,0.3414092109920076,0.09424311073892833,-0.17314441463624494,0.5123513845834233,0.4723570098591263,-0.38311133031359346,-0.15746186403955265,-0.33762074957326904,0.916150824289405,0.6091596926712192,0.7187927948131617,-0.19795952589086183,-0.35333916575878965,0.11738314300459364,-0.5659957412676356,0.7537894511015674,-0.4039748424711421,-0.42485592788417725,0.5687848018438091,-0.0666487479070687,-0.11848016076017373,0.4644631960458526,0.12470532565859137,-0.19796973411000882,0.5459759615055187,0.5082797675429026,-0.38903282958402347,-0.18361573389278943
-0.06978422069573853,0.6902508603641622,1.0,0.5893646409914305,-0.24170718455073967,-0.25875393075201764,-0.12719601166738623,-0.12638526591605367,0.20301129265136214,-0.5610277313035925,0.15186017202017474,0.5841210381240094,-0.48596896744163076,0.6679924340718287,0.2914337247355251,0.314591787306276,0.05515497941642414,0.5736083560919343,0.6162243787916065,-0.1772662623758968,-0.6080956210920473,0.948467205939838,0.3428555002928707,0.948467205939838,0.8097483242518059,0.13749572949584338,-0.17053667038028616,-0.13791305013896593,0.09273099553213385,0.4057641996187386,-0.39894345251718505,-0.04765755683322582,0.5439510332916003,-0.40963126731574895,0.718935191115152,0.3017410668525102,0.24823321348700716,0.1210164851028471,0.5176136257196468,0.6970592973981855,-0.22060833870521473,-0.6824718424135345,0.08098164075720392,0.4044680690276144,0.8865559330955449,0.7569047492749696,-0.09214099853746137,-0.31245855015181584,-0.245132800748455,-0.0544418120508147,0.3238502686888067,-0.5417069641637511,0.017159144569761354,0.5893183756642407,-0.31166770624608603,0.38120592914433893,0.2634910154805162,0.26756307125695533,-0.011143622588111668,0.5218794529849143,0.6073503593046444,-0.13218722918081252,-0.6355883990910518
-0.3001079851906839,0.6604129813574572,0.5893646409914305,1.0,-0.8024633596565983,-0.399735615064645,-0.099141532645305,-0.3519122638666545,0.2979813503279619,-0.6536504290180576,-0.14089294615180503,0.9084349938405523,-0.7087660135220981,0.6804079470313693,-0.2001112123364067,0.650562606683102,0.042827219174373495,0.549312389132443,0.4362129404878219,-0.3066857223423043,-0.5562866074756492,0.46874054606713184,0.29455774610394686,0.46874054606713184,0.8453571739894433,-0.46869723312115874,-0.531453259140589,-0.28326102620169813,-0.49875757510026664,0.34960925606218246,-0.6246637900821119,-0.3727853299882726,0.8447953230927822,-0.6710201536522319,0.5371351555106509,-0.2802686613110095,0.610171313596591,0.23117504379060733,0.40452537337162997,0.5210896569143488,-0.2581522961794709,-0.3178543129495229,-0.1493850398861419,0.5122498061856254,0.33596554939646034,0.8897236969061562,-0.7055651884957695,-0.4555398769120196,-0.28495953865263346,-0.435947902398581,0.3033560778352184,-0.6091371620166784,-0.2779793334956063,0.8791660086842997,-0.6092851799843432,0.1734430682438482,-0.27191928138287047,0.6570956517686527,0.1563542717518054,0.4254022505513035,0.4010902564606644,-0.3601621380746991,-0.33851098205299324
0.1307297477961106,-0.4360855742782169,-0.24170718455073967,-0.8024633596565983,1.0,0.11990066733012225,-0.015051422056331368,0.34924044027575424,-0.23325879560719717,0.2854518192528657,0.44364310481958835,-0.5117163728631391,0.41605218236358593,-0.6777419781358601,0.4755774303596354,-0.3909172452427409,-0.26868713359631896,-0.473418061544659,-0.08789636161288643,-0.06381335841853812,0.18553696594759989,-0.020400176107928953,0.03505104639636609,-0.020400176107928953,-0.4851257687138002,0.7135160568855563,0.3973803953938755,0.3129018895149249,0.6323267821413281,-0.24798370231105268,0.36184952079617266,0.6473046630372613,-0.40512562677248426,0.3778867389665828,-0.5551617601857498,0.6118099694478778,-0.35753526731128715,-0.5183026571535625,-0.31365135750995427,-0.19654867103006246,-0.11583698008486633,-0.21311234490674102,0.2813085644610957,-0.33542627325318586,0.06799103000567393,-0.48904028733359817,0.9303835604612053,0.19189670024183098,0.1925181819274046,0.38383590696880965,-0.17060332131647493,0.19636196717161628,0.5307885563051543,-0.4724499482563622,0.3304078285494704,-0.25377478608292053,0.5167373059782556,-0.4832684498371899,-0.4897772122998523,-0.3359610319994391,-0.05049536323243942,0.10369407808375246,-0.2140979258574115
0.1564014186046776,-0.32237232305907637,-0.25875393075201764,-0.399735615064645,0.11990066733012225,1.0,0.5166674850737669,0.38396423847638605,0.09585046663901638,0.6658575357113818,-0.32774810081708566,-0.5215574170502193,0.21869834540527774,-0.3483553841292459,-0.24261665253839837,-0.10039837559064987,0.30720479899697933,0.19979061026030628,-0.6792367459452746,0.34645970220223354,0.5116119165683531,-0.3125913616079862,-0.4622546826081104,-0.3125913616079862,-0.6487670481002783,0.1943856808277433,0.898562080008087,0.39268934514253484,0.330145741329901,0.1300066947099736,0.610975371790413,-0.24326724832491659,-0.6183631290842581,0.17960113584975007,-0.28695771859101316,-0.14714822307032832,-0.06738871578244253,0.3033552016076385,0.3931187734805261,-0.6265622427120856,0.39439209647930284,0.2811147156215901,-0.2219516180335344,-0.32230066240382044,-0.2072795104112771,-0.5770381833609786,0.03377722593754106,0.9872660817408486,0.5456370798983928,0.4058343409462237,0.08751966092295273,0.7320657013921684,-0.25535946888688965,-0.547152988438252,0.2202816009356147,-0.17224775857760918,-0.07800443061555627,0.018407618817058866,0.39225687531824227,0.29886738483487973,-0.5665615785182689,0.2464480564601016,0.16159089087154815
-0.355906578376879,0.3017947280320994,-0.12719601166738623,-0.099141532645305,-0.015051422056331368,0.5166674850737669,1.0,-0.3375281775672342,0.8111314986607556,0.5088333869282381,-0.5559989380824448,-0.19773429492944142,0.47964973980999465,0.038314911457349034,0.24763232645204414,-0.03109758308223046,-0.28418635747219606,0.591178456686529,-0.2977923908662636,-0.05145900186441907,0.5489972719373316,-0.1547782444869755,0.3290517639101634,-0.1547782444869755,-0.3621119007559503,0.12396692745893387,0.4602429859561888,0.8600971112324465,0.04865413387448395,0.7511960368089899,0.4899766141346485,-0.52967075973264,-0.16668676897020965,0.46124064262358877,-0.1669883995220084,0.256081245838593,-0.028393302834791714,-0.2836563496949279,0.646490630768754,-0.3358665660197237,-0.035348380563247156,0.41180393424041195,-0.5157611524562922,0.444486324405456,-0.04188014647182816,-0.1089505401551932,0.03165985826956454,0.5689689433988938,0.9650465449635891,-0.2558136950166873,0.782578010056947,0.5058342532541024,-0.5823147173379327,-0.3035394171587511,0.5045124985044608,-0.6485704369222711,0.3404530414467807,0.00015493491530474152,-0.11869482229997261,0.5811867723588007,-0.3039526388065557,-0.21997775136347733,0.24971007691386327
-0.007732743311611023,-0.5745401510428648,-0.12638526591605367,-0.3519122638666545,0.34924044027575424,0.38396423847638605,-0.3375281775672342,1.0,-0.6010985925767416,-0.06824939886741217,-0.03892309734046619,-0.3416097348139677,-0.1574389301753425,-0.4694832294188795,-0.4015838344952837,-0.14223000084389162,0.07680314508354556,-0.18689543327688968,-0.5432275961788059,0.08530029070213387,-0.2707157011761278,-0.13898272901319628,-0.544685449446718,-0.13898272901319628,-0.31363346988007534,0.3396843347586321,0.4009511298014561,-0.4591627524962166,0.7319068831971056,-0.379112236732314,-0.16515142657294682,0.09933110953433799,-0.39897419644963394,-0.14590719903880803,-0.19926742163533254,-0.2244662512127417,-0.08114009571065925,0.25389603724358806,-0.03434497202234579,-0.4336691502067268,0.14472380839551463,-0.3105140638773967,-0.02934159512662296,-0.590472029974261,-0.09118294486902127,-0.37090253716803256,0.1379811060748601,0.35214034063316696,-0.23634711218508622,0.9392949193830211,-0.550348611171201,0.023926326917198013,0.08957561669187135,-0.26970079755876447,-0.10403275861233009,0.4266599103567766,-0.36705850400494533,-0.0438488589594655,0.15822074857235127,0.035416004121145817,-0.41736961050350324,0.09558561879490748,-0.28314273752867253
-0.45357207594726845,0.6752523980220803,0.20301129265136214,0.2979813503279619,-0.23325879560719717,0.09585046663901638,0.8111314986607556,-0.6010985925767416,1.0,0.23751987859429566,-0.503884032608418,0.22820820708062872,0.29547762773173114,0.4692585573500607,0.434775856194559,0.19452583439205662,-0.190401278846844,0.7217435216985466,0.20645298323801253,-0.03775014058667087,0.30379748492558084,0.18148228967903773,0.7015410564018426,0.18148228967903773,0.09517502609798235,-0.06674315819297993,0.07103770566679862,0.7061955230042637,-0.17123842774530068,0.9073501258071079,0.2425655921587471,-0.5269105889644637,0.3048385499054653,0.2921641750513591,0.192283337094855,0.36152702106588946,0.19550622267718684,-0.21685099829618912,0.6551320133539497,0.17651490396762892,-0.03171311043008636,0.25055207416007486,-0.5086930542544718,0.7387277502880104,0.22351569944125124,0.31283069954881276,-0.10401796669825686,0.16096857541504334,0.6764155020771676,-0.5144162915200764,0.9780126816246338,0.2098385313885528,-0.5943214552025435,0.11929134912296036,0.34248453820854347,-0.554468174645929,0.4659917046863262,0.2128808530659277,-0.04795713398253599,0.5583753619732424,0.23815027419614668,-0.16645825737386663,0.10961199054770729
0.3808867266997637,-0.39116063418472163,-0.5610277313035925,-0.6536504290180576,0.2854518192528657,0.6658575357113818,0.5088333869282381,-0.06824939886741217,0.23751987859429566,1.0,-0.18714146684510471,-0.7166514962739172,0.6935930832131668,-0.2914326778381957,0.13958963272649966,-0.34105568563945193,0.3610960643964388,-0.12027125186187597,-0.3391200580544628,0.6487025761467574,0.8908065252169757,-0.5205068404490507,-0.2283124534312759,-0.5205068404490507,-0.7902706531933615,0.10202469610920675,0.6811374947071462,0.5838205287814371,0.06476964173183127,0.06285083339459317,0.944824051066621,-0.014619037373525129,-0.6925343706428811,0.6503046617650563,-0.3070687152147779,0.1129437757467489,-0.29431211337555896,0.10281866392183979,-0.031242190237512103,-0.3859332110749798,0.640482273993232,0.675818273051232,-0.021914642295164388,-0.27368419207203337,-0.3870194897894232,-0.7746307055885256,0.2725586725681609,0.7371334136376869,0.5574473611170875,0.066890589532855,0.1600865360654729,0.9824454450225331,-0.09640999885809003,-0.7584139616722902,0.5949360239039609,-0.35161949209864723,0.20801317892414034,-0.27143217543561193,0.3390935492458025,-0.19613002594823556,-0.2586913569450843,0.6068759664898689,0.6001110168001978
0.6116365827929684,-0.24707395365880003,0.15186017202017474,-0.14089294615180503,0.44364310481958835,-0.32774810081708566,-0.5559989380824448,-0.03892309734046619,-0.503884032608418,-0.18714146684510471,1.0,0.1803192235361091,-0.35427115844331397,-0.33462665644004214,0.28072471710590907,0.08555404677763533,0.10465807748538815,-0.5724157792414422,0.48900322481998093,-0.16996924016548157,-0.24254056043783032,0.35510173509321485,-0.14954225288842243,0.35510173509321485,0.2468938121809701,0.2819123434837426,-0.05880254204462863,-0.09090938315551285,-0.045816109690626224,-0.5534098985948129,0.04223443422441349,0.9485576137775488,0.17996181728308694,-0.3707146040584499,-0.21172266048979974,0.32056402817917684,0.046357816285897586,-0.2512035577978192,-0.5140957687890018,0.40546800927843746,-0.22931615157763738,-0.5451304940726385,0.8887905666128697,-0.34614893414058656,0.30155320658896906,0.08546479743562752,0.5072242126270824,-0.3289829556202932,-0.40995336883671846,-0.06515710571824637,-0.4392310049413243,-0.2775235607200639,0.9803614576259284,0.2488267427043669,-0.46518714042123666,0.10437839431906265,0.19543871223613746,-0.09402889099397223,-0.30819653887458304,-0.5585724841956298,0.4069841127809217,0.13288481283211762,-0.4731168088415631
-0.2573147583730193,0.6069428518205761,0.5841210381240094,0.9084349938405523,-0.5117163728631391,-0.5215574170502193,-0.19773429492944142,-0.3416097348139677,0.22820820708062872,-0.7166514962739172,0.1803192235361091,1.0,-0.7829774418541499,0.45875053846040986,0.009056995546080937,0.68352216566927,-0.0870215721034107,0.3559568613948743,0.5762522927090517,-0.49744158627614277,-0.6424565624472685,0.5861793959619988,0.4095492219177332,0.5861793959619988,0.8735767977597221,-0.3115478214799569,-0.527813845328654,-0.1956855637053974,-0.419672645998559,0.24906327699631273,-0.6096728764111697,-0.024582048401615382,0.9766092318710217,-0.7756872480080845,0.3098585173148612,-0.035974200652890316,0.6488655902751006,-0.03744191670246143,0.24717496622388424,0.6042726481580282,-0.4574476592745941,-0.5425183441441768,0.06925681749643121,0.48835278944814825,0.4466920934557387,0.9211459296205394,-0.40114380353981316,-0.5549407764393776,-0.3157592834628442,-0.47073252449622066,0.2668853193845712,-0.7222596161316726,0.03868529401436298,0.9901074272223496,-0.747882877371799,0.029017991206170393,-0.07782409317940898,0.6204300263876679,-0.10411701264644864,0.25346290581200487,0.5505835474986069,-0.4293432462620437,-0.5774962742926496
-0.07068655643043963,-0.1492169065658781,-0.48596896744163076,-0.7087660135220981,0.41605218236358593,0.21869834540527774,0.47964973980999465,-0.1574389301753425,0.29547762773173114,0.6935930832131668,-0.35427115844331397,-0.7829774418541499,1.0,-0.1381233996929666,0.3574313069419017,-0.6296973188694038,-0.14818544505708484,-0.13161733761639766,-0.2600615609539036,0.3784012352154838,0.7372390133733038,-0.46560557984517226,0.18926368341788144,-0.46560557984517226,-0.7019764907611551,0.1900343462243172,0.2326159550296213,0.49193695200637483,0.18717845588460297,0.16771046227521794,0.5912915895355746,-0.1579415991204915,-0.6608424034855859,0.9831578330412101,-0.1863887838171436,0.3144989270349472,-0.5995388375303041,-0.2312500393359752,-0.12952842164112352,-0.3528568252404057,0.3146775192704783,0.6891802804647954,-0.3172820715245974,0.03131652080626162,-0.3416541659676568,-0.6526195494439815,0.4019473433517358,0.30133179815793676,0.5186806613476241,-0.0005155528875490869,0.2388646498312445,0.6393380183522005,-0.2793856346456542,-0.8232017192585818,0.9591948760745658,-0.3700958136726968,0.43736987473919864,-0.5987040161023072,-0.09353252485173481,-0.15852066025992284,-0.2402775580324991,0.2741936312914631,0.6846299846195111
-0.13757741690237363,0.7586141766710669,0.6679924340718287,0.6804079470313693,-0.6777419781358601,-0.3483553841292459,0.038314911457349034,-0.4694832294188795,0.4692585573500607,-0.2914326778381957,-0.33462665644004214,0.45875053846040986,-0.1381233996929666,1.0,0.16478696018276381,0.16774548932123937,0.19376752984166326,0.6392169241544289,0.5622042881888947,0.19073882303087797,-0.2716112208967027,0.5153852109589937,0.4118337098314925,0.5153852109589937,0.674899032273188,-0.3805305118745513,-0.4114742507222643,-0.16064517950403948,-0.3048583630162943,0.5526563902928311,-0.27640366509206526,-0.5066367649577251,0.45225310483012526,-0.05226242824397139,0.9278855832968196,0.02078311048048275,0.12429029774546559,0.3265415773074758,0.43256324285373277,0.6518516702392905,0.16023195803020945,-0.0070429997417214615,-0.215993647302388,0.5903034359773783,0.4756431396297637,0.6236525065022646,-0.49638165505892035,-0.3763544050526051,-0.18467451603417775,-0.33360814373723635,0.48032163908723785,-0.24662649124633085,-0.45555392352403196,0.4229722949209157,0.017862925988218103,0.36026215856660937,0.08439260966204055,0.2141882783262609,0.3180650960097675,0.4270145537707102,0.5621439817241262,0.09123343103854333,0.05411314507854548
0.04434272368239023,0.4372112034104671,0.2914337247355251,-0.2001112123364067,0.4755774303596354,-0.24261665253839837,0.24763232645204414,-0.4015838344952837,0.434775856194559,0.13958963272649966,0.28072471710590907,0.009056995546080937,0.3574313069419017,0.16478696018276381,1.0,-0.3695343720230917,-0.332964384949451,0.08993480837231678,0.5314933561053413,-0.11152875536118134,0.004389171952983869,0.5049506295783253,0.677989903374885,0.5049506295783253,0.11762578051448762,0.21997619734683424,0.08233147212929026,0.5348766224354544,0.25781048441120974,0.4572521189438669,0.34992050311065725,0.2970850937332678,0.15555088506889192,0.34534978582405523,0.10256192808608992,0.970470491282799,-0.3838223225462444,-0.6385367750083395,0.04255913060659805,0.4163584538308754,-0.20514085698371692,-0.1452228811725854,0.2333804606027171,0.5150693881941885,0.6147272062505647,0.10461293658660598,0.7242474116519358,-0.17856574208826842,0.2816311745748821,-0.259819365612046,0.5409236704805075,0.05178161923039746,0.20457845394718274,0.012304215519931215,0.3058131405769207,-0.23676905815642038,0.9347330737870173,-0.47872249231865227,-0.5106991585513593,0.007348699825404816,0.5843696394126873,0.06379126892480463,-0.1296390505767981
-0.1538337690699656,0.14808138763082151,0.314591787306276,0.650562606683102,-0.3909172452427409,-0.10039837559064987,-0.03109758308223046,-0.14223000084389162,0.19452583439205662,-0.34105568563945193,0.08555404677763533,0.68352216566927,-0.6296973188694038,0.16774548932123937,-0.3695343720230917,1.0,0.27386975366705707,0.3295694650663185,0.312232560278442,-0.14071614268386745,-0.16398974043643633,0.23248289031985372,0.024159890637878167,0.23248289031985372,0.48711518773177126,0.09812731530647953,-0.19965934682742348,-0.05149908418247326,-0.42032888891371895,0.05610516250500838,-0.36657862998032853,-0.004314007264797585,0.6194108578012639,-0.6021028605951898,0.06186762564963919,-0.3476846403319872,0.9919640466798129,0.3047539697347784,0.3541468274244604,0.3747302573388436,-0.06530291246265552,-0.4042658593202971,-0.04335825809513022,-0.04181504919910766,0.05678012804050384,0.6139173392900944,-0.5122970793578905,-0.08661531708341748,-0.11285432647152999,-0.23669358087509415,0.1261285343562513,-0.3555698235009416,0.042682838259300866,0.6192816685231847,-0.5517553770797722,-0.14724735403069397,-0.3748400953908217,0.97195996273811,0.25515124540621154,0.22840788845566806,0.22896659431765468,-0.18949008713317075,-0.5181167738985252
0.6284589553434732,-0.27595719139476604,0.05515497941642414,0.042827219174373495,-0.26868713359631896,0.30720479899697933,-0.28418635747219606,0.07680314508354556,-0.190401278846844,0.3610960643964388,0.10465807748538815,-0.0870215721034107,-0.14818544505708484,0.19376752984166326,-0.332964384949451,0.27386975366705707,1.0,-0.0835209012037661,0.1508557004610988,0.8141658077416779,0.2737286580537386,-0.04126426201455384,-0.5073301123512538,-0.04126426201455384,-0.01823482567588832,-0.11453764621625757,0.22773401572494686,-0.25039131109366614,-0.26315411358683033,-0.3016090930456655,0.3091103195145695,0.11372221751857836,-0.1854197168583986,-0.12814612243794657,0.3129136153188181,-0.39577553364707857,0.2903202138044462,0.8572857836757459,-0.0711682055756921,0.24629294998744097,0.8261372825461725,0.13026969230494087,0.2504927352866784,-0.5187756252716801,-0.104936509483326,-0.18994963688006666,-0.31817740324026395,0.2965725029319652,-0.3625768775944239,0.15165313618668402,-0.2623421432224543,0.3915518463701185,0.14753172770174008,-0.08464665028447362,-0.13481707084807837,0.36186628741440435,-0.3172890518693853,0.36456079666788,0.9019392757428849,-0.26252678579780475,0.22617491703981374,0.8137885650728882,0.14640957672646207
-0.42283639875017,0.6612787293357015,0.5736083560919343,0.549312389132443,-0.473418061544659,0.19979061026030628,0.591178456686529,-0.18689543327688968,0.7217435216985466,-0.12027125186187597,-0.5724157792414422,0.3559568613948743,-0.13161733761639766,0.6392169241544289,0.08993480837231678,0.3295694650663185,-0.0835209012037661,1.0,0.10466473609646171,-0.06600598331532542,-0.1501256944705978,0.43076272870349,0.3458866121153627,0.43076272870349,0.37675930132561086,0.015396571803061058,0.1433003160605864,0.2859573261853749,0.08554830849961245,0.8730020896623694,-0.11522585837445871,-0.6947387971296878,0.32131254512660207,-0.054626362313309404,0.5410769228754766,0.09610439908654983,0.3082148227999155,0.11403383136079745,0.9616169188890007,0.21623416085872538,-0.0313062049651919,-0.12485339209793815,-0.4786988151919958,0.5805197836554645,0.47011179440010925,0.535649553181077,-0.3912298529559199,0.19298169983639554,0.43552404861615257,-0.07834717306420162,0.7489605957554715,-0.040702361739094,-0.6618456558746693,0.27432632999232204,0.06576200472204453,0.00466744672809014,0.07319263043445855,0.39562206262298355,0.15108021260983656,0.9399429915945571,0.10817349307424151,-0.24050289124794594,-0.2057807225383704
0.21364556742199428,0.4802697825315886,0.6162243787916065,0.4362129404878219,-0.08789636161288643,-0.6792367459452746,-0.2977923908662636,-0.5432275961788059,0.20645298323801253,-0.3391200580544628,0.48900322481998093,0.5762522927090517,-0.2600615609539036,0.5622042881888947,0.5314933561053413,0.312232560278442,0.1508557004610988,0.10466473609646171,1.0,0.014079914083054326,-0.3206872647979473,0.696637566912945,0.4787397729019838,0.696637566912945,0.7445200226940015,0.02206189699963166,-0.4637576664240434,-0.04017611460285509,-0.3006341066870437,0.14475481325713496,-0.16846186010592284,0.37234373661746273,0.6429740965682639,-0.20351730874157933,0.5238591734329892,0.43526544366725456,0.2682471257437085,-0.08627279240871583,-0.036270475822330527,0.9749280614449807,-0.05371563065058973,-0.423919956799154,0.4423108847333192,0.31617681398799224,0.6163052614360721,0.6429795228588515,0.09065272435584328,-0.6445196850816648,-0.36564628154639567,-0.4352473167517859,0.23920035280761615,-0.415535821551102,0.38054673161015556,0.572524751182681,-0.2296396556902252,0.15834499126379523,0.3736945245495229,0.18865034912641043,-0.07581541678996585,-0.12208332561971873,0.9392479357109211,0.17183657660898727,-0.35509879665843663
0.5307322169682712,-0.3481579533625915,-0.1772662623758968,-0.3066857223423043,-0.06381335841853812,0.34645970220223354,-0.05145900186441907,0.08530029070213387,-0.03775014058667087,0.6487025761467574,-0.16996924016548157,-0.49744158627614277,0.3784012352154838,0.19073882303087797,-0.11152875536118134,-0.14071614268386745,0.8141658077416779,-0.06600598331532542,0.014079914083054326,1.0,0.5186895299810268,-0.2632985823236232,-0.3930411411983225,-0.2632985823236232,-0.33512075456851437,-0.019050675655238075,0.3260485183624868,-0.0793829685403769,-0.014039448465215763,-0.133090359079434,0.5338489775566905,-0.049941031442249616,-0.5159031437660848,0.42244517360208356,0.32005087580076236,-0.1867388421372004,-0.09856958089342106,0.6792790671608815,-0.08086671626158931,0.09156891303032474,0.9880424195139654,0.4527024729420038,0.07321161249136354,-0.44572154969951344,-0.21715741279799014,-0.48734854886125645,-0.11070295824040721,0.38533794048281644,-0.10308965182570651,0.2831465238327852,-0.12740827568521917,0.6841405828354328,-0.07712197951348987,-0.5095631505670356,0.4040737002177916,0.31944574809731635,-0.13278933639027926,-0.01678563903133223,0.8136485146667614,-0.24598293474162708,0.1023094017561712,0.938632423905753,0.4959822820058233
0.18397871226017942,-0.32297813338436926,-0.6080956210920473,-0.5562866074756492,0.18553696594759989,0.5116119165683531,0.5489972719373316,-0.2707157011761278,0.30379748492558084,0.8908065252169757,-0.24254056043783032,-0.6424565624472685,0.7372390133733038,-0.2716112208967027,0.004389171952983869,-0.16398974043643633,0.2737286580537386,-0.1501256944705978,-0.3206872647979473,0.5186895299810268,1.0,-0.6266106316430768,-0.12117841881936603,-0.6266106316430768,-0.7527432101861309,0.10962319009915582,0.4085502237055666,0.606933387727478,-0.2142518556784325,0.010654879798806081,0.7791205488461811,-0.0871981152126782,-0.6103674383756658,0.6884402777650824,-0.3775757629723495,-0.0472660251745664,-0.13725567591980187,0.08905824764997813,-0.07843805674639176,-0.40250051218899874,0.5019907908350869,0.76208716573436,-0.20118208409827787,-0.2317400557798121,-0.579431819242203,-0.6679745466927073,0.10844648758998898,0.5878038637778702,0.5708779839321216,-0.1837242980249232,0.17476321070514642,0.8289371617671314,-0.16566753632696743,-0.7167564455780394,0.6499683844746521,-0.5633321362084516,0.13872819798861147,-0.12727294201167172,0.25952546500757734,-0.23747835391675,-0.33194404732737115,0.3993348943279512,0.6651615993952232
0.006066464309420303,0.6482625729660136,0.948467205939838,0.46874054606713184,-0.020400176107928953,-0.3125913616079862,-0.1547782444869755,-0.13898272901319628,0.18148228967903773,-0.5205068404490507,0.35510173509321485,0.5861793959619988,-0.46560557984517226,0.5153852109589937,0.5049506295783253,0.23248289031985372,-0.04126426201455384,0.43076272870349,0.696637566912945,-0.2632985823236232,-0.6266106316430768,1.0,0.42856369080766227,1.0,0.7736746610110843,0.19955001633707586,-0.11379203981415432,-0.031277695880775336,0.17600770514026629,0.37224343366781193,-0.2943875438055202,0.18342799180441352,0.5829056596429029,-0.4143362889334532,0.5625709486109401,0.5283191059041308,0.17460182561215712,-0.10150874239083386,0.39101136908942663,0.7320210614464054,-0.31626334165301995,-0.7645199542784124,0.256570944155388,0.4181688777745211,0.9651933961717676,0.7105348847372611,0.16993723406173,-0.3468301723887414,-0.22051928878663754,-0.07783170127434376,0.32998512581191525,-0.5308732702277615,0.21955399699678016,0.6082009044755676,-0.3529866517231126,0.2842801869403684,0.45023228457855,0.1449292574302886,-0.19264690154510514,0.3855117603751862,0.7127620957981552,-0.122600452182562,-0.7221703157946507
-0.59891505023707,0.7798598490311527,0.3428555002928707,0.29455774610394686,0.03505104639636609,-0.4622546826081104,0.3290517639101634,-0.544685449446718,0.7015410564018426,-0.2283124534312759,-0.14954225288842243,0.4095492219177332,0.18926368341788144,0.4118337098314925,0.677989903374885,0.024159890637878167,-0.5073301123512538,0.3458866121153627,0.4787397729019838,-0.3930411411983225,-0.12117841881936603,0.42856369080766227,1.0,0.42856369080766243,0.3496975655903604,-0.06407020121197406,-0.3897327062945706,0.3873238367033794,-0.0811236256193863,0.6520816189831902,-0.1633764185221938,-0.16778724585383845,0.5621668064002475,0.15727397990107733,0.16020446093224183,0.6041207249368815,0.01753856933578477,-0.5309249955134363,0.22161874577885007,0.38100123713536693,-0.43400542026086036,-0.07892256659930043,-0.35662354111705274,0.8461784277899222,0.40953037357190614,0.48621405000960405,0.20045169380920191,-0.41069907496578173,0.2315186471288158,-0.5529122185055694,0.7531794653595513,-0.31731061557804696,-0.2680882316458333,0.3682110543108544,0.18752659253254966,-0.4575039441730594,0.7026798804928478,-0.03924888914702999,-0.48390637828690225,0.23153739155643668,0.532531695475538,-0.3805307715882964,-0.13470445449645407
0.006066464309420303,0.6482625729660136,0.948467205939838,0.46874054606713184,-0.020400176107928953,-0.3125913616079862,-0.1547782444869755,-0.13898272901319628,0.18148228967903773,-0.5205068404490507,0.35510173509321485,0.5861793959619988,-0.46560557984517226,0.5153852109589937,0.5049506295783253,0.23248289031985372,-0.04126426201455384,0.43076272870349,0.696637566912945,-0.2632985823236232,-0.6266106316430768,1.0,0.42856369080766243,1.0,0.7736746610110843,0.19955001633707586,-0.11379203981415432,-0.031277695880775336,0.17600770514026629,0.37224343366781193,-0.2943875438055202,0.18342799180441352,0.5829056596429029,-0.4143362889334532,0.5625709486109401,0.5283191059041308,0.17460182561215712,-0.10150874239083386,0.39101136908942663,0.7320210614464054,-0.31626334165301995,-0.7645199542784124,0.256570944155388,0.4181688777745211,0.9651933961717676,0.7105348847372611,0.16993723406173,-0.3468301723887414,-0.22051928878663754,-0.07783170127434376,0.32998512581191525,-0.5308732702277615,0.21955399699678016,0.6082009044755676,-0.3529866517231126,0.2842801869403684,0.45023228457855,0.1449292574302886,-0.19264690154510514,0.3855117603751862,0.7127620957981552,-0.122600452182562,-0.7221703157946507
-0.08995333801665341,0.6414385084999785,0.8097483242518059,0.8453571739894433,-0.4851257687138002,-0.6487670481002783,-0.3621119007559503,-0.31363346988007534,0.09517502609798235,-0.7902706531933615,0.2468938121809701,0.8735767977597221,-0.7019764907611551,0.674899032273188,0.11762578051448762,0.48711518773177126,-0.01823482567588832,0.37675930132561086,0.7445200226940015,-0.33512075456851437,-0.7527432101861309,0.7736746610110843,0.3496975655903604,0.7736746610110843,1.0,-0.19616367236494392,-0.5903500598922624,-0.36333846111921947,-0.28648149151724667,0.21094066814142357,-0.6535319763805612,0.01069066287121654,0.8468285793054562,-0.6311417124234141,0.6471432780446809,0.06396511822679543,0.4244223728071373,0.05169732869548173,0.2310999530593966,0.8055483921402339,-0.34783770390974517,-0.6229464532876682,0.20398084940397207,0.43973613955958213,0.655785912042604,0.9419196652841997,-0.33676733734739955,-0.6970159238487768,-0.48357015312339946,-0.3217797593525401,0.1617269548569588,-0.7798099197553912,0.10340964622971396,0.8827633597767193,-0.5902578556303135,0.3799480516049713,-0.020253461549503776,0.4126706054668239,-0.06891815591245928,0.2698951804871025,0.6722543689133164,-0.26294081430566324,-0.556795990664455
0.027661586085495803,-0.3006096318167204,0.13749572949584338,-0.46869723312115874,0.7135160568855563,0.1943856808277433,0.12396692745893387,0.3396843347586321,-0.06674315819297993,0.10202469610920675,0.2819123434837426,-0.3115478214799569,0.1900343462243172,-0.3805305118745513,0.21997619734683424,0.09812731530647953,-0.11453764621625757,0.015396571803061058,0.02206189699963166,-0.019050675655238075,0.10962319009915582,0.19955001633707586,-0.06407020121197406,0.19955001633707586,-0.19616367236494392,1.0,0.4003148583778466,0.2939292608751243,0.5837378793614726,-0.04978939846186727,0.14189318535127954,0.40132883952050996,-0.27529216187394473,0.24877876701130192,-0.2280270588978076,0.4009876258071315,0.09800583683038398,-0.2178616762801731,0.20153030421884136,0.014401105571475316,-0.051816491749327,-0.449801177797887,0.13448440389538893,-0.3796620581902233,0.2288254836758784,-0.12375321069433501,0.5514227919974125,0.261870804811069,0.2685104138175316,0.4553925649723594,-0.0390755988016419,0.050469997531098314,0.35266169804634484,-0.33224995918018996,0.28710716248887136,-0.11765414131592901,0.24851308828094643,0.010156369078585213,-0.26648605883350246,0.13536050103918115,-0.07056229183410447,0.009499565296319483,-0.47448060424810495
0.32673789057902713,-0.3587322039846449,-0.17053667038028616,-0.531453259140589,0.3973803953938755,0.898562080008087,0.4602429859561888,0.4009511298014561,0.07103770566679862,0.6811374947071462,-0.05880254204462863,-0.527813845328654,0.2326159550296213,-0.4114742507222643,0.08233147212929026,-0.19965934682742348,0.22773401572494686,0.1433003160605864,-0.4637576664240434,0.3260485183624868,0.4085502237055666,-0.11379203981415432,-0.3897327062945706,-0.11379203981415432,-0.5903500598922624,0.4003148583778466,1.0,0.4866732907043547,0.5466090639842879,0.14975992557700213,0.7251933401003626,0.045449333252901285,-0.5818114934498335,0.2128772375673497,-0.29109026358883106,0.20741393618399334,-0.16472920625161966,0.06723888738926888,0.34862344112066146,-0.4312081505868132,0.3509810619751312,0.07170731139911996,0.07796704905157897,-0.32784903889366235,0.0493976401546113,-0.5587521278564209,0.37137242121866415,0.9162075859669494,0.5556914678175054,0.49351173802581527,0.10708414048293834,0.7300007960681062,0.015009764078124507,-0.5351557489858879,0.21877963996727406,-0.11221763343414386,0.15041328754041927,-0.13559459964067708,0.20610469368495596,0.23885038964435687,-0.3525716027174474,0.34263957502595965,-0.019123344714576388
-0.08041294093099532,0.20388410084919367,-0.13791305013896593,-0.28326102620169813,0.3129018895149249,0.39268934514253484,0.8600971112324465,-0.4591627524962166,0.7061955230042637,0.5838205287814371,-0.09090938315551285,-0.1956855637053974,0.49193695200637483,-0.16064517950403948,0.5348766224354544,-0.05149908418247326,-0.25039131109366614,0.2859573261853749,-0.04017611460285509,-0.0793829685403769,0.606933387727478,-0.031277695880775336,0.3873238367033794,-0.031277695880775336,-0.36333846111921947,0.2939292608751243,0.4866732907043547,1.0,0.018578927852885556,0.5580921916700929,0.6750781905295912,-0.04512889191364978,-0.12658001145949171,0.4439461893819807,-0.3543562361848922,0.5468014536095709,-0.057287670783271516,-0.4956091321640287,0.3722476190705729,-0.15670940851776546,-0.10327460909780677,0.2635742229528322,-0.13263950920659237,0.3351876774769841,0.07037484558481245,-0.16294378736910814,0.40505978929326536,0.4720055041824743,0.8988650190295909,-0.37586549154687443,0.6996883807628752,0.5062667825076795,-0.12398968575696521,-0.2812396875167567,0.42993989843296376,-0.7795584623809154,0.6131551382377906,-0.11271234726368856,-0.3066620727151241,0.24960900852053586,-0.060548074089248345,-0.09575332018094118,0.11009232750525214
-0.09702400728386251,-0.2274054628606105,0.09273099553213385,-0.49875757510026664,0.6323267821413281,0.330145741329901,0.04865413387448395,0.7319068831971056,-0.17123842774530068,0.06476964173183127,-0.045816109690626224,-0.419672645998559,0.18717845588460297,-0.3048583630162943,0.25781048441120974,-0.42032888891371895,-0.26315411358683033,0.08554830849961245,-0.3006341066870437,-0.014039448465215763,-0.2142518556784325,0.17600770514026629,-0.0811236256193863,0.17600770514026629,-0.28648149151724667,0.5837378793614726,0.5466090639842879,0.018578927852885556,1.0,0.11026134830205786,0.08821962645403335,0.0961427164472812,-0.3848587815945381,0.21998652421124495,-0.07979507947338635,0.4367183733148208,-0.37660880187344725,-0.2131544471166827,0.21859545565027855,-0.24745002292303578,-0.014738777180977002,-0.35379331879410875,-0.026157212093784417,-0.16952037540890125,0.33412229296578616,-0.294883255400684,0.5751582035226349,0.344736617870625,0.16793726374325532,0.8166590478722935,-0.05371111233819098,0.12121409185831662,0.03396442933387764,-0.3710573862906518,0.26355620828958526,0.24321055361192398,0.24775355898106702,-0.38194471935860247,-0.2192218545392565,0.28424543471415487,-0.17957560772594355,0.037898343339286565,-0.3279153918309167
-0.4901388523628481,0.7546992790292208,0.4057641996187386,0.34960925606218246,-0.24798370231105268,0.1300066947099736,0.7511960368089899,-0.379112236732314,0.9073501258071079,0.06285083339459317,-0.5534098985948129,0.24906327699631273,0.16771046227521794,0.5526563902928311,0.4572521189438669,0.05610516250500838,-0.3016090930456655,0.8730020896623694,0.14475481325713496,-0.133090359079434,0.010654879798806081,0.37224343366781193,0.6520816189831902,0.37224343366781193,0.21094066814142357,-0.04978939846186727,0.14975992557700213,0.5580921916700929,0.11026134830205786,1.0,0.10483664064670407,-0.6171768283062257,0.2995305661629976,0.19309786953972774,0.36488816426456766,0.42673239380194344,0.0496739495015772,-0.22847259595953623,0.8085685828293292,0.1672057975508629,-0.12535447835903787,0.05696636761208415,-0.49871960355726214,0.8058479040258237,0.4632258974590087,0.39246700422802017,-0.07958204275311667,0.15850355037904246,0.6194797903626943,-0.27142174511745465,0.9516424764124888,0.0914559417802498,-0.6546689498697393,0.1694180938478179,0.27214581985980685,-0.278687020893082,0.4528132878419282,0.0960806791460471,-0.10300631178723008,0.7860908401359175,0.20488020869774765,-0.24977833475184008,-0.0418731200427403
0.5197030446390699,-0.2856180086169273,-0.39894345251718505,-0.6246637900821119,0.36184952079617266,0.610975371790413,0.4899766141346485,-0.16515142657294682,0.2425655921587471,0.944824051066621,0.04223443422441349,-0.6096728764111697,0.5912915895355746,-0.27640366509206526,0.34992050311065725,-0.36657862998032853,0.3091103195145695,-0.11522585837445871,-0.16846186010592284,0.5338489775566905,0.7791205488461811,-0.2943875438055202,-0.1633764185221938,-0.2943875438055202,-0.6535319763805612,0.14189318535127954,0.7251933401003626,0.6750781905295912,0.08821962645403335,0.10483664064670407,1.0,0.15981398118659548,-0.587217168927815,0.545544233277609,-0.28098360444478565,0.32933779859880424,-0.34268389993882825,-0.05058969489143397,-0.021158401474997566,-0.23802034743497985,0.5023381541191984,0.5045961684201539,0.2042762617396068,-0.18692164625467192,-0.1443051048334628,-0.6682384493532425,0.43785214860982746,0.6732822157080051,0.5619062322041835,-0.014524936019610668,0.2129226258682881,0.9126929763281391,0.09438648698758575,-0.6375848940863629,0.4734731870155336,-0.33869973934508185,0.3870151048696503,-0.3497385854494043,0.18926656444534132,-0.188421867241738,-0.10130448425474511,0.5793796336996991,0.44162702541313364
0.5805920142880954,-0.43367492137900937,-0.04765755683322582,-0.3727853299882726,0.6473046630372613,-0.24326724832491659,-0.52967075973264,0.09933110953433799,-0.5269105889644637,-0.014619037373525129,0.9485576137775488,-0.024582048401615382,-0.1579415991204915,-0.5066367649577251,0.2970850937332678,-0.004314007264797585,0.11372221751857836,-0.6947387971296878,0.37234373661746273,-0.049941031442249616,-0.0871981152126782,0.18342799180441352,-0.16778724585383845,0.18342799180441352,0.01069066287121654,0.40132883952050996,0.045449333252901285,-0.04512889191364978,0.0961427164472812,-0.6171768283062257,0.15981398118659548,1.0,0.011941857445273492,-0.1870560175955918,-0.36879539132111416,0.3570050686871698,-0.010131965797405978,-0.27094354028480316,-0.605987109755269,0.2759774065699638,-0.10217169621270221,-0.4468874010456125,0.8216962762958361,-0.47877020701795037,0.15299802179178787,-0.13559065092388467,0.6461841226427266,-0.21091173691330894,-0.3505491846316992,0.0798502375469689,-0.4823673672028452,-0.11708005008641549,0.9801313654277385,0.04360318298785097,-0.2915501385731856,0.019057738731825147,0.2299905569490928,-0.16219095399672623,-0.2885567403844034,-0.6729814432515395,0.3332273817955053,0.24730696915840109,-0.3903808767509881
