Fp1,Fz,F3,F7,FT9,FC5,FC1,C3,T7,TP9,CP5,CP1,Pz,P3,P7,O1,Oz,P8,TP10,CP6,CP2,C4,T8,FT10,FC6,FC2,F4,F8,Fp2,AF7,AF3,AFz,F1,F5,FT7,FC3,FCz,C1,C5,TP7,CP3,P1,P5,PO7,PO3,POz,PO4,PO8,P6,P2,CPz,CP4,TP8,FC4,FT8,F6,F2,AF4,AF8,O2,P4,C6,C2
1.0,0.5307808575867,0.6688239144910935,-0.20036223930502775,-0.363811492587986,-0.6024202129921665,-0.6150228579200943,0.6630565752974636,0.5688990646876215,0.507332343429919,0.2093303692326508,0.35030663475951296,-0.4205753486601006,-0.7024275515910685,-0.06870587772063637,-0.770036052687464,0.17692409363777475,-0.3406569792172627,0.034098882522610924,0.40469788353121433,0.10674500978672269,0.15845571659615468,0.2542556157698413,0.15845571659615468,-0.13696747956873903,-0.3780882514733986,-0.2954052875875118,0.10240433982543147,0.30296960372806075,0.1374627002102243,0.1687307997554761,-0.07733521659947039,0.02823212347404143,-0.47212029183607895,-0.6736606228140251,-0.10490903152538374,-0.7596673451026932,0.30077529375452705,-0.25979289852442455,0.023618520462303134,0.6343412052361738,0.05756802471195364,0.8949614757663907,0.4958690720925855,0.28562184325387524,-0.32171966872885727,-0.3530094072864316,-0.5672896200193036,-0.6855630037353362,0.4785736463545715,0.34398613681252727,0.4742837770964183,0.04739743301335469,0.40129558604466464,-0.5254452549199051,-0.7777083647461331,-0.14921145716293338,-0.7401874868799355,0.29539755578488147,-0.6386160809935317,-0.040225116734134626,0.4642637216214887,0.29000557596604487
0.5307808575867,1.0,0.6217551260816206,0.11704173815587876,-0.5376984495430635,0.011495791034614105,-0.36686736725891533,0.6044504678005144,0.6762604679623377,0.45397623333409287,-0.058259112018006945,0.8061735014905789,-0.01936130433239511,-0.18844130533952985,0.6423505844161644,-0.2577961128353326,0.6548731254807766,0.46573653308659335,0.6712622285570663,0.564987255701821,0.49178088967015865,0.6161023186163866,0.728360397083216,0.6161023186163866,0.048742523158726375,-0.2564204215672942,-0.011937878521899094,0.41584625532743447,0.46773015761971365,0.34661693495863927,0.2952788848568258,-0.031373072174159716,0.5237567991845995,0.001139067657543727,-0.19801736306932954,0.5171599683267263,-0.28741401499393987,0.7284021165049316,0.5632541449584996,0.6044896688349751,0.528416474926076,0.4609908891811204,0.7065158972712959,0.8303970662984831,0.8259315722543081,-0.06080697602884654,-0.41948753053316995,0.013025967525822954,-0.3262800593317666,0.4942649818931327,0.46817293629746254,0.37808726860346914,-0.016418402805891314,0.6639166721236222,-0.2059161061171985,-0.3294927385156752,0.6427249068505815,-0.31737652550102124,0.58080295380247,0.1759793607904408,0.49276516520529273,0.48136738467103346,0.4364366433326009
0.6688239144910935,0.6217551260816206,1.0,-0.5698065969129175,-0.7954048935923334,-0.404345176900817,-0.6577813892387067,0.3240743387459616,0.6313829754139494,0.07272375374799847,-0.15424070506613166,0.7399476610044411,-0.4788138698104076,-0.24579891192267964,0.44691955199510275,-0.4538577105517632,0.05170824407496785,0.29049654610451503,-0.012727352236493858,0.15642254090345145,-0.04383141288286946,0.6666383326252547,0.4511132225958192,0.6666383326252547,-0.5097208545369928,-0.4093419107061464,-0.48293585299665814,0.5092888555794435,0.11965495759794649,0.29713386447378887,-0.009084102898067938,-0.21183146271115355,0.379588359295593,-0.3664043041805526,-0.2316039214832809,0.4182117645212662,-0.4700611014603498,0.2783017356692107,0.3467217655279796,-0.06570471080978275,0.22516866024393056,0.06073722881729398,0.6467950037598417,0.810569905632997,0.7738018252226859,-0.596393517890499,-0.607671086398769,-0.35853115340003866,-0.39090387370662055,0.19020958766239066,0.4315200604106335,0.1343432009315037,-0.16295775909773372,0.6495286898492271,-0.5867577798435858,-0.32375918759430594,0.3374796626932631,-0.5283458951856617,0.14675572011415117,-0.03384502739127928,-0.0675052404471891,0.07707122534804842,0.12769035182888297
-0.20036223930502775,0.11704173815587876,-0.5698065969129175,1.0,0.4507325521127128,0.625541521872726,0.5836441098464424,0.1691711524044744,-0.154356698050309,0.3581752490819647,0.25656420351746834,-0.2056011743346415,0.6825793651873658,0.19786900273918517,0.0869430812455559,0.28329569694793677,0.5875804237222518,-0.055620761495173705,0.5679132082816266,0.4128542428649691,0.671731468897334,-0.1179333987261425,0.21642644842910366,-0.1179333987261425,0.7865918979997351,0.14687218190897777,0.6876541071248384,-0.0933298913087273,0.2674782853108789,-0.06512187090597238,0.21731880353947958,0.19943174251977272,-0.06633337262632781,0.601200431931193,0.10421470187021048,0.06839407931680383,0.2480529671705063,0.40394352673780326,-0.11144309263960736,0.6695308558947818,0.3487925717103995,0.5691419601741702,-0.049231518530099605,-0.1483760133904994,-0.2451471907622868,0.8323067649193907,0.2865724226934187,0.5430769340831577,-0.09742918299353437,0.27343055379144043,-0.27858215460339497,0.23568776726541238,0.21066538090983516,-0.25437373990330864,0.40511151725112604,0.16224230266323067,0.10718550781813649,0.24104809121058587,0.29379008130074263,0.020598887815128596,0.4052726161555577,0.2518432144768115,0.464242864488401
-0.363811492587986,-0.5376984495430635,-0.7954048935923334,0.4507325521127128,1.0,0.37784868341493477,0.7414763970100962,-0.09578285161264956,-0.37822083359154524,0.28784052566586393,0.6630303155541458,-0.5632128079399843,0.49019093685160964,0.15857199640915864,-0.417099571090372,0.40407670269880025,0.1720244726343407,-0.33479926157384493,0.010542263517500714,0.05698917664395764,0.2843888836498072,-0.5277103104679691,-0.214479741839234,-0.5277103104679691,0.7029480423575705,0.7269623542959566,0.6600998624298677,-0.36341560628804676,0.18340260494472974,-0.0035248964742482657,0.3905970975333921,0.6690262134718764,-0.11764777922014327,0.4540110995454177,0.25591934390081644,-0.3808824806176175,0.5164512288887472,0.012110165043053163,-0.4000430921940412,0.1328241894058838,-0.1200858381320413,0.16162313638762082,-0.29688106999308944,-0.5695161925459175,-0.7794289677721318,0.7294469642085764,0.9137899158797521,0.42225428428035755,0.5081691682545969,0.11490969819409479,-0.14705670742648186,0.24909706405241247,0.6394075180117413,-0.42342938676933284,0.5389918363676164,0.2750827031186938,-0.29943394058035777,0.5623530843254002,0.2162129312710494,-0.16568066414758786,0.17321644349704887,0.15031776586557807,0.13970810182434987
-0.6024202129921665,0.011495791034614105,-0.404345176900817,0.625541521872726,0.37784868341493477,1.0,0.751201993546174,-0.24623237059945904,-0.04055876748046219,0.10066693739252026,0.16873689849641238,0.012399378580272347,0.8205789450730571,0.8199583521385854,0.41936897165830095,0.8634374093374446,0.4913793890876275,0.544087183038997,0.40953471808542435,0.1599096107697263,0.6504689702143557,0.28179132804582746,0.4482946006357418,0.28179132804582746,0.5989823027744453,0.44299795582859014,0.8053517295006256,0.4304300617305478,0.19360252376373063,0.3166643913992737,0.29128119684405923,0.39226963855113073,0.32508680710161086,0.9286116454221717,0.7736369088657604,0.43469410348687093,0.8432722491380096,0.39375307445382857,0.4248766352418595,0.5478369478304178,-0.2297405260437118,0.7010546388200042,-0.30961339257547804,0.12230552157871771,-0.00429930828946117,0.7211986852907414,0.42105476765751526,0.9819292204523633,0.45836582564906747,0.021142334236566092,-0.041002897033115555,0.0644382488065894,0.32699509162379,-0.15544761882011723,0.6182575818802662,0.7585418614426644,0.5021207880242698,0.782190780559971,0.31397333847601305,0.6535296620044412,0.36412139355574874,-0.11692209878693621,0.370929488654275
-0.6150228579200943,-0.36686736725891533,-0.6577813892387067,0.5836441098464424,0.7414763970100962,0.751201993546174,1.0,-0.3731714561684312,-0.4387766750609914,0.01097174707251916,0.5334391429063389,-0.29507734449222384,0.7191239352285914,0.5478479628213853,0.07034845756863393,0.7020054647639371,0.29715545207164057,0.16495329530328115,0.14635036577740584,0.012091983901121657,0.5139314382436196,-0.16959407641270774,0.02431236222579762,-0.16959407641270774,0.6277011881615062,0.5672893406757828,0.6824914437827762,-0.039471361809678474,0.009678898908575189,-0.0012640485815327007,0.18950866066852315,0.5409494555980899,0.06998629933074321,0.7847249477958091,0.550598107329159,0.10778387219226501,0.7269023354074107,0.14014840502522039,0.044645988315909074,0.30553588979687185,-0.2647614666190668,0.5204632022729662,-0.4566185919954134,-0.32503562317994783,-0.4725572740318475,0.8121986455349917,0.6546665849935013,0.7313832902265727,0.5650648098976251,-0.11820024946942816,-0.279733932160231,-0.019690609459726862,0.4575644411910925,-0.3362205089576725,0.5582664053284112,0.6437802705013733,0.15620296957040544,0.6787594420749405,0.10176447540772321,0.276639982946748,0.22841905984275857,-0.1440130595096832,0.309891716512028
0.6630565752974636,0.6044504678005144,0.3240743387459616,0.1691711524044744,-0.09578285161264956,-0.24623237059945904,-0.3731714561684312,1.0,0.6304083140638416,0.7895380443193676,0.3142391564391647,0.5148138881336085,-0.14287572691271652,-0.540528101359577,0.16233526133004478,-0.5379631473070846,0.6571910903783778,-0.20603292541820578,0.5556843900926549,0.658527792770753,0.3278040153974475,0.31878463687752784,0.539061714230898,0.31878463687752784,0.4107740255403479,0.06592117298283051,0.13115818803586032,-0.0312524534303968,0.8455647592809576,0.428708748947181,0.6629794849521203,0.3455970268364165,0.46551715814427425,-0.18783738087371038,-0.43852091459172177,0.08538963177404554,-0.41972069559141495,0.6746110348299744,-0.12079033626707901,0.5293574768807849,0.6928823764617451,0.1495359116614824,0.8009502471346724,0.4118812067154378,0.3699555829956279,0.14422057309569133,0.06115385160141037,-0.18326689804052762,-0.2937522560704917,0.9352382804254802,0.5583482843044858,0.8028572592739752,0.44800375004478155,0.6841584917447103,-0.28933461285720835,-0.49986976654145837,0.20478567215816748,-0.3805737888071079,0.7403548054422209,-0.45005509999387094,0.5404999729942026,0.8081381356625139,0.35619266017501805
0.5688990646876215,0.6762604679623377,0.6313829754139494,-0.154356698050309,-0.37822083359154524,-0.04055876748046219,-0.4387766750609914,0.6304083140638416,1.0,0.4814076678424873,0.15963181413634148,0.7189080947205528,-0.2360941351615559,-0.01219169964388595,0.4391517100568057,-0.23790305809185883,0.4954780207521368,0.34431370901080416,0.2108813989309911,0.6759273855412319,0.28001717294173367,0.6745484364846029,0.8039812164481934,0.6745484364846029,0.03976478676796959,0.014128905708309108,0.18775172998951428,0.6910809882377927,0.629371063011027,0.8248005365317421,0.4965767838264095,0.2104155068513844,0.6442485836821167,-0.11241997998673747,0.06872521999423634,0.4271065250843372,-0.19335026431072877,0.672508936635782,0.3601216167436168,0.23627827818615005,0.47531810903143445,0.2995662984064761,0.8257780265246492,0.768737687832318,0.6490684483318768,-0.1365473612122101,-0.15084837593752917,0.026025369859755447,-0.12209388782336977,0.5613166910391773,0.8567589478425329,0.47498648125682336,0.27565052373003,0.6952579859666009,-0.34586144084935005,-0.13615394533167727,0.49561468195025776,-0.2228467032851325,0.625989521875546,0.078678375280679,0.14953757553041747,0.6322440248246853,0.12784966510603676
0.507332343429919,0.45397623333409287,0.07272375374799847,0.3581752490819647,0.28784052566586393,0.10066693739252026,0.01097174707251916,0.7895380443193676,0.4814076678424873,1.0,0.5325346766534084,0.2603080294145239,0.3706798253216743,-0.3575657054782282,-0.038136470780416966,-0.08846391542957141,0.7507238233089594,-0.1836043799299356,0.616376682400783,0.48271767895605133,0.6804119915370526,0.11340617662616342,0.5471174991400676,0.11340617662616342,0.6422308879833973,0.2468511644732863,0.4483065237873209,0.04667173637015287,0.8480075410308326,0.47178986378626975,0.8604803736461656,0.6055625691570599,0.3945726690861232,0.28761826842873256,-0.26387239717384287,-0.13445346542234227,-0.0009252629343100252,0.643346141747668,-0.13199354853403408,0.6902282448599469,0.37628478733877174,0.512154160422964,0.6795129026311254,0.38963495616384103,0.08170004440100133,0.3989625317092139,0.39371946392238005,0.17575503683562674,-0.10155182222072176,0.8766144387696916,0.5135207409735177,0.967607937714133,0.6961800151029339,0.37079375040695317,0.26135748295828254,-0.38489108265497657,0.1455085364508533,0.07318436691341486,0.8836670127837511,-0.32858923456462924,0.6706492451648298,0.6002586769092455,0.711309296898901
0.2093303692326508,-0.058259112018006945,-0.15424070506613166,0.25656420351746834,0.6630303155541458,0.16873689849641238,0.5334391429063389,0.3142391564391647,0.15963181413634148,0.5325346766534084,1.0,0.05180102055771652,0.2153615571939793,-0.05237187857141421,-0.030071833543124645,0.02269679716490475,0.49073658753883004,-0.17365032040071002,0.07067756540183526,0.4797564813857973,0.5125063549025669,-0.032384915215633456,0.2711958317623615,-0.032384915215633456,0.6315759504347804,0.618348063424616,0.5530327522837014,-0.004578135067397612,0.4878240640503344,0.3626520543027579,0.5916060897380161,0.8244851417350126,0.3128125303808312,0.2991240647445135,0.09703088118576061,0.003443877152375991,0.1679998176623503,0.47742000671479,-0.23238530052865985,0.23068893946357222,0.27954355084034044,0.4370250164540138,0.3546833470737359,-0.003761839997494945,-0.3221690073678169,0.6119314437834708,0.6867272359848385,0.2458412127308707,0.30533283212851847,0.44983693643615796,0.2769424607867008,0.5227094297332409,0.8357766322047627,0.181365150484443,0.0366857767798368,0.08384421377030069,0.040403317263773816,0.14202285192821626,0.518909013714338,-0.3423334157413759,0.22394152296262587,0.49182860669449124,0.3950930899170012
0.35030663475951296,0.8061735014905789,0.7399476610044411,-0.2056011743346415,-0.5632128079399843,0.012399378580272347,-0.29507734449222384,0.5148138881336085,0.7189080947205528,0.2603080294145239,0.05180102055771652,1.0,-0.18623456930881938,0.0028744157282542264,0.8174747217036679,-0.16826088284472673,0.5673921082556911,0.6313154615863108,0.46602240912005244,0.47538232059507585,0.30145459264473945,0.8636252279003443,0.7973896719701774,0.8636252279003443,-0.04820970278834087,-0.01340041584917073,-0.058365851735631746,0.5254973033125833,0.524135999875238,0.5849853891473674,0.3750868944534228,0.1889621740026072,0.8417620299337782,-0.024145410227052057,0.07467447944773835,0.7448423119356415,-0.11819509594617182,0.7144922384066393,0.6832828027611334,0.41745664686067313,0.3017953944179904,0.33370059115443834,0.5956640238918478,0.835912092030493,0.9202183671116139,-0.13105281973670077,-0.2849832520010219,0.06406851837680813,0.03791723216529665,0.4727177849399332,0.6523787457549334,0.31404943710946365,0.17685862413272888,0.9304091024501687,-0.3790502970606606,0.0018241135966662373,0.8300423162018482,-0.19541345283984587,0.5494295904500831,0.29328861537083095,0.43722517038660097,0.4011443012692677,0.24525056421660005
-0.4205753486601006,-0.01936130433239511,-0.4788138698104076,0.6825793651873658,0.49019093685160964,0.8205789450730571,0.7191239352285914,-0.14287572691271652,-0.2360941351615559,0.3706798253216743,0.2153615571939793,-0.18623456930881938,1.0,0.41395950892131317,0.04261707365406268,0.772944572740787,0.48417859478518976,0.20936584598538752,0.5257485621315557,-0.08597840643005346,0.7581510536492987,-0.06100126163404149,0.25887220947791484,-0.06100126163404149,0.6313653505646449,0.25592751529949975,0.6547457197725999,0.1113742593842145,0.2163945077556974,0.09177802014867427,0.3861347830755818,0.39475685265539884,0.1023697666800149,0.945986351444145,0.3483762713566694,-0.014006393199767027,0.7200691969272315,0.2313520134870687,0.14699836583133633,0.6674165908641102,-0.3296193958402361,0.7378809749059597,-0.24401992535401978,0.030930099506650845,-0.21234934190733587,0.6773126681145847,0.44574467950108176,0.7926669788073052,0.2644560787733449,0.12270773684108673,-0.14003249927040015,0.3181632625026066,0.3724990855296798,-0.29260223841157107,0.8652440165544368,0.3513436246477426,0.24239226127273286,0.7419600366673815,0.360685711141032,0.35164571734123445,0.5430518283219057,-0.22393411973944718,0.6925642351152823
-0.7024275515910685,-0.18844130533952985,-0.24579891192267964,0.19786900273918517,0.15857199640915864,0.8199583521385854,0.5478479628213853,-0.540528101359577,-0.01219169964388595,-0.3575657054782282,-0.05237187857141421,0.0028744157282542264,0.41395950892131317,1.0,0.45203485494382933,0.8061545462834777,0.06722251332005826,0.6550570358254629,-0.05563201013621077,0.022018778650297888,0.18831708488989196,0.3654065757461358,0.2793010635903772,0.3654065757461358,0.17698378146041818,0.4045350690797147,0.5640679535299987,0.5844272936572414,-0.12659756571110264,0.32085868529783146,-0.04159660568211405,0.15890791202790686,0.2596093353362095,0.623527137153137,0.9656340486521359,0.5440968161787922,0.7860159095633662,0.12452787897330224,0.5080470618713662,0.044733277795628495,-0.36759674070757087,0.34161922742902195,-0.4700691198061855,0.061821992446407924,0.0534256889825891,0.3643198281370636,0.24234043361972174,0.8137480132097459,0.5476635218685064,-0.33522891129965227,-0.039120753783438,-0.3496542859696357,0.06640009207645704,-0.1890310144635269,0.3187685225449039,0.9382329745534104,0.4317217586510683,0.6842730621918159,-0.044921970660676096,0.7855543593505971,-0.09461724469578271,-0.2832846362860084,-0.12809408429631644
-0.06870587772063637,0.6423505844161644,0.44691955199510275,0.0869430812455559,-0.417099571090372,0.41936897165830095,0.07034845756863393,0.16233526133004478,0.4391517100568057,-0.038136470780416966,-0.030071833543124645,0.8174747217036679,0.04261707365406268,0.45203485494382933,1.0,0.1640569458209964,0.5364399701701227,0.8150325111627625,0.47135428611546015,0.4652840107733045,0.358943765854798,0.8802040494143196,0.7261966627703786,0.8802040494143196,0.10123769017639636,0.13454157873368006,0.19090910295589608,0.5787051267040688,0.282083051064117,0.4062700828870609,0.14058920687318804,0.12203250551768278,0.7245303407980052,0.26538689352698636,0.45978761675556024,0.9772322401349305,0.18920094254268113,0.6922242390938459,0.7975036314958356,0.44574715980287394,0.22656826626051169,0.43483210264890104,0.19650065793882324,0.6635414822905229,0.8023531099248872,0.1725830192277183,-0.203545742851184,0.43148495137274273,0.1769301856450624,0.2010000746964781,0.2759724612910667,-0.014857263211859486,0.05076352218271207,0.6362436474668198,-0.24369764148792397,0.4413605315059784,0.8875657897045586,0.052330375544908166,0.35122035806505775,0.5833773619144172,0.34853302218253923,0.2032766706666561,0.1566171720494566
-0.770036052687464,-0.2577961128353326,-0.4538577105517632,0.28329569694793677,0.40407670269880025,0.8634374093374446,0.7020054647639371,-0.5379631473070846,-0.23790305809185883,-0.08846391542957141,0.02269679716490475,-0.16826088284472673,0.772944572740787,0.8061545462834777,0.1640569458209964,1.0,0.1481277505203823,0.5267708631067091,0.15851618894657438,-0.2744684833046263,0.3840102164560321,0.05902182283522958,0.16417588833329083,0.05902182283522958,0.3091709874363189,0.42682787396052646,0.5747812879815661,0.3236582339431753,-0.03991381176862638,0.21873075908314651,0.18583305052461652,0.3345205041289869,0.19860249234784,0.8498840039184872,0.781484649687892,0.16875814973324418,0.9647542806835631,0.010801421014393188,0.4279829491643945,0.26912440393950765,-0.6672983952326296,0.46880654940949634,-0.5567151064356126,-0.03768189131996318,-0.14596328183426227,0.4388580517467479,0.453746510223771,0.864360270635931,0.6590621100161341,-0.2560397556863674,-0.05389838677043807,-0.09011474387604226,0.2414871929977151,-0.31596164723392944,0.7944914878095399,0.7532296569497239,0.34649146338550124,0.948349538958547,0.10666500861997136,0.7410079496408127,0.23793040934454507,-0.4319335021134449,0.20648207938558097
0.17692409363777475,0.6548731254807766,0.05170824407496785,0.5875804237222518,0.1720244726343407,0.4913793890876275,0.29715545207164057,0.6571910903783778,0.4954780207521368,0.7507238233089594,0.49073658753883004,0.5673921082556911,0.48417859478518976,0.06722251332005826,0.5364399701701227,0.1481277505203823,1.0,0.33464535524631395,0.8412771570903433,0.7050504494175157,0.8609706208676682,0.47308862348067016,0.8184596813197464,0.47308862348067016,0.7457587746863422,0.3432404317265371,0.6325187256847111,0.2739204955916241,0.8280677380612828,0.5554139265433867,0.7627361830000406,0.6096712318801103,0.6930707605065615,0.5272640062010927,0.1265267581132135,0.4478692484746007,0.21913048505379434,0.9307526685735678,0.34426789694096066,0.9108678756351679,0.44417206433090567,0.7516802246836124,0.5189837979461598,0.5153436266183263,0.3822596798624418,0.6439605647030918,0.30704960639912987,0.5216968302579605,0.11998978101930335,0.7689360215273571,0.47097766362982996,0.7046856637172761,0.6190202476947994,0.5521679422488859,0.19413660930956247,0.06355188598747397,0.6618578166382251,0.19570898752391128,0.8911719891365404,0.13563484787474028,0.8008669319688434,0.6301025461461881,0.6743636551468806
-0.3406569792172627,0.46573653308659335,0.29049654610451503,-0.055620761495173705,-0.33479926157384493,0.544087183038997,0.16495329530328115,-0.20603292541820578,0.34431370901080416,-0.1836043799299356,-0.17365032040071002,0.6313154615863108,0.20936584598538752,0.6550570358254629,0.8150325111627625,0.5267708631067091,0.33464535524631395,1.0,0.30902826927852095,0.14507281591599905,0.30867968978550564,0.6759094958483315,0.5993233035790604,0.6759094958483315,-0.09209559689470875,0.11718473104586649,0.19303967300019803,0.688060900921092,0.06690985562824958,0.4513924190836118,0.07666147996064544,0.07321236753318833,0.6354903498972216,0.40406492565733043,0.648458299107889,0.7759526428934972,0.482896067458793,0.41446397025326265,0.978505270268727,0.2984792354739615,-0.21762198258459356,0.4470518769569335,-0.04556586713687655,0.5781049521149224,0.6757046872795228,0.01758505986885047,-0.1571429918930695,0.5446617949808337,0.4374966749687579,-0.13680221469187331,0.34965498232256303,-0.19461366575374767,-0.04051679738600876,0.38282750335053317,0.12975612305160866,0.5568187543522964,0.8822225640275072,0.38643390099466673,0.22789737009464606,0.9100192538016842,0.2520096774894867,-0.0743530729181776,0.06344693521133281
0.034098882522610924,0.6712622285570663,-0.012727352236493858,0.5679132082816266,0.010542263517500714,0.40953471808542435,0.14635036577740584,0.5556843900926549,0.2108813989309911,0.616376682400783,0.07067756540183526,0.46602240912005244,0.5257485621315557,-0.05563201013621077,0.47135428611546015,0.15851618894657438,0.8412771570903433,0.30902826927852095,1.0,0.3768666425760128,0.6978973025317334,0.333302200685414,0.5799440943902436,0.333302200685414,0.583362947806409,0.12748849463090633,0.3593153775112425,0.004086636219195078,0.6400074289185328,0.2001404171983858,0.5657229417857821,0.3168161061332933,0.4988237739104715,0.46270904977961574,-0.05265975089005516,0.31647854398624453,0.1840707254099066,0.6956485512554147,0.3862027048302672,0.9647416575171726,0.2612418272734393,0.5518465876032399,0.26484119755575425,0.4134911232810296,0.4377245344586531,0.4746618976068841,0.11516811493929677,0.4123293376821494,0.01795790134694885,0.6396597166538419,0.20320463541463776,0.5713305763850663,0.3060521037860433,0.4242840868957635,0.348050829402446,-0.0755496856615689,0.5849206987282284,0.20505800719299017,0.718946314421932,0.21545523789190135,0.9265577380481794,0.37272925203887464,0.6453554737161785
0.40469788353121433,0.564987255701821,0.15642254090345145,0.4128542428649691,0.05698917664395764,0.1599096107697263,0.012091983901121657,0.658527792770753,0.6759273855412319,0.48271767895605133,0.4797564813857973,0.47538232059507585,-0.08597840643005346,0.022018778650297888,0.4652840107733045,-0.2744684833046263,0.7050504494175157,0.14507281591599905,0.3768666425760128,1.0,0.46497688431819717,0.43845431265227447,0.6581820536027236,0.43845431265227447,0.5223898910900049,0.2800472125143442,0.5230495738263228,0.33467057798337957,0.6217788753175395,0.522091178272137,0.4350205066737753,0.3531275442953531,0.46381002971048113,0.021647674020020127,0.09195230152709326,0.4820834615832692,-0.18422091251154313,0.8397441427555562,0.12904019919599166,0.4220096406024679,0.8531812776724202,0.3852155167390006,0.6597117333317665,0.38204206864669327,0.3072985871842795,0.4495390000686879,0.1265177711327551,0.18473131436415752,-0.10531123548384375,0.6086490750435517,0.45087346515901755,0.39848102317642364,0.3843647071814926,0.4815438802713513,-0.3633705378818846,-0.005954821752222305,0.3824072572688934,-0.2504298176343351,0.608620519285523,-0.09933046238531612,0.22585330961872838,0.8891251773260975,0.14728855547257116
0.10674500978672269,0.49178088967015865,-0.04383141288286946,0.671731468897334,0.2843888836498072,0.6504689702143557,0.5139314382436196,0.3278040153974475,0.28001717294173367,0.6804119915370526,0.5125063549025669,0.30145459264473945,0.7581510536492987,0.18831708488989196,0.358943765854798,0.3840102164560321,0.8609706208676682,0.30867968978550564,0.6978973025317334,0.46497688431819717,1.0,0.2848331080714457,0.6848733709904864,0.2848331080714457,0.698033493550579,0.22051545159700384,0.6762497104134768,0.35178223012551935,0.5525121529228625,0.38947876649620555,0.6009769597377889,0.5265305191167544,0.42773749963228874,0.7712316721955138,0.17433987731621106,0.28389874517137853,0.3698606046634079,0.732117423934411,0.2767885123436363,0.8432004168083214,0.21190032627069516,0.9602714344839631,0.3736809520950259,0.4708250912561343,0.15339878326390952,0.6793511555919822,0.2990690209635894,0.6471604416492892,0.051703689186661024,0.4933635649033263,0.2338875229378958,0.5912326763825131,0.5351388159273118,0.18677323729747852,0.4548885288807648,0.1062556616161213,0.5038801651443551,0.3470861329086801,0.7159256671889427,0.17900277502398676,0.6450961083180994,0.2865767089353632,0.8666241487535938
0.15845571659615468,0.6161023186163866,0.6666383326252547,-0.1179333987261425,-0.5277103104679691,0.28179132804582746,-0.16959407641270774,0.31878463687752784,0.6745484364846029,0.11340617662616342,-0.032384915215633456,0.8636252279003443,-0.06100126163404149,0.3654065757461358,0.8802040494143196,0.05902182283522958,0.47308862348067016,0.6759094958483315,0.333302200685414,0.43845431265227447,0.2848331080714457,1.0,0.82833019837142,1.0,0.02244899184673088,0.07769773532272888,0.14108757096881314,0.7378930730162218,0.4317066299457136,0.6281518884734932,0.28509739130595185,0.1565446990810724,0.7850690857466054,0.1738352599483735,0.3952914925610553,0.8841112233643051,0.1033408900798986,0.6736399801074484,0.6446909793501844,0.34270765875893167,0.2038965709713288,0.3820093644201318,0.4086402627916492,0.8173990942388693,0.8513062686117128,-0.007110374856463083,-0.22410420947969378,0.33388388560811616,0.050247279303632875,0.3696762917795765,0.48885935728345276,0.20006241844371936,0.15518766258751882,0.7417249283629959,-0.3356457393114673,0.3354104753852213,0.7872564469588461,-0.014168732050681249,0.4340794695299666,0.4158058150788081,0.25956163647069125,0.20524336388914638,0.1864366250957207
0.2542556157698413,0.728360397083216,0.4511132225958192,0.21642644842910366,-0.214479741839234,0.4482946006357418,0.02431236222579762,0.539061714230898,0.8039812164481934,0.5471174991400676,0.2711958317623615,0.7973896719701774,0.25887220947791484,0.2793010635903772,0.7261966627703786,0.16417588833329083,0.8184596813197464,0.5993233035790604,0.5799440943902436,0.6581820536027236,0.6848733709904864,0.82833019837142,1.0,0.82833019837142,0.38210342349521814,0.1881430374785896,0.4824899037668491,0.7331350658493153,0.7311744306407675,0.8175949809761961,0.6399802347751513,0.4323605442400491,0.8397604966446084,0.4149147458740518,0.32592764029939336,0.6856260183186829,0.20246990301653647,0.8933148461948707,0.5754426038551433,0.6585905191977379,0.32701145686217914,0.7081980778661324,0.6211773880040762,0.8302111422673998,0.6905041273525604,0.28580062581924376,0.030529799119734795,0.4952798656933189,0.08228403794327262,0.6240930513026266,0.6930827090499022,0.5520949570400783,0.4548320495817263,0.7017515389981607,-0.025407957604952697,0.19759589867431993,0.8120445109575188,0.13533959097672138,0.7854556785567589,0.3469245766959835,0.520109823359271,0.48058874093250514,0.49793089744892977
0.15845571659615468,0.6161023186163866,0.6666383326252547,-0.1179333987261425,-0.5277103104679691,0.28179132804582746,-0.16959407641270774,0.31878463687752784,0.6745484364846029,0.11340617662616342,-0.032384915215633456,0.8636252279003443,-0.06100126163404149,0.3654065757461358,0.8802040494143196,0.05902182283522958,0.47308862348067016,0.6759094958483315,0.333302200685414,0.43845431265227447,0.2848331080714457,1.0,0.82833019837142,1.0,0.02244899184673088,0.07769773532272888,0.14108757096881314,0.7378930730162218,0.4317066299457136,0.6281518884734932,0.28509739130595185,0.1565446990810724,0.7850690857466054,0.1738352599483735,0.3952914925610553,0.8841112233643051,0.1033408900798986,0.6736399801074484,0.6446909793501844,0.34270765875893167,0.2038965709713288,0.3820093644201318,0.4086402627916492,0.8173990942388693,0.8513062686117128,-0.007110374856463083,-0.22410420947969378,0.33388388560811616,0.050247279303632875,0.3696762917795765,0.48885935728345276,0.20006241844371936,0.15518766258751882,0.7417249283629959,-0.3356457393114673,0.3354104753852213,0.7872564469588461,-0.014168732050681249,0.4340794695299666,0.4158058150788081,0.25956163647069125,0.20524336388914638,0.1864366250957207
-0.13696747956873903,0.048742523158726375,-0.5097208545369928,0.7865918979997351,0.7029480423575705,0.5989823027744453,0.6277011881615062,0.4107740255403479,0.03976478676796959,0.6422308879833973,0.6315759504347804,-0.04820970278834087,0.6313653505646449,0.17698378146041818,0.10123769017639636,0.3091709874363189,0.7457587746863422,-0.09209559689470875,0.583362947806409,0.5223898910900049,0.698033493550579,0.02244899184673088,0.38210342349521814,0.02244899184673088,1.0,0.6415182017952358,0.8614819887783542,-0.08317895956604993,0.660078977300569,0.2884857874898943,0.6840699272055221,0.7274116426358842,0.30275039374350965,0.6311911295831304,0.2425578523581802,0.09098410403795754,0.4280792136098519,0.6113062210297072,-0.14654411713468932,0.7048984864230032,0.3006514904159556,0.5389404416892101,0.09978122007214697,-0.0725095015737622,-0.25330437129488476,0.944866313011883,0.7348355420454639,0.6338529969655218,0.260763395237275,0.6258879671627248,0.07097558511455214,0.6077097456687078,0.7405605607066142,0.04126164923740286,0.40466183812171586,0.25511858061103554,0.17221177165299636,0.43260410351959977,0.6605939998715638,-0.08413231033686838,0.6041688178190954,0.4842337776716157,0.5024851860128385
-0.3780882514733986,-0.2564204215672942,-0.4093419107061464,0.14687218190897777,0.7269623542959566,0.44299795582859014,0.5672893406757828,0.06592117298283051,0.014128905708309108,0.2468511644732863,0.618348063424616,-0.01340041584917073,0.25592751529949975,0.4045350690797147,0.13454157873368006,0.42682787396052646,0.3432404317265371,0.11718473104586649,0.12748849463090633,0.2800472125143442,0.22051545159700384,0.07769773532272888,0.1881430374785896,0.07769773532272888,0.6415182017952358,1.0,0.6795021908064133,-0.01080295595988028,0.44276577154963564,0.39877185396810494,0.5841317317821809,0.8489956871569753,0.44461965510578577,0.40224399558568524,0.597873523180937,0.17751019363446152,0.6386095719908457,0.3639663949618072,0.05848984476832103,0.19142236529697076,-0.07750438153460079,0.13144423138628167,-0.16227028825539314,-0.16581962328165487,-0.24891407001935936,0.6373859575075123,0.9081468209497366,0.5696178812061352,0.78339874650804,0.3102651762133852,0.21994855066416308,0.29444003037696753,0.7786164039909309,0.1035886615355042,0.27112631979054175,0.5607924305102051,0.17233434425198926,0.6188053488685445,0.46878967429413626,0.14900040573937526,0.3143346760729875,0.3282097083394655,-0.010987418612250317
-0.2954052875875118,-0.011937878521899094,-0.48293585299665814,0.6876541071248384,0.6600998624298677,0.8053517295006256,0.6824914437827762,0.13115818803586032,0.18775172998951428,0.4483065237873209,0.5530327522837014,-0.058365851735631746,0.6547457197725999,0.5640679535299987,0.19090910295589608,0.5747812879815661,0.6325187256847111,0.19303967300019803,0.3593153775112425,0.5230495738263228,0.6762497104134768,0.14108757096881314,0.4824899037668491,0.14108757096881314,0.8614819887783542,0.6795021908064133,1.0,0.3095117349074241,0.510538607854476,0.5018487444264165,0.5845088419035609,0.6715230359175632,0.3393456074589813,0.7427192909617447,0.6115004875677645,0.2318840470811621,0.6497669819826593,0.568130339037195,0.08142415097153624,0.5263841035769704,0.14123033712286218,0.6248346912180921,0.01911830683756149,0.02450985592762176,-0.21307070607962722,0.8719838361334552,0.706050533625697,0.8366699448448525,0.413411115408143,0.36808044964798664,0.1883198706288475,0.388570194246018,0.6590430617068372,-0.07792449771113778,0.4674978957668235,0.5398202078141591,0.2800027417316399,0.6214827997445898,0.569695870685437,0.24723962976084118,0.35077662569268786,0.3681815414089754,0.3333896135535426
0.10240433982543147,0.41584625532743447,0.5092888555794435,-0.0933298913087273,-0.36341560628804676,0.4304300617305478,-0.039471361809678474,-0.0312524534303968,0.6910809882377927,0.04667173637015287,-0.004578135067397612,0.5254973033125833,0.1113742593842145,0.5844272936572414,0.5787051267040688,0.3236582339431753,0.2739204955916241,0.688060900921092,0.004086636219195078,0.33467057798337957,0.35178223012551935,0.7378930730162218,0.7331350658493153,0.7378930730162218,-0.08317895956604993,-0.01080295595988028,0.3095117349074241,1.0,0.17243833395221103,0.696780996052539,0.15515669808889618,0.062278753913512855,0.5029296951949924,0.32482843768332276,0.560155874880785,0.6257193307474989,0.2678066219238653,0.4469780896730855,0.6005963730767696,0.11045058146636952,0.012216896391789526,0.5383582323118651,0.3518057132876791,0.7455829081411068,0.5567723118902714,-0.05550221831863454,-0.19653839120344524,0.45000704225537275,0.05277629671581144,0.02562529295312019,0.5023777237094308,0.038683024346383814,0.06705949719687936,0.3023108471460091,-0.06421675674185028,0.3907300555736964,0.5871775024323554,0.17010207000160765,0.2772435663692458,0.5429719899583436,-0.09463106299210179,0.030061286180661867,0.15221487567670478
0.30296960372806075,0.46773015761971365,0.11965495759794649,0.2674782853108789,0.18340260494472974,0.19360252376373063,0.009678898908575189,0.8455647592809576,0.629371063011027,0.8480075410308326,0.4878240640503344,0.524135999875238,0.2163945077556974,-0.12659756571110264,0.282083051064117,-0.03991381176862638,0.8280677380612828,0.06690985562824958,0.6400074289185328,0.6217788753175395,0.5525121529228625,0.4317066299457136,0.7311744306407675,0.4317066299457136,0.660078977300569,0.44276577154963564,0.510538607854476,0.17243833395221103,1.0,0.7228361541970825,0.9368200229940269,0.7111830176341205,0.7379479001385838,0.24963478369822642,0.01700091233204688,0.21784417895785577,0.11190401418085635,0.7937349796519908,0.0926553346189012,0.689478896777855,0.3847294831726553,0.40380392369216966,0.6103124528672049,0.42821832695784035,0.31301805094037505,0.42562014914168006,0.4331342748948748,0.2891975529459584,0.16432116848500428,0.9519830465912126,0.7048423285270831,0.8920260625278368,0.7720918829075739,0.6744085252242011,0.06885026187557569,-0.06648879300743375,0.4495418480609614,0.13878782001385645,0.9373920137948742,-0.10930806077160976,0.7242888314305346,0.724100866377635,0.4645540378557912
0.1374627002102243,0.34661693495863927,0.29713386447378887,-0.06512187090597238,-0.0035248964742482657,0.3166643913992737,-0.0012640485815327007,0.428708748947181,0.8248005365317421,0.47178986378626975,0.3626520543027579,0.5849853891473674,0.09177802014867427,0.32085868529783146,0.4062700828870609,0.21873075908314651,0.5554139265433867,0.4513924190836118,0.2001404171983858,0.522091178272137,0.38947876649620555,0.6281518884734932,0.8175949809761961,0.6281518884734932,0.2884857874898943,0.39877185396810494,0.5018487444264165,0.696780996052539,0.7228361541970825,1.0,0.7204572877840235,0.5805263590392156,0.8115764732497721,0.26591962064503233,0.4477286937517831,0.41985685897337643,0.3089166492389623,0.6404236319439733,0.4019523691355492,0.30348551186243805,0.10287533914559309,0.4219637892245406,0.5152361840953129,0.5734664425736504,0.4218907904741949,0.15312411377122617,0.2831439627772001,0.40750632880884835,0.3643247488171271,0.5324274353054327,0.8975292165990025,0.5230229610528604,0.6084944536792799,0.6099926630993934,0.004560523336795399,0.28427724085285533,0.6000985593916957,0.2801311055061845,0.7044530031276705,0.29358852599096186,0.288296514622218,0.48710945753601054,0.16757257745329668
0.1687307997554761,0.2952788848568258,-0.009084102898067938,0.21731880353947958,0.3905970975333921,0.29128119684405923,0.18950866066852315,0.6629794849521203,0.4965767838264095,0.8604803736461656,0.5916060897380161,0.3750868944534228,0.3861347830755818,-0.04159660568211405,0.14058920687318804,0.18583305052461652,0.7627361830000406,0.07666147996064544,0.5657229417857821,0.4350205066737753,0.6009769597377889,0.28509739130595185,0.6399802347751513,0.28509739130595185,0.6840699272055221,0.5841317317821809,0.5845088419035609,0.15515669808889618,0.9368200229940269,0.7204572877840235,1.0,0.8561816283737428,0.7010758681691979,0.4133380068185374,0.12418925939111664,0.07210599241848165,0.3401751819757969,0.6784102047630766,0.09133033718315844,0.6480521168697689,0.12329669289412033,0.4643631834579172,0.4709606009360234,0.3472741867724794,0.1349038134806761,0.4705912619635234,0.632926113231983,0.40757870669222357,0.36678774152870863,0.8445939511515625,0.6886941951671152,0.9038652933670895,0.8943841315993192,0.5197790089145141,0.3216401238416108,0.01819765209870769,0.3860800049454424,0.3875565895498922,0.938710162460575,-0.037814006720048886,0.7353812263047977,0.5659415989840194,0.5321523260522206
-0.07733521659947039,-0.031373072174159716,-0.21183146271115355,0.19943174251977272,0.6690262134718764,0.39226963855113073,0.5409494555980899,0.3455970268364165,0.2104155068513844,0.6055625691570599,0.8244851417350126,0.1889621740026072,0.39475685265539884,0.15890791202790686,0.12203250551768278,0.3345205041289869,0.6096712318801103,0.07321236753318833,0.3168161061332933,0.3531275442953531,0.5265305191167544,0.1565446990810724,0.4323605442400491,0.1565446990810724,0.7274116426358842,0.8489956871569753,0.6715230359175632,0.062278753913512855,0.7111830176341205,0.5805263590392156,0.8561816283737428,1.0,0.6154972529162798,0.4993306046781952,0.3537948274725396,0.11470260204594065,0.5264786848288376,0.5545422859310412,0.03192485363561703,0.4379481315321403,-0.008921223307995352,0.42592567832925143,0.18939698768454247,0.08626848657660956,-0.13886121151042125,0.6443567557730053,0.8652813675905081,0.5168525629776887,0.6358428706474564,0.5913195622845904,0.46176844003321377,0.6611565129389685,0.9824204107827031,0.3351834731176158,0.31337704774678266,0.3111044940606726,0.2950084984248915,0.5275077981934476,0.7373918146743913,-0.014482714263826003,0.5489079083623277,0.4293490373794181,0.39823214685584607
