Fp1,Fz,F3,F7,FT9,FC5,FC1,C3,T7,TP9,CP5,CP1,Pz,P3,P7,O1,Oz,P8,TP10,CP6,CP2,C4,T8,FT10,FC6,FC2,F4,F8,Fp2,AF7,AF3,AFz,F1,F5,FT7,FC3,FCz,C1,C5,TP7,CP3,P1,P5,PO7,PO3,POz,PO4,PO8,P6,P2,CPz,CP4,TP8,FC4,FT8,F6,F2,AF4,AF8,O2,P4,C6,C2
1.0,0.23083896261198883,0.16858839825142674,0.5735967429464698,0.7797627543333214,0.5956007110856582,0.30120718081000525,-0.4098111665677339,-0.18051119008738545,0.7851320511550606,0.42394754619839214,-0.019326703414625956,0.2653466256945809,-0.19915606120811935,0.3585015158411004,-0.00040911322150335923,0.6174880722169107,-0.02799493938077754,0.44653056230062443,0.41872413167292777,-0.20022465454224753,-0.1519631705575636,-0.08975522840079224,-0.1519631705575636,0.4859334193307205,0.5513217807312533,0.5308034936717736,-0.04618759017299533,-0.5593452657379124,-0.2188096171838927,0.695878988940226,-0.0025816969399957415,0.03109602983666537,0.12056303677283424,-0.33334810565155304,0.2706636580888082,0.11192142576368706,0.5927241561781849,-0.09641967958944558,0.37335821519725,0.46999594840302855,-0.4762515065578202,0.5728279562592126,-0.07020194190368163,-0.18999814259825548,0.4435535228930472,0.7236989435979903,0.6970559740811813,-0.03797983707390162,-0.36465886585594287,0.320932700557867,0.8172696490923179,0.5128620764878399,0.05858379561097481,0.34433558471099246,-0.20381767491772473,0.5028993149176543,0.321369564836117,0.6547399634891877,0.10317141416684715,0.4769152727706867,0.48889534667708706,-0.03719907673893894
0.23083896261198883,1.0,0.7353093236544701,0.5498538869201998,0.08375196185508747,0.44455297499284363,0.3632487696883504,0.28221201811162044,0.2895541643980135,0.24635529980644078,0.058859982016046086,-0.4953213574598966,0.34959198739218833,0.760583946576112,-0.2586978955930685,0.5295428082624677,0.5192187996266512,0.6212607519302862,0.666056163413064,-0.4328522973702638,0.08605134652815553,0.6968830740712818,0.40054569691865677,0.6968830740712818,0.3670902914803291,0.0018041796707800998,0.32087680844461586,0.2193978739941474,0.12166774959915776,0.27109923956814586,0.17953029422574268,0.04295691503305506,-0.37668597008243404,0.270456379314529,0.6842945869145733,-0.2779689964613082,0.4728641321454478,0.4905693325674585,0.607835968649489,0.6729067609173401,-0.44121983225389133,0.04789875872681144,0.21593575600655487,0.8161627636920828,0.7392096072496851,0.3958726598488839,0.23894054450887403,0.4160403018079476,0.20012208983900545,0.16742244528263547,0.3693028472122713,0.2669487597978724,0.17933071599965245,-0.5543879159061652,0.2525419870800203,0.7454293759338795,-0.14467669005381015,0.5895206525277772,0.5210021883085201,0.6141073502675187,0.6125894878571612,-0.38715018948280056,0.2676401051819926
0.16858839825142674,0.7353093236544701,1.0,0.5230182400076174,0.07746770893423038,0.39551203688617115,-0.04650777067232263,0.26487812937960636,0.309262988557193,0.07738017348422925,-0.09923754739750384,-0.2281746834636314,0.2316429507860843,0.6730390756479464,-0.4928289105720822,0.4152595673753969,0.09826880331731218,0.36016681911669646,0.5484475423985746,-0.7488648517973396,-0.07433291544257936,0.918539167947453,-0.10407878738681664,0.918539167947453,0.2634296846771631,0.06460095600104629,0.16309188527528953,-0.26250581897230707,0.09987646331669063,0.15784028603125883,-0.07298838611518958,-0.16718761113745356,-0.23791206046158972,0.11382492039254805,0.5446472018858733,-0.5858427441355353,0.4796924027653167,0.11087064961857222,0.3640255866040141,0.49978389928575506,-0.7341755943799166,0.025620916903108665,0.19940307216346734,0.3218175673866633,0.8393423688503477,0.33106025395404753,0.2428369869275796,0.5394547349997217,-0.2720759084270545,0.11948655163632775,0.3505271011897159,0.009322448383031767,0.047872288774181315,-0.3901884263354927,0.2572933603878351,0.5737533543626405,-0.37267636093109674,0.5474691709293938,0.15604363703393775,0.2951521342748363,0.5121008038953617,-0.7177295259662838,0.02304350708606639
0.5735967429464698,0.5498538869201998,0.5230182400076174,1.0,0.2916235144756318,0.8492079918922231,0.5102726629109174,0.012575152541999994,0.07037732679583807,0.46797832929487326,0.5899303917011852,0.1105483501533238,0.7486059817335969,0.35886986772760227,0.09491560934003142,0.5771919260330343,0.22461870132227282,0.6294317670990955,0.4706976953756557,-0.09660565395631754,0.2909739436648083,0.4620558581484752,0.19077432558205967,0.4620558581484752,0.8303206493909594,0.4419717240833177,0.568861796120757,0.4160525428221072,-0.07397758514412982,-0.0049563011304485085,0.35895665162234497,0.5198653551109481,0.030726900534176444,0.6004191274738037,0.3075820358070106,0.08191336490915462,0.43860115110065706,0.19852479042261437,0.5667705487388432,0.4441901495330388,-0.04659246149336517,0.12271506401925111,0.28136926116148514,0.3404722696845587,0.5307269137194988,0.9153580520701545,0.6428370157346105,0.8317303225334285,0.4053447198977011,0.03188330719839534,0.5996657189084386,0.473941489581694,0.7582295353974479,0.18311571507372218,0.8357218689136848,0.3581180882822046,0.24121067304258362,0.7027746272432104,0.3203541663793318,0.7022250677809948,0.5841510105909242,-0.006763450452933475,0.5120099039685607
0.7797627543333214,0.08375196185508747,0.07746770893423038,0.2916235144756318,1.0,0.6343556399129723,-0.044067767564593796,-0.5871975616880234,-0.6152920052817954,0.413279878011597,0.516220315308132,0.26020151439269246,-0.010834497410369636,-0.32787425582504914,0.5598290735679755,-0.1580195244666969,0.5467630882961813,0.07303281303953739,0.03900649516129181,0.3276893533502659,-0.42927723662826595,-0.17471300398582917,-0.37833918950113715,-0.17471300398582917,0.12338443299557071,0.7996319608698232,0.6033356310727334,-0.26730663320647213,-0.5597276459893703,-0.6046494383267956,0.3565541395241506,0.06535021896738939,0.3950104899777322,-0.16191538291434132,-0.480282603778772,0.401789951490519,-0.12849783035697052,0.5411052184860815,0.06137195986742603,-0.05076848810791291,0.36518116665200184,-0.6203642797095752,0.8263605562325536,-0.2292621166896353,-0.24441547149641463,0.08699392161889812,0.8227429280471256,0.5269069128498024,-0.3037201422604063,-0.48697286423850644,-0.19846591208126135,0.4919920253041452,0.48209989516711554,0.2440727630621303,0.03955625594475199,-0.3333384450667519,0.6533503933104869,0.05209148624203876,0.6091590185862957,0.12122266451860779,0.09405718144003158,0.36280481966476025,-0.28192473039808585
0.5956007110856582,0.44455297499284363,0.39551203688617115,0.8492079918922231,0.6343556399129723,1.0,0.3736439233958951,-0.33587375973638556,-0.33903683117951605,0.29192047175805985,0.7717299965107604,0.38595166421508936,0.4988582673636594,0.1788705732596603,0.4021016308469052,0.47087580842633237,0.37030018434790196,0.7009685425645994,0.14176294521150157,0.017270853082600575,0.027599841071475034,0.3332765139593231,-0.033503747175252285,0.3332765139593231,0.5908152528741094,0.737813231489097,0.6787894790000937,0.30558486923357026,-0.2920048417132035,-0.3799164257059624,0.1999570827911373,0.5792420388644673,0.38339079773268636,0.3148895728794065,0.09862133913535841,0.3080441960175966,0.3079414593951314,0.3576071388033636,0.6667915350754615,0.09475734415316289,0.05457665079923323,-0.14353923664558474,0.5664065365002406,0.18153224093625975,0.3726633626795608,0.6771161404994449,0.865432744627671,0.8365695530498121,0.2603657963827964,-0.2540692819684807,0.2347415336682907,0.37172639488902526,0.8660812090940225,0.40804827419215756,0.575181287792252,0.19948695322130158,0.5408447331800222,0.5748663391921808,0.4860741731875,0.7375472956067676,0.27628042293140503,0.07958151605158659,0.27958870648442247
0.30120718081000525,0.3632487696883504,-0.04650777067232263,0.5102726629109174,-0.044067767564593796,0.3736439233958951,1.0,-0.08847029330005035,0.043270513294079486,0.23267990783841064,0.43827939982645336,-0.03495792015854011,0.3627066432270288,0.3180194494787474,0.16042776648799878,0.5910458852675531,0.4070526814391609,0.44978596825760236,0.2747013040299349,0.3668317977000846,0.4198268488795587,-0.08435287674815135,0.6938567768009524,-0.08435287674815135,0.6610543901729841,-0.181828751886225,0.2742060827008369,0.8297014316558843,-0.1703400429549701,0.06499302790819088,0.2374333296477878,0.39084528244050454,0.03007656172107538,0.3972406885836528,0.33744933365122537,0.16785911349656604,0.5880502295205579,0.38149980514535553,0.36076457120697414,0.32014172441330807,0.3418638852280331,0.17371089385800118,-0.27513742272405195,0.475610172227644,0.040620446384215345,0.6279268145982854,0.07159182428385212,0.32130983129192947,0.8506634927981856,-0.01987410726516422,0.3952656552264151,0.33226255306432095,0.5668640318797606,0.15933184958105104,0.35807936749630354,0.39208686015682037,0.24261677758066214,0.6864522432815371,0.3825971709105985,0.5368322684224661,0.25965665236958607,0.38061367344821095,0.5814253365789176
-0.4098111665677339,0.28221201811162044,0.26487812937960636,0.012575152541999994,-0.5871975616880234,-0.33587375973638556,-0.08847029330005035,1.0,0.4173407040557661,0.04677851987555018,-0.36298882813025257,-0.6133172855854062,0.3726081771602439,0.4043119313179462,-0.6699726238531158,-0.022296622525210547,-0.44598800431152613,0.16271018139165197,0.5527846597378213,-0.5554123992409206,0.4400302738699277,0.3676571955241499,0.38431641982319925,0.3676571955241499,0.20065772620487543,-0.5138620503401198,0.009650399322856584,0.043185041311725,0.918081569358807,0.418175938893763,0.09597248788233827,-0.016704589727716462,-0.6006649013351151,0.5072847936276662,0.439157170227965,-0.5389930411949392,-0.15843965196099805,-0.47290702020171366,0.15561064993354642,0.6026105145549646,-0.5530116767160166,0.5564305865281618,-0.37401598811015335,0.4901805576519903,0.4373686651251844,0.1501108398614552,-0.5292156566405296,-0.37006540257001214,0.055007004399366545,0.9571331073358821,0.13555136877526164,-0.09953887104654033,-0.3868406536767364,-0.5632361484179237,0.3527127059533148,0.32460491330323843,-0.741936992657622,-0.14760444072387977,-0.4629650618994379,0.13273052114353795,0.5441568520625947,-0.5266500973116487,0.35597454353918867
-0.18051119008738545,0.2895541643980135,0.309262988557193,0.07037732679583807,-0.6152920052817954,-0.33903683117951605,0.043270513294079486,0.4173407040557661,1.0,0.24317827413050308,-0.6861946204564932,-0.6059089670970688,-0.03409288639925926,0.35825455850590177,-0.7203321078913918,-0.005550884570246279,0.02139307819618522,-0.15479955948129828,0.4518684936787843,-0.3984111415871418,-0.07859506840148572,0.38098673833113256,0.10461813269141744,0.38098673833113256,-0.028287250088315462,-0.5328104357569894,-0.6127372499478583,0.0798518401487094,0.20476410637455988,0.8930460864004509,0.21768051709040298,-0.43479535925992163,-0.826431706146772,-0.03522019779120597,0.44073752143455736,-0.562378663584522,0.10613310727558142,0.036483837563715794,-0.19873972671726867,0.4923796886044747,-0.4080707224629557,0.03447764243530008,-0.5432606246583258,0.22599217254818668,0.3839532417940637,0.06400428994844735,-0.3687791809283934,0.07378598084113933,0.11456850180144765,0.22525798559449126,0.7674243735349633,0.17868862667117638,-0.43701127053853234,-0.5653559613125636,0.04437559997265497,0.3579640389860701,-0.6488057158411691,0.06549967626884562,0.010859999549602506,-0.09777641095035741,0.39464009107136533,-0.38435844519187234,-0.08385906202949542
0.7851320511550606,0.24635529980644078,0.07738017348422925,0.46797832929487326,0.413279878011597,0.29192047175805985,0.23267990783841064,0.04677851987555018,0.24317827413050308,1.0,0.04827800350186087,-0.44749789795698874,0.29635965857928087,-0.23337087619413208,-0.03408974240140475,-0.28427242916756007,0.4913815886552907,-0.08397004882440404,0.6973401381993709,0.28985482653956945,-0.18613746983569524,-0.15173659207801501,0.07352550174795798,-0.15173659207801501,0.40605599952718757,0.22760581153668208,0.26334584296963254,0.05207807069524076,-0.11431805951067167,0.15766120310389273,0.979953915390061,-0.13331547820462608,-0.5088869417203203,0.19811909750882276,-0.28557009354721496,0.008942008554000194,-0.2250874775630408,0.4527641722484053,-0.181767480375463,0.6783623596265086,0.3247608470275768,-0.394572404915367,0.26822252803827473,0.10705874737453458,-0.14717040599784528,0.37487350598699504,0.3883196410565499,0.4895200741381615,0.0643876025541971,0.08060648682153528,0.5502814234793035,0.9630927665728604,0.16860791891862398,-0.2761774457931487,0.4376840061603474,-0.2391472543163691,0.08158953309664584,-0.003264114452550845,0.5267021617889396,0.07657322923243219,0.7708933069699329,0.35926494252936725,-0.06448924023706813
0.42394754619839214,0.058859982016046086,-0.09923754739750384,0.5899303917011852,0.516220315308132,0.7717299965107604,0.43827939982645336,-0.36298882813025257,-0.6861946204564932,0.04827800350186087,1.0,0.611981445050562,0.5988855710594294,-0.04530784117124407,0.7688933301022136,0.4998203148716942,0.111809385720963,0.5591296861341765,-0.18013322014231148,0.40500803547456926,0.42973216305163686,-0.11764042722257159,0.1980884551712551,-0.11764042722257159,0.605082843064037,0.6632960457333104,0.7933542191391807,0.4506918326627288,-0.23898564462489186,-0.5844874595040259,0.022006708836445454,0.8478844860961404,0.7102105909309149,0.525037928144844,-0.07949315526169794,0.6990511232822515,0.2554691960342028,0.07403198034351124,0.5559827835552785,-0.20390545825009845,0.44771924558463044,0.1991723091532008,0.4944636890720886,0.10800307198517003,-0.01409335822736186,0.6086140494344666,0.6545585601951638,0.39640964073835094,0.4237130563689534,-0.20523646566271256,-0.1471649803477747,0.13425365066216294,0.9162957525251612,0.6641170461126038,0.5432958214815963,0.003345271259785317,0.7891772950406051,0.4428860880607179,0.1596197213779027,0.5879678706629081,-0.06148214352798712,0.4621081851904085,0.5780019762458016
-0.019326703414625956,-0.4953213574598966,-0.2281746834636314,0.1105483501533238,0.26020151439269246,0.38595166421508936,-0.03495792015854011,-0.6133172855854062,-0.6059089670970688,-0.44749789795698874,0.611981445050562,1.0,0.043285335066502055,-0.3356104941926428,0.5984414334068957,0.24417175906580535,-0.3206010666581878,0.12755506788596943,-0.7685453881793036,0.2694824473168409,0.08704050210430649,-0.14720539539137117,-0.3172067166886194,-0.14720539539137117,0.00856727148784138,0.5022190732976984,0.14406896759246846,0.06395342986237734,-0.37053205406997813,-0.6411456434850099,-0.48927233966313144,0.523515482072931,0.898873681815807,-0.04424581542606096,-0.32320256287303223,0.48178057385935835,0.15656720671386867,-0.3010352947568217,0.1661035932731106,-0.797925171704906,0.28107317658439496,0.08909094590403942,0.21907848338981467,-0.5182675758211792,-0.16513936070869042,0.09448008977556127,0.3608414732192164,0.2092445729130076,0.042201414891777506,-0.48955148957993255,-0.334814772109379,-0.3988396179285948,0.5222385488410659,0.9255899482627834,0.08084904055830847,-0.30339106276803973,0.5708793200514002,0.1507473406913099,-0.25466115836188,0.06399577354421918,-0.6409377514360766,0.24048329471913907,0.08799747425051496
0.2653466256945809,0.34959198739218833,0.2316429507860843,0.7486059817335969,-0.010834497410369636,0.4988582673636594,0.3627066432270288,0.3726081771602439,-0.03409288639925926,0.29635965857928087,0.5988855710594294,0.043285335066502055,1.0,0.2694594435667837,0.1864542200988241,0.5493437722866199,-0.17206082587025195,0.5197762054548992,0.3877191614680885,0.0028798037672227886,0.7666282236150653,0.26337424498380557,0.49052556925172114,0.26337424498380557,0.8002135887396574,0.2636389563114859,0.6336981321348569,0.4373614523072567,0.33651317973532524,0.00166277327846053,0.2550253273993482,0.7128037227205689,0.02917273774691752,0.9538948250530149,0.2738275486136664,0.2505473608479182,0.2611209630827585,-0.24336285746620048,0.5077413401097092,0.40121801056169426,0.06320050140479923,0.6343854207599728,0.22922602963470426,0.48524528552535034,0.40240930324464,0.8200272018154579,0.29758916352620907,0.2880347614156679,0.4422328149853015,0.40671958320051477,0.2906903872079093,0.22371706980543773,0.562493153184711,0.09261923689062988,0.918039637318799,0.2593916791573662,0.1880080152481145,0.4467326566550903,-0.14831754528773924,0.5576418320936825,0.50030534734631,0.10428185915733089,0.8454382163983173
-0.19915606120811935,0.760583946576112,0.6730390756479464,0.35886986772760227,-0.32787425582504914,0.1788705732596603,0.3180194494787474,0.4043119313179462,0.35825455850590177,-0.23337087619413208,-0.04530784117124407,-0.3356104941926428,0.2694594435667837,1.0,-0.38135286771822263,0.6823453234895787,0.12018611575466637,0.544883436582591,0.4115182230273297,-0.658099419421268,0.32288845221979395,0.7427030009246031,0.31345732276166416,0.7427030009246031,0.378302185774391,-0.24584080555883941,0.15657211219858627,0.25947961916477874,0.20850002977624676,0.47026925313859885,-0.29713043427413305,0.08782049341635308,-0.19750834305462814,0.3254734629070208,0.9735372307220803,-0.3400032402475706,0.6160672939033199,0.1364546549675906,0.5506345626664912,0.4097749591283257,-0.6463817803912184,0.34205145122899,-0.21404003545863587,0.6439249572178346,0.8112774070948834,0.4031791079694977,-0.04898797789228012,0.1409086162080299,0.2599742793679997,0.24160777299575592,0.3347858163028563,-0.18257945866618647,0.12623998135637973,-0.3729137488200341,0.16222387215428577,0.9847659279681401,-0.3050670673104742,0.6365476810338194,0.10893356022823679,0.5261527457070573,0.26264871106589693,-0.6069719136677317,0.43500096414196293
0.3585015158411004,-0.2586978955930685,-0.4928289105720822,0.09491560934003142,0.5598290735679755,0.4021016308469052,0.16042776648799878,-0.6699726238531158,-0.7203321078913918,-0.03408974240140475,0.7688933301022136,0.5984414334068957,0.1864542200988241,-0.38135286771822263,1.0,0.16676822974111874,0.25156263760799646,0.09834272159362184,-0.5018731201381533,0.7105122597774921,0.15666363018490848,-0.519828351533242,0.013346370274601735,-0.519828351533242,0.11808489904790281,0.663945379057358,0.49537175958349017,0.22015332240204424,-0.5324943268937998,-0.5260452523092785,-0.018335507537540294,0.5596383226538499,0.7273723394180739,0.1254503504845357,-0.382071039533374,0.9556450998787916,0.004431397158071387,0.2184019212390721,0.13610328825391765,-0.5266676084432605,0.7478203767540086,-0.05675346798418396,0.5704353589023015,-0.1435292057864123,-0.44968495505852357,0.10313395293877668,0.5565642540121412,0.0755525052645377,0.20134829970136137,-0.557788806871768,-0.3732996082352697,0.09326300769952646,0.6126328218802164,0.5993158948995551,0.03879779362100169,-0.28735280505205113,0.9727196458013104,0.06952892281316064,0.23491479804676843,0.1432572829191734,-0.45075747601329935,0.7463541863528296,0.2236268855331793
-0.00040911322150335923,0.5295428082624677,0.4152595673753969,0.5771919260330343,-0.1580195244666969,0.47087580842633237,0.5910458852675531,-0.022296622525210547,-0.005550884570246279,-0.28427242916756007,0.4998203148716942,0.24417175906580535,0.5493437722866199,0.6823453234895787,0.16676822974111874,1.0,0.05058964452616752,0.6194686775056367,0.05292433296365246,-0.1330820853505422,0.6173345920900194,0.4933184728198937,0.5040274382580388,0.4933184728198937,0.5508814985648757,0.013556299158996105,0.3170955004247429,0.5224845489400097,-0.07588810810568454,0.029759608401118416,-0.37244599939487416,0.5409278263702377,0.30168059479300435,0.511697434869072,0.6738502648413173,0.12715298798367752,0.8850772687348778,0.027044368729854485,0.6378258825125447,0.06930401446886762,-0.12947840682151632,0.5585809987406484,-0.006821732630666095,0.5316354686008611,0.5849261991221107,0.6111181009993397,0.16274001533076354,0.3161837521353244,0.529589465650268,-0.08576039556591232,0.2054558827103659,-0.23990577222303597,0.549122285486662,0.16362625599116176,0.3815470561378065,0.7091552432392284,0.21050137722552428,0.899806823677202,0.031934270874749364,0.5757372928024902,0.018268222502632155,-0.10226148328634396,0.7262562143178249
0.6174880722169107,0.5192187996266512,0.09826880331731218,0.22461870132227282,0.5467630882961813,0.37030018434790196,0.4070526814391609,-0.44598800431152613,0.02139307819618522,0.4913815886552907,0.111809385720963,-0.3206010666581878,-0.17206082587025195,0.12018611575466637,0.25156263760799646,0.05058964452616752,1.0,0.14383182325366892,0.3212201609483147,0.2978077348111213,-0.42678401702677515,-0.08341652609393742,0.09883042692372629,-0.08341652609393742,0.07952602496075196,0.24725636042755392,0.2001241372119767,0.17121386221229448,-0.5832221718983593,0.08737364844052666,0.4740725150791825,-0.18774049448728874,-0.16670689004211592,-0.2616463766333635,0.049989025742880944,0.2141746982490582,0.15870798600485797,0.993396877720986,0.0965308789728672,0.29961658911011263,0.28817715984332165,-0.6408109497961385,0.35222032635083916,0.30190581515014503,-0.0787307068707834,0.05915780863607891,0.4746205515668488,0.42867810625577313,0.15668062358943455,-0.48235416890250826,0.2554022728855905,0.6486436054197613,0.25121558770094715,-0.26112028699442935,-0.2012999111160024,0.19188318916942476,0.39961791378200295,0.27234505808464904,0.9824330746570632,0.2523901543072579,0.24120962886938965,0.3242552801171646,-0.21658928489005427
-0.02799493938077754,0.6212607519302862,0.36016681911669646,0.6294317670990955,0.07303281303953739,0.7009685425645994,0.44978596825760236,0.16271018139165197,-0.15479955948129828,-0.08397004882440404,0.5591296861341765,0.12755506788596943,0.5197762054548992,0.544883436582591,0.09834272159362184,0.6194686775056367,0.14383182325366892,1.0,0.13208089673780712,-0.28986600823407965,0.3299517059813807,0.5196464542378679,0.37804312650644123,0.5196464542378679,0.48130563711853636,0.2670985836278709,0.5086832715058196,0.6073926946008378,0.2691430260297012,-0.13229123197398052,-0.08792594695384988,0.7028884609600917,0.17389691214193348,0.46165203231678054,0.5560102109399975,0.0960706947820069,0.30656718344662504,0.12291799223100709,0.9887237557432638,0.16256883503207809,-0.29783832168814306,0.2787210215948292,0.15571352319130252,0.643116694509446,0.6522923046460071,0.5651708783306092,0.357968136683315,0.3801964161849888,0.5511186297137111,0.22518201037713007,0.11817104664538643,-0.00936894387783822,0.6071934392009437,0.16084977393720284,0.5005452275543048,0.580553303839135,0.1540172704304952,0.4962920034494872,0.21926775969285361,0.96959763187718,0.23780940744697054,-0.2566923365955998,0.5373008328535938
0.44653056230062443,0.666056163413064,0.5484475423985746,0.4706976953756557,0.03900649516129181,0.14176294521150157,0.2747013040299349,0.5527846597378213,0.4518684936787843,0.6973401381993709,-0.18013322014231148,-0.7685453881793036,0.3877191614680885,0.4115182230273297,-0.5018731201381533,0.05292433296365246,0.3212201609483147,0.13208089673780712,1.0,-0.27709033209329537,0.08489757499812442,0.35606065462038217,0.31803253624542366,0.35606065462038217,0.516107740639631,-0.1880850447778029,0.28044041126294506,0.01443872795513454,0.27724985514417005,0.3927182469929128,0.6509075784717506,-0.24021208239321531,-0.7031128267329586,0.3867235018644311,0.3206333278749568,-0.46507514738031863,0.12376315167211546,0.29036235633417257,0.0569654529893203,0.9897193202441862,-0.25499638756888854,-0.018664043366847235,0.012626089520085077,0.5133569029277755,0.3658186218734374,0.44517703702119693,0.04375192492890515,0.3104787472255384,0.03692635584169413,0.48461297727393704,0.5425970590500742,0.61796717036121,-0.03945915885217422,-0.6745839900030487,0.4347250911231645,0.3403156872248553,-0.400785707166828,0.2732532132105232,0.3208885119476429,0.2137523216602323,0.9510798262260556,-0.2085239544571612,0.17606600316443188
0.41872413167292777,-0.4328522973702638,-0.7488648517973396,-0.09660565395631754,0.3276893533502659,0.017270853082600575,0.3668317977000846,-0.5554123992409206,-0.3984111415871418,0.28985482653956945,0.40500803547456926,0.2694824473168409,0.0028798037672227886,-0.658099419421268,0.7105122597774921,-0.1330820853505422,0.2978077348111213,-0.28986600823407965,-0.27709033209329537,1.0,0.08020057399088981,-0.8577136001785203,0.24598996219613511,-0.8577136001785203,0.0505034417883636,0.17157538778436676,0.12508972314898217,0.2928282402420618,-0.4783529456306836,-0.345742547553578,0.35221447131727657,0.19643664351553963,0.3044650216948118,-0.00579940877218902,-0.6261638684972519,0.6916130486454896,-0.0905653573963119,0.25274951057819084,-0.3177091643316415,-0.2545821744451686,0.9906430478164502,-0.15284654287780983,0.16314086372204695,-0.20016846598191793,-0.8143267898385407,-0.02622431159271702,0.13764193299232538,-0.061697760613446714,0.31500711298889555,-0.4122081887570852,-0.1708841869687479,0.3519650551062237,0.2780685217963659,0.3854982100398348,-0.05348276877057776,-0.5676124381499037,0.6731753387537492,-0.08939982196640163,0.23414699837300643,-0.20117890634441388,-0.23047198030886826,0.9859874967053782,0.07249644185378987
-0.20022465454224753,0.08605134652815553,-0.07433291544257936,0.2909739436648083,-0.42927723662826595,0.027599841071475034,0.4198268488795587,0.4400302738699277,-0.07859506840148572,-0.18613746983569524,0.42973216305163686,0.08704050210430649,0.7666282236150653,0.32288845221979395,0.15666363018490848,0.6173345920900194,-0.42678401702677515,0.3299517059813807,0.08489757499812442,0.08020057399088981,1.0,0.04263741558640176,0.697795788295146,0.04263741558640176,0.5922120885879396,-0.19786400699860113,0.37235706317552264,0.522214112593482,0.42888646264218416,0.047668520035391855,-0.1693901816306248,0.6518011324462342,0.1592760507127911,0.8747294113809801,0.38149992836017427,0.23723496704157856,0.3822255142743933,-0.4866994004885121,0.3478182252044522,0.13560192461444456,0.10625700004080278,0.9250037313500258,-0.19488253613550896,0.4590917328841957,0.20230733046728738,0.5463848441744611,-0.2268730195721151,-0.24406167377751747,0.5525809110442903,0.4660636656348655,-0.007649968897788165,-0.24275400267499023,0.3096979096758759,0.12661769452693258,0.5755114451388726,0.32822189175374744,0.05954705127740347,0.38176957059905214,-0.487526632003565,0.3166866132300978,0.09194448399651677,0.13063079738854122,0.9522817660243569
-0.1519631705575636,0.6968830740712818,0.918539167947453,0.4620558581484752,-0.17471300398582917,0.3332765139593231,-0.08435287674815135,0.3676571955241499,0.38098673833113256,-0.15173659207801501,-0.11764042722257159,-0.14720539539137117,0.26337424498380557,0.7427030009246031,-0.519828351533242,0.4933184728198937,-0.08341652609393742,0.5196464542378679,0.35606065462038217,-0.8577136001785203,0.04263741558640176,1.0,-0.03445464781145256,1.0,0.16850370507752238,-0.003040409476790008,0.02878293745304445,-0.09219588264755652,0.2901368594058763,0.24797217116567813,-0.26798056834703643,0.011042952147720579,-0.2199835545908632,0.16015675543179358,0.6898241021143736,-0.555046060228131,0.4344057917429836,-0.0699891402367888,0.5439796600955762,0.34247059551291625,-0.8551505775259016,0.21869923184999127,0.05448245150158459,0.4122495929380314,0.9705364905476466,0.29411913244221627,0.11540765087726158,0.40108559877175476,-0.1153594675348516,0.21889689183801297,0.3283620426486811,-0.21328650327637386,0.015653848620927453,-0.31705461297557674,0.2673081440931568,0.6720530755963786,-0.43744626137532616,0.4778901582728264,-0.01830164259263724,0.4247142351270684,0.35750562217164666,-0.8368470744297629,0.12654022727646305
-0.08975522840079224,0.40054569691865677,-0.10407878738681664,0.19077432558205967,-0.37833918950113715,-0.033503747175252285,0.6938567768009524,0.38431641982319925,0.10461813269141744,0.07352550174795798,0.1980884551712551,-0.3172067166886194,0.49052556925172114,0.31345732276166416,0.013346370274601735,0.5040274382580388,0.09883042692372629,0.37804312650644123,0.31803253624542366,0.24598996219613511,0.697795788295146,-0.03445464781145256,1.0,-0.03445464781145264,0.39204862175077265,-0.4588813806063999,0.1729223148745636,0.6840551789505356,0.3659475351083744,0.12538979213381854,0.1374242857115828,0.36341369434586623,-0.2170159804494113,0.5697593619897647,0.37025339813956665,0.0645296101588723,0.3895028388357501,0.01956567875112519,0.35834004712909107,0.4211583549691603,0.19683358756587227,0.6027810656979492,-0.24905019153928737,0.7934640549709067,0.11406847319530002,0.3249888728608339,-0.36038416781304955,-0.21681083276124244,0.7070284537947414,0.4160736551082314,0.07117319925707599,0.04739821903846566,0.10393482722579898,-0.25037148726330044,0.2955910115945466,0.3523656163514941,-0.04653816698681012,0.37252044884110835,-0.001519284355432839,0.3687862715723071,0.31070957533695576,0.23925236618929013,0.7071569875465836
-0.1519631705575636,0.6968830740712818,0.918539167947453,0.4620558581484752,-0.17471300398582917,0.3332765139593231,-0.08435287674815135,0.3676571955241499,0.38098673833113256,-0.15173659207801501,-0.11764042722257159,-0.14720539539137117,0.26337424498380557,0.7427030009246031,-0.519828351533242,0.4933184728198937,-0.08341652609393742,0.5196464542378679,0.35606065462038217,-0.8577136001785203,0.04263741558640176,1.0,-0.03445464781145264,1.0,0.16850370507752238,-0.003040409476790008,0.02878293745304445,-0.09219588264755652,0.2901368594058763,0.24797217116567813,-0.26798056834703643,0.011042952147720579,-0.2199835545908632,0.16015675543179358,0.6898241021143736,-0.555046060228131,0.4344057917429836,-0.0699891402367888,0.5439796600955762,0.34247059551291625,-0.8551505775259016,0.21869923184999127,0.05448245150158459,0.4122495929380314,0.9705364905476466,0.29411913244221627,0.11540765087726158,0.40108559877175476,-0.1153594675348516,0.21889689183801297,0.3283620426486811,-0.21328650327637386,0.015653848620927453,-0.31705461297557674,0.2673081440931568,0.6720530755963786,-0.43744626137532616,0.4778901582728264,-0.01830164259263724,0.4247142351270684,0.35750562217164666,-0.8368470744297629,0.12654022727646305
0.4859334193307205,0.3670902914803291,0.2634296846771631,0.8303206493909594,0.12338443299557071,0.5908152528741094,0.6610543901729841,0.20065772620487543,-0.028287250088315462,0.40605599952718757,0.605082843064037,0.00856727148784138,0.8002135887396574,0.378302185774391,0.11808489904790281,0.5508814985648757,0.07952602496075196,0.48130563711853636,0.516107740639631,0.0505034417883636,0.5922120885879396,0.16850370507752238,0.39204862175077265,0.16850370507752238,1.0,0.1945766293244278,0.6829090519218247,0.5230022447163366,0.048528564720939193,0.04494767423826447,0.34623103318767395,0.5529641263266054,0.06676841572943708,0.8114125438470093,0.33699881268386783,0.15453299004816706,0.4199399221411986,0.05254849608825801,0.40435683967833547,0.49299055081641224,0.1157505780805633,0.33579138881863246,0.023278728531397144,0.33854597634259753,0.2876158586300728,0.9673591279963947,0.3800268713363849,0.49468518479569495,0.5412516608295217,0.2547628125491992,0.4797373430595681,0.42399268288074193,0.7339116105776778,0.19213843936326128,0.8434339672997918,0.37443537211270267,0.21055919950297836,0.6503357768731923,0.12173578259209594,0.5940334643540383,0.544316783152541,0.15680268812399353,0.7521524194782059
0.5513217807312533,0.0018041796707800998,0.06460095600104629,0.4419717240833177,0.7996319608698232,0.737813231489097,-0.181828751886225,-0.5138620503401198,-0.5328104357569894,0.22760581153668208,0.6632960457333104,0.5022190732976984,0.2636389563114859,-0.24584080555883941,0.663945379057358,0.013556299158996105,0.24725636042755392,0.2670985836278709,-0.1880850447778029,0.17157538778436676,-0.19786400699860113,-0.003040409476790008,-0.4588813806063999,-0.003040409476790008,0.1945766293244278,1.0,0.5993038628318051,-0.11605690309762808,-0.4200483237765771,-0.4553778847969831,0.16531421776481584,0.4332948949568024,0.5157949446143666,0.0836071781036569,-0.3134180997789098,0.6049571332685895,-0.17409220755546242,0.24223878051257605,0.2877663340762793,-0.27050066878720985,0.24726825910705566,-0.33448065425132445,0.8268236995550373,-0.23529643219294283,-0.0016433178015216204,0.266679041455768,0.9326324055728579,0.5433378475337982,-0.1664884682544961,-0.4442074466587857,-0.08054084088919412,0.30710345858332844,0.6454042815807172,0.4699868397000266,0.2955904542503961,-0.21957077549951062,0.7367168406221613,0.042706084326222575,0.3495309196843802,0.3172418932456194,-0.06261670213321313,0.24968300061808496,-0.04259298995661998
0.5308034936717736,0.32087680844461586,0.16309188527528953,0.568861796120757,0.6033356310727334,0.6787894790000937,0.2742060827008369,0.009650399322856584,-0.6127372499478583,0.26334584296963254,0.7933542191391807,0.14406896759246846,0.6336981321348569,0.15657211219858627,0.49537175958349017,0.3170955004247429,0.2001241372119767,0.5086832715058196,0.28044041126294506,0.12508972314898217,0.37235706317552264,0.02878293745304445,0.1729223148745636,0.02878293745304445,0.6829090519218247,0.5993038628318051,1.0,0.1735821379427444,-0.0074666670972700295,-0.4430157876892922,0.23462827977071618,0.5897199232278206,0.3941212050141713,0.6177933759684969,0.0444002558106312,0.4404405554540586,0.09857898945938505,0.16009617689148292,0.5001016269643526,0.22515227504099308,0.19350474937385181,0.12648293130125823,0.5987243242996971,0.2812360294429848,0.11271351957582748,0.5963757547871276,0.6241375372166154,0.30983501247108225,0.14892369325094532,0.12146796994910809,-0.1534861338889355,0.3131834082446107,0.7157814028172347,0.20845206009391096,0.5629323053105303,0.14002849083559796,0.5280210876991034,0.33202732469059876,0.23641424609046988,0.5574493897962846,0.3174614595627661,0.2228595358338248,0.5190723331809375
-0.04618759017299533,0.2193978739941474,-0.26250581897230707,0.4160525428221072,-0.26730663320647213,0.30558486923357026,0.8297014316558843,0.043185041311725,0.0798518401487094,0.05207807069524076,0.4506918326627288,0.06395342986237734,0.4373614523072567,0.25947961916477874,0.22015332240204424,0.5224845489400097,0.17121386221229448,0.6073926946008378,0.01443872795513454,0.2928282402420618,0.522214112593482,-0.09219588264755652,0.6840551789505356,-0.09219588264755652,0.5230022447163366,-0.11605690309762808,0.1735821379427444,1.0,0.09214309756543587,0.16774501718079451,0.11951164036748552,0.6608919667593686,0.042654122238515904,0.4841699348898609,0.38572870029016487,0.3364678585316792,0.302462261910073,0.14223616730681635,0.5453048065385021,0.09602310912431405,0.27271259693204336,0.34846801956148205,-0.34456221166097234,0.5173209755754549,0.10966181654882563,0.562872414544803,0.010287410024510021,0.12235976360311734,0.9958247137945339,0.12842636702715193,0.34570869639812063,0.16211348936818745,0.5428507603255301,0.2798207119401716,0.4211867071960074,0.37754708431321005,0.24604279283437958,0.41482803484428077,0.1703120117159043,0.6868270115172237,0.07816016568039784,0.31559990642490204,0.6694730139015258
-0.5593452657379124,0.12166774959915776,0.09987646331669063,-0.07397758514412982,-0.5597276459893703,-0.2920048417132035,-0.1703400429549701,0.918081569358807,0.20476410637455988,-0.11431805951067167,-0.23898564462489186,-0.37053205406997813,0.33651317973532524,0.20850002977624676,-0.5324943268937998,-0.07588810810568454,-0.5832221718983593,0.2691430260297012,0.27724985514417005,-0.4783529456306836,0.42888646264218416,0.2901368594058763,0.3659475351083744,0.2901368594058763,0.048528564720939193,-0.4200483237765771,-0.0074666670972700295,0.09214309756543587,1.0,0.1585370049497469,-0.030838037229328506,0.16406982736871892,-0.40456566382037024,0.4461960033838383,0.27431839055192775,-0.42917099126759783,-0.2954850607371174,-0.6171010639375681,0.28120721854983244,0.3496013026139319,-0.4995884980630214,0.5980629244128923,-0.31042889623093894,0.42545365104353566,0.3659816556508972,0.02797580330165062,-0.5326324223994845,-0.4448082953633281,0.08116058304159497,0.9508433458558622,-0.09835725535653216,-0.2655790961246692,-0.35544497603951547,-0.3476584400732569,0.32449105195749905,0.14253523189387812,-0.6518988038009169,-0.29426444630436954,-0.5801109833246556,0.1874238098087137,0.35649054323270485,-0.4849709857778066,0.32501006906797425
-0.2188096171838927,0.27109923956814586,0.15784028603125883,-0.0049563011304485085,-0.6046494383267956,-0.3799164257059624,0.06499302790819088,0.418175938893763,0.8930460864004509,0.15766120310389273,-0.5844874595040259,-0.6411456434850099,0.00166277327846053,0.47026925313859885,-0.5260452523092785,0.029759608401118416,0.08737364844052666,-0.13229123197398052,0.3927182469929128,-0.345742547553578,0.047668520035391855,0.24797217116567813,0.12538979213381854,0.24797217116567813,0.04494767423826447,-0.4553778847969831,-0.4430157876892922,0.16774501718079451,0.1585370049497469,1.0,0.16144993627278556,-0.31734063664880147,-0.7249808728502866,0.07901311052955298,0.5686777035656443,-0.30026832778911267,0.05348198800516017,0.108216524270106,-0.16214272702650948,0.4181548694427073,-0.3207906056047125,0.07822010204133699,-0.5241839630619136,0.28097511925339486,0.31436967560495876,0.096426623611127,-0.31487327252124225,-0.0962645548175078,0.20228294389714052,0.20794965773266985,0.6926150089606755,0.17036070589181015,-0.3350328047154316,-0.5466880067550484,-0.0010453241557876502,0.5037039618609566,-0.4669523079101874,0.029232521969646746,0.05137130962227225,-0.024980280653656515,0.25968072728190095,-0.2859808848510609,0.0624205244687034
0.695878988940226,0.17953029422574268,-0.07298838611518958,0.35895665162234497,0.3565541395241506,0.1999570827911373,0.2374333296477878,0.09597248788233827,0.21768051709040298,0.979953915390061,0.022006708836445454,-0.48927233966313144,0.2550253273993482,-0.29713043427413305,-0.018335507537540294,-0.37244599939487416,0.4740725150791825,-0.08792594695384988,0.6509075784717506,0.35221447131727657,-0.1693901816306248,-0.26798056834703643,0.1374242857115828,-0.26798056834703643,0.34623103318767395,0.16531421776481584,0.23462827977071618,0.11951164036748552,-0.030838037229328506,0.16144993627278556,1.0,-0.10890607731183283,-0.5356249292296785,0.19089366547726086,-0.32226830764268666,0.05187759986505056,-0.3464083990036763,0.43171365829196845,-0.18715279546355978,0.6491964860274188,0.3780398583431136,-0.38030018377811386,0.20347401409511115,0.13495695190598933,-0.23986734650353847,0.2992745594099321,0.29568966036368893,0.3513564027288834,0.12839212875497297,0.1559218380357435,0.4787960609913726,0.9522665719966651,0.11422878118410226,-0.2828021538810773,0.39005606465467785,-0.288504619958428,0.07106992596890845,-0.13156698850745047,0.4994449130234027,0.07707120169528282,0.7308351872244863,0.4139400134024972,-0.06169603976198044
-0.0025816969399957415,0.04295691503305506,-0.16718761113745356,0.5198653551109481,0.06535021896738939,0.5792420388644673,0.39084528244050454,-0.016704589727716462,-0.43479535925992163,-0.13331547820462608,0.8478844860961404,0.523515482072931,0.7128037227205689,0.08782049341635308,0.5596383226538499,0.5409278263702377,-0.18774049448728874,0.7028884609600917,-0.24021208239321531,0.19643664351553963,0.6518011324462342,0.011042952147720579,0.36341369434586623,0.011042952147720579,0.5529641263266054,0.4332948949568024,0.5897199232278206,0.6608919667593686,0.16406982736871892,-0.31734063664880147,-0.10890607731183283,1.0,0.5288332885939631,0.6892647214543004,0.15615274724445033,0.6028831143272119,0.14892597334369298,-0.23025956301900644,0.7115175170246737,-0.21155379519387488,0.22879382881160235,0.5230625281494817,0.19449203797087242,0.2887965178051104,0.18651927119922593,0.610189638760685,0.3652080440937347,0.16008348791059898,0.6287612742914719,0.12058643120066966,-0.06472731831955073,-0.07829997934451605,0.7642318458995452,0.6002714417776244,0.6445054364444414,0.15429370899172712,0.5265216616872556,0.31054744373110404,-0.1388252846132611,0.7106676881101869,-0.08376235883248914,0.2518955958666727,0.7600896444887916
