Fp1,Fz,F3,F7,FT9,FC5,FC1,C3,T7,TP9,CP5,CP1,Pz,P3,P7,O1,Oz,P8,TP10,CP6,CP2,C4,T8,FT10,FC6,FC2,F4,F8,Fp2,AF7,AF3,AFz,F1,F5,FT7,FC3,FCz,C1,C5,TP7,CP3,P1,P5,PO7,PO3,POz,PO4,PO8,P6,P2,CPz,CP4,TP8,FC4,FT8,F6,F2,AF4,AF8,O2,P4,C6,C2
1.0,0.44830709502455285,0.8473011404975053,0.16772520386316492,0.00481650952245704,0.02014929288787239,0.2292004313755113,0.11115411168917069,0.7078695403738112,0.6909416562711732,-0.01974207134016674,-0.032107177197469694,0.25275837450052974,0.38985082872380594,0.11838698440495242,0.11410735460785949,0.5986332260865522,0.6190421502809548,0.7172534967781329,0.5405864749588493,0.8579258982606819,0.6368685662770293,0.4695257524689781,0.6368685662770293,0.5122641491875034,-0.26393471088048404,0.35299771669436564,0.2498154671041203,0.29676777487399497,0.7676156270936411,0.73050914382703,0.027855356204145927,-0.010346675521483491,0.32842147924481163,0.47943332816328943,0.22267775631259207,0.2393305098564453,0.4947233035930112,0.6388432867953611,0.5431218732816154,0.4197304851990266,0.8521905098113963,0.8282509263864889,0.5382240286517878,0.6878106002857876,0.6995346637236699,-0.08911621871481941,0.507485372147661,0.39420255596727705,0.4140083769902007,0.7176362061995379,0.698464016471974,0.06677128031293673,0.16982396688528664,0.38917090651281594,0.5944014750905607,0.1750731246788029,0.3345025494703731,0.5446241921679643,0.6247275980902738,0.5633906273883846,0.566652404834422,0.8118157786297229
0.44830709502455285,1.0,0.5998746135211596,-0.3207605729970971,0.08238377963311633,-0.24274706605199267,0.046105895482032984,0.5792483071402432,0.5537346256512621,0.8510449713522104,-0.15446225567819535,0.7603610596736897,0.7386079921588854,0.29515388454540875,0.7824940499868013,0.14492418294194062,0.3076998994275735,0.4462603894844432,0.3467574359933235,0.7666376861668476,0.594511001750629,0.5857386558951908,0.9413916166546421,0.5857386558951908,-0.15394325710064605,0.13622232632558268,-0.16860707100265243,-0.4285672669424244,0.6238452304664636,0.4271052493014372,0.7129843435350737,-0.19314940657662996,0.7733654433714248,0.6847819550526054,0.388694976630634,0.8092039869557072,0.20090770726685664,0.3787156451211825,0.6457367905584405,0.24938000377042263,0.7334788303006974,0.6033775587977466,0.3315830111410041,0.927619399044516,0.6136907089083126,0.00900314638676589,0.09807461377533369,-0.20003618450598062,0.25251274438842075,0.6836430466387412,0.385325491063848,0.7587920577903355,-0.005088731828686013,0.8339835514189367,0.587105281053289,0.4870090421055662,0.8323297149200712,0.25473430661378055,0.29273694813171197,0.6587256504491239,0.12574758116908608,0.752317624918419,0.6101590816945031
0.8473011404975053,0.5998746135211596,1.0,-0.26956073130006625,-0.3599126187936422,-0.3307074464023879,0.026446728014813122,-0.030654538701356676,0.7226628118177172,0.8000599424873907,-0.2193370194948763,0.07288733142847582,0.47112234024815564,0.1895837042781272,0.1372335013351545,-0.15132130936240984,0.3160341348096961,0.6277916047366766,0.7931234334870918,0.6242493768133343,0.9881594218316907,0.8303831562459619,0.6953039849987109,0.8303831562459619,0.22270214163327398,-0.49155894403637007,0.22204121444133715,-0.06814056595422296,0.1762973141037799,0.8291964341335305,0.8748144327848322,-0.21345169162621838,0.14620357482273472,0.5535514166809594,0.33689767273503574,0.24768068742310562,0.018769848453780952,0.38333978984765527,0.7152596035316071,0.6879360128784547,0.4385592500133607,0.954606732189732,0.7638431608767998,0.7577352897046223,0.8329705447443049,0.49317100278792464,-0.45478177155573096,0.20501616463859407,0.3724391017314499,0.3488965350089413,0.8513152271481077,0.8485597317484622,-0.029303941978490625,0.33179172192037737,0.561419342346888,0.5829032413341306,0.25251768556307913,0.12153818009799112,0.4781648219002033,0.7182961295805648,0.6893746811497288,0.6796954422162975,0.9811744090838197
0.16772520386316492,-0.3207605729970971,-0.26956073130006625,1.0,0.46267481950798056,0.8024210475003338,-0.03460326624220034,0.3321328915031772,-0.027292506967363413,-0.08915231450524137,0.5709928411718085,-0.3616964666752246,-0.6403494104580324,-0.013957318613304475,-0.24613320027571367,0.1945625649093572,0.6600957685148738,0.1380898297281502,-0.0035984482197508236,-0.0857408667933049,-0.26427847191849596,-0.43569853841551576,-0.37707997909543023,-0.43569853841551576,0.7950344663440598,0.19128561011795464,0.4508267969216628,0.44362029998252356,0.355787803642988,-0.055869492181302834,-0.11086179591761385,0.7193479690755642,-0.3781145600579211,-0.6064541457943784,-0.058637901616357006,-0.24492005619783372,0.16225437242618407,0.5112547951478384,0.04190762473090417,0.004854753227472784,-0.06103990103204161,-0.09728000046670711,0.1905381966902249,-0.33677782243925336,-0.3856187978022224,0.5782181181978998,0.4747313843615823,0.7419814058834399,-0.26667333323726644,0.3378632594078403,-0.14193116900028843,-0.11834794687824216,0.4703637515752143,-0.3609067914078113,-0.34438556889273275,-0.14148250373988505,-0.30991062155119403,0.2111724423659928,0.4586863340331196,0.014876278312390143,0.01326668828514615,-0.10606559971716956,-0.2851111421773121
0.00481650952245704,0.08238377963311633,-0.3599126187936422,0.46267481950798056,1.0,0.5287520836493101,0.683738290909594,0.36951365184648277,0.11730945886713073,-0.1876072077666832,0.1217250959675007,0.20372707460978406,0.004428158271601849,0.6918328997597559,0.5360952296240644,0.8453499525858437,0.4620116205909347,-0.43591996957801554,-0.09392648369734258,-0.301206342525164,-0.33800577544040294,-0.23478405488193357,-0.11045485867430078,-0.23478405488193357,0.06662664418309888,0.7541431658558484,0.2587558560609307,0.502982645214066,0.1434161929352012,-0.14308953336028793,-0.40288533048363434,0.11718961600794482,0.13870893943301904,-0.06027591782564803,0.6211217940334447,0.4736820640875052,0.7480571044750056,0.21154246811723804,-0.37195050157527304,-0.1970016859185502,-0.1550665026623972,-0.30697842801357933,-0.1112799960722456,-0.18951836619071488,-0.1569339148272911,-0.13492568810794686,0.9195054501321757,0.11606593440602979,0.3359395471431371,0.07509653636925886,-0.3857963765401197,-0.34651423773836026,-0.028582252926539674,0.0025160197495397536,-0.02388078452685446,0.35215296200512786,0.4025856388701217,0.7137466250144924,0.034048082447761634,-0.3663989706295004,-0.2649170837534688,-0.36181944165165175,-0.39287430017078506
0.02014929288787239,-0.24274706605199267,-0.3307074464023879,0.8024210475003338,0.5287520836493101,1.0,0.0553393240223929,0.4668633837119969,0.19315673076367473,-0.09404608195256803,0.8068255363739807,-0.3565310704469597,-0.5781053630336511,0.08752672540882758,-0.09903070308824605,0.5279739934734246,0.5113990194632129,0.052140467810307546,-0.17658611723875728,-0.14630799270010464,-0.3347593110684019,-0.5595123021276269,-0.4102007440010386,-0.5595123021276269,0.45804882673651764,0.20139386072766197,0.5981268399333938,0.36762524507865446,0.2922717565793648,-0.0935684088110135,-0.21013548527814263,0.7672792985779306,-0.3992639083740384,-0.6509738349581112,-0.010468058798118178,-0.2129966350841097,0.5024453654165835,0.35300758441349606,0.0019906950329466144,-0.114305380146798,-0.13019973426208853,-0.23632985385139807,0.0894581095626018,-0.39755884643003414,-0.5432695803413103,0.4155853971699214,0.41819143211672755,0.7583521670926541,-0.3830565722418691,0.19492001124316202,-0.11198131216720322,-0.23709402691551038,0.6217094557827652,-0.4715528936361665,-0.4927290253839062,-0.16882403033708732,-0.22233295797210284,0.49838488475362425,0.34293101953782734,-0.018988511860492215,-0.12808383208114463,-0.2056301323059302,-0.42453776074443733
0.2292004313755113,0.046105895482032984,0.026446728014813122,-0.03460326624220034,0.683738290909594,0.0553393240223929,1.0,-0.22843775490478244,0.32128604799441546,-0.19516286194664764,-0.3435220400500962,0.06316420502999749,0.3717857334097233,0.9553316913417672,0.4547202755270062,0.778016407332728,0.2695257605289826,-0.5305291989855859,0.2874726728383382,-0.41107178911516884,0.08687152409575735,0.28682699200297807,-0.09845588938312806,0.28682699200297807,-0.09413956738531928,0.45092853752505047,0.22790961262287343,0.703237811267991,-0.39200504011608334,0.269324749238984,-0.29168840699358,-0.4268585181420322,-0.040482996950165086,0.3754668310264323,0.9163776455343913,0.4599325619190978,0.7898051793872555,0.03680246894008599,-0.46617802012111836,0.1496679253699538,-0.27236326667207444,-0.013971359115451953,0.11665729842775073,-0.13555316690526273,0.3314203731340732,-0.12579649957820288,0.5034611743802545,-0.04257646783054825,0.8266801061557152,-0.3545964421382177,0.0303549344651789,-0.24913128141023788,-0.4428933742620638,-0.04048826590633104,0.07037274561505534,0.7422123608436673,0.39908991281566397,0.7755727686205584,-0.02041962118440864,-0.4693715231538568,0.14498552455124916,-0.406234765420478,-0.005151404877055673
0.11115411168917069,0.5792483071402432,-0.030654538701356676,0.3321328915031772,0.36951365184648277,0.4668633837119969,-0.22843775490478244,1.0,0.2571337246108846,0.5309862890993882,0.5465963452200557,0.5337339760308094,0.0734348500820762,-0.00926836167121351,0.5108938058839609,0.2953546363168709,0.3906870644884504,0.4149422642920157,-0.26071655425600876,0.5914105993303966,-0.049833667692206776,-0.21352283839328953,0.418931728053944,-0.21352283839328953,0.07546777299165562,0.33365349955664847,-0.07337960817784239,-0.35324910969237316,0.8993388175647551,-0.09431452796800822,0.30946276831863084,0.5127119479691001,0.5092523689343815,-0.07155087954098417,-0.03769199514602685,0.4262089661399733,0.24074972512785875,0.3533660223494383,0.4965783680655965,-0.291844787187935,0.6161779607330711,0.05525325802766846,0.0514069993277795,0.40979781280081956,-0.17805831512326412,0.11664765033040385,0.4258250800652569,0.21516145005679616,-0.4090341254484008,0.79711828135941,-0.09098465209375212,0.33066015465027265,0.5206544123356811,0.45022181370238207,0.07278074551968308,-0.12431747425152848,0.44306171336587685,0.2340321963608252,0.21978213830147705,0.49263396328566006,-0.40195617218187046,0.5061352522326078,-0.06141511192245899
0.7078695403738112,0.5537346256512621,0.7226628118177172,-0.027292506967363413,0.11730945886713073,0.19315673076367473,0.32128604799441546,0.2571337246108846,1.0,0.6978409229607269,0.13898410119287466,0.05847372056023136,0.4013909605811392,0.49890836735327554,0.32821219341662833,0.4394678900695728,0.5165172107669673,0.3459570254281464,0.6344605708605656,0.3931305704842447,0.7172978108467217,0.5732130236910394,0.4818453411525308,0.5732130236910394,0.18788970923200374,-0.2417267257091534,0.4761946674198264,0.27736427333821256,0.17751819476699934,0.8125100301338797,0.6004324856792239,-0.0011797227659380814,0.06729157574088297,0.38824532482864144,0.571185939695101,0.33271628381261686,0.6043027675151407,0.4725850895294578,0.4733945225683752,0.555424826632198,0.2720491940626576,0.7030563758545473,0.7525297499504305,0.5492364898021124,0.5528237459802218,0.47319118410475014,-0.14346959588228825,0.4737013708871697,0.3047036178628717,0.3172930608221173,0.7406969187381313,0.5914671704414779,0.20077270906580322,0.17545219572792972,0.36502140370813485,0.6719437829027791,0.35045300456846096,0.671908443412103,0.529795088543617,0.4738441882465675,0.5245418776963257,0.41730013908606556,0.6330829691474575
0.6909416562711732,0.8510449713522104,0.8000599424873907,-0.08915231450524137,-0.1876072077666832,-0.09404608195256803,-0.19516286194664764,0.5309862890993882,0.6978409229607269,1.0,0.06254174701529354,0.4454457636209338,0.5055495117169176,0.08058422385576673,0.40757610271157785,-0.07879755475247406,0.47505961979109984,0.7737546024964065,0.5279521263675787,0.9094952880605527,0.7939379370663687,0.6292564156330691,0.8450347751078391,0.6292564156330691,0.23765138800682292,-0.2226322323668235,0.010223015522256525,-0.3298644665558115,0.6770353360585409,0.6679703765041134,0.950501640994697,0.05270648341955273,0.4704308743389232,0.5028729576580708,0.1915367006101648,0.4709663006862684,0.051093245377291714,0.5679436441321848,0.9005068851346191,0.4618950729917685,0.798837430195994,0.8502666226413161,0.6653374059555119,0.9162156782346317,0.6331012581351985,0.471731369657144,-0.1940234423428342,0.22094565534529997,0.051423202228882976,0.7925108847669683,0.6819619822268042,0.9579957250168346,0.2331233287272315,0.64303199738477,0.473272624666002,0.39671640947745523,0.49920415285348996,0.15721401808403962,0.574389475063998,0.8950220261070854,0.3850596414524321,0.9257730860872848,0.7984266867197505
-0.01974207134016674,-0.15446225567819535,-0.2193370194948763,0.5709928411718085,0.1217250959675007,0.8068255363739807,-0.3435220400500962,0.5465963452200557,0.13898410119287466,0.06254174701529354,1.0,-0.3653203893020067,-0.5146492947654365,-0.2822459528715319,-0.1693244932856774,0.19980572469373695,0.27298784819522803,0.26048543957665743,-0.35340945361517273,0.0734706453285506,-0.25648869008050024,-0.625045747732939,-0.2988935588556546,-0.625045747732939,0.29738959688873007,-0.2139681697274018,0.4059292274697643,-0.03521160027090663,0.4040587507997204,-0.197765520924706,-0.0013405522443914032,0.9424550068998051,-0.40731583797687104,-0.6379727629082068,-0.34987255479127544,-0.30842828078619666,0.19883401793345823,0.2414008212214736,0.22272664247339768,-0.27422641546975973,0.047815953894850355,-0.20683368906902347,-0.07436773098246623,-0.26140825578766064,-0.6306998264166526,0.4111842781422743,0.011099481803515051,0.6842515585361885,-0.6717194654857266,0.3132702619785421,0.035169195216459295,-0.06751928284847988,0.9325324375776369,-0.42387782827960685,-0.4761461706527265,-0.44728802972072496,-0.2725119305004893,0.13960975658443955,0.25986009576929114,0.17499340834436738,-0.22363756143007563,0.011932639098402772,-0.3436668162000992
-0.032107177197469694,0.7603610596736897,0.07288733142847582,-0.3616964666752246,0.20372707460978406,-0.3565310704469597,0.06316420502999749,0.5337339760308094,0.05847372056023136,0.4454457636209338,-0.3653203893020067,1.0,0.6935461438544097,0.23483787434681408,0.7764104885955818,0.11114080540553348,0.013158581063732756,0.1089320399929535,-0.09472823185161217,0.5379016699108852,0.10673193949020669,0.3278438301728577,0.6740943825887896,0.3278438301728577,-0.3826934223721185,0.5588760323386712,-0.6547539459539472,-0.4548047080789463,0.5213451077459145,0.002310876132229902,0.2663407361640402,-0.40508154321844886,0.9474059317849746,0.6146924016957565,0.23888642347498074,0.7931027532423893,0.05840877960110149,0.04114557476816376,0.2417949158831566,-0.1692175808085395,0.660449925945619,0.13497151665507284,-0.04299962978335192,0.6395324922806003,0.3516345291189222,-0.3961312969298487,0.37593625898668626,-0.5678648111076198,0.1675243063874512,0.48341866883185636,-0.15074896595825305,0.35701739794506293,-0.3285259059963939,0.9350298076007845,0.3872674428732081,0.21968145360065802,0.8054511204273225,0.07996114275951136,-0.11405327186039227,0.26461217359811984,-0.32551798213040045,0.504614599250707,0.1594462115379216
0.25275837450052974,0.7386079921588854,0.47112234024815564,-0.6403494104580324,0.004428158271601849,-0.5781053630336511,0.3717857334097233,0.0734348500820762,0.4013909605811392,0.5055495117169176,-0.5146492947654365,0.6935461438544097,1.0,0.5184154464525148,0.7604606569914727,0.1464113199514571,0.08541678672086007,0.0029527140873515027,0.3598232971402117,0.38965420864884703,0.5261224820960383,0.7399931539493224,0.6472515320649375,0.7399931539493224,-0.3545042614824391,0.10987970162932874,-0.42239010895752566,-0.16804054114220046,0.08229385421369508,0.4684466998531186,0.43750962447426256,-0.6115800064570461,0.5812308562733798,0.9718322122564654,0.5804787991916849,0.819648473661414,0.2465576865820468,0.16362275104716018,0.19035275502046486,0.27417339941226126,0.5068601037800073,0.4415935803513696,0.16505790270962875,0.6732623533231935,0.7343621752726115,-0.1877574928109241,-0.02791610299994652,-0.47864870611339017,0.617247746550967,0.21632802139793875,0.4147881939653337,0.5064020414614083,-0.35635846898582385,0.7644957542962508,0.4019181983626287,0.6629735368172367,0.8479896302250711,0.2771458067933719,0.10869322799508742,0.17126970501060976,0.21567665475330475,0.42955175446377736,0.5095718760939958
0.38985082872380594,0.29515388454540875,0.1895837042781272,-0.013957318613304475,0.6918328997597559,0.08752672540882758,0.9553316913417672,-0.00926836167121351,0.49890836735327554,0.08058422385576673,-0.2822459528715319,0.23483787434681408,0.5184154464525148,1.0,0.6176397945778652,0.8020530273107507,0.44338510067035775,-0.3203997705614381,0.3862723393706229,-0.14469906530027524,0.25797565127560135,0.42123872365037435,0.11712842684930025,0.42123872365037435,-0.014933101681775465,0.46417193090523107,0.19791278259183068,0.6084053774230251,-0.1458015381687131,0.4272934288383874,-0.04833195943925489,-0.3747485839305053,0.11254110602699663,0.5070551236507108,0.9752935647640507,0.6321089384219922,0.8432942433002233,0.2272377158247634,-0.22013152820996368,0.2376071940616972,-0.004006422117370434,0.18299550560212935,0.27626648915376983,0.10312208475683167,0.4691929792831713,0.007564830562683136,0.5230619149759415,0.02944676454600834,0.8175318174389947,-0.08947618044937557,0.18539730578811905,0.0032127056193631807,-0.3508345755696083,0.16771681815489947,0.13729733270050745,0.8376572573629317,0.5807625550967863,0.8589181308984405,0.1581578218110707,-0.23082888207396224,0.2014480102009685,-0.14168561842785127,0.16073009082059686
0.11838698440495242,0.7824940499868013,0.1372335013351545,-0.24613320027571367,0.5360952296240644,-0.09903070308824605,0.4547202755270062,0.5108938058839609,0.32821219341662833,0.40757610271157785,-0.1693244932856774,0.7764104885955818,0.7604606569914727,0.6176397945778652,1.0,0.5296739702455827,0.3007619252127673,-0.1066265199331353,0.09313275463888263,0.3022506038120108,0.16671672075827473,0.3192909155630424,0.5919633294464082,0.3192909155630424,-0.3172131434513681,0.5225734762941765,-0.21047472814875076,-0.15249248308528454,0.39295790113454926,0.1389793369925355,0.202857103921166,-0.2384019905956375,0.6799408268792118,0.6585097667709753,0.6348619204168022,0.974975514109856,0.5254079716991856,0.2793154973911553,0.10986825324501108,-0.003037399440317262,0.4500906415452334,0.13635121411232604,-0.06731153824206622,0.5369552324878444,0.3669843596832102,-0.28632845444156363,0.5100306623175737,-0.3615080605203397,0.46194752351429896,0.41318054729622244,0.04350303246148273,0.2836438122221234,-0.10437429076929042,0.6987984472230672,0.31768559484846937,0.5503101838246331,0.9782020154423431,0.5144978916856388,0.10955018834995466,0.10134305621464867,-0.11564002968527314,0.27028095826697585,0.13967822674009436
0.11410735460785949,0.14492418294194062,-0.15132130936240984,0.1945625649093572,0.8453499525858437,0.5279739934734246,0.778016407332728,0.2953546363168709,0.4394678900695728,-0.07879755475247406,0.19980572469373695,0.11114080540553348,0.1464113199514571,0.8020530273107507,0.5296739702455827,1.0,0.33657439976478654,-0.3721010462897509,-0.033197914504054786,-0.2647449871040531,-0.12591997733383534,-0.0961888332422098,-0.09602493442263542,-0.0961888332422098,-0.1301299114846191,0.5315310297784469,0.37711683751688,0.5211615837337294,-0.02067731495165237,0.06981304911786639,-0.3048039184454766,0.03340555307097943,0.020677106488540566,0.0351764277668276,0.712264912492784,0.41928965951591873,0.9669735103755575,0.07992137760942883,-0.2958432734588836,-0.12498611354947163,-0.16127374877654868,-0.18262826724403428,0.03634289790098837,-0.1522356576621362,-0.05794335275615108,-0.09653763770566497,0.6343535541033809,0.2053116595800928,0.3571490720068802,-0.09834911960420925,-0.10313042572671133,-0.2826058908288055,0.016685889062754724,-0.09960935526508005,-0.07332869890124202,0.4513094181609487,0.3919203592921276,0.9128002812451007,-0.0007391998470094215,-0.2931118764032247,-0.17204579027946837,-0.3269241941478903,-0.2485524606147429
0.5986332260865522,0.3076998994275735,0.3160341348096961,0.6600957685148738,0.4620116205909347,0.5113990194632129,0.2695257605289826,0.3906870644884504,0.5165172107669673,0.47505961979109984,0.27298784819522803,0.013158581063732756,0.08541678672086007,0.44338510067035775,0.3007619252127673,0.33657439976478654,1.0,0.3101450295484127,0.5734471825402785,0.29655575182025956,0.3611467233174789,0.2719823309279879,0.1906324781744843,0.2719823309279879,0.7867809145162702,0.14751568133344614,0.4320483023632588,0.42135954986490354,0.47752057101739664,0.5741646443815026,0.43102341318272236,0.37045157441408183,-0.06913870994764591,0.1381684620918993,0.4830857945544846,0.3701246257009922,0.44587005679869957,0.9289583764073872,0.37878889648578573,0.5367503120861001,0.35356037211428276,0.49427678496345523,0.5794607027113915,0.27428773916347443,0.31840498527277133,0.7295782978926079,0.39272457822348417,0.6402253152621705,0.27096043033198325,0.625528175113066,0.44611197551712195,0.4666153449653228,0.32712415449769633,0.15099017006248802,-0.02896843571624418,0.5396413026313476,0.32667038418791255,0.5725474884676137,0.8750601724280971,0.33077293870272206,0.4960606197133743,0.3275013120503678,0.312262323490412
0.6190421502809548,0.4462603894844432,0.6277916047366766,0.1380898297281502,-0.43591996957801554,0.052140467810307546,-0.5305291989855859,0.4149422642920157,0.3459570254281464,0.7737546024964065,0.26048543957665743,0.1089320399929535,0.0029527140873515027,-0.3203997705614381,-0.1066265199331353,-0.3721010462897509,0.3101450295484127,1.0,0.28768160275103094,0.8821807878753617,0.6221566872177534,0.31000211557702073,0.5001074900397657,0.31000211557702073,0.42761944114061007,-0.33441069212627444,0.01935113421528364,-0.4291639461396245,0.6817864167398477,0.4147852648064637,0.8348673587436053,0.30775504594508,0.15359912205329582,0.024650336547895335,-0.2689278720944773,-0.04780438923840413,-0.2959794082825327,0.37085835427544767,0.9612290676514411,0.269629826910143,0.7346144766937892,0.6959825375725559,0.6024427029186108,0.577439287663012,0.3225261620398522,0.6373269619061643,-0.31643873467044165,0.41248566491745153,-0.3313449949748426,0.674934901685163,0.5224032275533123,0.7866120169342653,0.32740876054890466,0.29440798841263743,0.1233581912677016,-0.08385540236210672,-0.026215240588694975,-0.19205855480151712,0.4570532178838107,0.9524746971444081,0.236924506578721,0.8736946670890511,0.634612338518757
0.7172534967781329,0.3467574359933235,0.7931234334870918,-0.0035984482197508236,-0.09392648369734258,-0.17658611723875728,0.2874726728383382,-0.26071655425600876,0.6344605708605656,0.5279521263675787,-0.35340945361517273,-0.09472823185161217,0.3598232971402117,0.3862723393706229,0.09313275463888263,-0.033197914504054786,0.5734471825402785,0.28768160275103094,1.0,0.25217538715125265,0.8123102072608034,0.8252208867102316,0.4389850925661519,0.8252208867102316,0.4872750309039739,-0.2843423082782161,0.4229050695471839,0.3379561855558566,-0.056144057182631935,0.9007701659442099,0.623355904695436,-0.2759605908379679,-0.04810824048844958,0.521893787914491,0.5347470991768892,0.24607081983718163,0.15792814392196347,0.6316205771569936,0.3839101792872025,0.9556456081631213,0.14118824036180294,0.8480261854421545,0.7758102557989783,0.5110784200706205,0.8249947791725531,0.5490340113314727,-0.2116208646492945,0.27787601037358506,0.6167674161188077,0.20648570220378082,0.7688082392068227,0.6428698667358396,-0.1792749001560453,0.17976211959599733,0.4096709993397803,0.7920501084644324,0.22198519092320074,0.3180962984018991,0.7036283271572863,0.38191335340055177,0.9394349304963544,0.35289460810593015,0.8149574467351604
0.5405864749588493,0.7666376861668476,0.6242493768133343,-0.0857408667933049,-0.301206342525164,-0.14630799270010464,-0.41107178911516884,0.5914105993303966,0.3931305704842447,0.9094952880605527,0.0734706453285506,0.5379016699108852,0.38965420864884703,-0.14469906530027524,0.3022506038120108,-0.2647449871040531,0.29655575182025956,0.8821807878753617,0.25217538715125265,1.0,0.6308215216989391,0.4597731670230643,0.7672009061116047,0.4597731670230643,0.184357295596654,-0.11858939097126323,-0.26370081247425475,-0.5584228416356392,0.7989001195760574,0.4147376865321532,0.8814899676640509,0.08743754600036639,0.5441393555432684,0.368949970014921,-0.08113929826632335,0.360953182703424,-0.19814418654381094,0.3852987102580797,0.9363760413736033,0.20073601027971813,0.9291283386299095,0.6968870776665465,0.5036150249272888,0.8299128493341237,0.4739474331015895,0.3855021544759655,-0.16258583532564025,0.10308548835166877,-0.17009081162506406,0.8152681737554515,0.4649348864555185,0.8821758903275952,0.1892006403376136,0.6911036211146958,0.3190991565223156,0.0875808058736649,0.3912664489878823,-0.10493379518226138,0.3872464759162805,0.9303952280437146,0.11652583636954175,0.9889934989056153,0.6582503702905577
0.8579258982606819,0.594511001750629,0.9881594218316907,-0.26427847191849596,-0.33800577544040294,-0.3347593110684019,0.08687152409575735,-0.049833667692206776,0.7172978108467217,0.7939379370663687,-0.25648869008050024,0.10673193949020669,0.5261224820960383,0.25797565127560135,0.16671672075827473,-0.12591997733383534,0.3611467233174789,0.6221566872177534,0.8123102072608034,0.6308215216989391,1.0,0.8757659474743721,0.6623254745778924,0.8757659474743721,0.2563146584090606,-0.4331794515783479,0.16534770167940802,-0.024034767680198327,0.1698098068142678,0.8734104844843631,0.8733619045438481,-0.25867509203024563,0.13790728557930926,0.6117105442978495,0.3885882319693632,0.28781138626677405,0.05429334355047356,0.41664759658953787,0.7015231545044979,0.7113069316689444,0.4910434539512921,0.9665083544906956,0.7911172740439397,0.7409907809309365,0.8778954416911422,0.5260422734932277,-0.4174870670923169,0.20518548720018684,0.4301950309440405,0.3460408628375961,0.8758711222750559,0.8556214659759541,-0.08145810475229605,0.3666787601879479,0.48144271941793726,0.6299550316035806,0.2922954479818535,0.17003635551739676,0.5147003863847937,0.694379250841823,0.7090982111785892,0.6921835385558892,0.9821766241984031
0.6368685662770293,0.5857386558951908,0.8303831562459619,-0.43569853841551576,-0.23478405488193357,-0.5595123021276269,0.28682699200297807,-0.21352283839328953,0.5732130236910394,0.6292564156330691,-0.625045747732939,0.3278438301728577,0.7399931539493224,0.42123872365037435,0.3192909155630424,-0.0961888332422098,0.2719823309279879,0.31000211557702073,0.8252208867102316,0.4597731670230643,0.8757659474743721,1.0,0.6516519068731026,1.0,0.0962337489477745,-0.16864396345506588,-0.07691427013119687,0.05960514819815375,-0.018745213745152173,0.8468958029024429,0.6864365466519835,-0.6292076528759775,0.323164600945126,0.8502227825180688,0.5444263190833817,0.47298336779953826,0.0708813628761658,0.3435136808242161,0.4198991943021542,0.7380194102078727,0.4159834785584405,0.8490790344498614,0.6782205848192022,0.7206870365236833,0.9896866749902248,0.2505282374645666,-0.2682242264166925,-0.12445269487176686,0.6737431021298043,0.19312161135894002,0.7106409608424882,0.7251041602666978,-0.45481133154701886,0.5565554360878473,0.5247947265713347,0.781833475136748,0.4714979828621949,0.20429586118723478,0.3975652744192872,0.42420684390342517,0.6935131935080352,0.546666211579742,0.888084930462682
0.4695257524689781,0.9413916166546421,0.6953039849987109,-0.37707997909543023,-0.11045485867430078,-0.4102007440010386,-0.09845588938312806,0.418931728053944,0.4818453411525308,0.8450347751078391,-0.2988935588556546,0.6740943825887896,0.6472515320649375,0.11712842684930025,0.5919633294464082,-0.09602493442263542,0.1906324781744843,0.5001074900397657,0.4389850925661519,0.7672009061116047,0.6623254745778924,0.6516519068731026,1.0,0.6516519068731026,-0.13126216509575345,-0.012697388690607884,-0.15335239327109604,-0.4856907013737589,0.5415510378909387,0.4351144078680495,0.7648909423531859,-0.2769910595640096,0.7751930037074127,0.6490767114273185,0.25805778915362326,0.6573566543791386,-0.04208164255343789,0.3063886195843879,0.6805092592634214,0.3384201265097581,0.6433959639497087,0.6851021214255769,0.3826063674507933,0.9766995219087626,0.6748135287235112,-0.0045481301104521804,-0.06435337705828645,-0.2586520347841965,0.22793812805932775,0.629251263545273,0.38507195732362476,0.8015220122122984,-0.1047455782503155,0.8050663469061976,0.7649978896611913,0.4311570486588192,0.6712843460915406,0.028460040715576614,0.2433732487057573,0.717169769134113,0.22316906429774488,0.7708241844217976,0.7267587598916392
0.6368685662770293,0.5857386558951908,0.8303831562459619,-0.43569853841551576,-0.23478405488193357,-0.5595123021276269,0.28682699200297807,-0.21352283839328953,0.5732130236910394,0.6292564156330691,-0.625045747732939,0.3278438301728577,0.7399931539493224,0.42123872365037435,0.3192909155630424,-0.0961888332422098,0.2719823309279879,0.31000211557702073,0.8252208867102316,0.4597731670230643,0.8757659474743721,1.0,0.6516519068731026,1.0,0.0962337489477745,-0.16864396345506588,-0.07691427013119687,0.05960514819815375,-0.018745213745152173,0.8468958029024429,0.6864365466519835,-0.6292076528759775,0.323164600945126,0.8502227825180688,0.5444263190833817,0.47298336779953826,0.0708813628761658,0.3435136808242161,0.4198991943021542,0.7380194102078727,0.4159834785584405,0.8490790344498614,0.6782205848192022,0.7206870365236833,0.9896866749902248,0.2505282374645666,-0.2682242264166925,-0.12445269487176686,0.6737431021298043,0.19312161135894002,0.7106409608424882,0.7251041602666978,-0.45481133154701886,0.5565554360878473,0.5247947265713347,0.781833475136748,0.4714979828621949,0.20429586118723478,0.3975652744192872,0.42420684390342517,0.6935131935080352,0.546666211579742,0.888084930462682
0.5122641491875034,-0.15394325710064605,0.22270214163327398,0.7950344663440598,0.06662664418309888,0.45804882673651764,-0.09413956738531928,0.07546777299165562,0.18788970923200374,0.23765138800682292,0.29738959688873007,-0.3826934223721185,-0.3545042614824391,-0.014933101681775465,-0.3172131434513681,-0.1301299114846191,0.7867809145162702,0.42761944114061007,0.4872750309039739,0.184357295596654,0.2563146584090606,0.0962337489477745,-0.13126216509575345,0.0962337489477745,1.0,-0.15128094936783312,0.40804809046755425,0.41703835638109055,0.3001118852186509,0.43762469318572955,0.34443303837930606,0.4824159963017406,-0.4108508276583395,-0.2250335918867727,0.020342527014259433,-0.20599437217297492,-0.03180812551341994,0.7494332944838663,0.35054902055961445,0.5015457416625458,0.17097663006704578,0.4196319392055151,0.5797850008717547,-0.010919815125791838,0.12282198868632638,0.887435420857207,0.08432883702413563,0.7694909682355802,-0.023873947454773066,0.4348716381967107,0.3750808020245752,0.3374541571694793,0.3359438145019547,-0.1773664600146997,-0.20535544989667104,0.14576242198246236,-0.2579675506177472,0.10884648944590604,0.7831353897738765,0.3040915060518467,0.5292513632352727,0.2383507263310585,0.24819816065714867
-0.26393471088048404,0.13622232632558268,-0.49155894403637007,0.19128561011795464,0.7541431658558484,0.20139386072766197,0.45092853752505047,0.33365349955664847,-0.2417267257091534,-0.2226322323668235,-0.2139681697274018,0.5588760323386712,0.10987970162932874,0.46417193090523107,0.5225734762941765,0.5315310297784469,0.14751568133344614,-0.33441069212627444,-0.2843423082782161,-0.11858939097126323,-0.4331794515783479,-0.16864396345506588,-0.012697388690607884,-0.16864396345506588,-0.15128094936783312,1.0,-0.2507800869482546,0.11438317385603196,0.21981316808571247,-0.31860730365503326,-0.414967103931794,-0.21420308884609907,0.48166139869274105,0.05504290645762723,0.35525925780465545,0.49226427217364555,0.37872957160762444,-0.035993472446639994,-0.3181375596849658,-0.3299711838222085,0.08473522590911241,-0.37729455267728884,-0.23615081510184538,-0.10577447237280466,-0.10434063513124,-0.4077247240316514,0.9096097334762898,-0.3040940631231394,0.21829808194111275,0.06383760935538133,-0.6204671568733049,-0.32788438881362486,-0.41532065517542976,0.32495503845170176,-0.08633514348564926,0.12433505706719619,0.44326697558083794,0.38187226718716344,-0.20615621964210687,-0.28817220508268604,-0.47662852245863185,-0.1865294923387505,-0.4220820729042546
0.35299771669436564,-0.16860707100265243,0.22204121444133715,0.4508267969216628,0.2587558560609307,0.5981268399333938,0.22790961262287343,-0.07337960817784239,0.4761946674198264,0.010223015522256525,0.4059292274697643,-0.6547539459539472,-0.42239010895752566,0.19791278259183068,-0.21047472814875076,0.37711683751688,0.4320483023632588,0.01935113421528364,0.4229050695471839,-0.26370081247425475,0.16534770167940802,-0.07691427013119687,-0.15335239327109604,-0.07691427013119687,0.40804809046755425,-0.2507800869482546,1.0,0.4826214549048273,-0.14364630775661602,0.3005123340561781,0.01909157905148989,0.4146840945669538,-0.541122624434271,-0.3760583324512336,0.2456574698975526,-0.2501672040978206,0.44429016971428864,0.3555678666255865,0.0424643315507104,0.43758565026732765,-0.45158599455499027,0.1816529812397486,0.3395156773719421,-0.17635194239455843,-0.06425826679002944,0.4406368005390577,-0.000670459341869817,0.6713901944406696,0.07682407508838149,-0.08532235854841733,0.3007016373206826,-0.03538404644830626,0.38019032231386907,-0.6111584919600651,0.00017668769885808536,0.25706432439215704,-0.2723140437637703,0.4687109731928353,0.43083241342690143,0.0544136765166119,0.47179230817783446,-0.26052067107895344,0.10151387613555411
0.2498154671041203,-0.4285672669424244,-0.06814056595422296,0.44362029998252356,0.502982645214066,0.36762524507865446,0.703237811267991,-0.35324910969237316,0.27736427333821256,-0.3298644665558115,-0.03521160027090663,-0.4548047080789463,-0.16804054114220046,0.6084053774230251,-0.15249248308528454,0.5211615837337294,0.42135954986490354,-0.4291639461396245,0.3379561855558566,-0.5584228416356392,-0.024034767680198327,0.05960514819815375,-0.4856907013737589,0.05960514819815375,0.41703835638109055,0.11438317385603196,0.4826214549048273,1.0,-0.47037825545869466,0.32355620400851554,-0.33619088021826693,-0.04189454517523982,-0.5196439264636833,-0.09073117041925104,0.5742734150388145,-0.11794415553943528,0.574093131006631,0.19669751457847948,-0.48020906321476675,0.26739337916695577,-0.49515074116149044,-0.02222891854797844,0.32812987081893036,-0.4336372299184346,0.06755224241246127,0.31203758470912574,0.29021706802512537,0.4716498554226225,0.47936430902204286,-0.36590527024110897,0.09266224550935712,-0.32553274791996295,-0.1427920782882653,-0.4604984510288229,-0.1406409010742433,0.47809559620950054,-0.19135361806113727,0.6003449947107456,0.21018227107735854,-0.49583418934594525,0.3298719492687999,-0.5141366679539284,-0.10458731171870148
0.29676777487399497,0.6238452304664636,0.1762973141037799,0.355787803642988,0.1434161929352012,0.2922717565793648,-0.39200504011608334,0.8993388175647551,0.17751819476699934,0.6770353360585409,0.4040587507997204,0.5213451077459145,0.08229385421369508,-0.1458015381687131,0.39295790113454926,-0.02067731495165237,0.47752057101739664,0.6817864167398477,-0.056144057182631935,0.7989001195760574,0.1698098068142678,-0.018745213745152173,0.5415510378909387,-0.018745213745152173,0.3001118852186509,0.21981316808571247,-0.14364630775661602,-0.47037825545869466,1.0,0.04129240455821101,0.5579628711889507,0.4736361632761341,0.5130195862192092,0.011253857108190926,-0.13283999520814838,0.3881869205106825,-0.046862070511438474,0.49441394218280843,0.7334355353367374,-0.08896495921899768,0.7992322681635031,0.3053022895376828,0.20933564041170066,0.5577998493413692,0.03235897955838249,0.3174036336101689,0.30339902191424367,0.22393783912640103,-0.3661687782155637,0.9395668807838784,0.06414597835690553,0.5754179692376795,0.44495376250235075,0.5532358604773271,0.11748805662483591,-0.11108725153751375,0.3926280056363064,0.0069217637782408165,0.3889086665290379,0.7215480822942922,-0.19451658939081065,0.7407324856933348,0.1952549160005205
0.7676156270936411,0.4271052493014372,0.8291964341335305,-0.055869492181302834,-0.14308953336028793,-0.0935684088110135,0.269324749238984,-0.09431452796800822,0.8125100301338797,0.6679703765041134,-0.197765520924706,0.002310876132229902,0.4684466998531186,0.4272934288383874,0.1389793369925355,0.06981304911786639,0.5741646443815026,0.4147852648064637,0.9007701659442099,0.4147376865321532,0.8734104844843631,0.8468958029024429,0.4351144078680495,0.8468958029024429,0.43762469318572955,-0.31860730365503326,0.3005123340561781,0.32355620400851554,0.04129240455821101,1.0,0.7158395617517407,-0.23296841231048118,-0.027092172584900983,0.5699311818319882,0.5279088497365161,0.25899946679582175,0.2901971245840426,0.60450863563291,0.4959994778111565,0.8587956165476688,0.3448916497681151,0.8922771629466614,0.8898979081659052,0.5599103091182863,0.8193208947942299,0.6404694057107001,-0.29038559165704936,0.3932418657036076,0.49431348652812546,0.2766721692312174,0.8909771174495915,0.727517893789159,-0.07144368308706928,0.25387844045033175,0.2814306904288711,0.7621814490512141,0.26418775698620484,0.44256264900483056,0.70682751280105,0.4770127796702543,0.8418895623078131,0.5045683049474375,0.8286368121705245
0.73050914382703,0.7129843435350737,0.8748144327848322,-0.11086179591761385,-0.40288533048363434,-0.21013548527814263,-0.29168840699358,0.30946276831863084,0.6004324856792239,0.950501640994697,-0.0013405522443914032,0.2663407361640402,0.43750962447426256,-0.04833195943925489,0.202857103921166,-0.3048039184454766,0.43102341318272236,0.8348673587436053,0.623355904695436,0.8814899676640509,0.8733619045438481,0.6864365466519835,0.7648909423531859,0.6864365466519835,0.34443303837930606,-0.414967103931794,0.01909157905148989,-0.33619088021826693,0.5579628711889507,0.7158395617517407,1.0,0.03681674636503176,0.2959811749533221,0.48517265019042455,0.08214105510780895,0.3051827331340573,-0.14597787270894189,0.568311623306255,0.9248126643628249,0.5785532961418323,0.7523295650376796,0.9208738684944994,0.692899814641373,0.8580115489665966,0.6851920972432342,0.5808402120080692,-0.3869519737699054,0.24235892691741864,0.06495899013288449,0.7092271986367448,0.7883185630958939,0.9907520330718012,0.2095599418511176,0.535245782691656,0.4099961114846847,0.3523361387794496,0.3325436035484229,-0.02208357579024619,0.6239563826927388,0.9072994522197771,0.5425784509809395,0.9247223658820104,0.8877903188057261
0.027855356204145927,-0.19314940657662996,-0.21345169162621838,0.7193479690755642,0.11718961600794482,0.7672792985779306,-0.4268585181420322,0.5127119479691001,-0.0011797227659380814,0.05270648341955273,0.9424550068998051,-0.40508154321844886,-0.6115800064570461,-0.3747485839305053,-0.2384019905956375,0.03340555307097943,0.37045157441408183,0.30775504594508,-0.2759605908379679,0.08743754600036639,-0.25867509203024563,-0.6292076528759775,-0.2769910595640096,-0.6292076528759775,0.4824159963017406,-0.21420308884609907,0.4146840945669538,-0.04189454517523982,0.4736361632761341,-0.23296841231048118,0.03681674636503176,1.0,-0.4127174090499639,-0.6826503982459816,-0.4078122491213811,-0.33045718536310337,0.018793763495118285,0.35747167700491916,0.2577425479596144,-0.20965329708284786,0.04814065672550016,-0.16605623141828804,-0.07686186097262135,-0.24513735872746376,-0.6097948492727597,0.4869928146731822,0.0693471502972622,0.6904601481400404,-0.6517985435287829,0.41355063386845897,-0.010880530179027632,-0.023284540551074352,0.9245129949922344,-0.4105399945339819,-0.408714079485251,-0.46916963705769715,-0.3223733630221,-0.017023972492598807,0.3470398853409353,0.20925880366375485,-0.15248331830181497,0.03813426084569012,-0.30595495465265343
