Fp1,Fz,F3,F7,FT9,FC5,FC1,C3,T7,TP9,CP5,CP1,Pz,P3,P7,O1,Oz,P8,TP10,CP6,CP2,C4,T8,FT10,FC6,FC2,F4,F8,Fp2,AF7,AF3,AFz,F1,F5,FT7,FC3,FCz,C1,C5,TP7,CP3,P1,P5,PO7,PO3,POz,PO4,PO8,P6,P2,CPz,CP4,TP8,FC4,FT8,F6,F2,AF4,AF8,O2,P4,C6,C2
1.0,0.025433000456475945,-0.20576624307329938,0.6035122834033828,0.4880888405639745,-0.23285934826547328,-0.1539095570200031,-0.265851602818482,0.45049297031744634,0.41840657954539606,0.5779232976117626,0.37100591892931045,0.4730277528541928,0.4685228740339744,0.3445796119596602,0.3769891645064203,0.3850837894649753,0.01916793482194447,0.5099901627010167,0.3192980039620307,-0.03816153788996375,-0.47926447148417967,-0.2060121873663332,-0.47926447148417967,0.3917756778098308,-0.0021910814721435874,-0.09948009643345215,-0.1973208193734179,-0.576879637243442,-0.03150435926720834,0.3341120783528084,-0.004042826994339582,0.07367639248448106,0.278572572984178,0.381915991457229,0.03421815996342671,0.4167020694461277,0.3022941185540689,0.07135652710134943,0.461690044008378,0.0013336967520107357,-0.28335312405881885,0.0874130569182054,-0.12039543086220408,-0.4523231460944961,0.3798517594037867,0.04763959042983373,-0.510611681435754,-0.16307509029330614,-0.543876569641889,0.2629715940540942,0.3402471759525756,0.3582441047428404,0.15278894913661917,-0.04706369897914708,0.3874358981149855,0.2681804562645672,0.41915719984555466,-0.36682333255767,-0.11097588432593156,0.5293433566786631,0.1998210446506421,-0.38061337051742317
0.025433000456475945,1.0,0.7788202032904361,0.2091804785402689,0.3768385589276752,0.6976164654257688,0.42289779075046646,0.6565083421614167,0.4384975598159224,-0.031124218360957925,-0.2288371912175747,0.5656575805750047,-0.16894900336586727,0.49227398059094973,0.133963051924685,0.2716801061235375,-0.49724344317083113,-0.24470162393748374,0.1399617519437261,0.44179611817300474,0.395527075945182,0.6472827916169234,0.6379750900847625,0.6472827916169234,0.2450271562428783,-0.040540102336226895,0.7460513683467077,0.28479009169563296,0.48487795085903806,0.051189261972125415,-0.0013548954192445627,-0.3746544505060665,0.4747452265780941,-0.32170255310190443,0.2155104157443145,0.009296869112556566,0.32957596756046814,-0.43838165455195316,-0.34309798266823277,0.06428483782202017,0.5304802356838216,0.4634585574679378,-0.7338724288545846,0.8018251542082202,0.6559165818325626,-0.24207047408741625,0.1416156406323639,0.518498429953858,0.23662012506720864,0.5028979590490842,0.30951891232656925,-0.3581405544068698,-0.2415961872173473,0.43587215008166824,-0.3241482004140952,0.1300452423868844,0.13897451152738097,0.2767489771598926,-0.08246893837251157,-0.37064970920826973,-0.12316710152195516,0.33388663093006926,0.22448671686578703
-0.20576624307329938,0.7788202032904361,1.0,-0.2008961271242535,-0.19291531159786388,0.49368261734885266,0.7919552095023338,0.6690943068619427,0.2903564691622543,-0.4996529959594574,-0.6492462770287294,0.0903966557919893,-0.5926994959547136,0.012666925947840389,-0.046457618032370675,-0.2319856519987209,-0.8602476530341845,-0.17773799747381785,-0.32012937419437887,-0.062006498408250496,0.21852974819806917,0.8038826350721164,0.7182490322850497,0.8038826350721164,0.056847014079758555,-0.5614018751116387,0.6072447235010101,0.4892103891086982,0.4762165432069271,0.029564148507621832,-0.37653557324119075,-0.696558048465242,0.04700035380993481,-0.6274994797481346,0.004158396732950817,-0.03574801462345887,-0.15671838767354454,-0.7049556490783702,-0.2326455019076402,-0.35519674235632853,0.19334600885738634,0.4508798968381204,-0.6540910434780133,0.810248194286293,0.9029176838377048,-0.4069563056882697,-0.41117131587902406,0.5856090667879122,0.6065566734845579,0.6440302796218967,0.355043223869347,-0.5520654556450941,-0.5955504757133918,0.06803747410197387,0.011911716083110483,0.041641310239020096,0.11672699187258967,-0.25246807671133525,0.24798799095370247,-0.14683475142998653,-0.41460345236929924,-0.010676819415550235,0.36031212290799713
0.6035122834033828,0.2091804785402689,-0.2008961271242535,1.0,0.785822636634225,0.31457251074910747,-0.5527670569331876,0.25762661205274845,0.633898075651363,0.7697525993670599,0.8291973905524284,0.8143956657360337,0.4340245210406593,0.5981441706455143,0.6799158516692392,0.8558300754007081,0.2797745026183366,0.17188048575899317,0.554126215695549,0.7154519045200408,0.47664703124736535,-0.2870410152071462,-0.5390973326776992,-0.2870410152071462,0.48831530792726524,0.33139418491484063,0.16142753135968094,-0.5464679487805711,0.10468833834127661,0.3433686502726687,0.4468421761433774,0.3782244119121984,0.4485301864984346,0.15602374518639708,0.3833217505896065,0.37226039631088526,0.8080604933101858,0.08680819144034364,0.13240042874961547,0.5593823762615108,0.48405292128298505,0.2963540860128489,0.03271323575417367,-0.24411100587842324,-0.2926536315913445,0.5768783162629624,0.5856285901467054,-0.1271866682150995,-0.5852356555944732,-0.003433057858333058,0.5578016513760738,0.49039968663128625,0.7514018224911224,0.6291448204391024,-0.09356221048548857,0.31055975001328967,0.5172245280354602,0.8447039610678191,-0.13120012077758156,-0.022532640988109368,0.5880418648540654,0.5386016933166698,0.1195174253102736
0.4880888405639745,0.3768385589276752,-0.19291531159786388,0.785822636634225,1.0,0.22245782481106727,-0.5554533435691912,0.14031955073658467,0.4610067771177767,0.7138179020615458,0.745811916044426,0.8856481904894039,0.6306479126656882,0.7769700039343076,0.459685775325617,0.868334090120367,0.4963209446204618,-0.05422624838861567,0.7495524478116404,0.9038034358313336,0.40639340921103917,-0.22818050443297397,-0.2434513354340782,-0.22818050443297397,0.5492126220810006,0.6871367997399579,0.28673284635554014,-0.43590937791770923,0.04196558400118959,0.18494330310334012,0.5611937113353898,0.4280867173427066,0.7894939679825808,0.4373700473159768,0.45024534153767676,0.1841277297824591,0.876645294327563,0.2824547813412982,-0.14675827911926226,0.6851223434211207,0.6594572650003938,0.15628641965636705,-0.1354589955923599,-0.12393952043946936,-0.3167382629911252,0.22540563785410467,0.8253488296620677,-0.2859298128852497,-0.647278148732235,-0.15275494216960428,0.20637062780035814,0.2372739502338039,0.6339167688561462,0.6034128858041112,-0.33294818057107345,0.1768400988891164,0.24196465353638263,0.8467880251290304,-0.3704143653597986,-0.32191672273109634,0.553486668527336,0.6416722530348086,-0.08545231230001017
-0.23285934826547328,0.6976164654257688,0.49368261734885266,0.31457251074910747,0.22245782481106727,1.0,0.16049494932436587,0.605105312419223,0.47822339294407795,0.27121688756731144,-0.08840111089877975,0.49575756148432637,-0.2817709239060659,0.43780884786583174,0.3242009336978655,0.4431293441864435,-0.41427881471282746,-0.21036672864384284,0.14521354735002145,0.4205197713967963,0.6992074249359856,0.6239942556145223,0.2884785308025905,0.6239942556145223,0.23880836043030343,0.10720504751403946,0.7183566005209784,0.24428684181225815,0.7143099451191859,0.4035944599191357,0.017836663386210514,0.010581864989532766,0.36695484867142697,-0.4485652222426999,0.24617988453969475,0.3304866804909031,0.4469157343349892,-0.4343631843190556,-0.32380990165228174,0.13851307946763855,0.4537705262250148,0.7785306561534193,-0.3632999770022529,0.4570457586799904,0.5226019433197308,0.13710592269595107,0.2733638722168388,0.8532337783153511,0.1175683240326944,0.5543752424193886,0.47897738108212085,0.0891207764014299,0.0036362582035674596,0.42165351858054245,-0.23506511075243652,0.10356445740265867,0.2992361773564963,0.4567673802359082,0.2686612206935932,-0.30175622510920197,0.020874797930680207,0.26214299755472165,0.5508392180691914
-0.1539095570200031,0.42289779075046646,0.7919552095023338,-0.5527670569331876,-0.5554533435691912,0.16049494932436587,1.0,0.2869916166409792,0.12457315723897859,-0.6835956713587534,-0.8573004805116194,-0.4241102894827139,-0.6863801463199362,-0.30705522938274854,-0.14430304380259668,-0.6349711452488581,-0.7403271545500232,-0.06313612550763563,-0.45539452669395053,-0.4977280165252262,-0.017439840497865632,0.5308922832411863,0.7531830894840205,0.5308922832411863,0.0034410870149796055,-0.7292291700184185,0.4052514255219572,0.7994748014881686,0.09091707811587654,-0.06893558781853888,-0.48622355078001894,-0.8595890709370886,-0.357319396944816,-0.6428375691262178,-0.1556241869402999,-0.04798826928290381,-0.5079585738843577,-0.6579363388306392,-0.09202637022630322,-0.5346382604336803,-0.3956012942427081,0.1243891443857565,-0.4868398198604297,0.6579350292122328,0.6500309798684254,-0.40358691933973306,-0.7505321045549355,0.4289239867590978,0.9457497646056441,0.3428882771123953,0.12174512996777852,-0.4535400308563613,-0.89555097378583,-0.49392189464879105,0.26340563526621275,-0.17047912371326646,0.056050502605126555,-0.6219235788363112,0.3676652581938616,0.024537045195895477,-0.4839767499396374,-0.4257907183833213,0.19138641633074605
-0.265851602818482,0.6565083421614167,0.6690943068619427,0.25762661205274845,0.14031955073658467,0.605105312419223,0.2869916166409792,1.0,0.5023802749316597,-0.048413804836362054,-0.22234859856973713,0.35073681035553483,-0.42207859393427327,-0.04245497276981183,0.4709003805128604,0.1704125128869687,-0.6964636337743666,0.2086613136422535,-0.14108644658888758,0.16830550785246737,0.49715694063185184,0.5235365603842183,0.10484620196824312,0.5235365603842183,0.24866121575576455,-0.23708157545372274,0.4991885922714069,0.07673620882906132,0.8322579097152588,0.42262086087574796,-0.34348237775637047,-0.2916782946778824,0.18810139068561,-0.5444042947862066,-0.1587396475677614,0.4494778428328269,0.13351907740217214,-0.7490875688784063,0.07680044911879819,-0.15285796097156432,0.3068538371365478,0.5866926790457145,-0.45847663704002795,0.4114859940093874,0.5973310987466085,0.05995045696386732,0.02307207366040414,0.522850348244018,0.17750839549123346,0.9272217882223325,0.6177225800496883,-0.1425415830660389,-0.14959897996419147,0.29418521927354446,0.16482629327788237,-0.20103217636102325,0.5567305519077103,0.07039834578991092,0.3441240462755249,0.1522978433417114,-0.1199256220825576,0.08068471966903307,0.5111407424392217
0.45049297031744634,0.4384975598159224,0.2903564691622543,0.633898075651363,0.4610067771177767,0.47822339294407795,0.12457315723897859,0.5023802749316597,1.0,0.5357309663891064,0.29329544553569853,0.5496448825214882,-0.18430216644476197,0.4527114948275533,0.8652135619855928,0.5701792841035005,-0.09456781677863518,0.169400080509613,0.49985285049098965,0.5070125971391493,0.7942571082171447,0.11763653042450521,-0.1096640023338907,0.11763653042450521,0.856927829426981,0.0003961046593772635,0.5693497576645777,0.228625021495797,0.3271182932988872,0.7438836128890439,0.09306662890628241,-0.01736727660691348,0.3762322504909597,-0.41148440188604024,0.5028188190598465,0.7478735924218131,0.6504452178921298,-0.4170605136310418,0.022570325034486215,0.43466896611864236,0.18034646115922795,0.5832819831438357,-0.06620803315487436,-0.018686187721889694,0.06259066682134626,0.39138413012611417,0.1570925604919968,0.12776155055692553,0.13806376055801028,0.23604046369650308,0.8849560305735736,0.4884110657057021,0.20594129886821566,0.11077206393912326,0.15238105181312078,0.12172723273236018,0.8552680597276346,0.5143310070494309,0.3344713877527536,-0.045413256902590425,0.5813931917118822,0.24095401141440995,0.439684354783404
0.41840657954539606,-0.031124218360957925,-0.4996529959594574,0.7697525993670599,0.7138179020615458,0.27121688756731144,-0.6835956713587534,-0.048413804836362054,0.5357309663891064,1.0,0.8410084509739002,0.6653352357457853,0.4105270137461367,0.6680379711569537,0.6039434459831179,0.9080074489644148,0.6335937705775168,0.014527224149384382,0.8375553166880625,0.7547306470255062,0.5432989561247705,-0.2703190380834006,-0.5222101952092962,-0.2703190380834006,0.5285267454802527,0.7055872676777679,0.06864526143940863,-0.28155563137434764,0.11866985661344298,0.5722437447741848,0.4846341512950312,0.7796679773058225,0.5547369278645475,0.23545166099194828,0.584485663990322,0.5287980281558438,0.8641918077385324,0.39052751981631983,-0.05495495647809314,0.8592029861142306,0.39985145683786527,0.25273420488348797,0.4436427672277096,-0.46262323719011744,-0.5118658294101175,0.593690354184859,0.7179747224570993,-0.16667166183437995,-0.5617458616235343,-0.2515319980931877,0.40754785476337374,0.8200742595842303,0.8277339964975453,0.4333457481749401,-0.3286985571070723,0.31646406076672023,0.43671954068917546,0.895768775448192,-0.18942078871134593,-0.21379172979093194,0.8721394319787519,0.4845917917838294,0.060701389176498775
0.5779232976117626,-0.2288371912175747,-0.6492462770287294,0.8291973905524284,0.745811916044426,-0.08840111089877975,-0.8573004805116194,-0.22234859856973713,0.29329544553569853,0.8410084509739002,1.0,0.6450575368168262,0.6488323377246867,0.5552847169805974,0.42360509510098093,0.8046238932642502,0.7274189823401352,0.14931778955626893,0.6461350133018572,0.6787025225790048,0.22597494337240454,-0.5668681381789443,-0.7128850813797791,-0.5668681381789443,0.33448665309029463,0.6040383203278105,-0.1821600154136538,-0.6850463092735246,-0.2056888220704383,0.19858061297222424,0.6358802120820346,0.7060281318731015,0.4609352930629517,0.485255124650576,0.44973149847434435,0.19073279995866937,0.7479418849108163,0.5325132020705774,0.1613587209174221,0.6815924650460298,0.40943809446704515,-0.0017453341368114292,0.38192752121332463,-0.5993845214802062,-0.6392887669292541,0.4857936258300754,0.7066291560228023,-0.50646815697674,-0.8182888170988732,-0.41442059356021077,0.18864258362681086,0.5877304378421088,0.9404449103926796,0.5104185069319436,-0.21868874150923576,0.36931560453920537,0.21072830793122316,0.8102675495560039,-0.33654821020788855,-0.026892312615155248,0.6980443236601569,0.5707948048992819,-0.11107749641702978
0.37100591892931045,0.5656575805750047,0.0903966557919893,0.8143956657360337,0.8856481904894039,0.49575756148432637,-0.4241102894827139,0.35073681035553483,0.5496448825214882,0.6653352357457853,0.6450575368168262,1.0,0.34253828944083464,0.8478050047824434,0.4049770261923307,0.9001923162629671,0.20089481569557566,-0.0911822278576733,0.6161217667359672,0.9489384620174481,0.5488448107579016,0.12934566404747644,-0.10792993467440001,0.12934566404747644,0.44445932627721646,0.5038163593128586,0.45226783211685057,-0.37852301797496335,0.3014636857730369,0.24761865911619732,0.5464825813373573,0.3713644713220646,0.8297680865104445,0.11871654840653635,0.6010827839509623,0.1560864926076954,0.8965663040587069,0.09788078838267121,-0.16006652839546268,0.6123075961722567,0.8573054603461555,0.4674871512386579,-0.21387808010943657,0.08576836834482145,0.06161665373096918,0.13263888638532545,0.740067738587921,0.01172572175419242,-0.55163484941002,0.10136082529399856,0.40828651224736334,0.1765917066052142,0.6432820450582794,0.8103015370256753,-0.4707561382652067,0.4579561446685691,0.23678106138849747,0.8982042927261469,-0.29615490944011996,-0.32464835399136216,0.46941886290273244,0.8153193512600634,0.18806927849107197
0.4730277528541928,-0.16894900336586727,-0.5926994959547136,0.4340245210406593,0.6306479126656882,-0.2817709239060659,-0.6863801463199362,-0.42207859393427327,-0.18430216644476197,0.4105270137461367,0.6488323377246867,0.34253828944083464,1.0,0.39485788647961095,-0.014749416019453098,0.44586165074587075,0.6933926136032296,-0.3195339655247035,0.5211927892075028,0.385827601978239,-0.30758095481707415,-0.5881962768100876,-0.3641713111736671,-0.5881962768100876,0.021896342221093386,0.5830234665365891,-0.39321487293084306,-0.6493109401200079,-0.46856301678552553,-0.2906885005811914,0.2993103416849886,0.4431108647813304,0.21419988689299105,0.9473721913608064,-0.02923320526411719,-0.23291546287886658,0.3705941467727189,0.7418760570998734,-0.27795689187584743,0.49889825845542385,0.25937738126298887,-0.5296848212534023,0.1721496713854983,-0.27595848983136745,-0.7002798779630013,0.3592258321821603,0.5179328825291752,-0.5026555831107778,-0.7433496054829716,-0.6058970042518351,-0.31641771030145244,0.11868569909670129,0.5161761531845018,0.36939016928179025,-0.23865516268123899,0.00044227767207766753,-0.18929414324528415,0.4467564055189258,-0.6062560521811547,-0.3960418082202484,0.33378661245558744,0.13734215507049774,-0.6927178276461737
0.4685228740339744,0.49227398059094973,0.012666925947840389,0.5981441706455143,0.7769700039343076,0.43780884786583174,-0.30705522938274854,-0.04245497276981183,0.4527114948275533,0.6680379711569537,0.5552847169805974,0.8478050047824434,0.39485788647961095,1.0,0.18743042337454005,0.8179272238008288,0.39259563528914015,-0.41058522154374416,0.7771854805067367,0.9008428436545113,0.4436367132342994,0.1565197606419113,0.14158795483761438,0.1565197606419113,0.425947593476639,0.5763510988888798,0.4321076711355415,-0.09097162942705637,0.02606152684802234,0.16207293940687997,0.5934592829799168,0.40638514714816815,0.7884158649101023,0.22235891032669938,0.796579832891813,0.01681182303706586,0.8675139341722764,0.35526293849216356,-0.45066004435065077,0.7571839671918653,0.7315536682324377,0.3170604063768991,-0.07537090036318067,0.14067307625617903,-0.035792369916134555,0.06803103949191737,0.63136574597645,0.0019894329839516074,-0.38306090105586665,-0.2856988394172356,0.22543764877948833,0.2401302254004867,0.5288421286820336,0.6274193424131702,-0.6605829075382331,0.58947572587444,0.02674611447358422,0.8678386955387648,-0.42063395768823064,-0.635142119011373,0.5563230251970118,0.7183521629262721,-0.011651874929928904
0.3445796119596602,0.133963051924685,-0.046457618032370675,0.6799158516692392,0.459685775325617,0.3242009336978655,-0.14430304380259668,0.4709003805128604,0.8652135619855928,0.6039434459831179,0.42360509510098093,0.4049770261923307,-0.014749416019453098,0.18743042337454005,1.0,0.5490524450139549,0.06077746207116586,0.39149098967565943,0.4323658312928636,0.3748200073310544,0.7220986084185917,-0.2269679457193661,-0.4895120426051383,-0.2269679457193661,0.8185592828260819,0.12392147689098856,0.3263119154373852,-0.01297157440304542,0.3085312917056401,0.7794451141637301,0.03359996744364502,0.1360411140256711,0.2185317873473258,-0.2229300834790142,0.1790182290364867,0.887472053538166,0.5704154247349074,-0.36829267151875017,0.22814073997756695,0.3643558494368204,-0.012914079124920654,0.42848953680628693,0.08652689608335143,-0.34567730145185227,-0.25901100224033463,0.6282011179538947,0.2710728962897657,0.004407211875870547,-0.06622243889548707,0.244276865374918,0.782704917570069,0.6268260783082145,0.3090448021655803,0.0003645976126834202,0.409331857274628,-0.21968220760690857,0.9479623565234072,0.4581643568969156,0.43703829850970144,0.19476571464441259,0.5761481007352534,0.049203943106019214,0.3782539097917462
0.3769891645064203,0.2716801061235375,-0.2319856519987209,0.8558300754007081,0.868334090120367,0.4431293441864435,-0.6349711452488581,0.1704125128869687,0.5701792841035005,0.9080074489644148,0.8046238932642502,0.9001923162629671,0.44586165074587075,0.8179272238008288,0.5490524450139549,1.0,0.4555202694978275,-0.11533386198462676,0.7999038600253935,0.9288888229943223,0.6038588992818602,-0.060387135012489344,-0.36818577762686205,-0.060387135012489344,0.5308272778481669,0.686694098756973,0.26832365544800235,-0.38883185650848423,0.2624368936462374,0.47410151460193967,0.5112528959397147,0.6643769007815529,0.7504102953712593,0.24178746717939117,0.6109995700327673,0.3912957959201551,0.9644308958377987,0.2833248600828247,-0.19734246261840488,0.8149622184178673,0.7069195512215719,0.4054550280391249,0.15715986759787062,-0.22870675459781675,-0.2568104691802575,0.43498353233924586,0.8088955034220289,-0.048750069521452256,-0.647151670027397,-0.07691780480465496,0.4515515300839843,0.5391033253919226,0.8100721184507654,0.6861267367064146,-0.41567085036620766,0.3740790867242112,0.37058621982191764,0.9785904807660976,-0.2323450757729123,-0.354978324904249,0.7309194325818803,0.6678558739544297,0.12883974848369104
0.3850837894649753,-0.49724344317083113,-0.8602476530341845,0.2797745026183366,0.4963209446204618,-0.41427881471282746,-0.7403271545500232,-0.6964636337743666,-0.09456781677863518,0.6335937705775168,0.7274189823401352,0.20089481569557566,0.6933926136032296,0.39259563528914015,0.06077746207116586,0.4555202694978275,1.0,-0.04791947328523,0.6521554476505997,0.4157783373338448,-0.05464387104750982,-0.6653257241005763,-0.4711239736065043,-0.6653257241005763,0.21901219530420318,0.7679495143480146,-0.33602113443471,-0.3532730573056067,-0.5177132402317234,0.0152023785441033,0.575900369017315,0.7259671386964898,0.3479387308453917,0.7065972406451904,0.3669754561442198,0.005603756883835657,0.45881618629907284,0.8034077107927291,-0.03670018209704196,0.6385711079414346,0.08232899051424529,-0.35671149097056903,0.5296025644679786,-0.6747100721969407,-0.8441557947882953,0.22524158723524196,0.5921557227710056,-0.6785078178921827,-0.6218604561740485,-0.7935408574967402,-0.3141503425465786,0.49733659195464136,0.6347183809780378,0.040520405848562174,-0.25826881120303824,0.13277886654372006,-0.14206917171477781,0.4788517891172091,-0.40779509138510023,-0.18856985358045658,0.6035286666057154,0.2734062230157212,-0.3963091712631657
0.01916793482194447,-0.24470162393748374,-0.17773799747381785,0.17188048575899317,-0.05422624838861567,-0.21036672864384284,-0.06313612550763563,0.2086613136422535,0.169400080509613,0.014527224149384382,0.14931778955626893,-0.0911822278576733,-0.3195339655247035,-0.41058522154374416,0.39149098967565943,-0.11533386198462676,-0.04791947328523,1.0,-0.3503997807441239,-0.15809009848721714,0.18599565203571714,-0.42929755497882693,-0.4604408502634628,-0.42929755497882693,0.13994048921820346,-0.19464923706835852,0.04639036309574551,-0.14326884348814448,0.007388223170280051,0.09914970916917058,0.2593837074999686,-0.14553363861555288,-0.1113976351810676,-0.3937066855979938,-0.14569681186848427,0.2661778203176276,-0.08189134579461003,-0.4434899339167397,0.9688345677690796,-0.3844692384740461,-0.33378493822059935,0.14539916218591206,-0.11651125701347133,-0.4002065733831269,-0.10570833428388099,-0.030156851107397072,0.03663545958803535,-0.2543721772808527,0.0336335079321443,0.2934246652837413,0.1093958661652697,0.14503150480770777,0.06924338477212884,-0.24819826743108034,0.5239306185037437,-0.20908453643889158,0.31819696669384,-0.10950264525427554,0.3963125303944225,0.948994026193504,-0.11471681393079976,0.1052104430206914,0.45948311206086173
0.5099901627010167,0.1399617519437261,-0.32012937419437887,0.554126215695549,0.7495524478116404,0.14521354735002145,-0.45539452669395053,-0.14108644658888758,0.49985285049098965,0.8375553166880625,0.6461350133018572,0.6161217667359672,0.5211927892075028,0.7771854805067367,0.4323658312928636,0.7999038600253935,0.6521554476505997,-0.3503997807441239,1.0,0.757023718538068,0.3736814941970358,-0.1351761953570071,-0.17035604022334674,-0.1351761953570071,0.5986800993734686,0.7133022880778391,0.08506022977103149,-0.05414101020048767,-0.02076865927102987,0.47191254766436896,0.313905840336899,0.6276389157977971,0.6158892098542005,0.4114209160187723,0.6192754008401423,0.3963825130015254,0.8007082996078253,0.515705337854096,-0.4333614251861511,0.9738077373652032,0.41596057525233204,0.030376268390862906,0.3703417130242935,-0.22391613732592555,-0.47438179269489167,0.42502105602669493,0.582945404225226,-0.27548395333614795,-0.39972923942303823,-0.42709162037108384,0.297542846376612,0.6145351130977379,0.5872691668013298,0.32867985147378354,-0.457997082402729,0.27661520928066163,0.3237472384321139,0.7635221612915528,-0.3941181792987292,-0.5890601009459802,0.8951652593645277,0.35597658942758875,-0.25461896059435624
0.3192980039620307,0.44179611817300474,-0.062006498408250496,0.7154519045200408,0.9038034358313336,0.4205197713967963,-0.4977280165252262,0.16830550785246737,0.5070125971391493,0.7547306470255062,0.6787025225790048,0.9489384620174481,0.385827601978239,0.9008428436545113,0.3748200073310544,0.9288888229943223,0.4157783373338448,-0.15809009848721714,0.757023718538068,1.0,0.5897810457527337,0.07611964246884381,-0.11264194848028547,0.07611964246884381,0.529749193546398,0.7011192057757522,0.4441984057575773,-0.2878888255254627,0.23320119254725183,0.3201496924007025,0.6254069235361966,0.5340533046460391,0.928416101417167,0.21479548891273478,0.7155328012312014,0.19882086460074616,0.9543835277843209,0.2450303518905559,-0.24968364252007783,0.7403282164147713,0.8286063386949595,0.44200403481650097,-0.06702991804709874,-0.0648792823677224,-0.07620922621890308,0.08729526849955338,0.8361280529502576,-0.08674438899558556,-0.5792636308270234,-0.07221733608623412,0.3061315955061368,0.27443309117150183,0.67737682267855,0.6852133685151505,-0.5219686854338366,0.4230000734008557,0.1814884385949177,0.9237507961464777,-0.2935317425891207,-0.420385760453274,0.5870140037113122,0.8168386854266103,0.16210073555319898
-0.03816153788996375,0.395527075945182,0.21852974819806917,0.47664703124736535,0.40639340921103917,0.6992074249359856,-0.017439840497865632,0.49715694063185184,0.7942571082171447,0.5432989561247705,0.22597494337240454,0.5488448107579016,-0.30758095481707415,0.4436367132342994,0.7220986084185917,0.6038588992818602,-0.05464387104750982,0.18599565203571714,0.3736814941970358,0.5897810457527337,1.0,0.26178671326066727,-0.09764041801588791,0.26178671326066727,0.758476018984552,0.2701409741355537,0.7670501187497593,0.2252738703075027,0.5652581658394508,0.7644539574348234,0.28212576798833,0.19506843940910773,0.5830192447743084,-0.4695232419053311,0.5348846301299002,0.7052996792711287,0.7001111815699854,-0.455098547794835,-0.002009175754042123,0.3213626485500053,0.336854204631384,0.8873398237516812,-0.11694874106101419,-0.11871030330979797,0.18813625549458463,0.1633249110721189,0.44123428405102766,0.3684229549191652,0.010062676995461216,0.3718386696260696,0.6777902896915502,0.40734826804694757,0.23932856742800476,0.13482330787793464,0.07972847214626717,0.022883491669190976,0.634184477342354,0.5664457131989807,0.5404250207000604,-0.02590474215761133,0.3912952145755931,0.4011433188086109,0.7714564548280862
-0.47926447148417967,0.6472827916169234,0.8038826350721164,-0.2870410152071462,-0.22818050443297397,0.6239942556145223,0.5308922832411863,0.5235365603842183,0.11763653042450521,-0.2703190380834006,-0.5668681381789443,0.12934566404747644,-0.5881962768100876,0.1565197606419113,-0.2269679457193661,-0.060387135012489344,-0.6653257241005763,-0.42929755497882693,-0.1351761953570071,0.07611964246884381,0.26178671326066727,1.0,0.6944475321892486,1.0,-0.12376178316720327,-0.22423553239288108,0.4826974426510274,0.4870007321928124,0.6816120529711412,0.17412496140560152,-0.3336626441806325,-0.22174903108889576,0.20089655628557238,-0.5516127157446792,0.19032801218393142,-0.022574314300295415,-0.05346841799105809,-0.3911307920514967,-0.46796714733354877,-0.08078388535574985,0.4078994033551259,0.5354967100949801,-0.2951819289881537,0.7175091466347693,0.8834162316850211,-0.372530772687443,-0.20434423628333,0.7206292222372819,0.425602511532443,0.5785386452868924,0.2675482696761427,-0.3318887879157244,-0.3499031492870803,0.24883149512696018,-0.3902434685934508,0.2553563952794029,-0.06422317740580717,-0.0762019211404163,0.08603763546707856,-0.3854969521584565,-0.22461103924153322,0.11918097241981554,0.3646779151942958
-0.2060121873663332,0.6379750900847625,0.7182490322850497,-0.5390973326776992,-0.2434513354340782,0.2884785308025905,0.7531830894840205,0.10484620196824312,-0.1096640023338907,-0.5222101952092962,-0.7128850813797791,-0.10792993467440001,-0.3641713111736671,0.14158795483761438,-0.4895120426051383,-0.36818577762686205,-0.4711239736065043,-0.4604408502634628,-0.17035604022334674,-0.11264194848028547,-0.09764041801588791,0.6944475321892486,1.0,0.6944475321892486,-0.16951531270634274,-0.2595413484226267,0.4634684133191826,0.6820507675449138,0.08824944198317433,-0.3129072476336728,-0.18475588629771733,-0.5563441243178971,0.06597319154312699,-0.30212959290397007,0.09018785267812789,-0.40031765620469123,-0.25968540645072397,-0.23453920385553687,-0.46784901584943084,-0.23432821334427004,0.0768537840254543,0.07169961367864536,-0.5612442156126882,0.8586354083750172,0.6756720030547408,-0.6273896513874074,-0.34253047691672267,0.4417297070270054,0.6366508847477701,0.14461909963896727,-0.21589599781823912,-0.5929275830296404,-0.6957801962158016,-0.08987755554105653,-0.3493191064500077,0.10414324399516131,-0.3848769968016726,-0.3069406326830876,-0.12586218037580552,-0.42866607447194127,-0.4359809917449835,-0.05180166051977085,-0.03141795538337643
-0.47926447148417967,0.6472827916169234,0.8038826350721164,-0.2870410152071462,-0.22818050443297397,0.6239942556145223,0.5308922832411863,0.5235365603842183,0.11763653042450521,-0.2703190380834006,-0.5668681381789443,0.12934566404747644,-0.5881962768100876,0.1565197606419113,-0.2269679457193661,-0.060387135012489344,-0.6653257241005763,-0.42929755497882693,-0.1351761953570071,0.07611964246884381,0.26178671326066727,1.0,0.6944475321892486,1.0,-0.12376178316720327,-0.22423553239288108,0.4826974426510274,0.4870007321928124,0.6816120529711412,0.17412496140560152,-0.3336626441806325,-0.22174903108889576,0.20089655628557238,-0.5516127157446792,0.19032801218393142,-0.022574314300295415,-0.05346841799105809,-0.3911307920514967,-0.46796714733354877,-0.08078388535574985,0.4078994033551259,0.5354967100949801,-0.2951819289881537,0.7175091466347693,0.8834162316850211,-0.372530772687443,-0.20434423628333,0.7206292222372819,0.425602511532443,0.5785386452868924,0.2675482696761427,-0.3318887879157244,-0.3499031492870803,0.24883149512696018,-0.3902434685934508,0.2553563952794029,-0.06422317740580717,-0.0762019211404163,0.08603763546707856,-0.3854969521584565,-0.22461103924153322,0.11918097241981554,0.3646779151942958
0.3917756778098308,0.2450271562428783,0.056847014079758555,0.48831530792726524,0.5492126220810006,0.23880836043030343,0.0034410870149796055,0.24866121575576455,0.856927829426981,0.5285267454802527,0.33448665309029463,0.44445932627721646,0.021896342221093386,0.425947593476639,0.8185592828260819,0.5308272778481669,0.21901219530420318,0.13994048921820346,0.5986800993734686,0.529749193546398,0.758476018984552,-0.12376178316720327,-0.16951531270634274,-0.12376178316720327,1.0,0.2600480696704045,0.5445263415324247,0.21798009262391513,0.11120328234232373,0.6926303536578013,0.2069536325895749,0.08156480593006245,0.4901196558675922,-0.12139611755760606,0.4785222742702011,0.7177015703133057,0.6706998442088526,-0.250697828232974,-0.05075070060194052,0.47124578591909794,0.09336101907665727,0.43620427375877796,-0.019762658591990345,-0.27396729061272473,-0.20688801416168093,0.2681432531324365,0.3157291069838155,-0.13950264798552642,0.019746748344161773,-0.02346566871879389,0.6195419121091732,0.4347273492315056,0.17793696631809772,-0.13071308173058793,0.27416590243178135,-0.1457786449011736,0.739765443332629,0.4548474493649445,0.3814747859330471,-0.11071706416399181,0.5950363439309266,0.17765726818944866,0.33094346834823735
-0.0021910814721435874,-0.040540102336226895,-0.5614018751116387,0.33139418491484063,0.6871367997399579,0.10720504751403946,-0.7292291700184185,-0.23708157545372274,0.0003961046593772635,0.7055872676777679,0.6040383203278105,0.5038163593128586,0.5830234665365891,0.5763510988888798,0.12392147689098856,0.686694098756973,0.7679495143480146,-0.19464923706835852,0.7133022880778391,0.7011192057757522,0.2701409741355537,-0.22423553239288108,-0.2595413484226267,-0.22423553239288108,0.2600480696704045,1.0,0.040263875969069204,-0.2929805048993918,0.05831540886746434,0.1935130273982353,0.5203580697457266,0.8080253364615552,0.7038615066489754,0.5706196116333495,0.37081789897444295,0.13075265700240016,0.6614407570846911,0.5919794678339345,-0.27745492158723933,0.6967359740213712,0.4906407721347694,0.03467180437454933,0.25767814392058486,-0.3705761324039337,-0.4882675305144544,0.13141750617899334,0.894899556691798,-0.23470802355914844,-0.6753300690961532,-0.33516486558313474,-0.20964953348292664,0.368214302293311,0.6126975932976004,0.35648091701591267,-0.4890216171106185,0.04012303068106185,-0.0945547855552374,0.6760251989166606,-0.3638713254216815,-0.392611977699181,0.5205494577912487,0.46068545737818023,-0.14017021850832395
-0.09948009643345215,0.7460513683467077,0.6072447235010101,0.16142753135968094,0.28673284635554014,0.7183566005209784,0.4052514255219572,0.4991885922714069,0.5693497576645777,0.06864526143940863,-0.1821600154136538,0.45226783211685057,-0.39321487293084306,0.4321076711355415,0.3263119154373852,0.26832365544800235,-0.33602113443471,0.04639036309574551,0.08506022977103149,0.4441984057575773,0.7670501187497593,0.4826974426510274,0.4634684133191826,0.4826974426510274,0.5445263415324247,0.040263875969069204,1.0,0.44330885887428645,0.4190236125192912,0.2779556783046587,0.28383597814608147,-0.29999059721486654,0.5541469277661256,-0.528137136068503,0.4213614041095506,0.23304679867510505,0.44270441705268826,-0.609262702269619,-0.11541554228878773,-0.03455255982668968,0.33509385567572897,0.7877567732419879,-0.6611958102663907,0.3960323261364804,0.5487937355789194,-0.3286418915199855,0.24276086793679083,0.5016997539886037,0.30347118479742946,0.41462995065488784,0.3461155328694241,-0.17595819223277706,-0.22697088846427727,0.07768788380784335,-0.0039393618891130555,-0.003429678614649025,0.24897751479710056,0.29352103030351384,0.4278893605256885,-0.12481574773132131,-0.10042375693926177,0.38701823312702566,0.6783228118695925
-0.1973208193734179,0.28479009169563296,0.4892103891086982,-0.5464679487805711,-0.43590937791770923,0.24428684181225815,0.7994748014881686,0.07673620882906132,0.228625021495797,-0.28155563137434764,-0.6850463092735246,-0.37852301797496335,-0.6493109401200079,-0.09097162942705637,-0.01297157440304542,-0.38883185650848423,-0.3532730573056067,-0.14326884348814448,-0.05414101020048767,-0.2878888255254627,0.2252738703075027,0.4870007321928124,0.6820507675449138,0.4870007321928124,0.21798009262391513,-0.2929805048993918,0.44330885887428645,1.0,0.14064399744888784,0.25861195920759045,-0.3259446021023497,-0.4301030367704993,-0.1339527400613001,-0.5831200587141537,0.13986232414763097,0.23004583829496897,-0.2471835223285149,-0.41263091907265964,-0.229444402872349,-0.13745059318689637,-0.3963327856116999,0.2024266987869323,-0.14290706276583315,0.40989043946903414,0.3880969990829378,-0.26827289105485874,-0.4806960779593749,0.403891125801488,0.8925403238609825,0.12486908448112587,0.12177771920458418,-0.018912064004900395,-0.6990981185299453,-0.586671105502136,0.05339686302984945,-0.13844512774863282,0.13540417396417406,-0.37431103837763713,0.3467514686844589,-0.15009966769175967,-0.08920511441953125,-0.36115049076891836,0.21934408529215935
-0.576879637243442,0.48487795085903806,0.4762165432069271,0.10468833834127661,0.04196558400118959,0.7143099451191859,0.09091707811587654,0.8322579097152588,0.3271182932988872,0.11866985661344298,-0.2056888220704383,0.3014636857730369,-0.46856301678552553,0.02606152684802234,0.3085312917056401,0.2624368936462374,-0.5177132402317234,0.007388223170280051,-0.02076865927102987,0.23320119254725183,0.5652581658394508,0.6816120529711412,0.08824944198317433,0.6816120529711412,0.11120328234232373,0.05831540886746434,0.4190236125192912,0.14064399744888784,1.0,0.570520814859289,-0.31091702768164714,0.1124195029509552,0.29326738240703637,-0.5063435722634397,-0.013610069948468728,0.4863825564028028,0.18527637113423484,-0.5084009945193452,-0.12256020648080962,0.03478586773523587,0.41752159197737854,0.6874569614006381,-0.13331798382195958,0.27985635252036806,0.5680136917623633,0.061804703017725594,0.18347757696845932,0.6643773775345965,0.06954575727828084,0.8566840861714328,0.5072508524390524,0.052421036440916766,0.006394381074841923,0.3416544723692846,-0.11455046207253736,-0.09094292109374956,0.39131623152010286,0.16761308247612694,0.30571283848246555,-0.03049196390847904,0.008544644648620538,0.13679567156319428,0.5699174198209451
-0.03150435926720834,0.051189261972125415,0.029564148507621832,0.3433686502726687,0.18494330310334012,0.4035944599191357,-0.06893558781853888,0.42262086087574796,0.7438836128890439,0.5722437447741848,0.19858061297222424,0.24761865911619732,-0.2906885005811914,0.16207293940687997,0.7794451141637301,0.47410151460193967,0.0152023785441033,0.09914970916917058,0.47191254766436896,0.3201496924007025,0.7644539574348234,0.17412496140560152,-0.3129072476336728,0.17412496140560152,0.6926303536578013,0.1935130273982353,0.2779556783046587,0.25861195920759045,0.570520814859289,1.0,-0.1723323147886982,0.361139465933986,0.2576340023749352,-0.3642045227843957,0.336392416848973,0.949218112173178,0.4733385532600647,-0.27122063001420416,-0.06586213141638661,0.4822354686685438,0.06617964536830286,0.5632197047811717,0.4035207174170067,-0.3205027213721403,-0.06169821261522003,0.5010949895054813,0.17030193834629723,0.19276161771373537,0.06634351020612117,0.29266492972863056,0.7973157643796026,0.7025056046801544,0.2645701300208941,-0.054661003567181676,0.15991217269994099,-0.0810401618696142,0.832289379636231,0.35476568323658947,0.4632659737771685,-0.04208182553729529,0.6618761620995706,0.00046502921864366865,0.4679269221282736
0.3341120783528084,-0.0013548954192445627,-0.37653557324119075,0.4468421761433774,0.5611937113353898,0.017836663386210514,-0.48622355078001894,-0.34348237775637047,0.09306662890628241,0.4846341512950312,0.6358802120820346,0.5464825813373573,0.2993103416849886,0.5934592829799168,0.03359996744364502,0.5112528959397147,0.575900369017315,0.2593837074999686,0.313905840336899,0.6254069235361966,0.28212576798833,-0.3336626441806325,-0.18475588629771733,-0.3336626441806325,0.2069536325895749,0.5203580697457266,0.28383597814608147,-0.3259446021023497,-0.31091702768164714,-0.1723323147886982,1.0,0.3657805332811225,0.6215097744953186,0.17935925379447584,0.6315320719896087,-0.22095682386060947,0.6088333854184542,0.30498595416654634,0.2716313265772648,0.2814966761492837,0.4066320058808846,0.21707898136492076,-0.12356245200366103,-0.3005735362841132,-0.23194207001776632,-0.22898550052143507,0.6820945531536927,-0.3309885836857749,-0.4965205562077609,-0.3892200609231559,-0.1995738769954616,0.1314806528098834,0.5590261389715678,0.32978675324353834,-0.3204168725365758,0.45257293374992646,-0.24759709050991735,0.6299510429339205,-0.20818484886938507,0.07728857921802766,0.20747573672718336,0.8087967044132812,0.20799056281492068
-0.004042826994339582,-0.3746544505060665,-0.696558048465242,0.3782244119121984,0.4280867173427066,0.010581864989532766,-0.8595890709370886,-0.2916782946778824,-0.01736727660691348,0.7796679773058225,0.7060281318731015,0.3713644713220646,0.4431108647813304,0.40638514714816815,0.1360411140256711,0.6643769007815529,0.7259671386964898,-0.14553363861555288,0.6276389157977971,0.5340533046460391,0.19506843940910773,-0.22174903108889576,-0.5563441243178971,-0.22174903108889576,0.08156480593006245,0.8080253364615552,-0.29999059721486654,-0.4301030367704993,0.1124195029509552,0.361139465933986,0.3657805332811225,1.0,0.43964933588661026,0.4507554515510555,0.3882399568722931,0.23949420474159447,0.5520224124379961,0.673064505812566,-0.1510977076949644,0.7315270867650306,0.4108914174431629,0.04226027685524798,0.6957320523034005,-0.5924927989085491,-0.5260948115506833,0.38657157251566526,0.6894127676725974,-0.23869889059481586,-0.7284644623018669,-0.32720065526134756,0.007252976901559644,0.6442134740978921,0.8340346891551409,0.4029121412366697,-0.46116129501783254,0.2821618846763226,0.005674326055628752,0.6389158449747737,-0.3159521147940563,-0.24780741045856408,0.6753795666466907,0.389767398748006,-0.08940742426520432
