Fp1,Fz,F3,F7,FT9,FC5,FC1,C3,T7,TP9,CP5,CP1,Pz,P3,P7,O1,Oz,P8,TP10,CP6,CP2,C4,T8,FT10,FC6,FC2,F4,F8,Fp2,AF7,AF3,AFz,F1,F5,FT7,FC3,FCz,C1,C5,TP7,CP3,P1,P5,PO7,PO3,POz,PO4,PO8,P6,P2,CPz,CP4,TP8,FC4,FT8,F6,F2,AF4,AF8,O2,P4,C6,C2
1.0,0.639932616979655,0.2032964759275051,0.5943311987263805,-0.1269218232595415,0.44361607944148856,0.43277071987292254,0.1713101856505036,0.38725728506214435,0.14372655768604478,0.37445871269974673,0.4161568695896836,0.30989928230653313,0.27902504543281814,0.3102184719801662,0.2374202933822066,0.0683597015080237,-0.16548747104786649,-0.14679450432106803,0.07613636770243103,0.16319600501801848,0.23034040433828726,0.6663530307806856,0.23034040433828726,0.301526622889285,-0.16082741967488004,0.3685198292729821,0.297782399864062,0.2088831293678073,0.1732497185926958,0.132936079885723,0.3482229314230125,0.34631600964734055,0.33442393944158644,0.4783169240742519,0.23280979100031698,0.24072915797522404,0.21243942406698332,-0.2145632300985121,-0.14496332727622285,0.11163962222430282,0.08393410750473532,0.935394150072841,0.6504272027318618,0.2972671154736741,0.39601707428965743,-0.11463486935701601,0.4076204265099394,0.358007655594479,0.12016456378265179,0.3843923553077187,0.2631438250993326,0.4719417254326342,0.42072745660000227,0.2683885131579464,0.41911056897578824,0.5092695085507141,0.3087851305198233,0.1389579737915451,-0.18824813970924442,-0.018548200381843613,0.14820414832581322,0.23191272892961398
0.639932616979655,1.0,0.0709221659281599,0.6060197828434556,-0.026013506915265397,0.36473899889925426,0.30167258125956264,-0.14340419179898226,0.29950607387219635,-0.1091126698257735,0.35103805544660494,0.61643666005322,0.26931450602078877,0.3054597771361722,0.29405652368684526,0.2222225373195234,0.053736864895631564,-0.10006214772189483,-0.5082419192127525,-0.065853149920724,0.09556843978896384,0.05112386141691848,0.8539496326243298,0.05112386141691848,0.32872634795677613,-0.07850051605435837,0.18267452369533133,0.21076830161773344,0.0514209620941487,0.10012868108081888,-0.1885385152773237,0.32452192856059625,0.47847370900487857,0.23632198410497438,0.39959208575893584,0.3014253778356107,0.1654597226432273,0.17839140843442755,-0.10282474481885881,-0.43927025411847037,-0.04567563977294329,0.027760015861814546,0.6053746981804636,0.8228936740325385,0.11771586272294933,0.35047701140536264,-0.1572850212752228,0.23424312645349613,0.1380318024460335,-0.24133503569906672,0.40115210966983683,-0.023846427502602144,0.45643760736820005,0.513557148684855,0.26399601054322336,0.4542233981137538,0.409445226199622,0.3067721518343005,0.08395185736286183,-0.15548437193760298,-0.28539001547309994,0.013131708910542729,0.1439036499604238
0.2032964759275051,0.0709221659281599,1.0,0.21708459893036897,0.07392099064904403,-0.12497356863285647,-0.14912504475871718,0.4896353219494772,-0.05103042030904335,0.1269627429633077,-0.05088463290532902,-0.17520448299334482,0.06405740474068614,0.4474724764653953,0.4523604310558056,-0.11154250249146423,-0.31682558463182436,-0.168418878102366,0.08505609606552164,0.10617969970989878,0.49922107073231464,0.8725702119457002,-0.07347267318029635,0.8725702119457002,0.05976686361885876,0.057361111074034826,-0.2523429536554841,-0.3049117706074168,0.5301933443873087,0.009907805768239665,0.0024394222948916923,-0.18208043425114173,-0.02177075096438093,-0.0663004946746276,0.13757002168180282,0.36325464668113067,-0.10850119893906286,-0.2346144251955965,-0.06931770422189672,0.14779045344613032,0.11106465875362322,0.498306896687246,0.09724235405162251,-0.11785310707137861,0.844318573953608,0.06976234719057398,0.0882551596544048,-0.1926210476892363,-0.23956665814763506,0.4877575896535151,-0.027209927739858236,0.02573908417040167,-0.15402302732521156,-0.17689054863125198,-0.010296026737650928,0.2708068046567414,0.3122362520103385,-0.09878494636451572,-0.2989029545462025,-0.25763862317933295,0.11283475601747665,0.08802841808073364,0.46351823159782196
0.5943311987263805,0.6060197828434556,0.21708459893036897,1.0,0.45214016402784774,0.4920419907599826,0.4911486311582854,0.2279318729763264,0.2923269829102379,0.3234125307006575,0.5433621046375603,0.4899379992461887,0.2719725192177614,0.219033037655909,0.4424576738039239,0.600031460780312,0.1159970092697854,0.23390115728875338,0.01640207158163301,0.3899695076230602,0.37692594210011615,0.2075427782196545,0.4923859480539328,0.2075427782196545,0.7416458479217561,0.28418784200156466,0.3283429564857414,0.3853568217703982,0.21862712871260848,0.1464838933089059,0.2710993080368644,0.4825952638643641,0.3755747349487201,0.2490084386953659,0.21228524658816436,0.41507490694068205,0.5301517793465447,0.22180471309522382,0.2703678749383771,0.009183257768580255,0.43598648052600586,0.42622183981632433,0.513770197613212,0.5116177306648984,0.2556839157985786,0.7686211624493751,0.35960982717573275,0.3975141190356403,0.42334798965438103,0.18962841487285798,0.4884767343274028,0.4310578585835464,0.6273690932257217,0.46683106594833884,0.33469483965964986,0.38766762046506315,0.5002995121586038,0.601912891249773,0.1638892009953078,0.19024703727645587,0.18690709751095136,0.49265241341707566,0.4668461395335567
-0.1269218232595415,-0.026013506915265397,0.07392099064904403,0.45214016402784774,1.0,0.1853418823236504,0.26246506986846974,0.16123580142304259,-0.2455583135250728,0.3143102341420001,0.14932218134775488,0.12398455262878409,0.03189270411063119,0.20408257116650408,0.2691825329631849,0.4213819812554834,0.15225180821213016,0.49303334041692537,0.33390975066385536,0.3463544827674024,0.19321601426377083,0.09303876934251934,-0.09287573376474895,0.09303876934251934,0.33942706598754424,0.8337987037909701,0.06577613480099895,0.2398120553588327,0.11387902887249357,-0.11218092180324345,0.3203496266086798,0.20413974604855623,0.11961540843495236,-0.04766303630557332,-0.04712692027693382,0.22447934337257705,0.36668140415229494,0.20863751843600192,0.5656410114095621,0.34982284211029346,0.42174350617801737,0.36091380027359915,-0.2573542331566424,-0.07756440069927595,0.04360261412363401,0.3723625764297248,0.900709521118503,0.09229422139613337,0.29797193805484734,0.2395762022318582,0.02086335675945882,0.36463914618114446,0.27065901022646754,0.16182593301319534,0.24029223365092783,0.1634484706312321,0.18218557106834107,0.28096171016511207,0.1195371238593813,0.46458121832685045,0.4722666903348401,0.3926961053056011,0.3062953438614436
0.44361607944148856,0.36473899889925426,-0.12497356863285647,0.4920419907599826,0.1853418823236504,1.0,0.3283949810487144,-0.07716170836360499,0.32612403532188333,0.19733515989028566,0.5335488306454621,0.3910595169411472,0.15533343426837196,0.09657226896569059,0.41376408106000695,0.3544413612638923,0.12363417985654637,-0.0663196107669659,-0.026545315865684746,0.2973458566063508,0.07939606926954669,-0.06934423188183998,0.44317534790409796,-0.06934423188183998,0.2226988598021565,-0.027556536298190104,0.7591618236884248,0.24928236039977347,-0.15969989455294983,0.277844317448341,0.27080873149287327,0.5994316701422697,0.17478996000621289,0.1832654772077093,0.4078729964690066,0.22931601024679946,0.31557226334091576,0.20343076489548143,-0.045899271982093204,-0.13734796009616496,0.3355380120441133,0.14015815088675967,0.45679349494026983,0.5107225198133216,-0.03533020222174921,0.42771660697550523,0.11063882527036127,0.892074274196967,0.34098460525403373,-0.10954379234976071,0.3717960731277962,0.40234031440934054,0.5831364234176433,0.3758211561576168,0.25023947469036767,0.3461435264261098,0.5962676270796039,0.41592238506003837,0.12648249786629026,-0.02273061443071661,0.04491833616057877,0.47333497498477284,0.1974868991015534
0.43277071987292254,0.30167258125956264,-0.14912504475871718,0.4911486311582854,0.26246506986846974,0.3283949810487144,1.0,0.016485918142606203,0.10090422734937753,0.08877963991242876,0.15858053990601334,0.5012562118322934,0.15844327655609022,0.03307878711519252,0.12182313485935313,0.06020690996980924,0.012705627107611927,0.12777921654272942,0.2855726517246045,-0.18018055748143427,-0.2667958030687352,-0.0685328445869398,0.18222367887253246,-0.0685328445869398,0.23549625742386904,-0.04165248165414656,0.13881182109899834,0.9058579875698493,-0.1562844182316476,-0.02394866148370035,0.06321200408198895,0.16912781443855618,0.456261158557102,0.18089688613629967,0.02723824503733883,0.16719936190846657,0.05443473311390519,0.02684342130258531,0.04767970065811735,0.3509567711105999,-0.12996723486139844,-0.29296342588520385,0.335980392124415,0.20780823102114657,-0.05416493278022762,0.19752937943287202,0.24063799529374957,0.2682745002484255,0.9333427919902996,-0.07266516810984495,0.20171296510077513,0.2507510954537992,0.18626946695090604,0.4415323444712103,0.14829954325186628,0.16072627163280911,0.23904402436721348,0.0970110958564108,0.1240583780834731,0.16507334338337026,0.2746214688013235,-0.05545482378346699,-0.18266422508161334
0.1713101856505036,-0.14340419179898226,0.4896353219494772,0.2279318729763264,0.16123580142304259,-0.07716170836360499,0.016485918142606203,1.0,-0.06450416926139776,0.42043806576360837,0.14204155078145558,-0.5559786476893078,-0.042161673127716945,0.2446465281938936,0.1934041029802236,0.07968136708954356,-0.16142070852037183,-0.046090103700902316,0.3643344583186152,0.10978455377190481,0.30468731502567986,0.47763985926434316,-0.24423668886770936,0.47763985926434316,0.10411357233277893,0.2801972470195373,-0.17576977877685168,-0.07025517080349462,0.7098983493260747,-0.03971545261580785,0.35017755403816514,0.07549199654228123,-0.5123473668293504,-0.052172368320924846,0.0943623224453858,0.17089680716902977,0.05368293575082739,-0.08279389208565703,0.0018260670368459725,0.34087310099770307,0.15714616047495492,0.21562921685874029,0.03868883035405273,-0.24637599856565798,0.4356871407726129,-0.05978849011727782,0.3670454292448223,-0.01500427454419698,0.046873198627593274,0.9192059920569479,-0.07141761549180814,0.36785321387615744,0.0851785610059445,-0.5409051031017899,0.06998156352935393,0.1778374160267138,0.11557413033730936,0.04346293480256976,-0.04286707248217074,0.008388002244805313,0.4277313129863506,0.21671177112073609,0.3027166058734972
0.38725728506214435,0.29950607387219635,-0.05103042030904335,0.2923269829102379,-0.2455583135250728,0.32612403532188333,0.10090422734937753,-0.06450416926139776,1.0,-0.16035213407566928,0.34112116908075074,0.3222291881470212,0.2997347362559361,0.04902900432033459,0.051183037210940086,0.23774772550784976,0.2252567346791761,-0.04219207689739823,-0.12826995476828415,0.11079388293469199,0.16356288293096738,-0.008180399956800578,0.30466753034812927,-0.008180399956800578,0.13221869169289457,-0.3208588750377374,0.18467854857166036,0.15241561426838707,-0.09539009596905183,0.8058528646581641,-0.14017199853469497,0.3338012072606597,0.12348662088469153,0.3915881612224249,0.16046215367115502,-0.04731064337019084,0.20254062067522335,0.18581439133910277,-0.207851524466656,-0.21466960416479702,0.09258026899824648,0.057448122631116594,0.5053664272708007,0.3391632727197366,0.047667678907702085,0.32165448640351496,-0.38840053643989014,0.20269418113913948,0.11732790960231573,-0.10775442402181619,0.8665130903485527,-0.005766285536768522,0.2921182872015888,0.33244905142528547,0.26799885216696356,0.1394629935777595,0.29831954372179015,0.2977312549510825,0.34693125252556717,-0.025315366790796993,-0.12910380065361765,0.1357581907628292,0.15637330243979655
0.14372655768604478,-0.1091126698257735,0.1269627429633077,0.3234125307006575,0.3143102341420001,0.19733515989028566,0.08877963991242876,0.42043806576360837,-0.16035213407566928,1.0,0.41191278176909607,-0.05378904899452323,0.052479579959283734,-0.019414295147237658,0.11889532369358402,0.4387611963149518,0.2133698308253562,0.42488262463454957,0.6254978036249255,0.4786108621637338,0.22518560408611218,-0.032552093175059,-0.16671522655826396,-0.032552093175059,0.4272695429030174,0.39038730810860794,0.14352042245561006,-0.034750704861646296,0.3457199798840823,-0.24936041662669228,0.9090801668303016,0.33056201331886387,-0.07644019066965778,0.17808469713727348,-0.13561443257805514,0.1581798894512754,0.368727196160802,0.19900153378417165,0.5576221117345241,0.5719836603592481,0.47768354552842274,0.30220240670772824,0.04002387151999552,-0.1394225957855198,-0.07707402657300383,0.22272797760451726,0.4531321150443374,0.231550551859057,0.18791188276327245,0.47477426198239225,-0.048194805756150566,0.8395110054633806,0.47012909283427845,-0.04957773473800761,0.08585963436731595,-0.08530034258596146,0.13330871176048492,0.28437153984498476,0.29889144097039494,0.5180108248361535,0.6899032057597219,0.5415476142921369,0.3594287054414986
0.37445871269974673,0.35103805544660494,-0.05088463290532902,0.5433621046375603,0.14932218134775488,0.5335488306454621,0.15858053990601334,0.14204155078145558,0.34112116908075074,0.41191278176909607,1.0,0.2699404107768501,-0.15039905676755608,-0.11903508341915013,0.030441432635436826,0.5907271021733025,0.3450043156505385,0.24254652652998293,0.06283570199286165,0.3968232018228075,0.19944557222424972,-0.1231870996579288,0.3580729718647371,-0.1231870996579288,0.3615455687820432,0.10712444822803045,0.46013409186561594,0.03367114925612918,0.1002261589618917,0.24941414562170786,0.36129262545125335,0.7760362110067963,0.06949428149238035,-0.00979487968618717,-0.06155132259277696,-0.021423829812542806,0.5335102470088573,0.385299701723202,0.22207096847108054,-0.03973689639146603,0.37088792926209174,0.2727236593191461,0.3706914698446244,0.43164669862047556,-0.10518529275975733,0.3906683381970497,0.06266111796957244,0.45029814933971535,0.18680968201841616,0.08244494387252504,0.5060575201655383,0.5459060591148122,0.8925243583476038,0.29279960138744193,-0.02505889297120928,0.053408372635180154,0.26941940039845635,0.7244538320143948,0.3408345377656122,0.3358382715214115,0.17502610182976627,0.42042205061222887,0.34803839849410945
0.4161568695896836,0.61643666005322,-0.17520448299334482,0.4899379992461887,0.12398455262878409,0.3910595169411472,0.5012562118322934,-0.5559786476893078,0.3222291881470212,-0.05378904899452323,0.2699404107768501,1.0,0.3572492699862146,0.15119823136862906,0.1822168557635308,0.19455918444250975,0.1379698408066379,0.14994654747043104,-0.1628784607953588,-0.07598172616777552,0.06002777632784932,-0.23370521877868486,0.504211997656178,-0.23370521877868486,0.4235879242935497,-0.17888320024622054,0.27720300725362707,0.461057766945141,-0.43611917451484306,0.15517270466357752,-0.07593436182046279,0.2049185303046924,0.7903347064086572,0.3440513369429453,0.18926628539624554,0.051537926503536266,0.15677432175611342,0.15262609047020445,0.1816781586268376,-0.13891797827231112,-0.05698165203537245,0.022868340022674658,0.4187429958387264,0.5098806574365735,-0.1623572976017562,0.4305084246762449,-0.10195729576019111,0.23216755288150157,0.4213873770028258,-0.5936335268267829,0.5239371951293326,0.05459583669647204,0.33779830601281857,0.9167022253842065,0.2570248035886515,0.29090340041422386,0.40789166036173446,0.25157444657345207,0.12744419311801342,0.18180336181351656,-0.10207940327739491,-0.0114298014114755,0.10241651711669425
0.30989928230653313,0.26931450602078877,0.06405740474068614,0.2719725192177614,0.03189270411063119,0.15533343426837196,0.15844327655609022,-0.042161673127716945,0.2997347362559361,0.052479579959283734,-0.15039905676755608,0.3572492699862146,1.0,0.35217276457468394,0.3592167143438312,0.2639849866408848,0.061228023435616986,0.18711465525821855,0.11303612440881805,0.04940233194065751,0.10617602523621539,0.1692632054294607,0.21402516028079238,0.1692632054294607,0.33824335660555804,0.014905430755637848,0.09155587434499837,0.1582300852903138,0.042648896403805925,0.1457603034981313,0.1781721809285962,0.09655955976254273,0.1772931840339967,0.8907325390842658,0.34930383676545995,0.26935763145422503,0.2619101295952646,0.09901246128902515,0.1802113157173574,0.04091329263180767,0.1390502672274666,0.11681266441862267,0.38396972173762,0.21955405241827233,0.25384883517928036,0.290224021469451,0.003946369598710989,0.18448575450547203,0.22339045670552243,-0.010670966817773107,0.2983668766863144,0.15948947006283729,0.11502274168418307,0.4265894207328739,0.8852378020857823,0.41533739956861276,0.4390905026169568,0.040159614091406545,0.1815584961366916,0.22007954067016341,0.24990633565811338,0.18888093554774177,0.1751159913576307
0.27902504543281814,0.3054597771361722,0.4474724764653953,0.219033037655909,0.20408257116650408,0.09657226896569059,0.03307878711519252,0.2446465281938936,0.04902900432033459,-0.019414295147237658,-0.11903508341915013,0.15119823136862906,0.35217276457468394,1.0,0.5955747874112156,-0.07432557292478202,0.0022877854289239316,-0.22343981894391832,-0.040400201859762404,0.12615945031714135,0.4017927347683006,0.3927265453142308,0.2134009560839806,0.3927265453142308,0.07232287929881555,0.21209004817206092,-0.07897573174593714,-0.026131329359010524,0.4007567655440879,0.12035436687398537,0.040326980264783374,-0.18054163446897797,0.19664288899258298,0.1761170874878852,0.7140528750220145,0.39763046548297626,-0.05647239119774018,0.13938705010190536,-0.0760146993169263,0.01306132048123613,0.21715177851449383,0.299074686085836,0.2513409665493171,0.1736269076462763,0.45308015715655214,0.1373409158590708,0.2298198703304868,0.03799474874961907,0.014668694029295633,0.3562994048444207,0.22005716972637435,0.03139481904677548,0.02568820141076577,0.1790900006263155,0.3382519649330779,0.8685501853871959,0.6371180153420768,-0.10697772411287354,0.008231333842006895,-0.13862454367219973,0.15644163730273447,0.20445405261922506,0.3977701058351029
0.3102184719801662,0.29405652368684526,0.4523604310558056,0.4424576738039239,0.2691825329631849,0.41376408106000695,0.12182313485935313,0.1934041029802236,0.051183037210940086,0.11889532369358402,0.030441432635436826,0.1822168557635308,0.3592167143438312,0.5955747874112156,1.0,0.08999487180069804,-0.29329440451547567,-0.27217009325471636,-0.07911608689767687,0.23043757015049957,0.2958917056653305,0.4547539058582264,0.24582351185983356,0.4547539058582264,0.14254089880406845,0.1499855524375216,0.2632303866938244,0.015198479076444385,0.16876909376755378,0.008722160282621941,0.1937850051157274,-0.0839360147562412,0.16629455844464774,0.14814140085837443,0.43925044968505306,0.6806747987057267,0.08669310903394771,-0.19549068052418317,-0.0733999546076812,-0.06635113570682588,0.3593776457127418,0.30667054955056905,0.22658360862683374,0.2281431143833136,0.5148053381549503,0.34245590118327685,0.2772751680009975,0.38218810246768536,0.058310607696481394,0.2540629047829107,0.11460662374960554,0.2551511983760433,0.13073605491473075,0.17442481671212726,0.31223152648259217,0.7178520312478678,0.8050991020769077,0.11837715993170063,-0.24057747806899474,-0.1901516075159136,0.02634065620540051,0.4972672595703012,0.2943980173929727
0.2374202933822066,0.2222225373195234,-0.11154250249146423,0.600031460780312,0.4213819812554834,0.3544413612638923,0.06020690996980924,0.07968136708954356,0.23774772550784976,0.4387611963149518,0.5907271021733025,0.19455918444250975,0.2639849866408848,-0.07432557292478202,0.08999487180069804,1.0,0.5171207814690466,0.5428701534308851,0.150708309498863,0.6520499807041656,0.300264170815776,-0.12073292214340417,0.3270067604424264,-0.12073292214340417,0.5991928371491959,0.5067141303732836,0.40685289768582544,0.034051050782512006,0.1060971615074868,0.26107083903815553,0.5220124186537579,0.595583199436726,0.1295526293440254,0.3986367560388727,-0.05343663886802705,-0.020624808415367093,0.9646374414500665,0.5655871180280825,0.43916718341302824,0.0898802363698976,0.6832462550738019,0.5194076894708292,0.29075927853721606,0.3636326478157977,-0.08295075796625404,0.684003354676888,0.3841518622909758,0.3738628419445943,0.18628669313505683,0.20215978166913495,0.4339484939139884,0.6189533063175809,0.775708050001978,0.36360462886671063,0.39646651089955776,0.051510973227593446,0.281515537222613,0.8583323473810187,0.49548639893796453,0.5744843794325244,0.3435455560870967,0.6557292379770552,0.5027517310827317
0.0683597015080237,0.053736864895631564,-0.31682558463182436,0.1159970092697854,0.15225180821213016,0.12363417985654637,0.012705627107611927,-0.16142070852037183,0.2252567346791761,0.2133698308253562,0.3450043156505385,0.1379698408066379,0.061228023435616986,0.0022877854289239316,-0.29329440451547567,0.5171207814690466,1.0,0.4019600097546878,0.17307179582278218,0.49571118149179616,0.2824290730716908,-0.28871472125254183,0.21842751530282092,-0.28871472125254183,0.2985816961778889,0.25099100375573374,0.08513182873563187,0.06182342601821144,0.16934585136898503,0.338177093847806,0.3111447383059995,0.3568336392874919,0.2270190040965167,0.20107121606819092,-0.05187605731415648,-0.19739016788287744,0.5071139441992344,0.9502408436188994,0.24218869633588383,0.13598053568177268,0.4447293329181082,0.30238270843843945,0.1763588335349195,0.2599461965723804,-0.2990353330972256,0.3839445708289423,0.16566763589268044,0.19617779518777476,0.19783437271069879,0.038528088715270255,0.3833091728979559,0.3191933422645589,0.4844659691295211,0.31001687499982716,0.14507058698563355,-0.08882842499888283,-0.048888960696477926,0.3443521555285941,0.8771634837457748,0.43146052621994835,0.24413875738296847,0.3047325046172217,0.3737019383872502
-0.16548747104786649,-0.10006214772189483,-0.168418878102366,0.23390115728875338,0.49303334041692537,-0.0663196107669659,0.12777921654272942,-0.046090103700902316,-0.04219207689739823,0.42488262463454957,0.24254652652998293,0.14994654747043104,0.18711465525821855,-0.22343981894391832,-0.27217009325471636,0.5428701534308851,0.4019600097546878,1.0,0.5268464466844431,0.3189719174982164,0.10987734438171974,-0.12802134719755068,-0.05375725392987911,-0.12802134719755068,0.429257318758413,0.44737702687394865,0.05892088687823901,0.10799317139334026,-0.01803125073068655,-0.03220576542715067,0.4859924801766674,0.3878069450057472,0.16205162836700565,0.28770788036595435,-0.2580051412659814,-0.03762084025019043,0.545927964028042,0.3263086733904416,0.8941924656451135,0.5092347749797942,0.3294366843418467,0.318257828292626,-0.1325362680472671,-0.0106986356286691,-0.1795146872960166,0.3085857597110575,0.4145211360707005,-0.0028800935905010116,0.2008011064017056,0.03468872897344373,0.14870174185348842,0.494598785603886,0.3374106026664419,0.28329793809972037,0.2984036307682533,-0.28013669734617314,-0.19732087147596294,0.38436149342764653,0.4007918918948402,0.8976498786808998,0.598386181446389,0.2441894040101886,0.25645023469223205
-0.14679450432106803,-0.5082419192127525,0.08505609606552164,0.01640207158163301,0.33390975066385536,-0.026545315865684746,0.2855726517246045,0.3643344583186152,-0.12826995476828415,0.6254978036249255,0.06283570199286165,-0.1628784607953588,0.11303612440881805,-0.040400201859762404,-0.07911608689767687,0.150708309498863,0.17307179582278218,0.5268464466844431,1.0,0.1944042863421858,0.09321974951166874,0.07150560592702827,-0.5581262655222482,0.07150560592702827,0.176820086661753,0.2610642808777057,-0.1249136331802977,0.2261027321517592,0.23340282441349086,-0.05379271294946168,0.6322831564231679,0.1268217189878023,-0.11905592136593504,0.21340217448575513,-0.2998502187786581,0.04820911706357228,0.1356195738363439,0.10754338977264741,0.4875544319786789,0.9247735444666499,0.21412019657674836,0.1568960957157689,-0.17919210982468997,-0.5222865892530109,-0.0042908454453120266,-0.013437892021209956,0.46077921711083547,-0.026830631635226317,0.42993129594621665,0.43610783959657556,-0.048003069295202566,0.6130457061141065,0.03204350391214106,-0.07753352028319185,0.18571301255947223,-0.18824560367128837,-0.019519567648755554,-0.014451420009052498,0.2785277802332874,0.6284591958994535,0.9164485301159415,0.23897184134627336,0.22731126556596856
0.07613636770243103,-0.065853149920724,0.10617969970989878,0.3899695076230602,0.3463544827674024,0.2973458566063508,-0.18018055748143427,0.10978455377190481,0.11079388293469199,0.4786108621637338,0.3968232018228075,-0.07598172616777552,0.04940233194065751,0.12615945031714135,0.23043757015049957,0.6520499807041656,0.49571118149179616,0.3189719174982164,0.1944042863421858,1.0,0.4435055276660711,0.012514726915906662,0.07902748765212005,0.012514726915906662,0.3745803406439464,0.5056360652106344,0.34807341833532734,-0.2334675831987341,0.2673625440757711,0.2146795528628469,0.5215202558271437,0.37469933950141693,0.08559686522211243,0.04095562824388128,0.07470683095390353,0.17931746150794617,0.6405858580028678,0.5295505008405886,0.3208989942785859,0.18159997164013325,0.9697852539310603,0.6193051775848081,0.10537391887601888,0.1379235101466076,0.01524020749591334,0.6083139232644799,0.34801290840742694,0.3394537357464521,-0.057085155969051574,0.3176239410657168,0.2422676778693439,0.4750669864522763,0.51689498450597,0.08407222817067443,0.14075388089995394,0.07860089481513721,0.2594061384082823,0.5126905625908802,0.4380819039160194,0.25046137177921923,0.3058371171247268,0.883747919213013,0.5357550317660305
0.16319600501801848,0.09556843978896384,0.49922107073231464,0.37692594210011615,0.19321601426377083,0.07939606926954669,-0.2667958030687352,0.30468731502567986,0.16356288293096738,0.22518560408611218,0.19944557222424972,0.06002777632784932,0.10617602523621539,0.4017927347683006,0.2958917056653305,0.300264170815776,0.2824290730716908,0.10987734438171974,0.09321974951166874,0.4435055276660711,1.0,0.384898435449272,0.04250093030215435,0.384898435449272,0.43299859542620167,0.1809666038397751,-0.009745469037681654,-0.2977084604641608,0.3897765171890612,0.3039967336797954,0.21376856245269726,-0.0024242674011989494,0.09291170046765371,0.08343582820130466,0.23138213844322067,0.11420831730725409,0.2638762026047646,0.3218036719623466,0.15980517974254202,0.07036272438691192,0.4516192861645483,0.8699745147270284,0.16952530136824454,0.056590832861652195,0.39637347945653195,0.4349532654094835,0.18845643522068733,0.05570078347352923,-0.23541089430773948,0.3810110194163627,0.34370001801285066,0.2442908486742571,0.19884882154906583,0.10479634292939718,0.14216858901865803,0.34956632563533246,0.3623837504713915,0.2833367299797846,0.2163074172390646,0.08761532374977335,0.17173641119942093,0.43246259243424084,0.9350346706738099
0.23034040433828726,0.05112386141691848,0.8725702119457002,0.2075427782196545,0.09303876934251934,-0.06934423188183998,-0.0685328445869398,0.47763985926434316,-0.008180399956800578,-0.032552093175059,-0.1231870996579288,-0.23370521877868486,0.1692632054294607,0.3927265453142308,0.4547539058582264,-0.12073292214340417,-0.28871472125254183,-0.12802134719755068,0.07150560592702827,0.012514726915906662,0.384898435449272,1.0,0.026851516272177592,1.0,-0.007058027230310821,0.04244789674496552,-0.18530777092536202,-0.11834724496615678,0.48005668462016793,0.10997505775140055,-0.037443089534312704,-0.07431107092536236,-0.11296214002791911,0.045523867583197666,0.19282616469547492,0.43433304957510127,-0.07837264615562935,-0.19821149445922934,-0.06332923249898048,0.07367482385015406,0.061774683871533065,0.4258055299391908,0.19334476856939578,0.001151010438033378,0.9781254273798938,0.1344817593623157,0.10872151527913027,-0.04717620250472626,-0.12868652062073993,0.47863361270917426,-0.03993132324157051,0.01032851679523244,-0.17408303768963246,-0.14898358729349617,0.19574004197130304,0.3236972619196989,0.3022719316451333,-0.10062698489245889,-0.22168929401097315,-0.24448388252638079,0.11122666772501182,0.03871411621456298,0.36734511340923776
0.6663530307806856,0.8539496326243298,-0.07347267318029635,0.4923859480539328,-0.09287573376474895,0.44317534790409796,0.18222367887253246,-0.24423668886770936,0.30466753034812927,-0.16671522655826396,0.3580729718647371,0.504211997656178,0.21402516028079238,0.2134009560839806,0.24582351185983356,0.3270067604424264,0.21842751530282092,-0.05375725392987911,-0.5581262655222482,0.07902748765212005,0.04250093030215435,0.026851516272177592,1.0,0.02685151627217752,0.31583475516271875,-0.08740333716329463,0.4423097125462451,0.15015227962924582,-0.05073943901411148,0.2003791836219701,-0.07874727384361244,0.41139132802067396,0.5055451820594637,0.2266103849904132,0.4855470476061965,0.2423355808976976,0.3557291705219247,0.3519004025398968,-0.0935740645644211,-0.49520450993472737,0.11408499869309681,0.08768185740552124,0.7111855581278715,0.9803950959856874,0.10109805265295935,0.4981402577028021,-0.19567033299280628,0.4505639555690196,0.07325372734539214,-0.21933028470725258,0.39116167546597974,0.04495034173148175,0.5175484154388392,0.5641005792635405,0.25392987923091753,0.38970457684553794,0.3690406649249629,0.4182561422193231,0.20038420080134756,-0.12816807845453632,-0.3496771413530488,0.11477194175961797,0.1138497627793878
0.23034040433828726,0.05112386141691848,0.8725702119457002,0.2075427782196545,0.09303876934251934,-0.06934423188183998,-0.0685328445869398,0.47763985926434316,-0.008180399956800578,-0.032552093175059,-0.1231870996579288,-0.23370521877868486,0.1692632054294607,0.3927265453142308,0.4547539058582264,-0.12073292214340417,-0.28871472125254183,-0.12802134719755068,0.07150560592702827,0.012514726915906662,0.384898435449272,1.0,0.02685151627217752,1.0,-0.007058027230310821,0.04244789674496552,-0.18530777092536202,-0.11834724496615678,0.48005668462016793,0.10997505775140055,-0.037443089534312704,-0.07431107092536236,-0.11296214002791911,0.045523867583197666,0.19282616469547492,0.43433304957510127,-0.07837264615562935,-0.19821149445922934,-0.06332923249898048,0.07367482385015406,0.061774683871533065,0.4258055299391908,0.19334476856939578,0.001151010438033378,0.9781254273798938,0.1344817593623157,0.10872151527913027,-0.04717620250472626,-0.12868652062073993,0.47863361270917426,-0.03993132324157051,0.01032851679523244,-0.17408303768963246,-0.14898358729349617,0.19574004197130304,0.3236972619196989,0.3022719316451333,-0.10062698489245889,-0.22168929401097315,-0.24448388252638079,0.11122666772501182,0.03871411621456298,0.36734511340923776
0.301526622889285,0.32872634795677613,0.05976686361885876,0.7416458479217561,0.33942706598754424,0.2226988598021565,0.23549625742386904,0.10411357233277893,0.13221869169289457,0.4272695429030174,0.3615455687820432,0.4235879242935497,0.33824335660555804,0.07232287929881555,0.14254089880406845,0.5991928371491959,0.2985816961778889,0.429257318758413,0.176820086661753,0.3745803406439464,0.43299859542620167,-0.007058027230310821,0.31583475516271875,-0.007058027230310821,1.0,0.2530196732232805,0.17643049535769856,0.2068424861949904,0.14580430901347885,0.03265136421218492,0.42927923343580815,0.3579162598996378,0.4169778939345934,0.3874640413313239,0.034798571307289944,0.1970733969749499,0.5409975237119865,0.35010158229025506,0.4927037346512153,0.17297950316873587,0.38634622987249995,0.5292915243640437,0.29691455066408173,0.3347331645762401,0.03197687452521661,0.7620227255639785,0.2916209243991789,0.22683952425548431,0.24426289261492792,0.17394382224110355,0.38172822771446574,0.4283889383907065,0.47255341846922005,0.4671216291472912,0.34124107592386405,0.09722982174503059,0.18603111043084683,0.45342854752805967,0.3052997893545264,0.4289015213346758,0.28923302669965467,0.4021751850853607,0.5124669482518326
-0.16082741967488004,-0.07850051605435837,0.057361111074034826,0.28418784200156466,0.8337987037909701,-0.027556536298190104,-0.04165248165414656,0.2801972470195373,-0.3208588750377374,0.39038730810860794,0.10712444822803045,-0.17888320024622054,0.014905430755637848,0.21209004817206092,0.1499855524375216,0.5067141303732836,0.25099100375573374,0.44737702687394865,0.2610642808777057,0.5056360652106344,0.1809666038397751,0.04244789674496552,-0.08740333716329463,0.04244789674496552,0.2530196732232805,1.0,-0.035030841333983584,-0.04776372223808818,0.3003040508912748,-0.220314774868629,0.3843164874907705,0.17632281880004907,-0.12038512706674076,-0.008976737134023687,-0.05944028315371413,0.18774557909040668,0.46377145652290397,0.34906976689695873,0.49956828482676274,0.28673768234627334,0.5588545473663307,0.36656586664666396,-0.26673572207992285,-0.07709907880253564,0.006716049860935765,0.3028066145897283,0.8532522366251171,-0.045972078906467824,0.045578500553745425,0.4260502482013032,-0.14387098207767351,0.35828459409028357,0.3203244795906692,-0.07915664601853854,0.2184888179273773,0.10262173181457329,0.053494838391938186,0.28294888584075883,0.25984119548076745,0.43411477606905224,0.49392797763720586,0.47741828073425435,0.30236148023499027
0.3685198292729821,0.18267452369533133,-0.2523429536554841,0.3283429564857414,0.06577613480099895,0.7591618236884248,0.13881182109899834,-0.17576977877685168,0.18467854857166036,0.14352042245561006,0.46013409186561594,0.27720300725362707,0.09155587434499837,-0.07897573174593714,0.2632303866938244,0.40685289768582544,0.08513182873563187,0.05892088687823901,-0.1249136331802977,0.34807341833532734,-0.009745469037681654,-0.18530777092536202,0.4423097125462451,-0.18530777092536202,0.17643049535769856,-0.035030841333983584,1.0,0.07671233307721535,-0.3019460418860824,0.15133125964201924,0.3364956198279048,0.47265277704456765,0.16181437604382493,0.08391031931044265,0.4194026478078192,0.12708909276602878,0.5069430787023601,0.13693294835262196,0.09898032332245159,-0.21096804344805564,0.41917581103018886,0.08386847466459592,0.40727725041584306,0.4978000678606786,-0.13568931613794144,0.41580123277537717,0.015073030034385785,0.7983344179542079,0.16147190327713495,-0.14533566906308923,0.24580132750496073,0.41240257730346275,0.571589318126061,0.3588095274543678,0.13375227202680984,0.222122641856576,0.3924106829935175,0.5919455695731275,0.06629223192461531,0.0846479191367288,-0.07449260241245398,0.4599278891915106,0.06554304386098607
0.297782399864062,0.21076830161773344,-0.3049117706074168,0.3853568217703982,0.2398120553588327,0.24928236039977347,0.9058579875698493,-0.07025517080349462,0.15241561426838707,-0.034750704861646296,0.03367114925612918,0.461057766945141,0.1582300852903138,-0.026131329359010524,0.015198479076444385,0.034051050782512006,0.06182342601821144,0.10799317139334026,0.2261027321517592,-0.2334675831987341,-0.2977084604641608,-0.11834724496615678,0.15015227962924582,-0.11834724496615678,0.2068424861949904,-0.04776372223808818,0.07671233307721535,1.0,-0.2668605367497922,0.10728429976389506,-0.014086808121361143,0.1555214041704358,0.40183025142256157,0.23634531780779805,-0.03800923442836267,0.10282803739297657,0.03158758651459091,0.039303104522090494,0.026265306686578355,0.27167755629786317,-0.18796950353841177,-0.3314871296840656,0.28848213263450173,0.16683686044057147,-0.09577237503186989,0.2343711951358035,0.17020127280197608,0.1889655905711321,0.9110621715545139,-0.13462555031000462,0.22298198368415276,0.13230531111741894,0.09079173525193183,0.4462187574221538,0.22128036930924821,0.1231460035845625,0.15353338943663503,0.06662232873977088,0.24568646855407963,0.14462699524558448,0.20678689136347794,-0.1100242998810712,-0.22723658371488134
0.2088831293678073,0.0514209620941487,0.5301933443873087,0.21862712871260848,0.11387902887249357,-0.15969989455294983,-0.1562844182316476,0.7098983493260747,-0.09539009596905183,0.3457199798840823,0.1002261589618917,-0.43611917451484306,0.042648896403805925,0.4007567655440879,0.16876909376755378,0.1060971615074868,0.16934585136898503,-0.01803125073068655,0.23340282441349086,0.2673625440757711,0.3897765171890612,0.48005668462016793,-0.05073943901411148,0.48005668462016793,0.14580430901347885,0.3003040508912748,-0.3019460418860824,-0.2668605367497922,1.0,-0.10585170704285957,0.28429529849567897,0.10229753384574244,-0.3386905213190057,-0.013262287418679632,0.15560421282443776,0.343846777275087,0.06617663504053126,0.23164039042967421,0.012368980933787639,0.180859063793595,0.27925986714745743,0.3087352816386358,0.09558959151776221,-0.10215260735726789,0.43527046577694145,0.060509387287321026,0.3268143976186816,-0.13170345513070472,-0.12371898134094829,0.7504993665855256,-0.0705720259462586,0.2322294142624477,0.12647180714861092,-0.3991092403933387,0.07364380380291496,0.1957320824128725,0.054268442409039476,-0.049867941375376174,0.14079367749424695,-0.03389427521132922,0.32432169263004623,0.23010491331802904,0.4021095962900472
0.1732497185926958,0.10012868108081888,0.009907805768239665,0.1464838933089059,-0.11218092180324345,0.277844317448341,-0.02394866148370035,-0.03971545261580785,0.8058528646581641,-0.24936041662669228,0.24941414562170786,0.15517270466357752,0.1457603034981313,0.12035436687398537,0.008722160282621941,0.26107083903815553,0.338177093847806,-0.03220576542715067,-0.05379271294946168,0.2146795528628469,0.3039967336797954,0.10997505775140055,0.2003791836219701,0.10997505775140055,0.03265136421218492,-0.220314774868629,0.15133125964201924,0.10728429976389506,-0.10585170704285957,1.0,-0.15041610427998586,0.2782095235376443,0.13253956593118132,0.2108295869728364,0.15103960542245745,-0.2052285614646395,0.26286093907590613,0.32018370933924356,-0.21600244186853082,-0.10663220143133728,0.20495455670629836,0.25977943464004966,0.35813052169842957,0.23394087788545995,0.1363496552294928,0.2901124046801643,-0.2866328336143516,0.1850468586403073,0.06182179339745824,-0.00440900390260921,0.8237568582285208,-0.011280829132061512,0.176407567542373,0.27784659301153075,0.2918960429867817,0.17633385539576718,0.31246834460075407,0.3500183905569551,0.38735884489204436,-0.02903650580925385,-0.06915576345199381,0.20209684302317385,0.33647593710653145
0.132936079885723,-0.1885385152773237,0.0024394222948916923,0.2710993080368644,0.3203496266086798,0.27080873149287327,0.06321200408198895,0.35017755403816514,-0.14017199853469497,0.9090801668303016,0.36129262545125335,-0.07593436182046279,0.1781721809285962,0.040326980264783374,0.1937850051157274,0.5220124186537579,0.3111447383059995,0.4859924801766674,0.6322831564231679,0.5215202558271437,0.21376856245269726,-0.037443089534312704,-0.07874727384361244,-0.037443089534312704,0.42927923343580815,0.3843164874907705,0.3364956198279048,-0.014086808121361143,0.28429529849567897,-0.15041610427998586,1.0,0.33712895351076677,-0.06336551147265163,0.2930264406962266,0.02033539822123743,0.21226470926537144,0.5241171218816274,0.2914100469520975,0.6068357363795018,0.5465509646584071,0.5818877110918474,0.33706001092102506,0.10598253392817443,-0.04716978564384255,-0.051257643603620937,0.32112889183077226,0.4822778070127888,0.4041098670778518,0.20788907797328812,0.49604369757330063,0.0029054132399008083,0.9261125577850347,0.49615712998380734,0.04977703002349956,0.23592525981831336,0.03736127344846321,0.20670282253761604,0.37280347053758417,0.37509210127894443,0.6113868453334652,0.7094408357230189,0.6369530311067944,0.3679260794334047
0.3482229314230125,0.32452192856059625,-0.18208043425114173,0.4825952638643641,0.20413974604855623,0.5994316701422697,0.16912781443855618,0.07549199654228123,0.3338012072606597,0.33056201331886387,0.7760362110067963,0.2049185303046924,0.09655955976254273,-0.18054163446897797,-0.0839360147562412,0.595583199436726,0.3568336392874919,0.3878069450057472,0.1268217189878023,0.37469933950141693,-0.0024242674011989494,-0.07431107092536236,0.41139132802067396,-0.07431107092536236,0.3579162598996378,0.17632281880004907,0.47265277704456765,0.1555214041704358,0.10229753384574244,0.2782095235376443,0.33712895351076677,1.0,0.0009553063108786603,0.23965007429161606,0.02654791608143443,0.0016856020675675976,0.5378645350261355,0.4155964938922313,0.29030596732450475,-0.02400589493939281,0.3533428031716158,0.18567029574191524,0.39310453971526915,0.4896369412196939,-0.09480225421301852,0.41791423021864105,0.09456388525618516,0.5344724959848733,0.24833611494803942,0.02237329424679229,0.4167072635681823,0.445477859955118,0.7946729354128911,0.28091920164866974,0.3166443011015205,-0.03948154370656361,0.18641839586641323,0.5811810101676979,0.4218364361080409,0.34969626085566724,0.2485978182450468,0.3741938642238005,0.21675012046891914
