Fp1,Fz,F3,F7,FT9,FC5,FC1,C3,T7,TP9,CP5,CP1,Pz,P3,P7,O1,Oz,P8,TP10,CP6,CP2,C4,T8,FT10,FC6,FC2,F4,F8,Fp2,AF7,AF3,AFz,F1,F5,FT7,FC3,FCz,C1,C5,TP7,CP3,P1,P5,PO7,PO3,POz,PO4,PO8,P6,P2,CPz,CP4,TP8,FC4,FT8,F6,F2,AF4,AF8,O2,P4,C6,C2
1.0,0.576487435268385,0.7852271054922287,0.36411881173477934,-0.04466758123918897,0.32256125324816454,0.2918909235217556,0.21315019467514407,0.43859149589608304,-0.06396516852684438,0.35286684229960547,0.4714863465723367,-0.14536503947369436,0.06193256357187776,-0.1480137004942409,0.40415611352581293,-0.09625734393706337,-0.16978408244826634,-0.06070891998275863,-0.440777525121817,0.5154204762696546,0.7581655336914649,0.40977696635889277,0.7581655336914649,0.309094761867142,-0.14820421126199465,0.0718567644305768,0.255165663339343,0.14692214515367835,0.34661063230102496,-0.26358366276921374,0.33995313430743773,0.3760282395862983,-0.2648171044063081,0.13763352768169734,-0.2086113055449396,0.402165135285922,-0.19926154192020915,-0.17882144100945224,0.13974147435736786,-0.4588000935237998,0.5270579244330462,0.8195030370333638,0.43619199276018605,0.7256732820387815,0.3029882493524409,-0.30802032737578094,0.1639574609905306,0.13531143211360278,0.13442519368118147,0.37614370577072276,-0.03152457968818982,0.15218785020709028,0.4710437368132216,-0.2885271345945148,-0.017118669770493106,-0.21617818847873677,0.22560029410614368,-0.14416346755234558,-0.051178728180461576,0.18533179222898394,-0.44010008089804886,0.5138268251162278
0.576487435268385,1.0,0.5656291486456142,0.8158118074195161,0.5674858297143686,0.38819645910752254,0.5144065948091101,0.19071963374317005,0.2846525295305901,-0.27966540585478045,0.19652018847371477,0.06841058170998116,0.10334256973535237,0.5494721772373291,0.25418856984208554,0.47474137996435367,0.009052513497651455,-0.10420057598899182,-0.37269664130514507,-0.19378026023053818,0.08669039108902218,0.600496248905458,0.8766174896535875,0.600496248905458,0.7420667694368609,0.4120029957078898,0.1979250352532566,0.5305869085702802,0.05916343422411748,0.1929659335812845,-0.3598772117537972,0.16783850405330758,-0.05031215036137277,-0.012582827614120147,0.5369404260311377,0.1957772728152395,0.33796382650909257,-0.12012400281719335,-0.0876273466611683,-0.28568677073491316,-0.16128265555370966,0.0714608875253365,0.40612307964955746,0.8640747559717605,0.4889411826098116,0.725832926917938,0.2663681812317036,0.3037681637923196,0.3682141342810227,0.12973758889493123,0.19381602681723217,-0.2926063014886076,0.04913806608011086,0.07179535829698801,-0.07740088812318133,0.5527871935303313,0.2778275540880889,0.4944281783907475,-0.05441020030247215,0.04688893469612223,-0.24954934080895597,-0.23834657245148722,0.05573478342929143
0.7852271054922287,0.5656291486456142,1.0,0.41049097637757964,0.0988055576096193,0.38409922145588765,0.23630873181669218,0.4321776106235027,0.4766953568288745,-0.09032947687882975,0.48591461115863455,0.34898700602700256,-0.1692803562618821,0.22540660436366883,0.025922589015958345,0.4046777459107309,0.047588213569232166,-0.04678110264959456,0.008654054065889778,-0.47665728382801187,0.5093246634233634,0.9607800579628749,0.4188341409360581,0.9607800579628749,0.2826973026968777,0.04618573226928587,0.10298236586065326,0.24317874165498593,0.3399094985794795,0.41227452733046893,-0.2340949328255712,0.4378121002801524,0.3432658229934469,-0.30120411160119814,0.23629539159090715,0.017899910493044947,0.3709591053929043,-0.06276394591161819,-0.054401164378597607,0.21509122282692825,-0.47973036184945606,0.5339657764140415,0.6891465269133394,0.4531660100354787,0.907065678867335,0.1931097579993498,-0.12484299107837243,0.23650118870191478,0.10336567181267946,0.39387149174678826,0.43811354778283196,-0.08523867408287873,0.3253488267536181,0.38283650449384454,-0.34866434579189853,0.18994230509676902,-0.04119377898957023,0.2161324850169596,0.009720459072756057,0.18113076560327993,0.23774486856931037,-0.4357959365070104,0.518261266340309
0.36411881173477934,0.8158118074195161,0.41049097637757964,1.0,0.513617761551524,0.4605965238686664,0.6077966904226498,0.18683813225992948,0.17574064866452901,-0.1768636223240211,0.038873390511488776,-0.05625737067321042,0.3141282681753723,0.5066484860959065,0.4808178188511101,0.4011047926017538,0.1095208862170905,0.0820505310946041,-0.3598797143135062,-0.010587720011338808,-0.07349696500203527,0.429312730609137,0.8153174991535149,0.429312730609137,0.9378508998052745,0.49125066270311707,0.270842801179368,0.5947971695409968,0.007576842862635674,0.08599728706252385,-0.1970374646272205,0.05955347636864416,-0.12849871658908493,0.18097011128472412,0.501968863202362,0.4344345511956392,0.2687653858816409,0.035315437752649295,0.09656876764825732,-0.3053005184258873,0.03366976572132148,-0.095001910942788,0.24532929553796662,0.8277398859260517,0.3384600792679105,0.8554967511291235,0.3522042647352457,0.36915892955785123,0.4749180463116239,0.13129722704822536,0.12876535200049358,-0.20537893997193826,-0.04094299516361789,-0.057820604572538736,0.19555408847770653,0.503759335011909,0.47766600218554994,0.4569482164189815,0.0606056105657181,0.2643151825711265,-0.21835035801179686,-0.0294571625237982,-0.09372943493457148
-0.04466758123918897,0.5674858297143686,0.0988055576096193,0.513617761551524,1.0,0.5027118250822045,0.40270821483811675,0.28943057962901253,0.18478819652745357,-0.1560141380297096,0.22428241641085012,-0.11977819437804987,0.49421524545413553,0.7138615956247641,0.41996231362925224,0.10117765254719811,0.25499424192302733,0.11529421150912599,-0.038540185024375104,0.22389148446385176,-0.17667330959894073,0.1535863510593171,0.5567677676418796,0.1535863510593171,0.4750877279634634,0.8704300106458218,0.3497183145409637,0.4258769060586609,0.2191860824736054,0.14682264672831438,-0.11409183526747196,0.17941018595081848,-0.30942765070741246,0.4091922708617859,0.4838291515279475,0.39637686182841403,-0.05961272133243628,0.1853211148750847,0.1969498108170685,-0.023937120491401582,0.3020772636734591,-0.12394813931317433,-0.16687673393408148,0.6001859473818539,0.03857127051911197,0.5315234168504691,0.8261485865309343,0.4852697269215605,0.2660386973263917,0.2734084230323433,0.16597455835245706,-0.18359110372077297,0.16350301676265036,-0.15611031133274011,0.3434484548719666,0.7042391429853795,0.5878703536726173,0.2472738968547111,0.24952734057099563,0.17168618934551405,-0.07673064328788969,0.2026666514820712,-0.14428420972087116
0.32256125324816454,0.38819645910752254,0.38409922145588765,0.4605965238686664,0.5027118250822045,1.0,0.41121737627943183,0.6417674100242429,0.5858692927706687,0.1468759506445921,0.40415905552184017,0.38321317383686954,0.4827401843290792,0.24920403739797892,0.3486654436861141,0.09231060705208487,0.15437965488061717,0.22046480788310174,0.18258980083657234,-0.09577018139650129,0.16186576253450866,0.418181448824225,0.4457446374697175,0.418181448824225,0.41053563594333453,0.6031254521595142,0.8283246444548101,0.47081436051652353,0.5632396897973794,0.600815635185628,0.15367380103219166,0.4800959383420264,0.18284130339352658,0.3869821583333091,0.30325861678576943,0.416767221801423,0.12006817325945786,0.1285792483476146,0.23078106661276013,0.37225562768290504,-0.047982904323230983,0.25110527631450097,0.3141979942379229,0.5253745869289039,0.3888491530784151,0.4485484077740412,0.3621331336157157,0.9177005247522634,0.2979844401369128,0.6004471845336474,0.6023929892148733,0.21346434395734032,0.3217689715979934,0.4072921772496334,0.4002651466056894,0.26422306238363796,0.49224724706751677,0.15259131306737622,0.18599298808870438,0.4136425580573749,0.4410360820076851,-3.7457237913512734e-05,0.2488233371607997
0.2918909235217556,0.5144065948091101,0.23630873181669218,0.6077966904226498,0.40270821483811675,0.41121737627943183,1.0,0.3930357533906862,0.25375249502419805,0.15033521411622225,0.2997166054539977,0.21656061755859957,0.3974555069873492,0.3356902439637022,0.5812396189916207,0.46373057412301794,0.12391967585627882,0.15881332653860405,0.11026062881920577,0.07650122765244655,-0.13904984125980915,0.28414583999825593,0.6111009190257206,0.28414583999825593,0.6645456453434792,0.47614789792486173,0.30527217289277203,0.9393785256760456,0.25106304078500224,0.27244397510873214,0.19809693112867044,0.22279545548008176,0.06022162107705172,0.44048443194068204,0.42715835438476446,0.5856292831389077,0.40568025184581535,0.10836110645996162,0.3688523919908251,0.16226251851671056,0.21101629238690534,-0.014209960039409365,0.3904962070583142,0.7107602615643974,0.29986152639185115,0.667115685974162,0.4672450092929177,0.3783902282006046,0.9148629468841307,0.225429354487425,0.3434013788834457,0.19781072766017227,0.31415109754527065,0.18483280496228932,0.38496009494820244,0.3594736774383593,0.5747944137616309,0.5467624356100457,0.17124163633883688,0.1359502727368166,0.2054989710775415,0.1280902995770986,0.012090316085026481
0.21315019467514407,0.19071963374317005,0.4321776106235027,0.18683813225992948,0.28943057962901253,0.6417674100242429,0.3930357533906862,1.0,0.6654020559961898,0.2596568748141079,0.6864091872868362,0.31057564466338705,0.22771361905787807,0.1772897903659048,0.37513904330589665,0.021389408786644526,0.4096629997187151,0.4299374130172069,0.5148873674308982,-0.07379887539751251,0.38748966018436287,0.42893902213135215,0.21443012699222655,0.42893902213135215,0.11420837438913209,0.42643438366112174,0.5019322800688159,0.43036186486484374,0.9111594102241717,0.683215378642431,0.2119071657460828,0.6110657461867489,0.1690970444313227,0.1839376495161169,0.11176454701823789,0.39210134370155136,-0.016123767215893606,0.40114222886275974,0.452712700250441,0.6611693819331005,-0.004274963417487444,0.5011125992421525,0.2930416113881979,0.31224028679299826,0.4742623616002522,0.0869362860139926,0.31426174560029535,0.6373370695676082,0.2799832677449728,0.8695584910309935,0.7402493198027191,0.2666499416381065,0.6239188774727978,0.3357205934059885,0.18640650774920686,0.18580487523151262,0.45341756532954525,0.002494887111765909,0.4736640466274536,0.4764637338264638,0.698493300907962,0.062029194507792325,0.5106433587553177
0.43859149589608304,0.2846525295305901,0.4766953568288745,0.17574064866452901,0.18478819652745357,0.5858692927706687,0.25375249502419805,0.6654020559961898,1.0,0.37963679235257675,0.5313308226611562,0.499542384451237,0.30878798868199087,-0.016282106654215426,0.24407867233857253,0.190915990099064,0.23816064064635725,0.464571211012121,0.20106611029551064,-0.24074998943647968,0.48653500730095844,0.4893352701358829,0.22967270444804697,0.4893352701358829,0.10535208454061125,0.24899405117308804,0.3973966728155679,0.3177688228303387,0.5590362679536424,0.9298577080330941,0.2320618383529448,0.5262355369522138,0.38320611715956704,0.22506589712828404,-0.139689392286579,0.21873266487030507,0.06737515348589077,0.1633367449079423,0.455823185049558,0.4966065597757925,-0.2131829966899919,0.5728184670615495,0.40239331425439906,0.3285609481576511,0.5109909375906225,0.15095482043440359,0.030954733924733607,0.5070452145295149,0.09734586909999997,0.5659313352793398,0.9269110728049267,0.3710982282003455,0.3801774035725009,0.5158818270338655,0.20923887218520562,-0.06978076940601911,0.27979867024316585,0.15189176376524985,0.2547959789022321,0.4806736054703813,0.5860347881143194,-0.15440462730323593,0.5812909785967246
-0.06396516852684438,-0.27966540585478045,-0.09032947687882975,-0.1768636223240211,-0.1560141380297096,0.1468759506445921,0.15033521411622225,0.2596568748141079,0.37963679235257675,1.0,0.39937838780751905,0.454787149204487,0.4770703071906235,-0.16336516489395167,0.33441203800209257,0.2205504686542185,0.2690262306507354,0.5928179042752392,0.6743825385558253,0.3756955805044911,0.3567915961981152,-0.09006571853354725,-0.2469545360795825,-0.09006571853354725,-0.20833147707122557,-0.035919050036490964,0.1983357330058177,0.07907907659925446,0.1872798419464013,0.4355065833724453,0.8886329002991312,0.2857132191408279,0.3793067824475209,0.4867454470370849,-0.16498875716865674,0.3053352557718707,0.0591624615430827,0.25787594758916144,0.6619208894419437,0.632122540683962,0.38273743557837164,0.38993352804810383,-0.027476377739953095,-0.15327924726889935,-0.06487673381958553,-0.12875076873363264,-0.028957669754455233,0.18955242598836833,0.1400326506147211,0.24465399682425115,0.3330823643283908,0.9327716329402093,0.36975820944131504,0.43441527236594313,0.5123667511901653,-0.1929028044292711,0.235959191472161,0.2572054944097198,0.2600298957403026,0.26992631958619007,0.6481012106811946,0.377599078761289,0.3984128235032053
0.35286684229960547,0.19652018847371477,0.48591461115863455,0.038873390511488776,0.22428241641085012,0.40415905552184017,0.2997166054539977,0.6864091872868362,0.5313308226611562,0.39937838780751905,1.0,0.5519206384228135,0.11732314729333852,0.23369027739219125,0.09026381990626785,0.32241098791479256,0.25906487982556065,0.28739060466952876,0.681717932518246,-0.050787127557105946,0.5499813393319288,0.5579775043075209,0.20713363513253608,0.5579775043075209,-0.009752477645736675,0.20572809121847513,0.32914841925413296,0.28537842478754355,0.7074041564067587,0.6013098058353433,0.2911088762575027,0.8059698161345703,0.4769664815689461,0.1120939359069911,0.14427452578456215,0.07524014212963015,0.1802056615145269,0.22684886156923564,0.42537450886763245,0.7205970482239065,0.04634181799507661,0.6662400557167216,0.42930809001446785,0.3073939268920154,0.6005702338240695,0.05863693067266977,0.29750067575860456,0.42547796898229884,0.2072740263935154,0.6840323545977178,0.5414324993484079,0.3929741251886462,0.9046251051237552,0.5874367170182324,0.14218520737451767,0.2473272378349041,0.17868191274390627,0.23923125751565485,0.2979736712238264,0.21008293013438195,0.719980927908828,0.021339522176158147,0.6872710878121888
0.4714863465723367,0.06841058170998116,0.34898700602700256,-0.05625737067321042,-0.11977819437804987,0.38321317383686954,0.21656061755859957,0.31057564466338705,0.499542384451237,0.454787149204487,0.5519206384228135,1.0,-0.02015290113730902,-0.15793270647049165,-0.17360456842034017,0.4778883097230309,-0.09328767882242889,0.14171048807613212,0.4898090053773552,-0.35720968924604657,0.4679884662797207,0.34794406485199497,0.07724187144438817,0.34794406485199497,-0.08851502842925496,-0.10598864106956625,0.2821704918157341,0.2113633445093484,0.2659168708765956,0.5331064532530488,0.3265682700873265,0.4745411904016204,0.8683237459853701,-0.035036234926335875,-0.11359186619349579,-0.11432914719626619,0.48614562393824096,-0.13142885995861814,0.2426901615643452,0.6023139195073398,-0.29226956458468734,0.5601904199000006,0.6156124617538168,0.12915205414858508,0.48336324750031867,0.007067615119830851,-0.17611318627103914,0.29440543359062066,0.2159853219683527,0.19573576322678443,0.5261473725864646,0.468544729550726,0.47159861123396846,0.9326352424456781,0.019642564777498615,-0.19696026013003604,-0.20723172048030788,0.31315666329802344,-0.09550624286733773,0.09141062204570397,0.6472512478631895,-0.30489267064474485,0.5701967015700111
-0.14536503947369436,0.10334256973535237,-0.1692803562618821,0.3141282681753723,0.49421524545413553,0.4827401843290792,0.3974555069873492,0.22771361905787807,0.30878798868199087,0.4770703071906235,0.11732314729333852,-0.02015290113730902,1.0,0.33657089884428915,0.6981351083307058,0.006113384277354361,0.5216496760708508,0.5446115129908868,0.1872142278388085,0.5590947116776251,-0.06167508756805507,-0.14283747304778038,0.14324555437210187,-0.14283747304778038,0.3334027812033971,0.6409827468258771,0.43889148788826493,0.40613420799157524,0.17207893343717134,0.2725424648836675,0.5325585081330875,0.09462631795488181,-0.13912766958369385,0.9224071189151549,0.20105428974654074,0.6409847169955022,-0.15370517591404828,0.5414971516778209,0.5780987375748522,0.27704291887254434,0.5459361243143006,-0.033589286256770115,-0.2444813140398331,0.2888483590903564,-0.2184929308043613,0.44837971858410347,0.4237764069625146,0.49578899233773266,0.21925189236753115,0.3013225593987,0.23059089525347526,0.4953699991623696,0.026490882005032034,-0.0007027174594169272,0.8759395362517904,0.3228874573306087,0.7476671148503078,0.2578339849545317,0.5506895234975563,0.3487749778151501,0.31877859526505536,0.5829767111340657,-0.02442641276776624
0.06193256357187776,0.5494721772373291,0.22540660436366883,0.5066484860959065,0.7138615956247641,0.24920403739797892,0.3356902439637022,0.1772897903659048,-0.016282106654215426,-0.16336516489395167,0.23369027739219125,-0.15793270647049165,0.33657089884428915,1.0,0.40162737217167527,0.36098379390574337,0.2713951398809542,-0.06123494048731819,-0.009697035702455723,0.1761374823259324,-0.01194044434960806,0.24151519654319195,0.5080885929947337,0.24151519654319195,0.41036417055650076,0.6494784213221397,0.16318804377264692,0.32972560608373463,0.08317812046708238,-0.08246575324895145,-0.14884739243071757,0.15496907031717821,-0.22748907137823227,0.22019988629328333,0.8111158969701574,0.3800271872685538,0.17768458520899838,0.18880609898389156,0.052431674364183924,-0.10698528660151761,0.23620513324368578,-0.025341441662484386,-0.04620828897467583,0.5478292892938084,0.16469378417267827,0.414126216205389,0.6159142702840681,0.3136837144860821,0.21586020127900177,0.18265295539118573,-0.022777048943214247,-0.2606624102473606,0.20450698870406242,-0.16170372949978298,0.1190732410449204,0.9400419272139118,0.5058418131591153,0.4135209211251272,0.22085766799366655,0.05531070294814802,-0.13582142761691243,0.12013211451791249,-0.038614571174137344
-0.1480137004942409,0.25418856984208554,0.025922589015958345,0.4808178188511101,0.41996231362925224,0.3486654436861141,0.5812396189916207,0.37513904330589665,0.24407867233857253,0.33441203800209257,0.09026381990626785,-0.17360456842034017,0.6981351083307058,0.40162737217167527,1.0,0.12249674668721262,0.3713852709679507,0.47300550335799385,0.10063816245591775,0.367887212145317,-0.19918937825174418,0.028942725956906876,0.343241645937277,0.028942725956906876,0.5053441039482549,0.6237400486891288,0.3626466111246554,0.5917958993059111,0.25004734305987664,0.2845735948048377,0.43200393888218863,0.059413227625987705,-0.20009556981014315,0.694936373921737,0.411534198540078,0.8789997157730502,-0.002476705099376533,0.3769055032817449,0.5545167647353286,0.1693290624152712,0.38837409625705555,-0.1621274484740575,-0.10739010212957582,0.4421077692631384,-0.016164149368115274,0.48366755234889725,0.48693805845227345,0.4287350637723363,0.5084853567984559,0.3623683766762848,0.27504619315358736,0.3395130129453208,0.11024125778566989,-0.11417283489541087,0.6642635085398982,0.44178119150259704,0.8643726647563276,0.39473591380442985,0.4112974247195035,0.3590564642210699,0.19491050443205854,0.4142475929095153,-0.1365024371986253
0.40415611352581293,0.47474137996435367,0.4046777459107309,0.4011047926017538,0.10117765254719811,0.09231060705208487,0.46373057412301794,0.021389408786644526,0.190915990099064,0.2205504686542185,0.32241098791479256,0.4778883097230309,0.006113384277354361,0.36098379390574337,0.12249674668721262,1.0,-0.18324799681460183,-0.08459660978705363,0.09189682672765861,-0.15413687600089196,0.2137875079583877,0.4211988893006362,0.4028402360966606,0.4211988893006362,0.2766163895646225,0.024291174186627792,-0.039754013079070394,0.3912106088114193,-0.1621450790794798,0.15414663068006762,0.04680681650207465,0.2860224698977582,0.4786843400866517,-0.029255691662419512,0.35406620299530334,0.1729165983819364,0.865275279757319,-0.27785969043874414,0.10357384635348213,0.03402467639814297,-0.04063726580001964,0.2535812444323773,0.5184050273800666,0.4555317152214599,0.5081095416959575,0.2670838844517155,0.12077032892900362,0.0016251263533147216,0.47848495603560215,-0.06655574618610406,0.1777734010019189,0.09025228131677099,0.3462102151032861,0.4589641980104293,-0.02451997697339445,0.37697188588939823,0.08576217256081903,0.8712722318159019,-0.22292430626185028,-0.08245831146344348,0.0753729660495354,-0.22296801852141446,0.256741470752833
-0.09625734393706337,0.009052513497651455,0.047588213569232166,0.1095208862170905,0.25499424192302733,0.15437965488061717,0.12391967585627882,0.4096629997187151,0.23816064064635725,0.2690262306507354,0.25906487982556065,-0.09328767882242889,0.5216496760708508,0.2713951398809542,0.3713852709679507,-0.18324799681460183,1.0,0.6216086447876582,0.30568426159718515,0.5092777188529916,0.3328959226355221,-0.03698976415465034,-0.12883308001947713,-0.03698976415465034,0.08721296223925344,0.24890098812876693,-0.03642418072243242,0.08034921337345428,0.3961545558154934,0.12248316546963083,0.2659758273073686,-0.09003359755337915,-0.17194460074118237,0.31793198724204763,-0.07400183640629626,0.3348500493512795,-0.3462278165524541,0.9604226016642617,0.5165146021390652,0.351139982279776,0.46129122498660086,0.2791466333683069,-0.2824956548914739,-0.0054885188701402745,-0.10675674324292096,0.16185786104656602,0.15069557395091124,0.13949116570173165,-0.11062388140435757,0.488414481964012,0.11811998723710132,0.2221408306264675,0.07637814810836496,-0.18727878458614491,0.2838098468846788,0.12985457476292298,0.39819984924966756,-0.22652575906123062,0.9499136516644164,0.3787523769928471,0.31569557740530907,0.5597979961404135,0.25699654102153274
-0.16978408244826634,-0.10420057598899182,-0.04678110264959456,0.0820505310946041,0.11529421150912599,0.22046480788310174,0.15881332653860405,0.4299374130172069,0.464571211012121,0.5928179042752392,0.28739060466952876,0.14171048807613212,0.5446115129908868,-0.06123494048731819,0.47300550335799385,-0.08459660978705363,0.6216086447876582,1.0,0.40219991844058994,0.4049661961492954,0.26472902029708245,-0.0867668463274748,-0.13409843899037527,-0.0867668463274748,0.053288864457431605,0.25556602922497024,0.1148974093840134,0.11615928436028011,0.36547223705168014,0.4319303498137174,0.5670312250161699,0.15294149580590255,0.10966797661030775,0.40071312622259203,-0.32334064774351085,0.3975387396477254,-0.35921730167315014,0.613122431598784,0.8932188760921759,0.4941833092499702,0.3696384227826105,0.26510620400485774,-0.2730408044936687,-0.011019137533430598,-0.11325177340625847,0.10234866390176327,0.11169564289322999,0.21162625948156627,-0.024967425830948336,0.4178134128431884,0.38819237667897244,0.5374275489814888,0.20630318998564895,0.0947158233348744,0.4852379376812413,-0.13119449200382668,0.42275362648552506,-0.025937435968220974,0.6144499438946663,0.6418249562223581,0.49094757281124485,0.48894640414704255,0.25867240203423214
-0.06070891998275863,-0.37269664130514507,0.008654054065889778,-0.3598797143135062,-0.038540185024375104,0.18258980083657234,0.11026062881920577,0.5148873674308982,0.20106611029551064,0.6743825385558253,0.681717932518246,0.4898090053773552,0.1872142278388085,-0.009697035702455723,0.10063816245591775,0.09189682672765861,0.30568426159718515,0.40219991844058994,1.0,0.26265027160862464,0.36205638873261003,0.0079848927040178,-0.3067922917921692,0.0079848927040178,-0.3764832448539668,0.035553589050932026,0.18702620748256796,0.03457467349190853,0.544465762874714,0.31408148262557245,0.6109525986022768,0.49199628487251873,0.3834829170563611,0.2154835417844067,-0.07776533254735496,0.12041336871521108,0.04131182554311509,0.3372203178323108,0.4981053423150242,0.8897917404883712,0.30378544123733264,0.4545256122844469,0.05116155075533624,-0.21638366288404445,0.08703265612672838,-0.2987488276595928,0.1759615702119671,0.23671966504379216,0.09581334325792722,0.48588211591918873,0.2977277965129317,0.641944857346768,0.7034503032334645,0.4607707644479905,0.2732382846793332,-0.03541069566349104,0.11491239960969031,0.028331446833579417,0.346028873626202,0.14871771543961065,0.8080835997446333,0.327179146787321,0.4555234287275253
-0.440777525121817,-0.19378026023053818,-0.47665728382801187,-0.010587720011338808,0.22389148446385176,-0.09577018139650129,0.07650122765244655,-0.07379887539751251,-0.24074998943647968,0.3756955805044911,-0.050787127557105946,-0.35720968924604657,0.5590947116776251,0.1761374823259324,0.367887212145317,-0.15413687600089196,0.5092777188529916,0.4049661961492954,0.26265027160862464,1.0,-0.1262237226767505,-0.528770949089902,-0.27285408203259703,-0.528770949089902,0.010554215168756799,0.16754043180374753,-0.11308427343941731,-0.08123190131299689,-0.09116854941626294,-0.255717008394539,0.3519573210905838,-0.22544377937000698,-0.5036493532313464,0.47708028005552483,-0.028086480083472344,0.37024293658827034,-0.3427771305747639,0.4897709902469415,0.36907839390511904,0.06842837798062303,0.9555025734510872,-0.17902076730500124,-0.5806877136170941,-0.2116349689831843,-0.6030451842406902,0.10878421198443107,0.34101704108692404,-0.05542520386022399,0.019241977645324898,-0.008365123378445614,-0.3125180066929943,0.25706467820787005,-0.062434386464793566,-0.4852393198182635,0.5205023815594184,0.11136560095742694,0.39733590332089197,0.016876431209398027,0.4594719938246669,0.06943947456172567,-0.013944404170149746,0.9623981261527773,-0.19739281856903387
0.5154204762696546,0.08669039108902218,0.5093246634233634,-0.07349696500203527,-0.17667330959894073,0.16186576253450866,-0.13904984125980915,0.38748966018436287,0.48653500730095844,0.3567915961981152,0.5499813393319288,0.4679884662797207,-0.06167508756805507,-0.01194044434960806,-0.19918937825174418,0.2137875079583877,0.3328959226355221,0.26472902029708245,0.36205638873261003,-0.1262237226767505,1.0,0.4541453244034788,-0.17307911879388943,0.4541453244034788,-0.19633578084149536,-0.24518696955677763,-0.032700599727475146,-0.21041728135153537,0.3609374376743251,0.3532953861166746,0.11284967940640195,0.4140068091345895,0.45310683439964783,-0.24241667216564947,-0.14116410094336598,-0.2869773121292066,0.06106753004009969,0.22168355188434624,0.20119758707283983,0.4598073672298842,-0.13996461118231235,0.9605076692471821,0.3371919038356328,-0.09736972404029452,0.4585337455644937,-0.16892883597776806,-0.3270574270705506,0.09211485674364656,-0.28893652693798966,0.42109006338009397,0.38344999816775904,0.2653998796335689,0.3765819133023755,0.42834948239699394,-0.24641182602834893,-0.12295447731297884,-0.2810150410554067,-0.08317873486704029,0.25380001299903254,0.19423752860614218,0.5033641702302935,-0.1348455565192413,0.9363390576042866
0.7581655336914649,0.600496248905458,0.9607800579628749,0.429312730609137,0.1535863510593171,0.418181448824225,0.28414583999825593,0.42893902213135215,0.4893352701358829,-0.09006571853354725,0.5579775043075209,0.34794406485199497,-0.14283747304778038,0.24151519654319195,0.028942725956906876,0.4211988893006362,-0.03698976415465034,-0.0867668463274748,0.0079848927040178,-0.528770949089902,0.4541453244034788,1.0,0.536316968779759,1.0,0.329031485328055,0.12741348727246277,0.2179227633021392,0.32740342780001663,0.38113761288874376,0.46735438083808845,-0.20874438335096046,0.5239155864041325,0.3907406795857827,-0.21273964596309405,0.3126793459588463,0.012586927467552146,0.38106214014312373,-0.11165033006491035,-0.0510256789063722,0.2015649666064489,-0.49896833077741914,0.5068078774374176,0.7026912895919525,0.5654340239832243,0.9344803656019487,0.2506802602943571,-0.01863485972981728,0.3196569070060106,0.1725436278004711,0.439163848832616,0.4565286936237172,-0.04491185955592946,0.42122498124161917,0.4451140317829833,-0.2678645467009913,0.2535010701192334,0.00991626583325054,0.27461791995897716,-0.02902662064900073,0.14140683340563898,0.24289325894643585,-0.4900662033577971,0.5120547653865358
0.40977696635889277,0.8766174896535875,0.4188341409360581,0.8153174991535149,0.5567677676418796,0.4457446374697175,0.6111009190257206,0.21443012699222655,0.22967270444804697,-0.2469545360795825,0.20713363513253608,0.07724187144438817,0.14324555437210187,0.5080885929947337,0.343241645937277,0.4028402360966606,-0.12883308001947713,-0.13409843899037527,-0.3067922917921692,-0.27285408203259703,-0.17307911879388943,0.536316968779759,1.0,0.536316968779759,0.8129811504501964,0.5306713918192862,0.43433858218005783,0.7032760422262863,0.12620451575897973,0.25829569502280386,-0.22797048958810595,0.20185444820725362,0.030828350280957928,0.1509320113914549,0.6260347001488127,0.31950840474162906,0.3510919200103423,-0.16351665016933345,-0.040351910965842466,-0.24110671716241874,-0.1908981745357319,-0.11401123936682941,0.41572222135047127,0.9696698618412987,0.4653647995251885,0.7807274082813314,0.43286808839388163,0.45445714125663184,0.5466884450516699,0.1699631456224732,0.23711165983788043,-0.18499775104149419,0.1585753718310684,0.16221610854083235,0.11566556733049864,0.5688289882702706,0.4353106055185558,0.5192716832258185,-0.10307120881839872,0.032947403776584144,-0.17948020201098613,-0.26986353403210345,-0.08658455260667391
0.7581655336914649,0.600496248905458,0.9607800579628749,0.429312730609137,0.1535863510593171,0.418181448824225,0.28414583999825593,0.42893902213135215,0.4893352701358829,-0.09006571853354725,0.5579775043075209,0.34794406485199497,-0.14283747304778038,0.24151519654319195,0.028942725956906876,0.4211988893006362,-0.03698976415465034,-0.0867668463274748,0.0079848927040178,-0.528770949089902,0.4541453244034788,1.0,0.536316968779759,1.0,0.329031485328055,0.12741348727246277,0.2179227633021392,0.32740342780001663,0.38113761288874376,0.46735438083808845,-0.20874438335096046,0.5239155864041325,0.3907406795857827,-0.21273964596309405,0.3126793459588463,0.012586927467552146,0.38106214014312373,-0.11165033006491035,-0.0510256789063722,0.2015649666064489,-0.49896833077741914,0.5068078774374176,0.7026912895919525,0.5654340239832243,0.9344803656019487,0.2506802602943571,-0.01863485972981728,0.3196569070060106,0.1725436278004711,0.439163848832616,0.4565286936237172,-0.04491185955592946,0.42122498124161917,0.4451140317829833,-0.2678645467009913,0.2535010701192334,0.00991626583325054,0.27461791995897716,-0.02902662064900073,0.14140683340563898,0.24289325894643585,-0.4900662033577971,0.5120547653865358
0.309094761867142,0.7420667694368609,0.2826973026968777,0.9378508998052745,0.4750877279634634,0.41053563594333453,0.6645456453434792,0.11420837438913209,0.10535208454061125,-0.20833147707122557,-0.009752477645736675,-0.08851502842925496,0.3334027812033971,0.41036417055650076,0.5053441039482549,0.2766163895646225,0.08721296223925344,0.053288864457431605,-0.3764832448539668,0.010554215168756799,-0.19633578084149536,0.329031485328055,0.8129811504501964,0.329031485328055,1.0,0.4796235137212025,0.30508041944201664,0.6732051421114059,0.027584302603853004,0.06528800565434667,-0.15522416848697876,-0.033767655441132666,-0.14049168487446012,0.271019023362962,0.4859561301876998,0.41920470242793534,0.21220732701061454,0.05125993411206509,0.11691995666340478,-0.3014406115850632,0.07332036739248421,-0.18303496300260172,0.2593729616474439,0.819789179097098,0.26056021122434603,0.9530890370484763,0.3696018628790103,0.3630127282180889,0.5596318928993151,0.1199180539870115,0.10530379867775169,-0.16181381395088335,-0.047211503035902706,-0.0836373800572141,0.29994530476577846,0.4250686705622845,0.49958778553027544,0.3857516859031964,0.07368409673140137,0.1928841672548739,-0.21824590512687236,0.027026804457603294,-0.1639197535352409
-0.14820421126199465,0.4120029957078898,0.04618573226928587,0.49125066270311707,0.8704300106458218,0.6031254521595142,0.47614789792486173,0.42643438366112174,0.24899405117308804,-0.035919050036490964,0.20572809121847513,-0.10598864106956625,0.6409827468258771,0.6494784213221397,0.6237400486891288,0.024291174186627792,0.24890098812876693,0.25556602922497024,0.035553589050932026,0.16754043180374753,-0.24518696955677763,0.12741348727246277,0.5306713918192862,0.12741348727246277,0.4796235137212025,1.0,0.5747318475753722,0.5687668640176378,0.36523542776638274,0.27093580050199556,0.11279339641549396,0.285124646945457,-0.19659864408928585,0.6190324950961773,0.5511071244430427,0.6283370649140865,-0.09554457107018136,0.2731948315638752,0.32917572657270194,0.11625125997786168,0.23825445087546773,-0.156227749798919,-0.14473259878515432,0.6041134062414253,0.043346962281692804,0.4995188361414608,0.798481714822987,0.6721266978781204,0.3567671513944646,0.4177813359340436,0.30745513931293605,0.02129121641373408,0.21746652385715604,-0.0486395721463164,0.5462848092095777,0.7041909348931511,0.776999971205031,0.2710923101538887,0.3328376957585594,0.3624678175561876,0.12505366414183405,0.21919015959226804,-0.1410943781042019
0.0718567644305768,0.1979250352532566,0.10298236586065326,0.270842801179368,0.3497183145409637,0.8283246444548101,0.30527217289277203,0.5019322800688159,0.3973966728155679,0.1983357330058177,0.32914841925413296,0.2821704918157341,0.43889148788826493,0.16318804377264692,0.3626466111246554,-0.039754013079070394,-0.03642418072243242,0.1148974093840134,0.18702620748256796,-0.11308427343941731,-0.032700599727475146,0.2179227633021392,0.43433858218005783,0.2179227633021392,0.30508041944201664,0.5747318475753722,1.0,0.47142124017423925,0.510637656507726,0.5654187622367409,0.3044474215735276,0.44057324380983054,0.22780815377794808,0.48611580584554287,0.40799573172860715,0.4451954007645196,0.08120346998492152,0.03692078187591327,0.20012314641792078,0.32397168679517324,-0.042747344645249555,0.08720668733215689,0.24521982734623116,0.47552174849144657,0.22050403809614505,0.34972477892129833,0.3921253109562215,0.9435881847253725,0.33048489187550234,0.5268110403871199,0.49091729755670716,0.33927349788868627,0.36118328917801296,0.41553687001742223,0.5322250777897399,0.27683729440031757,0.5540109416801181,0.1645386592046899,0.0948982842149406,0.2731531502044242,0.4210330455368906,0.005220922065099623,0.1318996023723046
0.255165663339343,0.5305869085702802,0.24317874165498593,0.5947971695409968,0.4258769060586609,0.47081436051652353,0.9393785256760456,0.43036186486484374,0.3177688228303387,0.07907907659925446,0.28537842478754355,0.2113633445093484,0.40613420799157524,0.32972560608373463,0.5917958993059111,0.3912106088114193,0.08034921337345428,0.11615928436028011,0.03457467349190853,-0.08123190131299689,-0.21041728135153537,0.32740342780001663,0.7032760422262863,0.32740342780001663,0.6732051421114059,0.5687668640176378,0.47142124017423925,1.0,0.32497420733366283,0.38409018793043365,0.17344888420100726,0.23830947928206342,0.1377079816030949,0.49433384264411423,0.480166332544948,0.6222017327831896,0.39502698044893914,0.11639498827112249,0.33592074209280076,0.16269109026507947,0.05552694809260767,-0.05650511172061156,0.4415490339998138,0.7951605586989547,0.34591111766933336,0.6769120585399849,0.48072951457357194,0.48841579317101175,0.8836245081300058,0.3118824457578073,0.4329831002963304,0.19390519695227093,0.3069040878303338,0.257955001646487,0.434427282826411,0.40945382497335986,0.6537236907355815,0.5483480708155948,0.19550881675398363,0.13949674325723227,0.23459925220418149,0.01229613212948498,-0.01105389998273475
0.14692214515367835,0.05916343422411748,0.3399094985794795,0.007576842862635674,0.2191860824736054,0.5632396897973794,0.25106304078500224,0.9111594102241717,0.5590362679536424,0.1872798419464013,0.7074041564067587,0.2659168708765956,0.17207893343717134,0.08317812046708238,0.25004734305987664,-0.1621450790794798,0.3961545558154934,0.36547223705168014,0.544465762874714,-0.09116854941626294,0.3609374376743251,0.38113761288874376,0.12620451575897973,0.38113761288874376,0.027584302603853004,0.36523542776638274,0.510637656507726,0.32497420733366283,1.0,0.610766153887992,0.19157456229047262,0.5605583109331194,0.18343784468616522,0.1867168107583015,0.07183605812071675,0.19914130142651051,-0.14253764545270348,0.4299376279604158,0.4050092973555264,0.6978959410656489,-0.031283114644370266,0.4878873244549135,0.2586890456117317,0.2048784085934787,0.43028567559059616,0.05329793884281844,0.2727936482610875,0.5988372858581892,0.15635448066868046,0.9363204202654016,0.6486212957447028,0.26736805278807235,0.6479345897814188,0.33965994172479613,0.20526514632175633,0.11672936290950693,0.3490464495617194,-0.16707689972769638,0.4881310382567491,0.32098862993249017,0.708683562665286,0.06964757036154685,0.5071566429021283
0.34661063230102496,0.1929659335812845,0.41227452733046893,0.08599728706252385,0.14682264672831438,0.600815635185628,0.27244397510873214,0.683215378642431,0.9298577080330941,0.4355065833724453,0.6013098058353433,0.5331064532530488,0.2725424648836675,-0.08246575324895145,0.2845735948048377,0.15414663068006762,0.12248316546963083,0.4319303498137174,0.31408148262557245,-0.255717008394539,0.3532953861166746,0.46735438083808845,0.25829569502280386,0.46735438083808845,0.06528800565434667,0.27093580050199556,0.5654187622367409,0.38409018793043365,0.610766153887992,1.0,0.354362924351757,0.6036621613303438,0.47479187493766406,0.2720554982312949,-0.08319603845200434,0.31387297628289146,0.10764828545888658,0.10503109413712047,0.47401811028073254,0.5852406470477015,-0.19971743693688007,0.4857414263792678,0.44779127459462775,0.3465364122435587,0.5064013346221639,0.11252030766704708,0.12320761210689013,0.6124626310025642,0.2050904334186301,0.5936509729464661,0.925068897737143,0.4877607988243133,0.5307652153938767,0.5997896318974143,0.30154950929767,-0.06757574206245937,0.3587704034522428,0.19770577685355034,0.2111246066683815,0.46427076498422537,0.6632185328846678,-0.13087143366271367,0.5198179572632307
-0.26358366276921374,-0.3598772117537972,-0.2340949328255712,-0.1970374646272205,-0.11409183526747196,0.15367380103219166,0.19809693112867044,0.2119071657460828,0.2320618383529448,0.8886329002991312,0.2911088762575027,0.3265682700873265,0.5325585081330875,-0.14884739243071757,0.43200393888218863,0.04680681650207465,0.2659758273073686,0.5670312250161699,0.6109525986022768,0.3519573210905838,0.11284967940640195,-0.20874438335096046,-0.22797048958810595,-0.20874438335096046,-0.15522416848697876,0.11279339641549396,0.3044474215735276,0.17344888420100726,0.19157456229047262,0.354362924351757,1.0,0.26642912620379394,0.29740510067463477,0.6125741342104207,-0.06955498091658202,0.4435106037097848,-0.03763827848223071,0.31002543951699124,0.630442185115274,0.572979189208608,0.35583854709714813,0.15667881370777859,-0.15533229260372527,-0.13504718478606859,-0.19948350246011898,-0.07212444437228256,0.04894244617109363,0.2671729852104873,0.19049186236102014,0.2063293899970197,0.2552592030687217,0.9371384768091241,0.35005456301603144,0.34490709870919584,0.5945185204956426,-0.11461133943345818,0.3575214904462812,0.1631912821813088,0.29287138922283074,0.39379220670393217,0.5813115387332682,0.4008478281340584,0.17502045618821713
0.33995313430743773,0.16783850405330758,0.4378121002801524,0.05955347636864416,0.17941018595081848,0.4800959383420264,0.22279545548008176,0.6110657461867489,0.5262355369522138,0.2857132191408279,0.8059698161345703,0.4745411904016204,0.09462631795488181,0.15496907031717821,0.059413227625987705,0.2860224698977582,-0.09003359755337915,0.15294149580590255,0.49199628487251873,-0.22544377937000698,0.4140068091345895,0.5239155864041325,0.20185444820725362,0.5239155864041325,-0.033767655441132666,0.285124646945457,0.44057324380983054,0.23830947928206342,0.5605583109331194,0.6036621613303438,0.26642912620379394,1.0,0.43058028560290884,0.13169106110403214,0.16843377546864335,0.10346522955320958,0.17897216478485378,-0.08453381576877177,0.22649414194984288,0.5688108762759155,-0.1543339593955517,0.524144014231993,0.4186262307330192,0.2904120374945077,0.5576418423296998,-0.03182203791328517,0.2279361143349652,0.5072413110192426,0.14113715119805006,0.5088275684502012,0.5803464856095768,0.329530759853933,0.8049860023702367,0.5797739303532236,0.13258815571467086,0.2602973111087979,0.1545422796331899,0.2788673673694331,-0.018381381097249332,0.38679368899582744,0.6270533586672778,-0.15928365205490655,0.5468738909166123
