Fp1,Fz,F3,F7,FT9,FC5,FC1,C3,T7,TP9,CP5,CP1,Pz,P3,P7,O1,Oz,P8,TP10,CP6,CP2,C4,T8,FT10,FC6,FC2,F4,F8,Fp2,AF7,AF3,AFz,F1,F5,FT7,FC3,FCz,C1,C5,TP7,CP3,P1,P5,PO7,PO3,POz,PO4,PO8,P6,P2,CPz,CP4,TP8,FC4,FT8,F6,F2,AF4,AF8,O2,P4,C6,C2
1.0,-0.22882375755611326,0.7566906043478648,0.7786112777692112,0.3785284302399922,0.30461827777102846,0.18735113589505087,-0.4810718732794148,0.6027772920859178,0.6496561461941867,-0.002644613948041285,-0.5494956016616155,-0.43131348863558294,0.42117295209409095,0.10724065079936676,0.7516344159119664,0.594280780311381,0.2682193746711012,0.8289386022025946,0.0961709262429438,0.755543318056118,0.49505569557586415,-0.14382045049026124,0.49505569557586415,0.6395565040896073,0.4312633277708247,-0.10052782926374745,-0.26822220595680657,-0.5106540160809195,0.27740734786834353,0.4901224997156225,-0.019096913736606113,-0.3502800144239574,-0.5092072090532607,0.19394585539936948,0.27621110425420625,0.6056148248401797,0.430193906796027,0.24142916105557055,0.5111864439954011,-0.10653835206675477,0.6817126059415399,0.7380016359514802,-0.19903150696976396,0.6494729002394751,0.33103184539226393,-0.07648880659444304,-0.051671353838761085,-0.15960269724928663,-0.6474594308852654,0.32256292704007805,0.5655403908712284,-0.6612007125913294,-0.5280006499458488,-0.7229732959974012,0.16343313458710507,0.3376810877128381,0.7212581187714527,0.5026731567160555,-0.36861884666318984,0.4222486620413687,-0.2096933900625335,0.698025640419432
-0.22882375755611326,1.0,-0.3233355233806708,-0.12798248811409946,0.5159646837575361,-0.2906260638271969,-0.02309466126355645,-0.11273411736733292,0.1687312012859922,-0.07783661667093247,0.29817685415840994,0.019864679833671166,0.3546227838474479,0.32907047097726294,-0.007854800230232014,0.07983422231128733,-0.061350028272868326,-0.46591799481083407,-0.1575500959675636,0.14801551672613494,-0.04815350896473791,-0.5477017781354222,0.9779762664004514,-0.5477017781354222,-0.13526001981078645,0.29290965158909993,-0.32623644362216003,-0.3172342901486146,-0.2763120440286283,-0.03531616495138944,-0.19337095361969434,0.27981246520422737,-0.06832652531310886,0.20044356480845954,0.30804603172539174,0.04347168362462255,0.015648800711746118,-0.17034823895818668,-0.5031425162825421,-0.17305605570367086,0.31818855355640363,-0.2861568008264251,-0.5685938772978538,0.957493284432917,-0.4019525486701682,-0.2659010922173914,0.6972359132273962,-0.25813121729730665,-0.1608879915583475,0.027700850088954416,-0.015523725347812453,0.10559458539726467,0.09277794208614065,0.08991404621288929,0.49897236564736397,0.3091231980360283,0.0946045842046621,0.12353733871410597,-0.19611702782051157,0.1805592161044414,0.021468355681685064,0.01894519371395452,-0.09228180974945872
0.7566906043478648,-0.3233355233806708,1.0,0.8571952379417241,-0.05529299920155546,0.7111400618124675,-0.04593394630782288,-0.31676391032842577,0.63267108133324,0.7395253102308077,-0.2553412315590663,-0.5394851217266368,-0.09237432831795779,0.5518609169178682,-0.14159574698510535,0.5699553732629878,0.7218431884096201,0.5628882134103456,0.5653094574432415,0.4929450258697119,0.8799673395222252,0.8477171085876664,-0.25224075823683206,0.8477171085876664,0.7623301935057657,0.06069280078621681,0.28974301728428026,-0.3360979578295779,-0.20510324026472235,0.4868359563592542,0.5378075475677693,-0.13720855731443563,-0.2640386488543873,-0.12171607332520334,0.3546860793120103,0.16778660612286822,0.5602189193609469,0.5853557360775298,0.499615307498582,0.21580897486986156,0.31219814282574615,0.8553408923692625,0.33955354373156255,-0.40307734205925444,0.969017911335994,0.4015931931414844,-0.40475159892219503,0.4295031816849076,-0.27268879079145664,-0.4867051863490141,0.3913464913073112,0.4484537968536343,-0.74121851999622,-0.5232439838506896,-0.46840130255247275,0.33697200948227013,0.6883716345067826,0.6578899788864413,0.578223340631233,-0.12302419130704745,0.11208079103414613,0.3264190859676445,0.8415943166328016
0.7786112777692112,-0.12798248811409946,0.8571952379417241,1.0,0.1588812135397144,0.44118755263408066,0.2316076050064881,-0.16035766937118817,0.7091404300309445,0.8143070598137576,0.11517774025344707,-0.6386208950640251,0.09241465389384898,0.5143166637220544,0.22001957568584943,0.7128731225242265,0.9467612190853276,0.3679420206853753,0.6616597065634804,0.22420354569536927,0.9296046860856562,0.5571210656684883,-0.08753082980732216,0.5571210656684883,0.8070106869724971,0.13953094419568562,0.011346925943435587,-0.3177486744971171,-0.13361088011426114,0.25490416120556963,0.5012010553810168,0.028753444069866404,-0.4888533169694715,0.008730333141583228,0.29372080138337064,0.3582035728620439,0.652651745187221,0.7657353612397068,0.3218111028998442,0.49386436625054686,0.14496871404563905,0.9265456228395089,0.33359268010550747,-0.20802413771606018,0.7731111762355324,0.7123930159178514,-0.0511156349732256,0.12387849050876851,-0.07502332602184952,-0.2744394534667957,0.2787980482797625,0.6349374008253532,-0.5563472500856896,-0.641434060724412,-0.2827897777481719,0.3513274140174847,0.38381025886694853,0.7957428863159152,0.8563576357436816,-0.4166457722681294,0.40048528077129797,0.09770192207118027,0.9022172872942278
0.3785284302399922,0.5159646837575361,-0.05529299920155546,0.1588812135397144,1.0,-0.4111218924977313,0.4105115809336953,-0.11314825625928018,0.3048488093012681,-0.14103269265690654,0.5499980642334097,0.056534490136582495,-0.07015889445051172,0.5813054313607039,-0.1435604699399886,0.3477285689616899,0.007851648039096161,-0.6938755164579753,0.5084192587319205,-0.08788537830396977,0.07139469367970908,-0.36474061046484213,0.5279568887699506,-0.36474061046484213,-0.06127801695351335,0.8041907726017844,-0.4695675611678272,-0.07829050138851056,-0.34690389346346395,0.029215063155348935,-0.25193885121882065,0.2885712201605422,0.006087727714186992,-0.2037301977135822,0.5494722878919331,-0.21032445676897366,0.1848826292841189,-0.13240512670183652,-0.6616074771342555,0.4993578041876537,-0.07035217664113352,-0.11267728757983585,0.07185087182057563,0.5320768565863488,-0.19048179511217397,-0.18090028126069282,0.7943297132407656,-0.5958734095466356,0.11295393643180585,-0.16429219457140165,0.13983608780981485,0.06496493037282022,0.08134596986753222,0.17279460073300032,-0.036906909241959246,0.543964560927087,-0.04554772170988036,0.31255362895101796,-0.05276366985655273,-0.35556235530290703,0.5622972178246638,-0.4122094499746354,-0.06357922441509847
0.30461827777102846,-0.2906260638271969,0.7111400618124675,0.44118755263408066,-0.4111218924977313,1.0,-0.35794536922082043,-0.09870410033343692,0.5805223949724968,0.44512295754929193,-0.548414704227659,-0.2105174559701348,-0.020980508113236436,0.3528667156051651,-0.35545115290293616,0.12224422624842725,0.3638915401817183,0.6249505688384706,0.05878295399374164,0.6601710405089102,0.543755463817891,0.6465378527773028,-0.23454346855069677,0.6465378527773028,0.46448263286379154,-0.36465274765445926,0.4344673477548312,-0.3381339438449908,-0.10320691453670885,0.5556308391568359,0.1804416692076299,-0.2661640308942201,-0.09223557069906653,-0.07133309316989984,0.15660662310405216,0.06093712370255887,0.10261573285902316,0.2041047092430583,0.589155465576039,-0.2763814155429151,0.5256783103487762,0.548964766676512,0.041397053497659146,-0.2629438850731373,0.7213509598031427,0.042327381003289935,-0.6708330347252521,0.7718933867335261,-0.31728534157618254,-0.2836905717511656,0.5761053969088727,0.04401542580402491,-0.5660255884480189,-0.2509802924810613,-0.24506011585002221,0.1964223573417945,0.6472955658469369,0.21871648522965184,0.21619879999161756,0.36158515389476326,-0.24997414756680264,0.7176963918469514,0.5877203518919462
0.18735113589505087,-0.02309466126355645,-0.04593394630782288,0.2316076050064881,0.4105115809336953,-0.35794536922082043,1.0,0.485550007884479,-0.08620067192468821,-0.02834535356074946,0.8951641028171206,0.28241281127063034,0.2633949979155357,0.12481844631033517,0.11209812190595038,-0.16462617717147435,0.20613970378178248,-0.3201116717661922,0.3080819449627994,-0.4796591582887588,-0.10292684812854795,-0.26381496407056304,-0.13860491893694935,-0.26381496407056304,-0.09100294746392977,0.05264321275431542,-0.7185996571252018,0.5510318191615322,0.1745028831417413,-0.4270698684455591,-0.28826011940034607,0.5401403514150044,0.02455578485524083,-0.009316150014872715,-0.06008649000101594,-0.19686806742570226,-0.3199982738148112,0.058042374362436235,-0.2952249745221815,0.5636351582208955,-0.5614083984810425,0.0054278577563996655,0.0570885808120579,-0.03223141672205973,-0.19134941360103644,0.37791269596332905,0.3469223481531132,-0.7561811906214096,0.897112808827786,0.4006149618525934,-0.30319352698450874,-0.10111124989164574,0.5278458981250738,0.1902240979868538,0.1543111718443432,0.10445622640640456,-0.5917920481273047,-0.1312047820841056,0.24350918152346304,-0.6500980130580201,0.3835709232245807,-0.5231268515464484,-0.14762371685590198
-0.4810718732794148,-0.11273411736733292,-0.31676391032842577,-0.16035766937118817,-0.11314825625928018,-0.09870410033343692,0.485550007884479,1.0,-0.20851467639318175,-0.3748603815546783,0.41134720160039523,0.6851469934822343,0.5087312767346266,-0.114465904867693,-0.06981807061489662,-0.6258744733932482,-0.03340774808958945,-0.415649519243261,-0.1370152313271329,-0.18940194740359945,-0.36125255887653623,-0.23550879956323242,-0.18502420691268257,-0.23550879956323242,-0.16514083630531476,-0.2510160994144048,-0.038573201044878956,0.6807894563957516,0.8510075851539566,-0.044390304786537674,-0.4880903231248663,0.4776902625003999,0.4645329312577607,0.5384179442844224,-0.008364656778495799,-0.2435901687736847,-0.611401777693263,0.05814237135216228,-0.3863201666781395,0.19691278596145192,-0.05909305250444055,-0.2681211136338717,-0.42067349800699905,-0.0988315298739021,-0.3158536651604249,0.14361712894254292,0.04991589638817997,-0.08202799486560533,0.7360364617314473,0.928834068652334,-0.09884872809541533,-0.4042927732978098,0.688651140483948,0.6013163222211966,0.5376725194119933,0.07516566670369179,-0.5724175314083197,-0.597509121599695,0.11385395615810914,-0.390741028621281,0.22351874041531,0.16651299476746106,-0.3172996870036038
0.6027772920859178,0.1687312012859922,0.63267108133324,0.7091404300309445,0.3048488093012681,0.5805223949724968,-0.08620067192468821,-0.20851467639318175,1.0,0.6164231888716908,-0.053990801418122715,-0.4882730949349912,0.16689318076476659,0.6623292166286334,-0.12766636068554799,0.6820288791820057,0.627043171451222,0.19328713280000315,0.3918247007518368,0.611569214366063,0.7714268131589866,0.33091898712506357,0.2478090450080173,0.33091898712506357,0.5267925601158805,0.24066908102343817,0.1383973382295629,-0.6430705497639658,-0.34360638358986384,0.517300476773234,0.23585041357366732,-0.2200133565617679,-0.4193982520031422,0.05504372434942367,0.5085201274233584,0.09170056672512972,0.5326628569247558,0.3704126032239722,0.22454718259759127,0.0725863800947323,0.5601866120001637,0.6834943454033195,0.19162779989652545,0.17103514177415916,0.5879235736837581,0.2123004402945682,-0.005393773906602358,0.32447214864083956,-0.33991253573874064,-0.4107017065393534,0.8112266480303678,0.43711084076428963,-0.511438577374211,-0.4616386823932147,-0.09139265280487399,0.5380577861513821,0.5002984120162987,0.6517021157979999,0.45199861732830315,0.04454485220837081,0.16411217794362504,0.4443318182734712,0.7344207780787215
0.6496561461941867,-0.07783661667093247,0.7395253102308077,0.8143070598137576,-0.14103269265690654,0.44512295754929193,-0.02834535356074946,-0.3748603815546783,0.6164231888716908,1.0,-0.1266479257359543,-0.7621447324616317,0.09911490039750831,0.1700952951385217,0.3678614440409717,0.7088479522886828,0.8499608797525072,0.6343553490827673,0.40579975737560137,0.33295433675699826,0.8838484313222457,0.599140138932041,-0.010687801107009844,0.599140138932041,0.7916911752644029,-0.030066277605385234,0.14029683030543458,-0.45153790754974793,-0.2779724606151337,0.26649686283231305,0.8089724141023076,-0.08932530284869981,-0.5397391234815573,0.051331501951252176,-0.012879534076050749,0.5290535309417432,0.6540102791164124,0.7442981254390056,0.5735124135834843,0.06727329328407634,0.22163440942623608,0.8488042515700018,0.3993126023308075,-0.15416063984334313,0.7208900907670172,0.6221376377541,-0.31868276332937834,0.2725668957163169,-0.29157692544564046,-0.45444407455866065,0.2931007272705082,0.8410535280392897,-0.6821285978316035,-0.8174556969673706,-0.2645192784657682,-0.05661097386540581,0.38583767235471955,0.6765209016548328,0.722143111835758,-0.1433664503143829,0.0071562029270067565,0.2043774993878053,0.9028809910794409
-0.002644613948041285,0.29817685415840994,-0.2553412315590663,0.11517774025344707,0.5499980642334097,-0.548414704227659,0.8951641028171206,0.41134720160039523,-0.053990801418122715,-0.1266479257359543,1.0,0.18786676649829254,0.46542589973784004,0.1919863665488584,0.13686171625069005,-0.08598668396843212,0.12914270576323403,-0.4597142679107592,0.0904540540879178,-0.4391959726165057,-0.18972786006885167,-0.5228188780970883,0.16065378739062358,-0.5228188780970883,-0.2857069663033538,0.1127253220706839,-0.7800607313277671,0.3007825828336926,0.09084862986674389,-0.5584391678268386,-0.4026114575043578,0.3878974808349227,-0.14629789407609986,0.16358227045654777,0.06495901736199514,-0.2693880660965436,-0.2252324151559467,-0.05771013667524896,-0.3998114062817342,0.43369371628925013,-0.42393163117837834,-0.08223178813444144,-0.1675797142353814,0.24549151059017593,-0.38109682734100786,0.32035544438150904,0.6465032776002395,-0.8467905240477684,0.7557830359965362,0.4108768344620085,-0.29235974639291085,-0.12146412877988519,0.6543773784622005,0.1398504479163011,0.44398118570063755,0.26375122382301774,-0.5761130743330884,-0.05148439834767566,0.14156211143470124,-0.4769463901693855,0.3011305431485101,-0.5186441141107466,-0.25545635474318457
-0.5494956016616155,0.019864679833671166,-0.5394851217266368,-0.6386208950640251,0.056534490136582495,-0.2105174559701348,0.28241281127063034,0.6851469934822343,-0.4882730949349912,-0.7621447324616317,0.18786676649829254,1.0,0.07121816093953275,-0.12255934227876049,-0.45821770653341576,-0.8614924246400754,-0.643470930135393,-0.6075728726094284,-0.20991233180318597,-0.15296671411850368,-0.7297644973126095,-0.3574742515748069,-0.02480609493511228,-0.3574742515748069,-0.5009273889684196,-0.021226087409576783,-0.08716093315882813,0.7568771643495869,0.49778621292466185,0.041996999328341125,-0.6599124758642118,0.5119349468603764,0.8488257851323516,0.09795727267228144,0.008756768881052585,-0.48872404286422755,-0.8733552650107559,-0.5051687536305486,-0.599527419668646,-0.05523880240367037,-0.1165298464142489,-0.7859194750563354,-0.40365064149796087,0.10807851718229262,-0.5487323888055209,-0.5581816327300014,0.05060126087882121,-0.1575151174878039,0.5727047180605281,0.6182965618469414,-0.1527041600229772,-0.7075666642553886,0.6371729733374545,0.9729041857524506,0.2790628789012769,-0.025735662636431064,-0.4442210650872029,-0.8740366451383046,-0.5535938812543393,-0.08525331239633599,0.027805784354186493,0.029503297842105702,-0.7295342536043852
-0.43131348863558294,0.3546227838474479,-0.09237432831795779,0.09241465389384898,-0.07015889445051172,-0.020980508113236436,0.2633949979155357,0.5087312767346266,0.16689318076476659,0.09911490039750831,0.46542589973784004,0.07121816093953275,1.0,0.22672350267242697,-0.10191131027865752,-0.15962502965979072,0.2494447456633689,-0.06370015555715759,-0.4208782295901576,0.30896045241945586,0.0008450196734826339,-0.12643846793123603,0.2593479727568791,-0.12643846793123603,-0.12814982164271935,-0.29799153957984054,-0.03573568333425682,-0.08379589853737239,0.4067159260885124,-0.09749065969989956,-0.16626943251992468,0.03501681102406883,-0.11330697292819547,0.8589062239222878,0.26924902703054904,-0.3109183769297028,-0.13633416019606603,0.15819473861198058,-0.01575816300458862,-0.25963407913227626,0.4172812623717826,0.1013661293193684,-0.660070999357562,0.18110795887810077,-0.04356089379843093,0.2855977433466138,0.17973111933904615,-0.012326432665176875,0.28796072599976513,0.49635170283094426,0.11056453869374307,-0.061698512272915416,0.4548155976838127,0.022054506644117518,0.9051173196191049,0.3822203272762139,-0.09049467856320619,-0.12417664523961859,0.1739481359799918,0.06957934789159723,-0.27412909274998515,0.415468758649225,-0.01595178574171518
0.42117295209409095,0.32907047097726294,0.5518609169178682,0.5143166637220544,0.5813054313607039,0.3528667156051651,0.12481844631033517,-0.114465904867693,0.6623292166286334,0.1700952951385217,0.1919863665488584,-0.12255934227876049,0.22672350267242697,1.0,-0.5745659536163977,0.3627768082309383,0.32218783450425825,-0.1617256867255412,0.3676538510905386,0.5700543023449776,0.4826939265082809,0.24337887475145395,0.34238744765831214,0.24337887475145395,0.227152162430824,0.4080468172843009,-0.027551291850211275,-0.38163219062703224,-0.25156393918825254,0.4071474954055517,-0.13981892687049924,-0.008543172687277787,-0.06584751109650074,0.05382498261374364,0.8721540801614807,-0.3758307535392732,0.2895204467827803,0.07026776295597538,-0.1595959718826606,0.178722973114602,0.5108428435791327,0.36373949065177497,-0.21243795829670678,0.23423680857488122,0.47303655082335333,-0.07182697376426117,0.3058236882528757,0.058747507012768894,-0.13053343727914016,-0.2651552485218016,0.4822392115860815,-0.011237508347182566,-0.252181387256969,-0.008388005680705376,0.0555419111774682,0.9233939597544192,0.6112500084079414,0.48305519114057227,0.11664125894707895,0.01163688546594304,0.19428883386822843,0.29310061643330526,0.3470887494776261
0.10724065079936676,-0.007854800230232014,-0.14159574698510535,0.22001957568584943,-0.1435604699399886,-0.35545115290293616,0.11209812190595038,-0.06981807061489662,-0.12766636068554799,0.3678614440409717,0.13686171625069005,-0.45821770653341576,-0.10191131027865752,-0.5745659536163977,1.0,0.3185280094469906,0.4221789577850997,0.14691395221374406,0.15161219313546737,-0.6219714156418228,0.1835959338229422,-0.21577620167741982,-0.010713957506099594,-0.21577620167741982,0.3222760989323926,-0.10329939152096376,-0.23178339235287923,0.02523664781588734,0.044512105997278326,-0.4315438567247604,0.41777312920662674,0.15526000625182318,-0.4848569075193887,-0.03152346517363016,-0.6126777124547325,0.8211345746704322,0.32961941032233505,0.5027607136392319,0.10286084737329637,0.3624537369808975,-0.4855232812488236,0.23654920920925374,0.32283287396717664,0.02222315955618142,-0.18323647509112842,0.6634763239158754,0.15653917646968413,-0.2595188176809448,0.04153313755070425,0.13075121875413015,-0.4521297425215008,0.6058623083930335,-0.06815262288364497,-0.5293875300063225,-0.10716658491398715,-0.5773496819974557,-0.4455299286047673,0.29572622869471604,0.5777719498504594,-0.42703243697931953,0.3427441210898766,-0.4706000255618561,0.2882722577946883
0.7516344159119664,0.07983422231128733,0.5699553732629878,0.7128731225242265,0.3477285689616899,0.12224422624842725,-0.16462617717147435,-0.6258744733932482,0.6820288791820057,0.7088479522886828,-0.08598668396843212,-0.8614924246400754,-0.15962502965979072,0.3627768082309383,0.3185280094469906,1.0,0.648477316004891,0.24536844563668828,0.5582406182036918,0.22673945283061375,0.8053552630028271,0.3486829994267346,0.1815714105686287,0.3486829994267346,0.5969532416461565,0.4810241842406443,0.10733781905314722,-0.6887768181872126,-0.49962162832637735,0.23866255055388033,0.6291919371332345,-0.31744260344163006,-0.634796536352868,-0.12504025292572463,0.30730542627687324,0.39498099732140274,0.9468997116524571,0.544084806027537,0.24864013644097077,0.30391674829868154,0.19732135950130902,0.7236510862705052,0.5255299730793089,0.025073133728206826,0.5503592186702195,0.4099610239185572,0.15584009852299818,0.06770706344408912,-0.5467293815233487,-0.6576641452026772,0.38543998157077514,0.7793583594481696,-0.6747953896129092,-0.7784855225263709,-0.3823983446450225,0.24482674152594083,0.4348453832585365,0.929343551655567,0.5607737587579338,-0.16350639053494062,0.3036585516518065,-0.058989984144106535,0.7511054437206806
0.594280780311381,-0.061350028272868326,0.7218431884096201,0.9467612190853276,0.007851648039096161,0.3638915401817183,0.20613970378178248,-0.03340774808958945,0.627043171451222,0.8499608797525072,0.12914270576323403,-0.643470930135393,0.2494447456633689,0.32218783450425825,0.4221789577850997,0.648477316004891,1.0,0.3776183200721045,0.5289098677255222,0.15669078838819725,0.8884929701676036,0.4705067028649299,-0.029894488248886304,0.4705067028649299,0.8288439958673011,0.008423184539173036,0.046740223950719244,-0.276258933402155,0.033378336740682905,0.18471080553777397,0.5601412386712545,0.09551727258911322,-0.5150775158871279,0.2092115300662545,0.14893148012586999,0.5126828774778328,0.6225993832470906,0.8797424751726192,0.3198000690096482,0.4329900350754047,0.15640030729373777,0.8952475055457367,0.218296758184525,-0.15506176311372608,0.6600780533825794,0.8345802645543854,-0.04766870492794721,0.1540399639613611,-0.04585171717483949,-0.08683809460268106,0.1774733998695243,0.723563178949092,-0.47071459012197714,-0.6757153416489237,-0.10413323646916056,0.20211761583056836,0.24831297122191875,0.7219638624825021,0.949342320799174,-0.44334044230015196,0.3704930352903996,0.14416767147616177,0.9017259292773147
0.2682193746711012,-0.46591799481083407,0.5628882134103456,0.3679420206853753,-0.6938755164579753,0.6249505688384706,-0.3201116717661922,-0.415649519243261,0.19328713280000315,0.6343553490827673,-0.4597142679107592,-0.6075728726094284,-0.06370015555715759,-0.1617256867255412,0.14691395221374406,0.24536844563668828,0.3776183200721045,1.0,-0.16498358768348795,0.26407456417237907,0.4453852461705555,0.5955995364958312,-0.4646443863843044,0.5955995364958312,0.32797061051475174,-0.6156422617662703,0.23891189033033833,-0.4007227852223826,-0.27011165292389566,-0.01846979644367256,0.5197604749070448,-0.52732661951331,-0.5157471077445038,-0.14111591360724612,-0.37385356035680917,0.2739717062543817,0.28197213096114554,0.2590993418177706,0.9771249296633864,-0.37154512652159416,0.08025912868918245,0.6300250608804279,0.2976702004302273,-0.5073702153069007,0.6195441214808739,0.38182455321369757,-0.7440037849401671,0.4797879678213486,-0.32293840742682733,-0.44245550216981916,0.10784790246923685,0.27454591471930057,-0.5058932399294526,-0.7061474897907318,-0.289204092540683,-0.3021330879245402,0.4059950390351528,0.296060880271869,0.279505854435084,0.3888972975108246,-0.5344573494695389,0.27573290547659934,0.5173512289629163
0.8289386022025946,-0.1575500959675636,0.5653094574432415,0.6616597065634804,0.5084192587319205,0.05878295399374164,0.3080819449627994,-0.1370152313271329,0.3918247007518368,0.40579975737560137,0.0904540540879178,-0.20991233180318597,-0.4208782295901576,0.3676538510905386,0.15161219313546737,0.5582406182036918,0.5289098677255222,-0.16498358768348795,1.0,-0.0744020581999422,0.6116326535214645,0.3893496575540465,-0.050395540855359536,0.3893496575540465,0.6991211620504159,0.666706480475161,-0.01861912459813641,0.12321419681652085,-0.1019636746021292,0.3994619841404731,0.39990653650493235,0.4054368111828171,0.05601636879096605,-0.3273943727915958,0.3041322580833027,0.328028901898368,0.4743310617911858,0.5555131340209414,-0.23449597542868544,0.7920369218613076,-0.14797899923363977,0.42548920404001184,0.579502564581144,-0.1257291983135554,0.451238996954911,0.28362088767822907,0.13021716595180474,-0.12306854205115841,0.0251629955766466,-0.2670863786610179,0.1395421104815841,0.5330771403192339,-0.4952882831355518,-0.15076817813467525,-0.639588961834987,0.17699397011795673,0.13349943230216343,0.5288193820045554,0.5481917305350633,-0.7362834866583283,0.7877995776352766,-0.26390977267386956,0.5524005778321531
0.0961709262429438,0.14801551672613494,0.4929450258697119,0.22420354569536927,-0.08788537830396977,0.6601710405089102,-0.4796591582887588,-0.18940194740359945,0.611569214366063,0.33295433675699826,-0.4391959726165057,-0.15296671411850368,0.30896045241945586,0.5700543023449776,-0.6219714156418228,0.22673945283061375,0.15669078838819725,0.26407456417237907,-0.0744020581999422,1.0,0.43470578989243813,0.5514776086535043,0.23550621002672603,0.5514776086535043,0.2570263512977083,0.06429065708653331,0.598825110779619,-0.5455610810799245,-0.13011199119966257,0.7459246445432067,0.23037613955079111,-0.328289130795956,0.07458932231350247,0.34196718427421546,0.6238942176467657,-0.29132172276601914,0.24319357777349696,0.09687266269125643,0.2661280864955859,-0.5280666153157796,0.9291824902946609,0.30007295154752806,-0.22551642398070604,0.05501270832234005,0.5892715538490588,-0.27613003913987044,-0.3458965292753405,0.7004435113314593,-0.5339379353318435,-0.37229307592560945,0.7683669568981235,0.10386980601825364,-0.4554597539897633,-0.09396418798435204,0.13383048068418704,0.4952170046616291,0.7734143941052647,0.1855017707598111,-0.06731344750252247,0.49761545805677293,-0.4149094845928672,0.8644511744413416,0.38027693782833166
0.755543318056118,-0.04815350896473791,0.8799673395222252,0.9296046860856562,0.07139469367970908,0.543755463817891,-0.10292684812854795,-0.36125255887653623,0.7714268131589866,0.8838484313222457,-0.18972786006885167,-0.7297644973126095,0.0008450196734826339,0.4826939265082809,0.1835959338229422,0.8053552630028271,0.8884929701676036,0.4453852461705555,0.6116326535214645,0.43470578989243813,1.0,0.6636455887413641,0.048839519897636345,0.6636455887413641,0.8903855327768233,0.2046617322868476,0.25970985168666477,-0.5061377629121893,-0.23512324548130417,0.474705245397128,0.6791096637676343,-0.07900314925057171,-0.4499433003845158,0.01627436554011791,0.3335708625282224,0.4572301048981313,0.7788147871570488,0.7756803910686598,0.3780188838593565,0.28193621267675256,0.3730704881164997,0.9035374119780734,0.3381526406780532,-0.1243470496685686,0.8412605582246757,0.5425498832029941,-0.1626254440252823,0.3720046865815325,-0.40321966180150753,-0.46049282071881337,0.41810146406325605,0.7595190330254543,-0.788155102936016,-0.7013455136740969,-0.35167650922510346,0.28722698267953695,0.597092768906537,0.8419847639105354,0.7655013393561741,-0.2196378673817899,0.2741972142756099,0.2850568326969957,0.9816912441207443
0.49505569557586415,-0.5477017781354222,0.8477171085876664,0.5571210656684883,-0.36474061046484213,0.6465378527773028,-0.26381496407056304,-0.23550879956323242,0.33091898712506357,0.599140138932041,-0.5228188780970883,-0.3574742515748069,-0.12643846793123603,0.24337887475145395,-0.21577620167741982,0.3486829994267346,0.4705067028649299,0.5955995364958312,0.3893496575540465,0.5514776086535043,0.6636455887413641,1.0,-0.4417736051032365,1.0,0.6695787137464052,0.0021000712197846317,0.6496015619166976,-0.15064160776209995,0.05475069867391551,0.6182609788634444,0.6666427295923386,-0.19552602653981743,0.04733100905006607,0.04937365878153758,0.25366670909003364,0.08327308062280628,0.4447058445846549,0.5572186543752559,0.5314653523838381,-0.0072183347002151834,0.3768399185671441,0.6376841645528911,0.3377258498239538,-0.646154917043236,0.9291745994719458,0.23182235015012867,-0.6874504966383119,0.6415837960166546,-0.34387490368697626,-0.40518304932140653,0.3497260260814422,0.37691672061837966,-0.6924885825720777,-0.34232693519068763,-0.45684464860894874,0.08991792088779467,0.6376979616894741,0.34100204749096974,0.3924386617278764,-0.046498155467352455,-0.09724390136455942,0.4703444216167429,0.6436596528002076
-0.14382045049026124,0.9779762664004514,-0.25224075823683206,-0.08753082980732216,0.5279568887699506,-0.23454346855069677,-0.13860491893694935,-0.18502420691268257,0.2478090450080173,-0.010687801107009844,0.16065378739062358,-0.02480609493511228,0.2593479727568791,0.34238744765831214,-0.010713957506099594,0.1815714105686287,-0.029894488248886304,-0.4646443863843044,-0.050395540855359536,0.23550621002672603,0.048839519897636345,-0.4417736051032365,1.0,-0.44177360510323677,-0.012597905668982015,0.4112125040468694,-0.18276547874515472,-0.3653748304150797,-0.2954831296726746,0.13702680562034086,-0.06812844480452343,0.27369960055709847,-0.019135028776708782,0.18215416387449004,0.36602530565249675,0.11594194127414513,0.12351969252880805,-0.08963525707120483,-0.5128108216086522,-0.1616712256148933,0.407511816742859,-0.2490655996745413,-0.4745721686723208,0.947332963219718,-0.3159982856643015,-0.308828389061646,0.6424433149598269,-0.1423394904599587,-0.29539759187119746,-0.06713172014956258,0.09335804655038579,0.21883370560689155,-0.058121869776236006,0.06540088069439338,0.3863358669870004,0.29680117728447414,0.1836727293618098,0.18601162432504667,-0.16424865221244056,0.16104728367627727,0.07593957031520114,0.08757810310946094,0.003732961462084908
0.49505569557586415,-0.5477017781354222,0.8477171085876664,0.5571210656684883,-0.36474061046484213,0.6465378527773028,-0.26381496407056304,-0.23550879956323242,0.33091898712506357,0.599140138932041,-0.5228188780970883,-0.3574742515748069,-0.12643846793123603,0.24337887475145395,-0.21577620167741982,0.3486829994267346,0.4705067028649299,0.5955995364958312,0.3893496575540465,0.5514776086535043,0.6636455887413641,1.0,-0.44177360510323677,1.0,0.6695787137464052,0.0021000712197846317,0.6496015619166976,-0.15064160776209995,0.05475069867391551,0.6182609788634444,0.6666427295923386,-0.19552602653981743,0.04733100905006607,0.04937365878153758,0.25366670909003364,0.08327308062280628,0.4447058445846549,0.5572186543752559,0.5314653523838381,-0.0072183347002151834,0.3768399185671441,0.6376841645528911,0.3377258498239538,-0.646154917043236,0.9291745994719458,0.23182235015012867,-0.6874504966383119,0.6415837960166546,-0.34387490368697626,-0.40518304932140653,0.3497260260814422,0.37691672061837966,-0.6924885825720777,-0.34232693519068763,-0.45684464860894874,0.08991792088779467,0.6376979616894741,0.34100204749096974,0.3924386617278764,-0.046498155467352455,-0.09724390136455942,0.4703444216167429,0.6436596528002076
0.6395565040896073,-0.13526001981078645,0.7623301935057657,0.8070106869724971,-0.06127801695351335,0.46448263286379154,-0.09100294746392977,-0.16514083630531476,0.5267925601158805,0.7916911752644029,-0.2857069663033538,-0.5009273889684196,-0.12814982164271935,0.227152162430824,0.3222760989323926,0.5969532416461565,0.8288439958673011,0.32797061051475174,0.6991211620504159,0.2570263512977083,0.8903855327768233,0.6695787137464052,-0.012597905668982015,0.6695787137464052,1.0,0.20682031965948075,0.35805925742546313,-0.15645266336936894,0.03715049573406419,0.5534449939807573,0.7404556992534598,0.24186132455434772,-0.14306105578266756,0.027641549466018284,0.15606783242133668,0.6583787100787122,0.6169494353351206,0.8873301609854718,0.20232703656095694,0.39334606379374126,0.24861466286142503,0.7217701365813645,0.33874267490446236,-0.1715412016773434,0.7234715521853015,0.5235580239835211,-0.24945492756652735,0.4173441195794823,-0.2878038937627307,-0.23055308551482495,0.2154044754735123,0.7905508080752929,-0.7664202466378515,-0.49196469061593684,-0.4353872897468562,0.020245622039257137,0.4202508015854581,0.6230919077575305,0.7994768896388117,-0.4377515798183661,0.43668296569147824,0.24650891785483744,0.9161659940752139
0.4312633277708247,0.29290965158909993,0.06069280078621681,0.13953094419568562,0.8041907726017844,-0.36465274765445926,0.05264321275431542,-0.2510160994144048,0.24066908102343817,-0.030066277605385234,0.1127253220706839,-0.021226087409576783,-0.29799153957984054,0.4080468172843009,-0.10329939152096376,0.4810241842406443,0.008423184539173036,-0.6156422617662703,0.666706480475161,0.06429065708653331,0.2046617322868476,0.0021000712197846317,0.4112125040468694,0.0021000712197846317,0.20682031965948075,1.0,0.04658760983391034,-0.06481393611214219,-0.20340781633753166,0.40509355942652553,0.16384080322247804,0.23914068894812143,0.22966457003461033,-0.13048695250458445,0.5898087833351062,-0.03633878791504522,0.4303689574877737,0.12046918699999441,-0.6226801450168642,0.46938254557087444,0.0987123457770825,-0.08378068817522268,0.28021851553572863,0.29151989169019127,0.0232783916709759,-0.24860062385148138,0.524407290901272,-0.24666429964141515,-0.21940578629980048,-0.31048901762675246,0.22712704297024744,0.32240617858268844,-0.24315009254769282,0.14329803537418315,-0.2946013377302484,0.35848186641762225,0.132109573786176,0.34048180866823297,0.003500360149667075,-0.41853302005452414,0.5926709036022533,-0.24525789991491684,0.0783782752610947
-0.10052782926374745,-0.32623644362216003,0.28974301728428026,0.011346925943435587,-0.4695675611678272,0.4344673477548312,-0.7185996571252018,-0.038573201044878956,0.1383973382295629,0.14029683030543458,-0.7800607313277671,-0.08716093315882813,-0.03573568333425682,-0.027551291850211275,-0.23178339235287923,0.10733781905314722,0.046740223950719244,0.23891189033033833,-0.01861912459813641,0.598825110779619,0.25970985168666477,0.6496015619166976,-0.18276547874515472,0.6496015619166976,0.35805925742546313,0.04658760983391034,1.0,-0.18439552797419276,0.354160426077744,0.7311890911311459,0.43212366067186453,-0.3102870381634537,0.29879895673615947,0.38330817087681673,0.29111829750045715,0.042209375867764264,0.3076765395641218,0.3369838236528262,0.2146680774465322,-0.2944758557304381,0.656720449641818,0.16812465725116366,0.0018500309180786358,-0.3849923336527165,0.4817665275038534,-0.1357579929920842,-0.5401190753859003,0.8733290111103018,-0.593087939611137,-0.10727619974040302,0.432558567668448,0.1701399890349049,-0.45200667904010366,-0.011624916586067674,-0.1090502240496611,0.03403851577068994,0.5052345109058658,0.01762958416995634,0.07267118087316461,0.2037949311025773,-0.16666525105398858,0.7185341110078366,0.280053018024337
-0.26822220595680657,-0.3172342901486146,-0.3360979578295779,-0.3177486744971171,-0.07829050138851056,-0.3381339438449908,0.5510318191615322,0.6807894563957516,-0.6430705497639658,-0.45153790754974793,0.3007825828336926,0.7568771643495869,-0.08379589853737239,-0.38163219062703224,0.02523664781588734,-0.6887768181872126,-0.276258933402155,-0.4007227852223826,0.12321419681652085,-0.5455610810799245,-0.5061377629121893,-0.15064160776209995,-0.3653748304150797,-0.15064160776209995,-0.15645266336936894,-0.06481393611214219,-0.18439552797419276,1.0,0.6268844332698787,-0.15918753331867028,-0.28567608911029746,0.6944837908478044,0.6902364289510086,-0.0002673262544252452,-0.30496603531359867,-0.09798785030117055,-0.6666199456408926,-0.0585148499035922,-0.44437323641432236,0.363285346962658,-0.5426254085339113,-0.48908472759958455,-0.044518414895258325,-0.25525211436247836,-0.3766355960060354,-0.030458586907828426,-0.04961000509748375,-0.32963445747502307,0.7694730453390193,0.6613992530671386,-0.5161542904970667,-0.3532894221104549,0.5200415331202521,0.6793940414295921,-0.006346744371078211,-0.34175112835733923,-0.6474095017656551,-0.6838724249084756,-0.08598502938188163,-0.5663207212373046,0.3044049529771378,-0.3229541636038306,-0.47432047797777477
-0.5106540160809195,-0.2763120440286283,-0.20510324026472235,-0.13361088011426114,-0.34690389346346395,-0.10320691453670885,0.1745028831417413,0.8510075851539566,-0.34360638358986384,-0.2779724606151337,0.09084862986674389,0.49778621292466185,0.4067159260885124,-0.25156393918825254,0.044512105997278326,-0.49962162832637735,0.033378336740682905,-0.27011165292389566,-0.1019636746021292,-0.13011199119966257,-0.23512324548130417,0.05475069867391551,-0.2954831296726746,0.05475069867391551,0.03715049573406419,-0.20340781633753166,0.354160426077744,0.6268844332698787,1.0,0.09809323709127467,-0.1501641512133035,0.3587544080859919,0.5015687740218252,0.6665814939204431,0.01408761776136678,-0.06864087118037328,-0.33149602063074146,0.31443915096141756,-0.28273991727197745,0.1883136183932219,0.05072585160300088,-0.16625523449557988,-0.3720745239660549,-0.3343535485248013,-0.11945547427667294,0.23079680152909993,-0.1019317204072365,0.17900128814917585,0.437832889976106,0.8554991677085779,-0.20277351340084843,-0.20610975859787922,0.4485065089284266,0.4662061329762706,0.41691799195649426,-0.028005604632544978,-0.3753711785956445,-0.47610151376574206,0.2325210385710289,-0.4128460944174864,0.21245014111456687,0.2595831024812082,-0.1839839879829376
0.27740734786834353,-0.03531616495138944,0.4868359563592542,0.25490416120556963,0.029215063155348935,0.5556308391568359,-0.4270698684455591,-0.044390304786537674,0.517300476773234,0.26649686283231305,-0.5584391678268386,0.041996999328341125,-0.09749065969989956,0.4071474954055517,-0.4315438567247604,0.23866255055388033,0.18471080553777397,-0.01846979644367256,0.3994619841404731,0.7459246445432067,0.474705245397128,0.6182609788634444,0.13702680562034086,0.6182609788634444,0.5534449939807573,0.40509355942652553,0.7311890911311459,-0.15918753331867028,0.09809323709127467,1.0,0.3578793732029737,0.07365561502146939,0.43172114116484883,0.1631824712894232,0.56732263416943,0.013022040833068075,0.26179583649054483,0.3295462260651412,-0.07297994893801853,-0.08330367089244037,0.7268917805596615,0.1952738754615691,0.0722355909850134,-0.029835899217936716,0.5505520165221516,-0.28587273384962925,-0.3408509658671542,0.7056158676909199,-0.45953332225633525,-0.2502599777686242,0.6928898006618742,0.27337142076206267,-0.5905515719066154,0.12372179090264124,-0.2500271706867854,0.29069590747838187,0.5887362611661655,0.13849838330952083,0.10043036417078122,0.012323879226447829,0.12032910730554153,0.6937866182332545,0.44499551903316237
0.4901224997156225,-0.19337095361969434,0.5378075475677693,0.5012010553810168,-0.25193885121882065,0.1804416692076299,-0.28826011940034607,-0.4880903231248663,0.23585041357366732,0.8089724141023076,-0.4026114575043578,-0.6599124758642118,-0.16626943251992468,-0.13981892687049924,0.41777312920662674,0.6291919371332345,0.5601412386712545,0.5197604749070448,0.39990653650493235,0.23037613955079111,0.6791096637676343,0.6666427295923386,-0.06812844480452343,0.6666427295923386,0.7404556992534598,0.16384080322247804,0.43212366067186453,-0.28567608911029746,-0.1501641512133035,0.3578793732029737,1.0,-0.07396567863129326,-0.23921320183938913,0.045208777881214635,-0.08910242127020492,0.5869182960089425,0.6955096305464323,0.7236054087880965,0.4300172930507212,0.024010700541246925,0.16155207339322358,0.5641432639151867,0.4922240328266002,-0.2795089004708849,0.6024343076999294,0.4048047642126131,-0.38738812288299274,0.3430870777732726,-0.48199120085640035,-0.4910913423834137,0.09894923464527595,0.879136606313691,-0.738994542180656,-0.6600635934965492,-0.4238591200239521,-0.325534079677118,0.35455952971704197,0.5089851902737947,0.5240472764282254,-0.179355021024411,0.000196881940643504,0.11048301233511958,0.6968427880240508
-0.019096913736606113,0.27981246520422737,-0.13720855731443563,0.028753444069866404,0.2885712201605422,-0.2661640308942201,0.5401403514150044,0.4776902625003999,-0.2200133565617679,-0.08932530284869981,0.3878974808349227,0.5119349468603764,0.03501681102406883,-0.008543172687277787,0.15526000625182318,-0.31744260344163006,0.09551727258911322,-0.52732661951331,0.4054368111828171,-0.328289130795956,-0.07900314925057171,-0.19552602653981743,0.27369960055709847,-0.19552602653981743,0.24186132455434772,0.23914068894812143,-0.3102870381634537,0.6944837908478044,0.3587544080859919,0.07365561502146939,-0.07396567863129326,1.0,0.538334536757798,0.03811276343211865,-0.038691180110379295,0.243839552436782,-0.3680317190513539,0.21787864099658077,-0.6539110663877512,0.45802817910670623,-0.2536571869279677,-0.30214320246744586,-0.19273315653495712,0.31699102289923936,-0.27359641195656315,0.03310074741250797,0.28804771072239305,-0.3425399048228334,0.5456715310742627,0.4961428367156382,-0.38869754276474383,0.09689757946568983,0.18056917117326854,0.4763350745383732,0.045303830978277906,-0.11983861749963186,-0.37234866560129526,-0.26888016344917604,0.16068793817868032,-0.6516844571845567,0.5382134870348981,-0.23388108149072634,-0.06799761745929883
