Fp1,Fz,F3,F7,FT9,FC5,FC1,C3,T7,TP9,CP5,CP1,Pz,P3,P7,O1,Oz,P8,TP10,CP6,CP2,C4,T8,FT10,FC6,FC2,F4,F8,Fp2,AF7,AF3,AFz,F1,F5,FT7,FC3,FCz,C1,C5,TP7,CP3,P1,P5,PO7,PO3,POz,PO4,PO8,P6,P2,CPz,CP4,TP8,FC4,FT8,F6,F2,AF4,AF8,O2,P4,C6,C2
1.0,0.2665647173384251,0.11317037358227862,0.4306087847803622,-0.4905279959094405,0.6504027661522731,0.35986247514106845,-0.09286330530501138,0.23148927378366055,-0.4731910983395064,-0.4150730925603315,0.11875409695141242,-0.03977872739184215,0.5192974283470516,0.7310546466944612,0.16654618514659386,0.18093074427390315,-0.4565505798572102,-0.3335062758628281,-0.1315738692401081,-0.07500493348173946,0.17139040709199446,0.1686121856778609,0.17139040709199446,0.29748981846263267,-0.24978268453036326,0.3438930783936877,0.28996493837696286,-0.05176746260858409,-0.0036718799428792676,-0.2453515173847471,-0.4023690052690223,0.11988274123248821,-0.009518586670699812,0.46333348813904907,0.6726916947184208,0.24699771370081874,0.2406062672463341,-0.34238130785736703,-0.36508092597257114,-0.13897589538537894,-0.12819787243977537,0.8277115297213525,0.1827414110747726,0.21777387263377798,0.3954587331876356,-0.3484903095411511,0.45666273495708015,0.27306685577383083,-0.010311016463570808,0.21218766512514634,-0.36296139683160206,-0.33588601657447587,0.009510605733076993,-0.009199864009669694,0.49067554081948916,0.6605209596056164,0.28235886241278574,0.1515299205546775,-0.4963365636079863,-0.3488962735474555,-0.18621477117294533,-0.04578881178907295
0.2665647173384251,1.0,0.4625829216861737,0.2473381312548202,-0.25381637400904944,0.308169421028598,0.13796180871073302,0.05025958888152802,0.5512877720461069,-0.06983705111559782,-0.05319055408866768,0.2691733169977349,0.10674428745583123,-0.15829643151984213,0.32279303702418516,0.11133610277650138,0.0697180567030269,0.26144935367098976,-0.38373041114111234,-0.32061296327895206,0.17502503505695632,0.46961815885090197,0.6299813216772469,0.46961815885090197,0.08169399493229172,-0.0729701742779305,0.17882994447386366,0.16504167259434577,0.016423322523526563,0.5699753129650451,-0.06985292030140856,0.04046553918468989,0.22260220728063684,0.090936506447419,-0.007431791517033002,0.32320264978464897,0.05043873051902729,0.12086709444908023,0.2668896808201848,-0.38471907094407626,-0.24356305284443114,0.13754433254662587,0.385784301214186,0.7555370843962947,0.437073624165916,0.08112212711726195,-0.17021432413477128,0.2267965402535376,0.18864452376168037,0.07022049284671907,0.5255333407103083,-0.05842578476328845,0.023036452968198496,0.22098875651344718,0.12961708694069227,-0.053940792663978165,0.29878133045389527,0.11508397680403035,0.12898416058415502,0.2293935674831935,-0.37578905610124597,-0.21850153708540057,0.14879495106238091
0.11317037358227862,0.4625829216861737,1.0,-0.1579846034353222,-0.10433298568670847,-0.05394623045180416,-0.18521813436522608,-0.04788823020805033,0.49906971176262943,-0.32393965623422244,-0.1133927852814368,0.2831097549992091,-0.16792181830082997,-0.026073620393398046,0.0338807292318624,-0.027249454963226047,0.07469899298216574,0.016052259026036297,-0.45119290061739353,-0.45688033577083287,0.12199061495875138,0.7056738140957218,0.024926796401319982,0.7056738140957218,-0.4010225114609289,-0.11511902113805103,-0.0818315395881703,-0.3231925108833358,-0.2183817346248792,0.41404330563035285,-0.29414438623149636,0.02347405278843034,0.12813612327297094,-0.23546747137591567,-0.056896649518806894,0.01284692039025383,-0.1672398058493963,0.02175542699269705,0.009958938737074263,-0.42815406440466813,-0.45213016196645067,0.046358377723268236,0.1323230325085526,0.11317072219555754,0.6903778951945014,-0.4007138008646927,-0.23751153106734615,-0.11412122033451667,-0.21720674899373366,-0.1947767713426724,0.5193308589922816,-0.31647426630850517,-0.08729155097776023,0.0761781209459408,-0.2257561164822374,-0.16291800233301837,0.00891338610947342,-0.32675816875785163,0.04914021421407767,0.001093919947859305,-0.4107850589733863,-0.4483267038958543,0.08290466424273077
0.4306087847803622,0.2473381312548202,-0.1579846034353222,1.0,-0.17767222203783853,0.09119832822574019,0.6487359362507534,-0.594115834003704,0.37637483210330297,-0.29362833786173226,-0.5040646273130786,0.009234474414268896,-0.03962491793454577,0.3000079614789139,0.3282895454659305,0.4319070188377688,-0.3380117116814229,-0.2808591647098605,-0.07603036684772833,-0.13552863450906927,-0.19155936046023894,-0.1023518507720984,0.08670462184292688,-0.1023518507720984,0.5574600906825431,-0.017245049405236298,-0.03698361046305817,0.6871744702144852,-0.20167187910867235,0.20120306566194768,-0.12253998649650005,-0.5166171084399975,0.014064510976697267,0.0291143937918007,0.26487424413441235,0.27409171806229665,0.48240236987158897,-0.233592114660707,-0.19617533114442764,-0.07965868900986041,-0.13171615311069,-0.18076424614785658,0.3603490185136159,0.031621408216935216,-0.08380024651041966,0.6012855476023574,-0.0647583071971566,0.00902243702497603,0.6370271669766895,-0.2700203114755436,0.29219817700977146,-0.25411838474953,-0.5357635690389534,-0.0439646832938704,0.040668345056822416,0.3239815003065777,0.21305776497448783,0.4847666974773163,-0.3382568115297588,-0.2813418438967888,-0.08458281782943848,-0.2288824842199186,-0.130830555942122
-0.4905279959094405,-0.25381637400904944,-0.10433298568670847,-0.17767222203783853,1.0,-0.28189434121259843,-0.17472809310262857,0.1804245689944589,-0.007667686901293809,0.45157530441041266,0.26146182697154724,0.024754154356224484,0.5028484888624575,-0.01803853132847023,-0.31854367876683515,0.08376182056119563,-0.003821290377644542,0.4436517316230342,0.6990840267428832,0.5840489756754674,0.14871584310998642,-0.12823283052471846,-0.19113657999836253,-0.12823283052471846,-0.1329506303362233,0.8256208711578406,-0.05219257309102133,0.002073084602079516,0.15977265291453885,0.20973718061040547,0.4761575585053171,0.3410174647900845,0.17261402733937262,0.5476059910298768,0.050200507788514634,-0.24876740691895305,0.17328571641079038,0.062111632187938845,0.4649799476684833,0.7345524054616345,0.587387323570343,0.22802185744484962,-0.312420884496701,-0.25521921920326385,-0.05652795092230945,-0.0781954826806305,0.8821323136820178,-0.15905378893265534,0.052445766256491576,0.13462309794936497,0.07229034474962136,0.3790904610872208,0.20798509558155995,0.11550604003621859,0.49421021085783695,-0.11107052146054032,-0.3039556856782966,0.11122613836880463,0.028655462189481867,0.3985369437847748,0.7542876514117134,0.5547329035210422,0.17157327913945775
0.6504027661522731,0.308169421028598,-0.05394623045180416,0.09119832822574019,-0.28189434121259843,1.0,0.10608974052412266,0.2767206520355458,-0.0366402907172337,0.14798937749301314,0.08529355967148289,0.3437755747501423,0.3195284232140394,0.3668058582429017,0.7742807784299891,0.22357968585524773,0.5308384737078745,0.09732694607067724,0.0257628201387772,0.08614542410026162,0.2778933734058613,0.28959486518037497,0.47517425014112663,0.28959486518037497,0.41735847543864846,-0.03920819967741507,0.704346687008005,0.18458512967073643,0.3521300980558355,-0.023264516681723225,0.25789789550706194,0.07876359388299968,0.45164247559035875,0.3444789435343437,0.4720179148103811,0.8121700580824993,0.3166767680603302,0.5975450985472546,0.20827708766605535,-0.004288573727192005,0.1528556283495582,0.2895771183383813,0.7197178835337595,0.5134564499289045,0.33132992717948234,0.4627883945541583,-0.09885326202170645,0.7978092814434404,0.15389634925400295,0.33315796591833136,0.029771552230942053,0.19544150212374917,0.1551289216760847,0.41660435725312517,0.32845778934911685,0.4327834571207491,0.7711787185351384,0.44146099668079625,0.5049394038085947,0.026060432880193874,-0.0322974522450316,0.048448084254699576,0.31909419121612126
0.35986247514106845,0.13796180871073302,-0.18521813436522608,0.6487359362507534,-0.17472809310262857,0.10608974052412266,1.0,-0.38024238562009793,0.24381436694950462,-0.19647662951282277,-0.5776991144895761,-0.08841375225897175,0.15270168854471566,0.2591924824616662,0.25988734448923845,0.3121017724056874,0.026539011675218317,-0.2098432134286625,0.017825021898268407,-0.013471850379824887,0.030797272830370655,-0.10664015081938137,-0.02610692332593533,-0.10664015081938137,0.3208595857465753,-0.14037827069071698,-0.1048661103768817,0.7290073381593498,-0.2302625945426055,0.07475538145075673,-0.07313831459403897,-0.5322687954181403,-0.08713397436891247,0.1540865319304801,0.28827411757222804,0.26657138032330635,0.4130448047805063,0.05784203563244253,-0.15886925255876191,-0.03492894004557447,-0.025198400065141287,0.014751174889551666,0.342679982982086,-0.04232477673521073,-0.16416069410613385,0.39948975409126386,-0.12050630414834063,-0.06171163074670235,0.8078430960271556,-0.2256956320523859,0.12483252792064425,-0.21087974704039678,-0.5710324958899446,-0.1713845650597945,0.18161359197470636,0.19853794867204555,0.1545672941730069,0.31005754609962305,-0.06289377820098752,-0.2822933808392103,-0.047189295879829306,-0.11306583226434028,0.06215581343768181
-0.09286330530501138,0.05025958888152802,-0.04788823020805033,-0.594115834003704,0.1804245689944589,0.2767206520355458,-0.38024238562009793,1.0,-0.0377971044231909,0.35390767552585084,0.3644939591904628,0.2868924154958673,0.26834436749189383,0.21284399786335315,0.05688165950965319,-0.13066364868869854,0.5952699005807011,0.27495487749698594,0.2952855279807566,0.3404250528478038,0.36647153064431165,0.29704553666822486,0.40692037553621513,0.29704553666822486,0.0582128466743701,0.2761756961858161,0.5273388329902295,-0.18649699587126298,0.6844414376054705,0.12599040553733704,0.4993680031025485,0.4280074546054407,0.4886030078906913,0.22600165557228602,0.3286097783118122,0.16844297722433185,-0.07182299180770625,0.6078430967730054,0.352743931731387,0.28767115775318386,0.4596428631630765,0.4081946452359742,0.17549626772881674,0.35970552735424005,0.31020704172153657,0.017559463871015417,0.26197554318235916,0.44826822188438703,-0.20774848324655928,0.7599005661122551,0.08550168488146581,0.48077918797916724,0.5198790192116122,0.43276396346202844,0.20078449475878576,0.29135776929364054,0.19142811640783297,0.06328777893254901,0.6191877781791468,0.22993314944176915,0.25487414603356817,0.520696289796551,0.34882076255919475
0.23148927378366055,0.5512877720461069,0.49906971176262943,0.37637483210330297,-0.007667686901293809,-0.0366402907172337,0.24381436694950462,-0.0377971044231909,1.0,-0.3629253648550056,-0.5407514114930471,0.0059475960410601955,0.08095942295636452,0.22884680318641187,0.07835825638160598,0.2762987154499623,-0.03782735825011894,-0.21537595441252266,-0.195589873299616,-0.26232436664760134,-0.018428550980798333,0.451160881202559,0.2734363667016321,0.451160881202559,0.03513693814538958,0.08430057376747413,0.023420398137419737,0.08752007141357486,-0.10601425479909839,0.8508866597025836,-0.10899141849258898,-0.30095469579043477,0.0838768418480472,-0.005916547710085814,0.2024357119533072,0.06376033505740072,0.23490912583078452,0.022782399829646114,-0.13006354311208676,-0.20735131548249353,-0.20992024750727056,-0.0327065092167085,0.25950896438568877,0.2863173606153798,0.44258416968618175,0.0674373771917246,-0.06330002883066405,-0.04917424729344133,0.2048165618830133,-0.05501676089313056,0.9297129380852012,-0.23842522739126484,-0.331045860117391,0.046183245687846854,0.05773471982740277,0.1318424566404576,0.044634421914738855,0.22709455314161653,-0.005088587137893167,-0.26465486362927193,-0.2039527818203734,-0.2332629281612029,-0.04025735892406546
-0.4731910983395064,-0.06983705111559782,-0.32393965623422244,-0.29362833786173226,0.45157530441041266,0.14798937749301314,-0.19647662951282277,0.35390767552585084,-0.3629253648550056,1.0,0.7107580286698775,0.36258101746782423,0.42775163660788706,-0.0950252160112454,0.059871615124958,0.36054275741541264,0.3220669704824298,0.8488469310169223,0.6489520245447825,0.3707574322199791,0.6587629575016724,0.07920400130665863,0.31051193750247824,0.07920400130665863,0.25782658060893676,0.5000907713803485,0.42324209649001826,0.11086744177909917,0.6283371993860385,0.060248856779728514,0.8425684190872613,0.7217095910605676,0.532348236981398,0.5509780385657665,0.15430785161900046,0.20093677703670387,0.3625034873156644,0.38677958902001536,0.8551265028860328,0.6941233918113768,0.45787786457134394,0.7438228285023688,-0.08076934415247569,0.3045038304104083,0.06252122291518833,0.2176370683545224,0.6020398469252897,0.3639477120930367,0.15250375076141306,0.5622527496935461,-0.15659412109915652,0.9279000578937697,0.6937075574504732,0.6455112195315532,0.48597010126752105,0.03750120651970015,0.1795097541096733,0.3882340582346254,0.40217274883519855,0.8318657485912768,0.6452122179795834,0.3718493757095069,0.6957020650032314
-0.4150730925603315,-0.05319055408866768,-0.1133927852814368,-0.5040646273130786,0.26146182697154724,0.08529355967148289,-0.5776991144895761,0.3644939591904628,-0.5407514114930471,0.7107580286698775,1.0,0.32777988444191075,0.10890751864686839,-0.3334447258624266,-0.05158977828731327,-0.10396794630141228,0.10943638604562816,0.742790234445691,0.3159433203435118,0.1659255530552761,0.42838435207901826,0.03149486656801558,0.17480454575961246,0.03149486656801558,-0.014542465115115038,0.28215507507930304,0.25055170831192763,-0.25720543601676893,0.4524381026365422,-0.19852734791321053,0.4925371094207665,0.8818637803962713,0.3516440443420473,0.263357036811826,-0.13063555591941114,0.04242911850230705,-0.10156495573180985,0.1516942249754481,0.6884128064319199,0.3787340239472512,0.22146735447069546,0.4464656927854168,-0.18835428910315222,0.20413051238046231,0.017762546684070853,-0.08793993767752874,0.3819912431280695,0.23271670075150921,-0.3347355873699392,0.3819047365872699,-0.33936155903239423,0.6293853547330366,0.8870887090118369,0.4269498950671066,0.15950586280941625,-0.19584249612594187,0.029830077747441466,-0.030371166951860262,0.17936839018853568,0.7386496304624989,0.36687958721428743,0.2115930211753178,0.43275800667787184
0.11875409695141242,0.2691733169977349,0.2831097549992091,0.009234474414268896,0.024754154356224484,0.3437755747501423,-0.08841375225897175,0.2868924154958673,0.0059475960410601955,0.36258101746782423,0.32777988444191075,1.0,0.007282740000910574,0.4073242497958324,0.3838164274443185,0.30851532127843434,0.36429526875641793,0.3480564909434864,0.22504233879284963,0.004451177689011217,0.6407981549217503,0.6572386082283269,0.384730874519582,0.6572386082283269,0.36488802131301296,0.28125696258275656,0.5697733518681504,0.2667220873850329,0.5193598769810616,0.260154326075942,0.462004645894227,0.27123412241337236,0.8537916166050007,0.13248250728427455,0.5343491694028959,0.49884530618777884,0.3246638535001319,0.4226640351732791,0.4435722883038821,0.23500469384865497,0.10915674192139188,0.6291095286173695,0.4983094937490663,0.3664119465169656,0.6865085779918011,0.3197772241472618,0.23378011376543828,0.5383869542388857,0.21964466610470149,0.5058128444453545,0.2602082483477479,0.41925186838304385,0.2623006721104992,0.7313919042337915,0.08184553962177726,0.500761744112045,0.5145633581734786,0.29557168493480346,0.4457558059804725,0.35874668761313694,0.21122913600353754,0.0364922656522782,0.660602275710991
-0.03977872739184215,0.10674428745583123,-0.16792181830082997,-0.03962491793454577,0.5028484888624575,0.3195284232140394,0.15270168854471566,0.26834436749189383,0.08095942295636452,0.42775163660788706,0.10890751864686839,0.007282740000910574,1.0,0.12608055120777642,0.21374087722083518,0.16311155407202432,0.4370001391161161,0.4394627616975471,0.4399263265847628,0.7267767391802857,0.18925666444113048,-0.0027336021668830134,0.20079150310509464,-0.0027336021668830134,0.09505779023508915,0.454537812291184,0.3302788634953206,0.2782940811068473,0.2566842730514506,0.22887592564465573,0.5440558380587419,0.21484965233091952,0.26999365647956497,0.9486299540480018,0.2908988092403561,0.30286009627275357,0.3317359711531678,0.4944547894081159,0.5132153458350178,0.48801754076430454,0.7663394382732692,0.3134398103317895,0.09799993027905816,0.20568471325528667,0.0905174156606356,0.20935762835937974,0.513047217978445,0.32317731749509976,0.3434355991949515,0.26267834197282436,0.08649280324897383,0.4316000053147619,0.1655666591694009,0.1972255826050812,0.9676787437535936,0.1373227069440841,0.24389489285078703,0.3236419162629922,0.41287835281631263,0.39110677156658086,0.4616174169808186,0.6846989356468582,0.2572224969329117
0.5192974283470516,-0.15829643151984213,-0.026073620393398046,0.3000079614789139,-0.01803853132847023,0.3668058582429017,0.2591924824616662,0.21284399786335315,0.22884680318641187,-0.0950252160112454,-0.3334447258624266,0.4073242497958324,0.12608055120777642,1.0,0.5272264957486805,0.3926860017517465,0.38490956148839767,-0.3331136484044836,0.2945513305138828,0.20793883809551522,0.22204032733247042,0.39775785710178163,0.16816616362935397,0.39775785710178163,0.5815581314421921,0.28084017435085645,0.6163824112881487,0.4753812173271939,0.46098611137131734,0.2292137236210977,0.3203840604941649,-0.25209332315086214,0.5620447201980099,0.17681006628352464,0.9322327801173192,0.58287216186029,0.544633314289892,0.4493089111756683,-0.10060964095400651,0.2867200715534613,0.2838769444167307,0.27438880136901034,0.7142078209191887,0.005788570071644607,0.469485888301672,0.6295722133327295,0.16973614167815526,0.552207482163784,0.4451550623535033,0.4250021112666206,0.37787722701241416,0.1308646899143579,-0.2329414071284976,0.4508803506517303,0.14996488508158531,0.916072065154906,0.6307731767328905,0.5857354810119775,0.36829949691641745,-0.33220626149843957,0.2557714857147147,0.1954195330269642,0.29648337229956506
0.7310546466944612,0.32279303702418516,0.0338807292318624,0.3282895454659305,-0.31854367876683515,0.7742807784299891,0.25988734448923845,0.05688165950965319,0.07835825638160598,0.059871615124958,-0.05158977828731327,0.3838164274443185,0.21374087722083518,0.5272264957486805,1.0,0.48025805502954855,0.5182521993986755,0.018794761080218526,0.01374258525603903,-0.04650851004803089,0.23546612319844368,0.35342352447154113,0.39533290310584,0.35342352447154113,0.47936620948627323,0.038852399864511736,0.6084135300920275,0.41047079013265375,0.3219002310073683,0.11147324513200865,0.21812834815109494,0.04784705784419577,0.46002875875494564,0.30851637024138323,0.588169887891546,0.9573665813202714,0.4642792494614091,0.5960537270095297,0.1575788989297237,0.01076626568512842,0.03138970355479519,0.2547944548851156,0.8411504278719346,0.4155773852110428,0.3961951952451544,0.5374089552720274,-0.05256976887281457,0.700303637039407,0.4285978070798288,0.3131726784969504,0.19782492135291044,0.1443101095430064,0.028513147900641328,0.4183736540211857,0.2949293659963129,0.5606040480076202,0.89148491333614,0.5054833695396821,0.5265575946356318,-0.02291777291722344,-0.0002680790296124602,-0.048731471514853464,0.3150601792788344
0.16654618514659386,0.11133610277650138,-0.027249454963226047,0.4319070188377688,0.08376182056119563,0.22357968585524773,0.3121017724056874,-0.13066364868869854,0.2762987154499623,0.36054275741541264,-0.10396794630141228,0.30851532127843434,0.16311155407202432,0.3926860017517465,0.48025805502954855,1.0,0.13140622684367587,0.20562966213225956,0.32702839329267647,0.004648128177898431,0.4275318863511841,0.3595428326317272,0.2861759954204167,0.3595428326317272,0.5085701838636308,0.3386632405266608,0.39341010088094913,0.40344111859607856,0.31972054732053423,0.34898431411191905,0.47206189571135543,0.08590306480149641,0.4957324746229057,0.2451665028394528,0.45794819506427287,0.4920875705429265,0.8998499770016191,0.23635527160311084,0.31635398479100113,0.34048909052423015,0.06761817527608308,0.47005179734207103,0.41680043438223063,0.2433779025894919,0.3418478896039578,0.5279405765051007,0.28749054376288724,0.3390497109444364,0.6143219595593793,0.2510382775729185,0.40951732597958046,0.41626424209555724,0.04648863755861461,0.5701086308719114,0.25225290943504525,0.43488892581207417,0.46552747742315587,0.6913495683348253,0.16834846388229568,0.1980425854079052,0.3038099814546082,-0.10146766555430858,0.5081714421882465
0.18093074427390315,0.0697180567030269,0.07469899298216574,-0.3380117116814229,-0.003821290377644542,0.5308384737078745,0.026539011675218317,0.5952699005807011,-0.03782735825011894,0.3220669704824298,0.10943638604562816,0.36429526875641793,0.4370001391161161,0.38490956148839767,0.5182521993986755,0.13140622684367587,1.0,0.257817170726241,0.28001179272249876,0.31146554355051015,0.4179074001416869,0.40898385258279274,0.28471598341370735,0.40898385258279274,0.12190572274526672,0.12847432604342413,0.5538156031999916,0.10311323589475037,0.49563735880541426,0.12594117791663573,0.4719229852303455,0.29463455348945605,0.4785331645641339,0.3928851315792371,0.47202499784711105,0.5953896256466661,0.15892132068190132,0.9687637185480396,0.3547112032523963,0.26276871106649424,0.3902833295683532,0.46595488659183587,0.43167363703113293,0.31315661020185837,0.4528377078907309,0.148062862009979,0.1401470121948582,0.5876630365714461,0.17039835831741518,0.5783624179064187,0.08897125651967204,0.40352171310511686,0.2949253136887068,0.3949904799944765,0.4097903538139649,0.3631780854894185,0.5336446834922526,0.14771259028570405,0.9608761716007806,0.21322597900855342,0.2387606266392248,0.3395359443510607,0.4561853776368319
-0.4565505798572102,0.26144935367098976,0.016052259026036297,-0.2808591647098605,0.4436517316230342,0.09732694607067724,-0.2098432134286625,0.27495487749698594,-0.21537595441252266,0.8488469310169223,0.742790234445691,0.3480564909434864,0.4394627616975471,-0.3331136484044836,0.018794761080218526,0.20562966213225956,0.257817170726241,1.0,0.40486770957119456,0.2508669323722806,0.6017872340348327,0.19038813873139931,0.35619168137508667,0.19038813873139931,0.07036939727266449,0.43337451348947265,0.2515623829968363,0.049328402844465595,0.4377739938797175,0.17047448829442544,0.6676491598178214,0.7983116854007729,0.45564464932787013,0.5501499470937944,-0.046613288236344655,0.13922366543383238,0.19020384753315467,0.3196897895419965,0.966343105181806,0.47101996123181317,0.33108989655047205,0.6472106112079716,-0.11160071258728062,0.4131649275370622,0.1710230129687131,0.051446538269801154,0.5526885309374726,0.23105900830522952,0.10087704178865314,0.38600235370898556,-0.05678923159730715,0.745256995529919,0.7118301859378457,0.5199761759063859,0.47971729737487556,-0.22013086926953224,0.06602084772301096,0.1750529914978361,0.32483721677201904,0.9699499011641067,0.4460108466806402,0.2726183216316575,0.6139071557497405
-0.3335062758628281,-0.38373041114111234,-0.45119290061739353,-0.07603036684772833,0.6990840267428832,0.0257628201387772,0.017825021898268407,0.2952855279807566,-0.195589873299616,0.6489520245447825,0.3159433203435118,0.22504233879284963,0.4399263265847628,0.2945513305138828,0.01374258525603903,0.32702839329267647,0.28001179272249876,0.40486770957119456,1.0,0.5611438428582822,0.44246659974185665,-0.008128468434011254,0.08730847691440444,-0.008128468434011254,0.3716020733240291,0.8170257204094002,0.3425128319377923,0.3093219159417574,0.5682615991656945,0.09585877719085052,0.7755517133001296,0.37942235060972873,0.4428945846157629,0.5340428730687518,0.3978408290926721,0.14260568299265883,0.4754715822946465,0.37930541891206326,0.49091752719184395,0.9804699819914506,0.6321460025903081,0.5147977518322399,0.012064806551370579,-0.03590499502457496,0.020101677897377455,0.3903696150194229,0.8465195698978188,0.2817315123477249,0.30707223360347796,0.5308043266561587,-0.02104974266811429,0.6950608735034701,0.3595147170989272,0.45288289450314223,0.5091629762764838,0.3273571214165299,0.09647563502690963,0.5254447238583796,0.309607863355682,0.3723431117970039,0.9759403485196845,0.5284460840220967,0.47927350930946827
-0.1315738692401081,-0.32061296327895206,-0.45688033577083287,-0.13552863450906927,0.5840489756754674,0.08614542410026162,-0.013471850379824887,0.3404250528478038,-0.26232436664760134,0.3707574322199791,0.1659255530552761,0.004451177689011217,0.7267767391802857,0.20793883809551522,-0.04650851004803089,0.004648128177898431,0.31146554355051015,0.2508669323722806,0.5611438428582822,1.0,0.07411286583223278,-0.28827934761659174,-0.04171617380264481,-0.28827934761659174,0.11019455087760176,0.4853700882033924,0.2660532242866324,0.22777037314250306,0.3010970042959321,-0.10819040014595128,0.5344010518948646,0.17937103094764906,0.20231893221347355,0.7182231729268075,0.28077990166185013,0.040741305237355085,0.2742980429781221,0.35062544591037265,0.3174595662404318,0.6108519442824941,0.9683879273045931,0.18564943416939428,-0.05234559967530617,-0.1123684924387474,-0.14688042477520613,0.2059217866981716,0.6444080732534494,0.24969075739044264,0.22273070582516077,0.3463754035458184,-0.21651657355296935,0.4198015012740308,0.19853297907456638,0.07801718718947104,0.7198878404303335,0.22471710327938085,0.06959450156227462,0.18895147869623757,0.3145916210532195,0.2884401585469307,0.6196338399824964,0.9166474050210398,0.14418286042174525
-0.07500493348173946,0.17502503505695632,0.12199061495875138,-0.19155936046023894,0.14871584310998642,0.2778933734058613,0.030797272830370655,0.36647153064431165,-0.018428550980798333,0.6587629575016724,0.42838435207901826,0.6407981549217503,0.18925666444113048,0.22204032733247042,0.23546612319844368,0.4275318863511841,0.4179074001416869,0.6017872340348327,0.44246659974185665,0.07411286583223278,1.0,0.5602711481238111,0.511292929375144,0.5602711481238111,0.3337687574067345,0.3531884166712061,0.5758648601775539,0.23054607106338856,0.6381170237669979,0.25817557677480196,0.6981530388102908,0.4805191161808966,0.7404388164952629,0.2956590375801055,0.4809888027275171,0.42002355884887316,0.4533425999655122,0.4935036587862992,0.6801610765721244,0.4664790058921078,0.2002854104225129,0.9777258233599241,0.3664881900505685,0.49478329234545815,0.5224228536987968,0.3221602125108264,0.3811183464185962,0.5160229660958522,0.2994934333201133,0.6153454362828001,0.2130761348749099,0.7129718736632601,0.47772528454970165,0.775467941167857,0.23231323123669775,0.33223871881137335,0.4377637414382704,0.4262067252319356,0.4679786904552375,0.5784699037499308,0.4047819865574113,0.09481072334390757,0.981456986166311
0.17139040709199446,0.46961815885090197,0.7056738140957218,-0.1023518507720984,-0.12823283052471846,0.28959486518037497,-0.10664015081938137,0.29704553666822486,0.451160881202559,0.07920400130665863,0.03149486656801558,0.6572386082283269,-0.0027336021668830134,0.39775785710178163,0.35342352447154113,0.3595428326317272,0.40898385258279274,0.19038813873139931,-0.008128468434011254,-0.28827934761659174,0.5602711481238111,1.0,0.513200423566828,1.0,0.19566235806463264,0.16755960173355178,0.5308902564901097,0.028816881683423137,0.4322631709019709,0.5466600565156784,0.271857551419929,0.20772506723994472,0.6849003020532057,-0.012608777852844881,0.46725549334704175,0.44159793853927787,0.3040324129026593,0.43467230576528765,0.30361558564939617,-0.010954278250909213,-0.16453777793010746,0.5326174370101295,0.5201138058561725,0.5013838119843927,0.9722939857660734,0.15660109451058582,0.004594683148608976,0.46811931857716876,0.1087084118401302,0.4169033534922581,0.6282755583840832,0.2322156745968048,0.18412298539213054,0.6819109721788986,0.0014850268221245468,0.39991849893371734,0.4730573441497697,0.25990179727295354,0.42153756536074155,0.1848966639464229,-0.03736261057517416,-0.23169959644146634,0.5566222320039669
0.1686121856778609,0.6299813216772469,0.024926796401319982,0.08670462184292688,-0.19113657999836253,0.47517425014112663,-0.02610692332593533,0.40692037553621513,0.2734363667016321,0.31051193750247824,0.17480454575961246,0.384730874519582,0.20079150310509464,0.16816616362935397,0.39533290310584,0.2861759954204167,0.28471598341370735,0.35619168137508667,0.08730847691440444,-0.04171617380264481,0.511292929375144,0.513200423566828,1.0,0.513200423566828,0.5905676395059346,0.1317038203789363,0.6958245518211313,0.30584722655687646,0.6720267279578639,0.42348241982289825,0.48401763575481266,0.30330733630312506,0.5982087174130873,0.22929826126853559,0.389904251725466,0.5004855155066608,0.31888560877796585,0.40187292250298867,0.4675776312046246,0.10613708460269085,0.13381088700026894,0.5320208324000238,0.4889892426387647,0.9500932761920023,0.5073542559538808,0.5460520065696047,0.09745099195813173,0.6935048478432483,0.25489832906136617,0.6547981043078128,0.3699213659392766,0.5006182460144852,0.3797423110047656,0.6392967742250248,0.22965997820327264,0.39110104998324924,0.5383220192772225,0.5405297203744732,0.372762098326537,0.3652600246778869,0.052796150517356255,0.13050023034013644,0.49708150028624914
0.17139040709199446,0.46961815885090197,0.7056738140957218,-0.1023518507720984,-0.12823283052471846,0.28959486518037497,-0.10664015081938137,0.29704553666822486,0.451160881202559,0.07920400130665863,0.03149486656801558,0.6572386082283269,-0.0027336021668830134,0.39775785710178163,0.35342352447154113,0.3595428326317272,0.40898385258279274,0.19038813873139931,-0.008128468434011254,-0.28827934761659174,0.5602711481238111,1.0,0.513200423566828,1.0,0.19566235806463264,0.16755960173355178,0.5308902564901097,0.028816881683423137,0.4322631709019709,0.5466600565156784,0.271857551419929,0.20772506723994472,0.6849003020532057,-0.012608777852844881,0.46725549334704175,0.44159793853927787,0.3040324129026593,0.43467230576528765,0.30361558564939617,-0.010954278250909213,-0.16453777793010746,0.5326174370101295,0.5201138058561725,0.5013838119843927,0.9722939857660734,0.15660109451058582,0.004594683148608976,0.46811931857716876,0.1087084118401302,0.4169033534922581,0.6282755583840832,0.2322156745968048,0.18412298539213054,0.6819109721788986,0.0014850268221245468,0.39991849893371734,0.4730573441497697,0.25990179727295354,0.42153756536074155,0.1848966639464229,-0.03736261057517416,-0.23169959644146634,0.5566222320039669
0.29748981846263267,0.08169399493229172,-0.4010225114609289,0.5574600906825431,-0.1329506303362233,0.41735847543864846,0.3208595857465753,0.0582128466743701,0.03513693814538958,0.25782658060893676,-0.014542465115115038,0.36488802131301296,0.09505779023508915,0.5815581314421921,0.47936620948627323,0.5085701838636308,0.12190572274526672,0.07036939727266449,0.3716020733240291,0.11019455087760176,0.3337687574067345,0.19566235806463264,0.5905676395059346,0.19566235806463264,1.0,0.24019784506424996,0.6514753829222298,0.7327151939845303,0.6278739054993647,0.1207903861442471,0.5310145137675318,-0.012685526602579766,0.5800092555112824,0.21527134379836113,0.6789613622885797,0.5659645947187513,0.6526226575636807,0.2614364296524594,0.2457412613983473,0.3761763561472659,0.23254968543305232,0.39146604226107407,0.5655710467022591,0.428868525476155,0.21335923918170852,0.9730073722203532,0.21132626018100417,0.6453184386659999,0.5897855283661783,0.5194412245865668,0.14449859650859742,0.4518115188067663,0.061300858237313544,0.5886832577717459,0.1851678530612891,0.7327186367344354,0.5780546974766593,0.8443804972893576,0.15702127365314697,0.09359587759701746,0.32160254328283133,0.11528828125233107,0.3903637600757891
-0.24978268453036326,-0.0729701742779305,-0.11511902113805103,-0.017245049405236298,0.8256208711578406,-0.03920819967741507,-0.14037827069071698,0.2761756961858161,0.08430057376747413,0.5000907713803485,0.28215507507930304,0.28125696258275656,0.454537812291184,0.28084017435085645,0.038852399864511736,0.3386632405266608,0.12847432604342413,0.43337451348947265,0.8170257204094002,0.4853700882033924,0.3531884166712061,0.16755960173355178,0.1317038203789363,0.16755960173355178,0.24019784506424996,1.0,0.31259972713411394,0.2383499548152733,0.46886162575886986,0.3774599676929773,0.6295760592769201,0.37618163149049066,0.4729680612894539,0.5552825238757607,0.3704534108750568,0.12800134711085087,0.4427050586900187,0.24912142308658403,0.528423425704743,0.8199420563325024,0.5570189807219131,0.4186481544466687,0.09854839512495832,0.0559281365308083,0.22902688459177648,0.2857555865489388,0.9332866350525276,0.22848865907411228,0.24523507523559368,0.45365463890410407,0.27729685121948006,0.5419821916117783,0.3010030164090068,0.4780093969052044,0.5337461393821078,0.29176039908159485,0.12364128702780594,0.47517527122706354,0.2037302973399536,0.41506831192852595,0.8442970466059693,0.49728907255838356,0.3833494279262473
0.3438930783936877,0.17882994447386366,-0.0818315395881703,-0.03698361046305817,-0.05219257309102133,0.704346687008005,-0.1048661103768817,0.5273388329902295,0.023420398137419737,0.42324209649001826,0.25055170831192763,0.5697733518681504,0.3302788634953206,0.6163824112881487,0.6084135300920275,0.39341010088094913,0.5538156031999916,0.2515623829968363,0.3425128319377923,0.2660532242866324,0.5758648601775539,0.5308902564901097,0.6958245518211313,0.5308902564901097,0.6514753829222298,0.31259972713411394,1.0,0.3112605032846083,0.8441402838968071,0.23657708775813555,0.6694392055748223,0.33932958583717204,0.7968592966823301,0.4147822587611064,0.76053738002237,0.7442820258470075,0.5207884883995919,0.6569737549561189,0.43747641287284267,0.3648686325841762,0.39645541954634445,0.6389864839332791,0.6850795069776726,0.6140154938615958,0.5845755302455332,0.6369395834525559,0.2659649173445673,0.9648819477995033,0.2661157573327057,0.8109044232631518,0.2504235096999801,0.6268593192270209,0.41206695031273904,0.7955570526612046,0.37894698472909755,0.720802605799743,0.8203376753502719,0.6528609306548067,0.6096317809687772,0.26773405215781654,0.3192748546044899,0.3132405928559506,0.6305904946791661
0.28996493837696286,0.16504167259434577,-0.3231925108833358,0.6871744702144852,0.002073084602079516,0.18458512967073643,0.7290073381593498,-0.18649699587126298,0.08752007141357486,0.11086744177909917,-0.25720543601676893,0.2667220873850329,0.2782940811068473,0.4753812173271939,0.41047079013265375,0.40344111859607856,0.10311323589475037,0.049328402844465595,0.3093219159417574,0.22777037314250306,0.23054607106338856,0.028816881683423137,0.30584722655687646,0.028816881683423137,0.7327151939845303,0.2383499548152733,0.3112605032846083,1.0,0.26668279625184577,0.14003323550888686,0.3198064410733683,-0.25181458829700604,0.33977728799674495,0.37620088407473956,0.5683628210735452,0.48407907899051084,0.5689632332169401,0.19316349020029072,0.1752203620847655,0.31373601416769253,0.2826710527139413,0.279007126962665,0.495727608595929,0.20856859654935953,0.04897864443205297,0.781003438937757,0.24950900642550056,0.3366754828376206,0.9173491759250385,0.23288727873484136,0.11641062975347179,0.19446093540866966,-0.27713411072923155,0.2424952774158448,0.3705574894271822,0.5440480826146096,0.4509384693952306,0.6104184688671848,0.09626146266255385,0.05737720429909578,0.29468244627485185,0.19488306975422665,0.2933165504229072
-0.05176746260858409,0.016423322523526563,-0.2183817346248792,-0.20167187910867235,0.15977265291453885,0.3521300980558355,-0.2302625945426055,0.6844414376054705,-0.10601425479909839,0.6283371993860385,0.4524381026365422,0.5193598769810616,0.2566842730514506,0.46098611137131734,0.3219002310073683,0.31972054732053423,0.49563735880541426,0.4377739938797175,0.5682615991656945,0.3010970042959321,0.6381170237669979,0.4322631709019709,0.6720267279578639,0.4322631709019709,0.6278739054993647,0.46886162575886986,0.8441402838968071,0.26668279625184577,1.0,0.19608780572115264,0.8422461140595715,0.5522219907465199,0.8023960005385594,0.36020328499200666,0.6391080974853048,0.47803220824587384,0.40929854979016533,0.6002367318283913,0.5930722451534497,0.5996628210323379,0.4700067409018294,0.7154288374611939,0.39610130106115937,0.5282652735309156,0.4479995029680062,0.5611873353541168,0.4678049477091888,0.7629592501354712,0.19779543503261063,0.9543014495009058,0.14048422929424179,0.8348252133620315,0.6089748813349327,0.8262922080234446,0.30083340252799523,0.6096709357194485,0.5215269479186698,0.5885821932240688,0.570865965523538,0.45202330037006133,0.5433257344299993,0.43476172778499284,0.6747109945433298
-0.0036718799428792676,0.5699753129650451,0.41404330563035285,0.20120306566194768,0.20973718061040547,-0.023264516681723225,0.07475538145075673,0.12599040553733704,0.8508866597025836,0.060248856779728514,-0.19852734791321053,0.260154326075942,0.22887592564465573,0.2292137236210977,0.11147324513200865,0.34898431411191905,0.12594117791663573,0.17047448829442544,0.09585877719085052,-0.10819040014595128,0.25817557677480196,0.5466600565156784,0.42348241982289825,0.5466600565156784,0.1207903861442471,0.3774599676929773,0.23657708775813555,0.14003323550888686,0.19608780572115264,1.0,0.24161294957944632,0.05471495197997358,0.3401559211400684,0.22917316353711933,0.29168959533822564,0.1577693172849074,0.3229528103900346,0.20711601825531367,0.2585160811145819,0.10070273294166962,-0.014466486596924821,0.276430748926101,0.24670447023562075,0.45153678494030375,0.5451749721855673,0.1396612275905553,0.26064134213903856,0.14415552642222476,0.24868555084642463,0.2422270589591,0.9275556668815974,0.16788855271953146,-0.004847773704840574,0.35442055033260994,0.2686815901704297,0.1724665743602895,0.16670622005030022,0.3743427525955309,0.24182419891033693,0.14392677787276478,0.10846565352821644,-0.03735506277639897,0.24240530383010844
-0.2453515173847471,-0.06985292030140856,-0.29414438623149636,-0.12253998649650005,0.4761575585053171,0.25789789550706194,-0.07313831459403897,0.4993680031025485,-0.10899141849258898,0.8425684190872613,0.4925371094207665,0.462004645894227,0.5440558380587419,0.3203840604941649,0.21812834815109494,0.47206189571135543,0.4719229852303455,0.6676491598178214,0.7755517133001296,0.5344010518948646,0.6981530388102908,0.271857551419929,0.48401763575481266,0.271857551419929,0.5310145137675318,0.6295760592769201,0.6694392055748223,0.3198064410733683,0.8422461140595715,0.24161294957944632,1.0,0.6087264444479638,0.7581496475074655,0.6520637035830145,0.5523882208169121,0.37865104234264974,0.5929297011861719,0.5942574983306717,0.7941449425143536,0.8265138216043548,0.6666358714163946,0.7997461061238893,0.19946476459373555,0.36995957483997316,0.30531704815007005,0.5154050007542699,0.7142528237248329,0.5833525985952089,0.339773758017373,0.7790968693677792,0.11289893950150903,0.9503548848989601,0.5988879595907383,0.7715313548189736,0.5936427099739326,0.42399584524745737,0.3538232762193701,0.6381119717840972,0.5425383974279601,0.6551717260107589,0.7700877759703866,0.5499457849019082,0.7563940041994074
-0.4023690052690223,0.04046553918468989,0.02347405278843034,-0.5166171084399975,0.3410174647900845,0.07876359388299968,-0.5322687954181403,0.4280074546054407,-0.30095469579043477,0.7217095910605676,0.8818637803962713,0.27123412241337236,0.21484965233091952,-0.25209332315086214,0.04784705784419577,0.08590306480149641,0.29463455348945605,0.7983116854007729,0.37942235060972873,0.17937103094764906,0.4805191161808966,0.20772506723994472,0.30330733630312506,0.20772506723994472,-0.012685526602579766,0.37618163149049066,0.33932958583717204,-0.25181458829700604,0.5522219907465199,0.05471495197997358,0.6087264444479638,1.0,0.40909633712417187,0.35633437055596573,-0.042208222989273333,0.1382752602032344,0.0463977059381553,0.35872285316800917,0.7835712932061546,0.4497167078800137,0.26039966727677355,0.5155386916324076,-0.11610711802079704,0.3141121593748439,0.19387963044996948,-0.07708820953921154,0.49196868806616917,0.29910249891081325,-0.21069881471521007,0.4988729928258524,-0.07568709929127163,0.7079994014333351,0.9486166331371554,0.482002675485601,0.26179871196220633,-0.1821729232606609,0.08573749121995262,0.04421588844849868,0.36923558097067427,0.7815792541573594,0.44415663627166835,0.24961637178182464,0.5021261641667198
