Fp1,Fz,F3,F7,FT9,FC5,FC1,C3,T7,TP9,CP5,CP1,Pz,P3,P7,O1,Oz,P8,TP10,CP6,CP2,C4,T8,FT10,FC6,FC2,F4,F8,Fp2,AF7,AF3,AFz,F1,F5,FT7,FC3,FCz,C1,C5,TP7,CP3,P1,P5,PO7,PO3,POz,PO4,PO8,P6,P2,CPz,CP4,TP8,FC4,FT8,F6,F2,AF4,AF8,O2,P4,C6,C2
1.0,0.676691817367133,0.5782678223285522,0.5883412277059877,0.42050065810753606,0.6975187071538758,0.7715101369485977,0.7224148192578635,0.45599589074377406,0.4651115328569453,0.3756710569342034,0.5413020601053982,0.6075802658254444,0.4769903492987588,0.5135280428774084,0.44216877144572786,0.7145475399829534,0.2770429593149858,0.252269899182678,0.3204982541623051,0.27100028432491496,0.10858031302210155,0.20057821522214953,0.10858031302210155,0.22620959526326226,-0.13485919456334566,0.09710666395570676,0.35917457803666025,0.18118660005699358,0.3388231233718908,0.00351612953283184,-0.02775019584395842,-0.015853889985964136,0.27166018979935347,0.17256974986429696,0.2040405949247875,0.10847106769429189,0.4453811893643667,0.21646520268072694,0.18654347184655784,0.24066178888061412,0.1402788385523314,0.8523487178749176,0.22272883163922266,0.332940611982354,0.20523385654055207,-0.07047217501478034,0.2745189384855431,0.5482866090380171,0.22510218540383894,0.3888175265514521,-0.1421654708215558,0.14953680023208712,0.2083086195359571,0.27583559976289257,-0.010620475836837652,0.23515364250879345,0.15038536165391056,0.06583868558910062,-0.15875423903430472,0.007342850475317746,0.06131000462748893,-0.12150847686155321
0.676691817367133,1.0,0.6221888779096848,0.696736736691819,0.3167777292861887,0.4790646456716812,0.762941676308177,0.5135170249894386,0.4657324454549016,0.35746707927741134,0.20225009201869829,0.4628415294276896,0.3584301961110021,0.5141356034955942,0.30829773148260564,0.5097750075525072,0.4303497581952455,0.44493586412627195,0.22162555663719943,0.28806938720733277,0.2716950415905334,0.30602058987875635,0.6751184786210666,0.30602058987875635,0.375745418192518,-0.07289037052819522,0.011649084205544745,0.3977022772924705,0.08948239136557436,0.4665028022998039,0.026318017330309768,-0.13981473450442836,0.05428317535170262,0.17092797580043684,0.2867920749490007,0.08895504892068028,0.24262391415514206,0.22619821731032025,0.454943503231221,0.15428422915516693,0.2839092265970062,0.22449264549498799,0.5452795711304464,0.6959253323833359,0.4764001854920957,0.33245440846849483,-0.03204720867470544,0.28699241356611743,0.7056877949319605,0.13112066916512383,0.4151725433750728,0.0005872648667719428,0.02516548152943201,0.3009353796625086,0.03418399463395223,0.03722931442944001,0.08558748718577894,0.22473583328056573,-0.04240070507020245,0.22263006417074455,0.04009610968584541,0.11643825569399315,-0.029275401339749197
0.5782678223285522,0.6221888779096848,1.0,0.4245534890873724,0.5037974561871313,0.6384790090197741,0.6006132892100766,0.6247808700667826,0.39235747287212175,0.44982833705426045,0.42013865236175096,0.5294138609305825,0.32708257260925594,0.31316921888164784,0.135803789766932,0.31616330457703584,0.6265657719088582,0.572199016505529,0.35192567926007445,0.10993967373607758,0.23811625058695554,0.6489101099580871,0.20717431435236555,0.6489101099580871,0.01615061689728894,0.05047994678010163,0.05935451261537167,-0.12169912364880872,0.1707094868852784,0.3105225600609222,-0.01562429805333667,0.05228907947312804,-0.0328359922259941,0.021700921892694923,-0.010392426827241057,-0.21784996173255863,-0.07700315585263695,0.42448964526801936,0.5271744970199181,0.23321388548220431,0.061797566504865405,0.09334418895718281,0.3201336665671351,0.27097471700366427,0.7962587219044331,-0.013435744915873927,0.08970128124661407,0.28965937151459237,0.23148841139043935,0.22176503538959777,0.35515085647461253,-0.022574020542473094,0.22736360801062927,0.22597124890172318,-0.15779817196327864,-0.20858967327283573,-0.20123765490990406,-0.15237068505852266,0.11242608256746114,0.16809407324920136,0.13200193920091866,-0.08417581036623607,-0.19459714373082912
0.5883412277059877,0.696736736691819,0.4245534890873724,1.0,0.41006030827284945,0.2928023718846313,0.6853550616444509,0.43392038280330825,0.47364058205696913,0.48077712501914266,0.010513980388243282,0.409063138681817,0.40794980852353824,0.4996832549692834,0.6443813384257435,0.3497710705088205,0.42190098254338054,0.2901422971359442,0.21628697038604927,0.4503145866248407,0.26349232526964433,-0.02510315578369537,0.3057349684677639,-0.02510315578369537,0.8087305442503797,0.009403554004483445,-0.09150979773788379,0.46699254148425007,-0.045557221417947366,0.30636967124851217,0.15030419659990754,-0.32556733939606486,0.057169945412945955,0.1435602513921677,0.3156346063417522,0.4917705213808999,0.1769786703673207,0.2924314221387897,0.2556308948129485,0.1504682514874028,0.48485077080310446,0.1882538823739316,0.3845883751798388,0.4753506908863018,0.17335323800698116,0.7811825287741905,0.10572200201965329,-0.045127986662013495,0.6436416751568239,0.04462065998111775,0.4648263592883142,0.15564826929248599,-0.24281784479937488,0.3860642428815187,0.06697356240113539,0.1785277143923298,0.42278814299529344,0.10744396534869799,0.039421778842596025,0.15615177705075678,0.037972626243731135,0.36044200710103697,0.0021638289484003778
0.42050065810753606,0.3167777292861887,0.5037974561871313,0.41006030827284945,1.0,0.393199529076514,0.5760651875916667,0.5117425291939288,0.2400334235550903,0.6470300036561072,0.3398145759135933,0.6559429762402382,0.6633201005375333,0.427447822248141,0.46602445254512964,0.22144299322984937,0.6326935918407521,0.4833559539133188,0.47920902608558946,0.4625224980683081,0.3631280175982602,0.017526562414687086,-0.10603809440623395,0.017526562414687086,0.08394203754662397,0.7010078873562428,-0.13983696745787735,-0.008942770228131412,0.026018774613162793,-0.11587997550095544,0.25374918907262767,0.031890608863277485,0.1726707928195419,0.5517814108742561,0.159894304917439,0.17130686799162656,-0.1026300744233479,0.3690811541609039,0.3610007816244847,0.3701221999798563,0.40916400129823755,0.25154090254283684,0.15034676288112914,0.19898358027078072,0.20637991355350263,0.01044237166634865,0.7932406113016826,-0.09440807685220681,0.26264963457176943,0.17254493878115712,-0.09503051752963024,0.11626408263380336,0.1279245568182542,0.3881560219584542,0.3600471233131648,-0.06246342912830216,0.1677092810217122,-0.14026975409411085,0.07257080287532253,0.17306062177353504,0.27874484267356414,0.29079198345313073,-0.009854092384490122
0.6975187071538758,0.4790646456716812,0.6384790090197741,0.2928023718846313,0.393199529076514,1.0,0.6824540786900789,0.6662004878451904,0.3730445054251261,0.4299062205239735,0.6876173065111162,0.6111940097117337,0.5025251635918256,0.3941166144147916,0.45442961244569174,0.5553365438966796,0.5933016983243824,0.3529459631668718,0.07892270048455151,0.041848902321225755,0.36878996312900825,0.25545289134053145,0.11371996012787552,0.25545289134053145,-0.12689435364087767,-0.039666501728999985,0.5422516786119854,0.21107822803266252,0.3526438735383853,0.26224765387549864,0.06362648198253607,0.34492989076113933,0.1498362896501095,0.34400747185237895,0.11122830971913004,0.178146235298861,0.23757978109351924,0.38698863807135203,0.2928026755530686,0.016174711305124077,-0.006734269667495501,0.2444945117617504,0.5444764957090759,0.058314708682301784,0.4356741830304903,-0.06767154813522779,0.12478725342169289,0.6365315393211377,0.4201797814657403,0.369270843665558,0.2942863403945254,-0.05390353897182904,0.5066783197013397,0.2762180863649896,0.2349571351536999,-0.06645954087788983,0.2058051718224716,0.2146068254295124,0.13065493208332268,-0.005061645324645544,-0.05329531239500953,-0.12252792607785966,0.022011413432422033
0.7715101369485977,0.762941676308177,0.6006132892100766,0.6853550616444509,0.5760651875916667,0.6824540786900789,1.0,0.6977376810418936,0.6073633644747601,0.5901931670603738,0.5075334546503897,0.6674136941146637,0.7163753616351626,0.5464161488744257,0.6254453028085241,0.5012854683686563,0.5541080239580478,0.4889969111706316,0.18237845473235115,0.3171585813304244,0.2416198463179028,0.04947579490392203,0.2136872388304205,0.04947579490392203,0.21622467464849196,0.025402359166660244,0.0628199610850788,0.5032822547644284,0.136067954946673,0.38192018564736513,0.142219471365385,0.052112370392438774,0.025749627583243062,0.432251302643337,0.17779279181518892,0.29553793354091273,0.15675179704971323,0.22052501252151632,0.4008042320731844,0.09479455884775463,0.2893448029001204,0.11679165576371671,0.5023311761910779,0.34309440818776826,0.26636721794140733,0.20170677064109682,0.1837681807014249,0.15561342318543617,0.7830418607476025,0.23068944020646004,0.3627101888404847,-0.035102428516137374,0.2129248151507421,0.263234580721926,0.2786938762108174,-0.11595040500237482,0.23804044260422438,0.08852621395329183,-0.13477565951470968,0.16435414804182005,-0.018613684508987375,0.0935889802844691,-0.1454646348200087
0.7224148192578635,0.5135170249894386,0.6247808700667826,0.43392038280330825,0.5117425291939288,0.6662004878451904,0.6977376810418936,1.0,0.5027847114683334,0.4365482525388049,0.4944289849614632,0.7027321765598624,0.7186225513003799,0.4642356860551051,0.33691168781046427,0.3597978296943261,0.5559329816823017,0.6554513751752594,0.47802153331026115,0.13520444636554163,0.3212399874238537,0.26805999687913773,-0.006914621264603104,0.26805999687913773,0.06100870017500732,-0.006529902448134227,0.10794144957891483,0.15218128818880416,0.6145077915765097,0.27144728429190584,0.01707947496351842,0.14465356117940636,0.1053123809875159,0.40419340775390844,0.1409574789485433,0.0019282229693764609,-0.042377845709411215,0.30817486542662803,0.5808063696805476,0.38597243917466767,0.0969993904193061,0.23110184538677014,0.46976456278706097,0.08211881347928605,0.4336017487849079,0.056891180541682906,0.16212156074672474,0.3337289116597008,0.41847330905925484,0.6795081976373283,0.39863765790506234,-0.254371341430872,0.2883225812173593,0.3676926967167935,0.3393166484045163,-0.11392806253284679,-0.07620364043520392,0.03589476316290257,-0.18324462389048246,0.33638865918596317,0.21894445573924876,-0.11064387681168353,-0.08819889325931618
0.45599589074377406,0.4657324454549016,0.39235747287212175,0.47364058205696913,0.2400334235550903,0.3730445054251261,0.6073633644747601,0.5027847114683334,1.0,0.04637621514530824,0.27872196671754934,0.43646778450724094,0.4036258516141677,0.4199732048862115,0.22889122693819702,0.23257388820404207,0.3274880897521605,0.3363078435396089,-0.14855779585944265,-0.0019276390033218197,0.08484657011452833,0.17658591312221347,0.18950876007770892,0.17658591312221347,0.2282700806964405,-0.06661561228209369,0.07288291076550334,0.5379017419662456,0.2725986945069101,0.7833753134112297,-0.1782440206207462,-0.0314454267165121,0.16601087234505674,0.22426420372340883,0.2569205875441609,0.08297587243493731,0.12765759912307234,0.25688951361557655,0.3078958954575475,-0.234067483986491,0.028776962019720752,0.07918921592171103,0.43676680957120023,0.17911670492347273,0.2525580850578142,0.20652342287136016,0.0566804525663132,0.12258910549261692,0.613845812894227,0.30028183687416105,0.7402913884491417,-0.22677568641224985,0.08869521962367707,0.3632913977918731,0.12295972260557247,0.08048018768809566,0.03823383787497442,0.12817159615854357,-0.03980105368106417,0.2028857324754516,-0.3763971737203881,-0.04627705917500012,-0.09405402066384834
0.4651115328569453,0.35746707927741134,0.44982833705426045,0.48077712501914266,0.6470300036561072,0.4299062205239735,0.5901931670603738,0.4365482525388049,0.04637621514530824,1.0,0.5047399476327645,0.6722962112737638,0.6641456808295233,0.26167031063622465,0.6023019516948135,0.586113771860426,0.5891952808558925,0.519871830997705,0.5468039945561869,0.32211227436896706,0.4798280532058161,-0.0489831669232959,-0.1067091631375177,-0.0489831669232959,0.22364154792655738,0.3153237611081863,0.05830369115070024,0.037208318588178836,0.08056935311841092,-0.02279080346949546,0.7379202590117953,0.31660067293932465,0.29371546585456854,0.4366461063481006,-0.04427754036888266,0.39874130657838935,0.3586431336056989,0.34709880180355135,0.42604929598209035,0.5065011212137005,0.30787391268721426,0.34431027448763707,0.15377452420816023,0.1453831543432076,0.21981048881672433,0.19739171188331714,0.43807675829563153,0.06198754426574328,0.2997713216996603,0.18661837486590307,0.13632207872250096,0.5465952898566749,0.339043173728185,0.3578747394665167,0.43990540252230625,-0.14578610564672556,0.3666033082368289,0.25517552689275197,0.21467185220193713,0.23604775292528876,0.444701541269412,0.17423074451541126,0.2172888246567393
0.3756710569342034,0.20225009201869829,0.42013865236175096,0.010513980388243282,0.3398145759135933,0.6876173065111162,0.5075334546503897,0.4944289849614632,0.27872196671754934,0.5047399476327645,1.0,0.6140101405298151,0.5386155708537731,0.0122553816602514,0.26604752255316694,0.6163488570143488,0.5013443528775096,0.5316072159114692,0.2100660588766474,-0.2153045437219601,0.23870012490499654,0.21192566700648444,-0.008555462057125682,0.21192566700648444,-0.3369916848202229,0.06017636249456049,0.4134414605170418,0.07222420144474315,0.361968025441408,0.2014830551274625,0.2607776456327384,0.8296795824689706,0.2533893356729683,0.40775148700038805,-0.22208662941866872,0.047822498344153225,0.41435890019573673,0.3816946522946753,0.44987445708841645,0.187603033654789,-0.2804930296122098,0.16204466447074414,0.17650974366004396,-0.00343047233537456,0.34322967188291503,-0.24927210244560066,0.2267641818627602,0.42940824855635057,0.24027004570021138,0.3993416214216154,0.21057770466561654,0.010214478664014167,0.9190145290666871,0.16040715855838208,0.32978360070805485,-0.32050730179674725,0.05865873560289903,0.3039350340990863,0.14568327203516135,0.17234592980276167,0.1874265810154776,-0.41712586709493277,0.06275379511755201
0.5413020601053982,0.4628415294276896,0.5294138609305825,0.409063138681817,0.6559429762402382,0.6111940097117337,0.6674136941146637,0.7027321765598624,0.43646778450724094,0.6722962112737638,0.6140101405298151,1.0,0.8320702152369109,0.33107702032857816,0.38952428751011653,0.67664576341217,0.6293805559283402,0.7027865675035467,0.49554951394187385,0.043957942867768725,0.5464167238644784,0.04055002088347218,-0.05471775346366327,0.04055002088347218,0.042509020870851864,0.20894782962501088,0.1118508060059342,0.023146546318416252,0.3396482594370651,0.2033268870909784,0.32109807034639665,0.30200961815166427,0.5594970811774298,0.6161689190901257,0.03703152684339557,0.1078116350559489,0.34386178094085545,0.4214044948755833,0.5717722776231096,0.4024148772938697,0.05002402650300541,0.4402443782605002,0.296869347032752,0.09616810571942541,0.2512267638942845,0.028852745400141964,0.46207051812213756,0.1809156781290625,0.3221828024396456,0.4421953370682205,0.38693462830767317,0.1395371383951931,0.4463474817728465,0.6807826982025977,0.5150832813434872,-0.2136746668800502,0.05435093841704406,0.3095372337792423,0.059023006593853435,0.3905829058427449,0.2943452474596801,-0.07886340265752173,0.1797773493163432
0.6075802658254444,0.3584301961110021,0.32708257260925594,0.40794980852353824,0.6633201005375333,0.5025251635918256,0.7163753616351626,0.7186225513003799,0.4036258516141677,0.6641456808295233,0.5386155708537731,0.8320702152369109,1.0,0.32640152949954293,0.5545540940657999,0.520521906969425,0.5702864332530752,0.573575058841649,0.46056654498889477,0.30405722601225726,0.3513129499508565,-0.2239973764118041,-0.1481819666323384,-0.2239973764118041,0.08782873527883464,0.19424900006765988,0.004901173828494524,0.20224818276961468,0.3132604107448939,0.05330993720069086,0.3107878111552591,0.21262970627232763,0.3239887692634614,0.7985042946690152,-0.01076964051278211,0.2730292460475939,0.20165413625272682,0.28747945799746755,0.4404604953588569,0.3607946150846229,0.2675425083630415,0.23846211036279877,0.3568478739507861,0.05554158598234833,0.006791035340324349,0.05310526124342497,0.4461616602389168,0.04188238088395304,0.4740946392360779,0.4347514954329252,0.25917947046336187,0.05250744086432459,0.3507180578671577,0.45706145691228617,0.7445191910723918,-0.2540016046970008,0.22851209745802076,0.21010721708406863,-0.12363372491790733,0.28369667526663944,0.24082544484530083,0.12142379329943032,-0.00341453650872002
0.4769903492987588,0.5141356034955942,0.31316921888164784,0.4996832549692834,0.427447822248141,0.3941166144147916,0.5464161488744257,0.4642356860551051,0.4199732048862115,0.26167031063622465,0.0122553816602514,0.33107702032857816,0.32640152949954293,1.0,0.44945197401055287,0.19322295417125326,0.3202800468697157,0.22763030849307794,0.14239123771686205,0.526163521176348,0.3203651552252235,0.11597733194801024,0.18473549821791524,0.11597733194801024,0.38061459202258774,0.3294436654253355,0.1719460210272542,0.30834104934227746,0.24203223346088473,0.3523301769128837,0.13152242953237359,-0.20945596434367209,0.09291818597419339,0.3019771658225735,0.8758147043693822,0.33616947140933334,0.04414804150492994,0.11460292516073046,0.23843755972707237,0.06381247093679249,0.5611374815330343,0.27214433026551604,0.40834157335837956,0.32948077094369654,0.2777307327958078,0.3802973405037172,0.2715972062534563,0.32048194748923586,0.5400721962776245,0.2974552538947742,0.3374996544712796,0.12016911840103704,-0.11281704437672559,0.33631024716291125,0.2616361315243042,0.6374472826002431,0.2841939759763749,0.07595312900313567,-0.042697409336176946,0.0945347891665531,-0.10410750494026327,0.439137749648862,0.06100477380003998
0.5135280428774084,0.30829773148260564,0.135803789766932,0.6443813384257435,0.46602445254512964,0.45442961244569174,0.6254453028085241,0.33691168781046427,0.22889122693819702,0.6023019516948135,0.26604752255316694,0.38952428751011653,0.5545540940657999,0.44945197401055287,1.0,0.3410973276087735,0.36396088870931637,0.13517864308153293,0.0752546754159594,0.41444935062713484,0.4296786939615702,-0.2393450351820856,0.006057735373652613,-0.2393450351820856,0.4450999491734591,0.12595459324271535,0.22022339602379315,0.47782570636154853,-0.01799452871726702,0.11451739077198349,0.42727937318334025,0.011076353500947095,0.06902340995812574,0.43410792159643224,0.2903651784455559,0.8825076378482661,0.16814753787999828,0.14808842071636877,0.04273923413212784,0.06351792136051003,0.4176489234887951,0.3132100433271859,0.33497520410727183,0.13869521033296042,-0.05181025338339864,0.4610994725649579,0.2812050737323626,0.07341959095085301,0.5992182711220079,0.10319380692449093,0.10441295408225622,0.28645662788338844,0.06799173229733736,0.2623449393666178,0.40334242684338545,0.1829587603992653,0.8283068335603286,0.08386239495338443,0.0784236536683407,0.025807792485837585,0.07119044688414435,0.3166479480967835,0.22736502108078127
0.44216877144572786,0.5097750075525072,0.31616330457703584,0.3497710705088205,0.22144299322984937,0.5553365438966796,0.5012854683686563,0.3597978296943261,0.23257388820404207,0.586113771860426,0.6163488570143488,0.67664576341217,0.520521906969425,0.19322295417125326,0.3410973276087735,1.0,0.4459880782133775,0.4827844823065845,0.22890723275182348,-0.0316197371162639,0.4679396120976037,-0.0018805223719657127,0.21040056445354613,-0.0018805223719657127,0.14422715391901966,-0.0533449296024168,0.31332861572091897,0.13267217552041763,0.1811716370375446,0.26659744696775917,0.3535097306520202,0.43627071610054785,0.4197951012491152,0.43364291484525846,-0.016695962881298727,0.23762296540823727,0.8278063543025533,0.3483483375691753,0.41502122329197083,0.21936034035051322,-0.0073416513054347585,0.42503855613861924,0.30889235115117564,0.22655272425660364,0.21971818937932142,0.2051713259339265,0.12055120568974259,0.37536487493743775,0.3486726261039475,0.21405048899061335,0.4325601026189127,0.2969574005020494,0.545126196078529,0.3921595294069514,0.3914482840663949,-0.14271761245562292,0.2492713052242125,0.7397612372061217,0.1481224065173062,0.1959270342292655,0.15283428296873858,-0.09265141280656405,0.29248455573812343
0.7145475399829534,0.4303497581952455,0.6265657719088582,0.42190098254338054,0.6326935918407521,0.5933016983243824,0.5541080239580478,0.5559329816823017,0.3274880897521605,0.5891952808558925,0.5013443528775096,0.6293805559283402,0.5702864332530752,0.3202800468697157,0.36396088870931637,0.4459880782133775,1.0,0.41886824801119804,0.396265530279222,0.27385923090937586,0.3181267145507733,0.224086289805994,-0.00036274143847940397,0.224086289805994,0.06613697104266307,0.3104775229638826,0.09798885844398567,0.09259065918228779,0.15441154115128944,0.18955596719256324,0.18725489620119973,0.17465210982805923,0.2104209627340931,0.30514515731208225,0.0682030328805419,0.09820980922718282,0.2093874514140584,0.880644041664472,0.3669251254940408,0.2922048905780752,0.18448918422483984,0.1628303406260976,0.601876683897783,0.12852471261437393,0.4256294771611935,0.08790618093402322,0.3349508516305149,0.18850948819965435,0.2359406331775342,0.2444489666257243,0.2961640404886139,0.10739311894753083,0.3401746386417582,0.3559728540631923,0.27544452474451775,-0.04720142015162708,0.21549466057277966,0.13489617292581096,0.5483104831004673,-0.0966901288421016,0.1754040390403028,0.034704986413431206,-0.04915780751937715
0.2770429593149858,0.44493586412627195,0.572199016505529,0.2901422971359442,0.4833559539133188,0.3529459631668718,0.4889969111706316,0.6554513751752594,0.3363078435396089,0.519871830997705,0.5316072159114692,0.7027865675035467,0.573575058841649,0.22763030849307794,0.13517864308153293,0.4827844823065845,0.41886824801119804,1.0,0.6522470350697399,0.05491734191876658,0.27809289919889074,0.37363986475487465,0.08017367768179365,0.37363986475487465,0.005633614734981663,0.2140945738673857,0.0006794553533804045,-0.13356230350301224,0.5222037020859789,0.23938273796568144,0.3340409900642727,0.3289953230789153,0.2815975725127208,0.3940316450582254,-0.003114533362665282,-0.061835361978785114,0.1735672715492356,0.31211340409918986,0.9627519925021781,0.5965461815703516,0.0818361528726922,0.2535264927500361,0.011049569316537708,0.23952656218845803,0.5063260955818142,-0.027128983692603813,0.3442469059661208,0.18909906939236565,0.2502984928998592,0.615097332938827,0.3752887606686016,0.173211498867469,0.44685071001766197,0.39639546857220564,0.28263607407090996,-0.24168445475416303,-0.14584343253102713,0.09781695581123023,-0.032087031443747735,0.7677358348977784,0.5088557080095885,-0.07273857375642763,0.030878574269381526
0.252269899182678,0.22162555663719943,0.35192567926007445,0.21628697038604927,0.47920902608558946,0.07892270048455151,0.18237845473235115,0.47802153331026115,-0.14855779585944265,0.5468039945561869,0.2100660588766474,0.49554951394187385,0.46056654498889477,0.14239123771686205,0.0752546754159594,0.22890723275182348,0.396265530279222,0.6522470350697399,1.0,0.22917841450533064,0.2801793704006251,0.19572813309193407,-0.06454310989102106,0.19572813309193407,0.13260004716999427,0.3583420899550807,-0.0701356924956113,-0.29326395117446213,0.37422825803584514,-0.22436262782275157,0.42720572836449394,0.1738684376435062,0.2443675982937905,0.33156166035643647,0.01921165072061641,-0.07477574742638414,0.008452487234343326,0.31149480715066435,0.633468309194226,0.9728285809830433,0.19879157497138472,0.22789354478007776,0.05932839207327807,0.18880016657060952,0.32864200706960034,0.06938480834304685,0.36114804868572536,0.04231921555167413,-0.026414687582677628,0.45404394932214565,0.023781743410902306,0.290481459194989,0.22762076845996532,0.33892939953167467,0.36639013565831563,-0.08124162019490815,-0.09670882785928946,0.0320718006299392,0.07892388688226037,0.46468156942628447,0.8921633120324635,0.07817418066324329,0.04809880835128283
0.3204982541623051,0.28806938720733277,0.10993967373607758,0.4503145866248407,0.4625224980683081,0.041848902321225755,0.3171585813304244,0.13520444636554163,-0.0019276390033218197,0.32211227436896706,-0.2153045437219601,0.043957942867768725,0.30405722601225726,0.526163521176348,0.41444935062713484,-0.0316197371162639,0.27385923090937586,0.05491734191876658,0.22917841450533064,1.0,-0.05049933939376798,-0.19961862366252608,0.14894959279282197,-0.19961862366252608,0.4726780967379785,0.44349581568593544,-0.15188671566060705,0.1609571954396034,-0.07923424144887639,-0.18250984817760546,0.20910465363687314,-0.34065859796556086,-0.05852634867957497,0.3880059353383638,0.37737725729914195,0.3872837519367159,-0.11473617670302072,0.14436458227651275,0.08431420505662822,0.14280574765573498,0.9760363116423483,-0.06415350392092514,0.20597442836652438,0.4575739257045818,-0.04131322983179764,0.4220389527318065,0.3666786948948977,-0.032454947307723865,0.4061475563197639,0.018967385859101887,-0.06523934701969303,0.2835621923912931,-0.2820349075590765,0.100088888261257,0.30253341045154064,0.2244613670382887,0.38738519829063445,-0.12254002450276105,0.010305863374146986,-0.016894576842101404,0.0367396178690216,0.903923805114295,-0.18247289200368205
0.27100028432491496,0.2716950415905334,0.23811625058695554,0.26349232526964433,0.3631280175982602,0.36878996312900825,0.2416198463179028,0.3212399874238537,0.08484657011452833,0.4798280532058161,0.23870012490499654,0.5464167238644784,0.3513129499508565,0.3203651552252235,0.4296786939615702,0.4679396120976037,0.3181267145507733,0.27809289919889074,0.2801793704006251,-0.05049933939376798,1.0,0.1957267179463893,0.1126745118339164,0.1957267179463893,0.18989446914275784,0.2315884116249815,0.2482095505768092,0.00775119728162677,0.19455966805277936,0.22459454310654503,0.38117587838845224,0.21146378158072401,0.4903941798272191,0.38242615729493573,0.26329637176496207,0.3718066511186529,0.3201764545353408,0.19244276687720674,0.23216764589596875,0.27508720993916297,0.001848844560401854,0.9577819012699095,0.20206478486095528,0.10541494185400709,0.3289952745342435,0.16517187211063283,0.3120801830637098,0.26985755476430207,0.20409040944967172,0.2407612380840148,0.19069552505714082,0.30476908993095736,0.21816963866641687,0.6472672610769887,0.37866646475122884,0.23788813437903827,0.33518838790126837,0.39119819969512043,0.22038497617615924,0.28296398332631895,0.27474218202294054,-0.05406540041947255,0.837218869420692
0.10858031302210155,0.30602058987875635,0.6489101099580871,-0.02510315578369537,0.017526562414687086,0.25545289134053145,0.04947579490392203,0.26805999687913773,0.17658591312221347,-0.0489831669232959,0.21192566700648444,0.04055002088347218,-0.2239973764118041,0.11597733194801024,-0.2393450351820856,-0.0018805223719657127,0.224086289805994,0.37363986475487465,0.19572813309193407,-0.19961862366252608,0.1957267179463893,1.0,0.3326422672793635,1.0,-0.18235128414677218,0.004928512209007974,0.17963520549397108,-0.22420938767099446,0.2686873665478668,0.43290815167662633,-0.1407825359275451,0.14496522619925895,-0.11003617618589749,-0.252584160621522,0.0741150886403103,-0.34801597584180527,-0.16634552951223486,0.2510543256717647,0.4536121935632161,0.15618936281730122,-0.22274814830407094,0.18026094947763066,0.10712869100242356,0.2170551856364998,0.940624680412147,-0.14036646213049125,-0.10799482794946692,0.42109592968363135,-0.02503048434178852,0.27420435540972904,0.23019666707362066,-0.09364850839892608,0.26555227311788154,0.010709754159768057,-0.3792159389921218,0.001550732585184841,-0.307822747010141,-0.20981340962011782,0.1775039810986916,0.20577588072758063,0.18273066268918509,-0.3187490537704397,0.06198322393912068
0.20057821522214953,0.6751184786210666,0.20717431435236555,0.3057349684677639,-0.10603809440623395,0.11371996012787552,0.2136872388304205,-0.006914621264603104,0.18950876007770892,-0.1067091631375177,-0.008555462057125682,-0.05471775346366327,-0.1481819666323384,0.18473549821791524,0.006057735373652613,0.21040056445354613,-0.00036274143847940397,0.08017367768179365,-0.06454310989102106,0.14894959279282197,0.1126745118339164,0.3326422672793635,1.0,0.3326422672793637,0.302480159710616,-0.1158370693899116,0.09094943443904373,0.33553730225878814,-0.031004008670804155,0.3645052262057858,-0.07480206451454971,-0.029640819304519554,0.08365051666598285,-0.02418534214582848,0.23532248329213148,0.029081333069653492,0.21734510379280794,0.03149975827938674,0.18589374649453774,-0.07033709815238218,0.1349981056884292,0.20360914302020194,0.2661741466077399,0.8731270150320348,0.363917163177143,0.2718895120200471,-0.1568318624823157,0.39377446664410615,0.5176962662485836,-0.06451132887672696,0.18522097571575,-0.009582778737179838,0.029681710173083808,0.16958432353880362,-0.13325292062739297,0.1770836075535241,0.0777388914407154,0.2349773751153822,0.03345211939019987,0.1658349342925563,-0.052779476034625177,0.07070890760634259,0.14413552391931028
0.10858031302210155,0.30602058987875635,0.6489101099580871,-0.02510315578369537,0.017526562414687086,0.25545289134053145,0.04947579490392203,0.26805999687913773,0.17658591312221347,-0.0489831669232959,0.21192566700648444,0.04055002088347218,-0.2239973764118041,0.11597733194801024,-0.2393450351820856,-0.0018805223719657127,0.224086289805994,0.37363986475487465,0.19572813309193407,-0.19961862366252608,0.1957267179463893,1.0,0.3326422672793637,1.0,-0.18235128414677218,0.004928512209007974,0.17963520549397108,-0.22420938767099446,0.2686873665478668,0.43290815167662633,-0.1407825359275451,0.14496522619925895,-0.11003617618589749,-0.252584160621522,0.0741150886403103,-0.34801597584180527,-0.16634552951223486,0.2510543256717647,0.4536121935632161,0.15618936281730122,-0.22274814830407094,0.18026094947763066,0.10712869100242356,0.2170551856364998,0.940624680412147,-0.14036646213049125,-0.10799482794946692,0.42109592968363135,-0.02503048434178852,0.27420435540972904,0.23019666707362066,-0.09364850839892608,0.26555227311788154,0.010709754159768057,-0.3792159389921218,0.001550732585184841,-0.307822747010141,-0.20981340962011782,0.1775039810986916,0.20577588072758063,0.18273066268918509,-0.3187490537704397,0.06198322393912068
0.22620959526326226,0.375745418192518,0.01615061689728894,0.8087305442503797,0.08394203754662397,-0.12689435364087767,0.21622467464849196,0.06100870017500732,0.2282700806964405,0.22364154792655738,-0.3369916848202229,0.042509020870851864,0.08782873527883464,0.38061459202258774,0.4450999491734591,0.14422715391901966,0.06613697104266307,0.005633614734981663,0.13260004716999427,0.4726780967379785,0.18989446914275784,-0.18235128414677218,0.302480159710616,-0.18235128414677218,1.0,0.02111450043184146,-0.05391049759656622,0.37267256479953903,-0.0506833390025629,0.1610421985381198,0.1959842850519339,-0.38301913600196524,0.14853844177090136,0.021894364371304643,0.4017688720991314,0.531403321296682,0.21693388167135064,0.11524302019103522,0.040955574856388594,0.12092021428660393,0.553632279694864,0.2192789020391584,0.16610881887117468,0.46098901997136166,-0.045964528859772126,0.9594193817341098,0.01286177624693299,-0.07671486501644834,0.4322138981735501,-0.018239405124302294,0.41396438377218175,0.3242247468532782,-0.41790232639552255,0.3788789508671467,0.07825223785869419,0.4400368675457101,0.4596637279734073,0.21688839382170821,0.07941964804506352,0.1423581350023542,0.02468153373024777,0.5365349418293909,0.18073031165661416
-0.13485919456334566,-0.07289037052819522,0.05047994678010163,0.009403554004483445,0.7010078873562428,-0.039666501728999985,0.025402359166660244,-0.006529902448134227,-0.06661561228209369,0.3153237611081863,0.06017636249456049,0.20894782962501088,0.19424900006765988,0.3294436654253355,0.12595459324271535,-0.0533449296024168,0.3104775229638826,0.2140945738673857,0.3583420899550807,0.44349581568593544,0.2315884116249815,0.004928512209007974,-0.1158370693899116,0.004928512209007974,0.02111450043184146,1.0,0.019975061481412506,-0.08876913314409055,0.049195848359511615,-0.2509845101846058,0.35581039929637137,0.0945044829345677,0.28231262415469016,0.42859224895127546,0.3365074878169305,0.13780793472907873,-0.039866253680819995,0.29046053054994686,0.2250943565938644,0.3072070750635513,0.430039283620995,0.24744299542776726,-0.16140264047379307,0.16903145103810535,0.06628864689417668,-0.021321642527697412,0.8928650748816398,-0.034125677112303444,0.0037320215887480107,0.1402130053919672,-0.27530855676764,0.3735659267267251,0.0805556619752997,0.3032899454284022,0.3257384802781802,0.287149748459805,0.19517860885115348,-0.06398954330127855,0.29672721360268606,0.15995906627033452,0.2858577776719968,0.430753599015046,0.18487802163473793
0.09710666395570676,0.011649084205544745,0.05935451261537167,-0.09150979773788379,-0.13983696745787735,0.5422516786119854,0.0628199610850788,0.10794144957891483,0.07288291076550334,0.05830369115070024,0.4134414605170418,0.1118508060059342,0.004901173828494524,0.1719460210272542,0.22022339602379315,0.31332861572091897,0.09798885844398567,0.0006794553533804045,-0.0701356924956113,-0.15188671566060705,0.2482095505768092,0.17963520549397108,0.09094943443904373,0.17963520549397108,-0.05391049759656622,0.019975061481412506,1.0,0.2595801811995306,0.5240834278124424,0.18435645054183308,0.27014025512854484,0.5078648481741099,0.34937845368812515,0.18805594138000384,0.23099994276831343,0.3270040191748095,0.4114546257851657,0.2000894267197798,0.07185977119131037,-0.025446295900867742,-0.13129559800684773,0.25581374470625473,0.2617852842390316,-0.038511867297139096,0.19596078178322096,0.05146994737023342,0.04663534221331656,0.8148079090938903,0.1916166020098477,0.46271477896402546,0.2002559285457608,0.2981603422478916,0.5324538529826127,0.2530007740634252,0.2550430695867434,0.297265336207924,0.389639817398997,0.4212127355121509,0.36993168056582953,0.04568496683696112,0.028717195418624303,-0.08363922245609191,0.3023433054885618
0.35917457803666025,0.3977022772924705,-0.12169912364880872,0.46699254148425007,-0.008942770228131412,0.21107822803266252,0.5032822547644284,0.15218128818880416,0.5379017419662456,0.037208318588178836,0.07222420144474315,0.023146546318416252,0.20224818276961468,0.30834104934227746,0.47782570636154853,0.13267217552041763,0.09259065918228779,-0.13356230350301224,-0.29326395117446213,0.1609571954396034,0.00775119728162677,-0.22420938767099446,0.33553730225878814,-0.22420938767099446,0.37267256479953903,-0.08876913314409055,0.2595801811995306,1.0,0.09568906404811904,0.4443499529794304,0.04036599737872903,-0.054202154025676866,0.015901652292761657,0.18028612824391366,0.27466652033856276,0.5066880462796575,0.2203625122573064,0.05629277157312529,-0.0986587834018692,-0.2626821627285064,0.16606460576953844,0.044918427794086425,0.46998651084275245,0.3162708745733822,-0.17134990646161355,0.3892842246629451,-0.03142149007759769,0.13550142922755892,0.8229970758991872,0.09483210589811811,0.29415543841104147,-0.0525572552625708,-0.05495023091192779,0.13068476121270217,0.20417743729181323,0.2562969241438221,0.5125732859785862,0.23827524514057274,0.0556325513080799,-0.041873984579780886,-0.27375364511682226,0.11551259317605032,0.051117567563761256
0.18118660005699358,0.08948239136557436,0.1707094868852784,-0.045557221417947366,0.026018774613162793,0.3526438735383853,0.136067954946673,0.6145077915765097,0.2725986945069101,0.08056935311841092,0.361968025441408,0.3396482594370651,0.3132604107448939,0.24203223346088473,-0.01799452871726702,0.1811716370375446,0.15441154115128944,0.5222037020859789,0.37422825803584514,-0.07923424144887639,0.19455966805277936,0.2686873665478668,-0.031004008670804155,0.2686873665478668,-0.0506833390025629,0.049195848359511615,0.5240834278124424,0.09568906404811904,1.0,0.23028849463330134,0.21632220385411843,0.3947338165488189,0.41253059085565824,0.32323785105782926,0.21390529184310322,-0.008914355598314215,0.12250709936442744,0.20516162682344594,0.5895637147357311,0.37033851589633365,-0.04758699553088122,0.2652659338574216,0.18597244842508356,-0.06119785126908298,0.29395722542151265,-0.02331892780746635,0.10572534261824085,0.6370159377208118,0.1818028913644577,0.9736472189761334,0.40257128093957945,0.05443229230683381,0.42685483470859126,0.41665183185181315,0.4104782959487011,0.15203489010027166,-0.06032369716927004,0.25407087321979827,0.017590640148791692,0.5332051469389127,0.27877262945685527,-0.11275874982306675,0.16678936709742648
0.3388231233718908,0.4665028022998039,0.3105225600609222,0.30636967124851217,-0.11587997550095544,0.26224765387549864,0.38192018564736513,0.27144728429190584,0.7833753134112297,-0.02279080346949546,0.2014830551274625,0.2033268870909784,0.05330993720069086,0.3523301769128837,0.11451739077198349,0.26659744696775917,0.18955596719256324,0.23938273796568144,-0.22436262782275157,-0.18250984817760546,0.22459454310654503,0.43290815167662633,0.3645052262057858,0.43290815167662633,0.1610421985381198,-0.2509845101846058,0.18435645054183308,0.4443499529794304,0.23028849463330134,1.0,-0.043850720432989154,0.07726469573560044,0.1314868168135015,-0.05941069271153174,0.3113899909830991,0.10862901310361889,0.28818027563355947,0.19279287456724767,0.29200838344164753,-0.23894112240845167,-0.125538314130886,0.24381447456570074,0.44766224509702024,0.21455162337596176,0.4439020530912297,0.17018383328590064,-0.25942572983515233,0.2709410852167541,0.4878763560575742,0.21564341982362648,0.7461016362146707,-0.05350312926198374,0.1505040860152661,0.22553066325663745,-0.07295630876026282,0.21494372381915228,0.0708153412929115,0.2783989193790958,0.1411352126112134,0.19572220170078217,-0.31297331241533055,-0.2041443693889,0.1890864864429918
0.00351612953283184,0.026318017330309768,-0.01562429805333667,0.15030419659990754,0.25374918907262767,0.06362648198253607,0.142219471365385,0.01707947496351842,-0.1782440206207462,0.7379202590117953,0.2607776456327384,0.32109807034639665,0.3107878111552591,0.13152242953237359,0.42727937318334025,0.3535097306520202,0.18725489620119973,0.3340409900642727,0.42720572836449394,0.20910465363687314,0.38117587838845224,-0.1407825359275451,-0.07480206451454971,-0.1407825359275451,0.1959842850519339,0.35581039929637137,0.27014025512854484,0.04036599737872903,0.21632220385411843,-0.043850720432989154,1.0,0.38410841989204364,0.4932557594436329,0.32838466597581406,0.09545690615050152,0.5179030587601376,0.4291883134404648,0.14859313149396738,0.3496969555666541,0.46244114029828504,0.2534707840719274,0.36110800305908297,-0.0989741880779377,0.09004366252777068,0.01070716096712824,0.17322410771341576,0.380459797288723,0.18145228927683882,0.15289432731709482,0.2643510426675529,0.06992010519431892,0.872091680636336,0.301447175150971,0.35853858267773264,0.4758703320659416,0.13796551720474545,0.4938908723806646,0.35095771302509643,0.3339765955558558,0.3682968315990035,0.4818866505615604,0.231869221921878,0.44574364707567055
-0.02775019584395842,-0.13981473450442836,0.05228907947312804,-0.32556733939606486,0.031890608863277485,0.34492989076113933,0.052112370392438774,0.14465356117940636,-0.0314454267165121,0.31660067293932465,0.8296795824689706,0.30200961815166427,0.21262970627232763,-0.20945596434367209,0.011076353500947095,0.43627071610054785,0.17465210982805923,0.3289953230789153,0.1738684376435062,-0.34065859796556086,0.21146378158072401,0.14496522619925895,-0.029640819304519554,0.14496522619925895,-0.38301913600196524,0.0945044829345677,0.5078648481741099,-0.054202154025676866,0.3947338165488189,0.07726469573560044,0.38410841989204364,1.0,0.35524044355082224,0.26500218916543383,-0.25625999047362974,0.009141589190974395,0.47474067541397147,0.2202206832522587,0.31337525978780734,0.2263234591724981,-0.3758074564933849,0.22475440017422119,-0.08767625921064313,-0.04309593986703064,0.18593545934504835,-0.3003660439694018,0.16429196216295192,0.4380900253502732,-0.017033473079537845,0.37020938549011734,0.048480214791772565,0.16572183987265554,0.9399392551895793,0.11301039483547042,0.3047141206812116,-0.18188768765662594,0.01117779618292808,0.4201069184133363,0.2617977258591544,0.24016633536312895,0.2910397935088744,-0.4340911465485008,0.29439681810610874
