Fp1,Fz,F3,F7,FT9,FC5,FC1,C3,T7,TP9,CP5,CP1,Pz,P3,P7,O1,Oz,P8,TP10,CP6,CP2,C4,T8,FT10,FC6,FC2,F4,F8,Fp2,AF7,AF3,AFz,F1,F5,FT7,FC3,FCz,C1,C5,TP7,CP3,P1,P5,PO7,PO3,POz,PO4,PO8,P6,P2,CPz,CP4,TP8,FC4,FT8,F6,F2,AF4,AF8,O2,P4,C6,C2
1.0,0.5303921745934119,0.641682531488716,0.6207609354106592,0.2734599552864779,0.6660075341418062,0.4767339700504347,0.6269960215844086,0.5165989830313376,0.527138717796894,0.37494918552310896,0.4269715491903593,0.6379075094645651,0.5796141272280255,0.6565166677878997,0.519281087131522,0.42948835753126074,0.2755476069333324,0.0372753457820401,0.2719787313321186,0.3454226100842271,0.0805705873322496,-0.0029059059898119575,0.0805705873322496,0.2025224731384338,-0.20140406370948244,0.20657067513569427,0.14531397513363523,-0.0646885807556628,0.49173431919666194,0.19155116262379457,0.023999064336243894,-0.20098955299840918,0.23259537946389514,0.32353884217495743,0.47569224977144137,0.31374353230922153,0.14169082736677838,0.1327222492391345,0.13261524819122103,0.2570690992635147,0.18074106768827516,0.7309912047057467,0.05556646906668108,0.311150755892236,0.1519864142358838,-0.071833694057386,0.2386556336438783,0.2963879205821481,0.11708003210073469,0.42229878466889553,0.1667834255068202,0.1540032201650227,-0.04690435149494291,0.25076030208603967,0.10981188142569236,0.40852946481699703,0.19591168122913175,-0.002225784832997268,-0.09472153241338947,-0.034925198078054595,0.06337646892397392,-0.0008569539676410457
0.5303921745934119,1.0,0.7242768033519427,0.7204848640043059,0.31908770299319483,0.4938632514248514,0.754462558685027,0.5284869090911385,0.4567655265039052,0.404225747657107,0.3737408481313644,0.643996900912543,0.5259879631264063,0.40904697019501146,0.3214456041190441,0.21611510023444067,0.3481899434326275,0.42449278329046675,0.18289681804534388,0.4289820433518039,0.12843980435759225,0.24132611634794757,0.5724216919175995,0.24132611634794757,0.3690206576674948,-0.03792852680567475,0.028991325612666114,0.34766442165663286,-0.2161288809325064,0.36994062072205774,0.010370287403454092,0.015830105036191925,-0.015754239234358525,0.12355999497456917,0.16384721629046192,0.08755832980134541,-0.04630736777576199,0.03808128305378675,0.38087022309177926,0.006248586009197254,0.43199057412441444,0.009374158232465681,0.17591031984903316,0.6018162181954086,0.4428045219122054,0.24523393622289272,0.00734640508427719,-0.0009910490199466577,0.6226930621369647,-0.09568735006215927,0.3407555650428671,0.007792450449922329,0.17413750797293795,0.17246832336896512,3.5301144514256274e-05,-0.08880088997556254,0.09851105861519659,-0.11859413714547747,-0.06593569186026256,0.2694848900600135,0.003168818783837435,0.27313579683690914,-0.2695963602388795
0.641682531488716,0.7242768033519427,1.0,0.68604877057243,0.5453925273548054,0.6775271964453539,0.6510278739430225,0.6684041964302817,0.5116198274251201,0.5553815647715123,0.567189701039573,0.6633683329412075,0.608089131687764,0.5196806325288493,0.39072890614187294,0.39366101919490054,0.3581204370928931,0.5099613403754951,0.33152888464821895,0.31013623827941056,0.4694226528770151,0.5695438813818389,0.18808458604312878,0.5695438813818389,0.190930456279043,0.17374001530255634,0.16648950259259943,0.12006497515032552,-0.15157905997522675,0.2618696022906926,0.09743101921740671,0.1778812083437417,0.0024064909684762942,0.14398172518351665,0.21170772018330464,0.10861473574053288,0.13784924841456178,0.027366394424081557,0.38426289810985764,0.27638842039478095,0.2973270239227414,0.3147055777550018,0.1794907126889491,0.2498369193465616,0.7700401095565647,0.0887858563583939,0.21158764829669222,0.14478192829581918,0.37715486972172424,0.0607843102053198,0.2922075092058741,0.11643367449347153,0.33686793434310375,0.14611799875854334,0.08141178997843773,-0.008687806066279441,0.07057146005376079,-0.052183493877410086,-0.11053111771483758,0.2695812071212726,0.20847303600524858,0.050935357556636675,-0.01812385204648889
0.6207609354106592,0.7204848640043059,0.68604877057243,1.0,0.4442856548884047,0.4402246573332837,0.5717687947782175,0.6247375608129628,0.6014563085281092,0.4470837568839202,0.23728835241570703,0.5057607123054089,0.5310343076627382,0.6591576970156555,0.6150116223100076,0.26007730272355933,0.3613882714874907,0.3995716362374518,0.1156850033109992,0.46652210481022216,0.3251227054095542,0.22723887710406665,0.2662022778190846,0.22723887710406665,0.6698351081966053,0.057307484045937745,-0.026990107284605495,0.20911276171608906,-0.2045430124957164,0.4035728065613331,0.08463569385792263,-0.17933074321222336,-0.19395097618453208,0.11022965471209863,0.4641452802489223,0.4081632578352661,0.010460376706315121,0.10861817768369059,0.27890699449197776,0.03469435599755229,0.4856024233361237,0.19484666795339467,0.1988779016962649,0.4284998122430246,0.4187657784156738,0.5927882086916603,0.14617051928612185,-0.06314337136387026,0.4640544717965509,0.030141127178240027,0.4871467156756884,0.10179077916779292,-0.03930304897978506,0.15163224381682935,-0.03335527725519648,0.23961621625724627,0.3305274470555822,-0.15345212033268799,-0.08875312646086221,0.1914791481322204,-0.03609378514046431,0.3011682314208584,-0.06172833277509305
0.2734599552864779,0.31908770299319483,0.5453925273548054,0.4442856548884047,1.0,0.2540705481697872,0.31049085394848464,0.5164418005044196,0.31072024722495467,0.6279161856523499,0.31897710462347256,0.5225420762914219,0.46505490000534516,0.4276057470651579,0.11392855957818147,0.20619894170972242,0.2259577069775849,0.5334002521223128,0.2858096920804218,0.34093409497342403,0.3647671644582074,0.35826592061455576,-0.031322101685028546,0.35826592061455576,0.20447175599656103,0.7597752591578854,-0.008437117658422264,-0.12137960590355706,0.12646144236694715,0.06022399932059889,0.42605169082053734,0.13641471787503068,0.20059780856450776,0.2689899642407391,0.2746228562146893,-0.07571351663644525,0.07937864676099358,0.08570731356197356,0.46019627796063073,0.13900113731120706,0.3269438786971936,0.2776731901682889,-0.04794263152890032,0.12526913215354987,0.49203503979624863,0.14945539714641407,0.8584218977393567,0.06031679520750647,0.10018732920781505,0.32950217155641104,0.19488460109586206,0.4027658425663344,0.20764915537987855,0.33202966930746974,0.11645908903557395,0.10927414340928032,-0.18937633240626225,0.03866611794969116,-0.05332051664843345,0.34566681286848283,0.1197179469792879,0.22894130128480766,0.15698214226204507
0.6660075341418062,0.4938632514248514,0.6775271964453539,0.4402246573332837,0.2540705481697872,1.0,0.5427846422560756,0.7280678707381915,0.4425102805461111,0.5014375297741979,0.7126391945748008,0.6307536701568652,0.6860449751189484,0.43509289337315316,0.6428503087875148,0.5097381915779762,0.5210669998663808,0.2894817256982812,0.048764692334928327,0.1489244572282824,0.43853057634003295,0.059386011226823895,0.027469142271366678,0.059386011226823895,-0.0794328252901416,-0.05409202471954873,0.6512488391505455,0.23494425203778044,0.14663419540009798,0.23608589277230252,0.16712486485962458,0.3892847577172156,0.0623154063598289,0.34610143387023007,0.17218319759121978,0.43639847265925197,0.289658143524699,0.2178461340586547,0.18845182434153462,0.09117981479685713,0.1702891999769929,0.3055986077656736,0.36169893191625974,-0.0021555160535796287,0.3033326718553482,-0.09787838865865625,0.0771979593247232,0.6014642678689119,0.3664426899133392,0.2954071266134162,0.2321881308949261,0.12454333724662492,0.5093113554961621,0.1406360396864145,0.3535203968388567,0.01844754557761737,0.4439699073458143,0.19028596071744389,0.12305581735963554,0.10479876446189718,0.037920843028083594,-0.029776745980907498,0.04440512189621568
0.4767339700504347,0.754462558685027,0.6510278739430225,0.5717687947782175,0.31049085394848464,0.5427846422560756,1.0,0.6442513323983164,0.48637863961309874,0.2888278171537447,0.40105109746583223,0.6242469636429964,0.5571045062002064,0.47962695527913257,0.3806167614147151,0.029534602333618765,0.20440980402606507,0.25397243400904446,0.08377039361249874,0.31867919077915713,-0.07255804564979904,0.1321410091116379,0.33211806503756963,0.1321410091116379,0.26237797141879954,0.029230881062327064,0.17840591246299925,0.7338916214788292,0.04356541030165318,0.3627258871216952,-0.07548158417420947,0.014272002099031254,0.021264489586677333,0.1857847555728905,0.27673964307659304,0.15352687389215178,-0.18913364215213113,-0.06786741266628257,0.16303519108600006,-0.02688070586254317,0.2905697124121659,-0.1783673421624726,0.2691248186900005,0.35531534198109344,0.30870935417194856,0.2266252480727728,0.06720882384760639,-0.02427053003809164,0.8854123481873651,0.04018213038776448,0.27073333007833095,-0.13530261609729524,0.1597645613967897,0.0952146400215801,0.053075118325248465,0.01980265671667736,0.19425310488415426,-0.32724034041752953,-0.1569668158992353,0.10546283436704156,-0.04045302173691134,0.20655835157627656,-0.4466888860436877
0.6269960215844086,0.5284869090911385,0.6684041964302817,0.6247375608129628,0.5164418005044196,0.7280678707381915,0.6442513323983164,1.0,0.5169388866579733,0.538516903793768,0.516224438980306,0.8136727105954411,0.7890843175438903,0.6435633429132213,0.6293884418301956,0.2617554258420571,0.5974684037251137,0.47018944472589946,0.21386216467243468,0.3211874911609023,0.36831296419424303,0.016644225981177194,-0.018360516523781404,0.016644225981177194,0.23147355096887906,0.19237046634714883,0.3977277810138324,0.23070634069407703,0.40469034570267964,0.24337886843183795,0.262977016480838,0.1275661357622936,0.1467538789336074,0.47260459988054077,0.4210585938738667,0.4082120812094434,-0.021849985855155806,0.3495821198230961,0.34447131836877126,0.11482467583288387,0.3522634343103934,0.24511011560727802,0.3280079161421748,0.11163613861800208,0.25026428909803106,0.20823067062510497,0.39222166456460456,0.30838994599651753,0.4763694719623247,0.5922131708246001,0.4015781188013334,0.23844848721782116,0.29961688395818914,0.3124664802254599,0.3305951486112556,0.14612326268701,0.35591468050424496,-0.10599103125468204,0.12686408216951137,0.241839758456856,0.10279525799859321,0.21588518263951523,-0.013153424047795669
0.5165989830313376,0.4567655265039052,0.5116198274251201,0.6014563085281092,0.31072024722495467,0.4425102805461111,0.48637863961309874,0.5169388866579733,1.0,0.1055153072612721,0.36943977569936004,0.43174689213141676,0.5032893076162763,0.5144655327616618,0.3532384834588735,0.2417539279929619,0.2388385499139677,0.2915915881429247,-0.24577863618333962,0.13387903128289796,0.13413032859681664,0.20818403294489923,0.17772515135882683,0.20818403294489923,0.37259446790478773,-0.01060091267815209,0.19113662319426805,0.3705254025587567,0.08688585788628227,0.7636081805995858,-0.11924437070093838,0.04330613463987942,0.05010518493473344,0.2659589119485916,0.38757020878265125,0.2595422669950948,0.1656707737278984,0.11319951990777682,0.21313308744184675,-0.24428345956641745,0.17163908635699698,0.07551096567387273,0.385885883241842,0.14393028557098947,0.3100429081957094,0.3137356890900589,0.1569723975820096,0.13055707674981482,0.47931990535912444,0.22942826867271932,0.7925674071697962,-0.09391573525158702,0.1721608726583306,0.20314313801688966,0.16792443438308272,0.21498101276910875,0.20461439699989573,0.10685817129439613,-0.0673977778558307,0.14706080939833674,-0.384969680050729,0.07796675126726899,-0.0814206732587797
0.527138717796894,0.404225747657107,0.5553815647715123,0.4470837568839202,0.6279161856523499,0.5014375297741979,0.2888278171537447,0.538516903793768,0.1055153072612721,1.0,0.5151033685635584,0.514843897605819,0.6505234334556655,0.3639562458178307,0.47344181143462283,0.5841965530923893,0.5412863826108665,0.5297998272059081,0.44931021982426744,0.3480045699242588,0.5365464695556984,0.25671335489787833,0.07773471435981412,0.25671335489787833,0.13908547555431097,0.4562632821628185,0.3255803423764367,-0.06901241469338736,0.19259216814156596,0.1262991896409758,0.8294312093685394,0.39849276442822046,0.18777039824718983,0.3969008986027389,0.1375902088793321,0.26220202093860134,0.4175080606142475,0.32454335318249783,0.48797769469212426,0.4342501068937808,0.3579594152716715,0.4722222840980345,0.23089065537964365,0.2667691278696649,0.5205661929146762,0.09701175990201721,0.4570281120887628,0.41647400019167796,0.18183602762452378,0.39279509074595126,0.20207873778620883,0.7844959216075433,0.460363771664026,0.27167882609758487,0.42497793371181575,0.037332606581312655,0.2262489599147075,0.2982669262093944,0.25765978541898354,0.3551904558047725,0.4296917827837916,0.17514066885050641,0.31551353223778245
0.37494918552310896,0.3737408481313644,0.567189701039573,0.23728835241570703,0.31897710462347256,0.7126391945748008,0.40105109746583223,0.516224438980306,0.36943977569936004,0.5151033685635584,1.0,0.5673986950565867,0.5751448908628528,0.06636368120706283,0.3350709638917211,0.4583515925832142,0.4216830125480532,0.49490979921571243,0.1282663611440841,-0.07044576100395408,0.2997359678672965,0.3276454690894195,0.14564831702027375,0.3276454690894195,-0.20558578966421198,0.11899750559296032,0.5375841402261433,0.08238000532577677,0.22018102430956887,0.19915435653453453,0.32094361089340623,0.8160915948698555,0.13404790684357937,0.32631305863128274,-0.1443291653538581,0.17209913163588852,0.347160717538233,0.27437062774503224,0.45208031209976457,0.10096567605542336,-0.09368439244740959,0.2275115443047111,0.11091958040538093,0.08831582282334659,0.4369001116653811,-0.1610752152899725,0.20542519232256448,0.4581636385472306,0.23294973836219005,0.36745204887818333,0.20210928895288818,0.18118243290175198,0.9125897133746367,0.03210739328004675,0.2919240334590447,-0.2313424216030775,0.21719462986738122,0.2190332170870412,0.1525177473367659,0.2921931563225947,0.16497381714538092,-0.305660725081447,0.09131972942004461
0.4269715491903593,0.643996900912543,0.6633683329412075,0.5057607123054089,0.5225420762914219,0.6307536701568652,0.6242469636429964,0.8136727105954411,0.43174689213141676,0.514843897605819,0.5673986950565867,1.0,0.731030854801354,0.3818663968060709,0.35587178541919395,0.2692950411081385,0.4920857171633726,0.6399856879357755,0.40281324875470315,0.1700888778581548,0.4419208746913682,0.20718464306882545,0.15076124346807132,0.20718464306882545,0.11671103260138631,0.27052529510864187,0.319144899099245,0.17071534294674112,0.34917487317893087,0.23128736045160117,0.2959117037338426,0.25757874696821254,0.511023077446311,0.44524546612261634,0.20104233143533703,0.1568169974496343,0.018304047002926264,0.30615003777024014,0.5649283042871255,0.2025430809643022,0.208413431867321,0.3716648373493962,0.14305124677021955,0.20958028093283612,0.38682638447788564,0.05293732949019428,0.4066270673364141,0.23948462191858375,0.4271368971698463,0.46818054285205984,0.38679914692168466,0.27230147441683755,0.4319696457139286,0.5830223372634993,0.3133116284382023,-0.05015208825570577,0.15115565036030448,-0.01993411712698352,0.13152965097681996,0.49758759210698644,0.2507195883998224,0.1076589988134343,0.10314330931277926
0.6379075094645651,0.5259879631264063,0.608089131687764,0.5310343076627382,0.46505490000534516,0.6860449751189484,0.5571045062002064,0.7890843175438903,0.5032893076162763,0.6505234334556655,0.5751448908628528,0.731030854801354,1.0,0.5346180421267968,0.6221455105024145,0.5366691766275526,0.451152202650992,0.6434783307329788,0.32141337829334465,0.42705570914360985,0.3885110173766521,0.05313990435788754,0.0042569585110258604,0.05313990435788754,0.09830144860136776,0.1887536107816458,0.3594340154424237,0.14800128262086434,0.316565442397822,0.2748507970591106,0.41765276718736977,0.2128024576924709,0.19183820174980779,0.7772054029950278,0.2745453207308812,0.42095788437553205,0.3096151887093015,0.16342955269423298,0.5645592376360528,0.2789776251616786,0.45308209515627323,0.30551103822635395,0.34861704806486227,0.14327389892609038,0.3035388802609002,0.050311847147195686,0.2966248948337479,0.3654293570247352,0.44073058016804434,0.5249881031606636,0.3752521873689195,0.38535612633622796,0.4224922353117316,0.2716372578830906,0.6981786317774344,-0.028706035069441166,0.39225154057000583,0.1774078213362035,-0.060877403183030566,0.46716010273065844,0.2052859634354788,0.3024014564958267,0.02242083423618709
0.5796141272280255,0.40904697019501146,0.5196806325288493,0.6591576970156555,0.4276057470651579,0.43509289337315316,0.47962695527913257,0.6435633429132213,0.5144655327616618,0.3639562458178307,0.06636368120706283,0.3818663968060709,0.5346180421267968,1.0,0.6082040605608696,0.23228404536378114,0.28231548374819243,0.1611949350297026,0.1017585115289416,0.6331557205869374,0.2979515210962279,-0.010607330087627364,0.06873122145276463,-0.010607330087627364,0.5814323330085166,0.25021857736350267,0.23974224128394858,0.3006390875997577,0.12792269559147149,0.30687695928538006,0.1779710278648395,-0.20268129737952817,-0.021655190073951062,0.38655066705743474,0.9005207340428819,0.5307866359562371,0.10263150733512524,0.05258140617866634,0.043184912984270366,0.12147780428146643,0.6465074077965299,0.20225659896207981,0.4200448119936749,0.2581295220531784,0.24092672409756996,0.5254565610127022,0.34739871043492787,0.25775350865043406,0.4565247807822097,0.3018652345375961,0.4156096747742919,0.2567540626543182,-0.10992648005813055,0.1612568190789829,0.35295777020684566,0.6818057563290679,0.4696763793961391,0.011891074935414168,-0.06388200185038272,-0.009731920396329528,-0.04195067444855539,0.5826943707168378,-0.011616728880818291
0.6565166677878997,0.3214456041190441,0.39072890614187294,0.6150116223100076,0.11392855957818147,0.6428503087875148,0.3806167614147151,0.6293884418301956,0.3532384834588735,0.47344181143462283,0.3350709638917211,0.35587178541919395,0.6221455105024145,0.6082040605608696,1.0,0.3791297215740803,0.4589336083282141,0.22229310853475656,0.027318185002510514,0.34254185898037476,0.3961328126049008,-0.11723650813577663,0.012669409988833013,-0.11723650813577663,0.2991693089191272,-0.1639174845960483,0.3901800725578455,0.2363516030606047,0.10294589816013425,0.27321984958695106,0.31407093119236323,0.03714997189715443,-0.1407967600985532,0.40165006547296417,0.46395172925912886,0.919945403341753,0.16754907892205198,0.20943845108961104,0.09927968105681967,0.11695946154270664,0.3556593576612314,0.2689251546172023,0.3871167745249633,0.10531667070343861,0.11670424325985347,0.3039376430515652,0.0195961238257961,0.41314036937186904,0.3757886647082698,0.30462684265547596,0.26590996444236104,0.2687677922177208,0.13336766527793414,0.056844705462770456,0.38413974369844783,0.30859060732053034,0.8763022447194212,0.029865530111343002,0.08853696671130448,0.018918620400286454,0.0730793790761514,0.19418202604083615,0.12700699107653024
0.519281087131522,0.21611510023444067,0.39366101919490054,0.26007730272355933,0.20619894170972242,0.5097381915779762,0.029534602333618765,0.2617554258420571,0.2417539279929619,0.5841965530923893,0.4583515925832142,0.2692950411081385,0.5366691766275526,0.23228404536378114,0.3791297215740803,1.0,0.170089058225785,0.4773009636118136,0.26262407143400024,0.04636797352247407,0.5220820906841601,0.20014102338216438,0.00635585775193534,0.20014102338216438,0.018903412009268684,-0.004016576662998532,0.39537922810980236,-0.12888169389289883,0.0792197442681719,0.26041529801529817,0.390368462360036,0.4052069225794876,0.1009576539768533,0.4507211747387482,0.02638099538289302,0.3135745140337509,0.9149204696250188,0.043415855922562974,0.37261129120698505,0.48796690609604754,0.09470981287095426,0.5224271419006733,0.31499576999741075,0.0798576652121488,0.4021652162369514,0.013601166731630475,0.08975539290532975,0.5544378626719215,-0.012496914159447257,0.2510845691347826,0.2975263757986365,0.46089416109888043,0.4649806730729206,0.11986733291592838,0.4941887879659225,-0.06906480066717804,0.22339501557676628,0.7864573243314531,-0.039396437518162734,0.3326167782526814,0.34188778486606075,-0.07741017498465944,0.3744789384551246
0.42948835753126074,0.3481899434326275,0.3581204370928931,0.3613882714874907,0.2259577069775849,0.5210669998663808,0.20440980402606507,0.5974684037251137,0.2388385499139677,0.5412863826108665,0.4216830125480532,0.4920857171633726,0.451152202650992,0.28231548374819243,0.4589336083282141,0.170089058225785,1.0,0.26110008040057986,0.1728826276428528,0.32454458473520603,0.27613312557707786,-0.0042022083887568165,0.05248049911867544,-0.0042022083887568165,0.10370281835957208,0.18089564100715647,0.43516199230982033,0.03190091350913185,0.3055395204087397,0.24446855820395857,0.4420126026295311,0.2777038343445055,0.14084708737640875,0.1647436719140513,0.16515962970381862,0.32674540418902576,0.01810134171617927,0.879271073851216,0.3215779174499203,0.057891158549800426,0.37334040798441703,0.18685900198317715,0.29388162159737863,0.13759384668850275,0.1745746979936524,0.07898537588931753,0.1813537943491975,0.4108458325185224,0.14925605675193468,0.5032559192197691,0.33781940339808886,0.45644565230951467,0.37545611332332585,0.2688845525042813,0.24496128793189947,0.1335229068781654,0.38134378821892073,0.00905499995297114,0.7558387906404875,0.07540252381942988,0.11247415661557505,0.19403759960098785,0.07359758301490761
0.2755476069333324,0.42449278329046675,0.5099613403754951,0.3995716362374518,0.5334002521223128,0.2894817256982812,0.25397243400904446,0.47018944472589946,0.2915915881429247,0.5297998272059081,0.49490979921571243,0.6399856879357755,0.6434783307329788,0.1611949350297026,0.22229310853475656,0.4773009636118136,0.26110008040057986,1.0,0.633221089436999,0.18875025815709812,0.3368960153394657,0.34635045300698636,0.032656064975111115,0.34635045300698636,0.07013386296210641,0.31337585814988783,0.005430296643532818,-0.17697378373722325,0.23606001309123778,0.10364669153281961,0.3738483974362128,0.32968308342826275,0.29525300589873277,0.4638315677178669,-0.013542561447920107,0.11103999196218667,0.3031286345233788,0.18132368175301775,0.9576090851115687,0.5162218735083791,0.21445602368274244,0.288623225445967,-0.1063018183870294,0.2148426508906333,0.4919348931139899,-0.024401358752434134,0.410938583580225,0.10013175438515697,0.08853727488739148,0.4016877770079598,0.27547723753010855,0.3692940263866843,0.4352695786206776,0.3952518561455179,0.3640290140427003,-0.20680101735628878,0.016382623509722225,0.2197602048114469,-0.020007941535658047,0.8424301593724912,0.5106854921743191,0.07578100585031275,0.13328307899189398
0.0372753457820401,0.18289681804534388,0.33152888464821895,0.1156850033109992,0.2858096920804218,0.048764692334928327,0.08377039361249874,0.21386216467243468,-0.24577863618333962,0.44931021982426744,0.1282663611440841,0.40281324875470315,0.32141337829334465,0.1017585115289416,0.027318185002510514,0.26262407143400024,0.1728826276428528,0.633221089436999,1.0,0.21136028392908351,0.28333250442733754,0.32084861734245135,-0.14468947663023649,0.32084861734245135,-0.05193526989759432,0.402008736007965,0.015681249572610446,-0.20635916343674945,0.14890062605980003,-0.298978182400584,0.40645053599839864,0.13379529874243196,0.29894708162204797,0.2227098630268261,0.018111430761293342,-0.04329834321305435,0.15653081731843704,0.11477856131498423,0.6411773743999883,0.9032941795452379,0.21609671133974903,0.24929738753362188,-0.19010488364872405,0.11190888116483952,0.43912661102449424,-0.1427363872832376,0.2688221767757127,0.047426103849953216,-0.06614372043745895,0.2105506514202442,-0.12083897916518009,0.4845672322827634,0.19061559090869534,0.2889597389502307,0.3002114055231613,-0.056378852306241914,-0.060152013130284634,0.060234076666971004,0.06391768165074406,0.5644179592285158,0.9223907206076477,0.12336889610328673,0.09217328694375357
0.2719787313321186,0.4289820433518039,0.31013623827941056,0.46652210481022216,0.34093409497342403,0.1489244572282824,0.31867919077915713,0.3211874911609023,0.13387903128289796,0.3480045699242588,-0.07044576100395408,0.1700888778581548,0.42705570914360985,0.6331557205869374,0.34254185898037476,0.04636797352247407,0.32454458473520603,0.18875025815709812,0.21136028392908351,1.0,0.028213358771326684,-0.13991871277334247,0.17326175504727814,-0.13991871277334247,0.34302047286815096,0.3963756933452135,-0.10472978031335856,0.08043244156424649,-0.10543660307775257,-0.05868155882280746,0.21140537438616516,-0.27407969782763814,-0.1367152974388792,0.3398996803426133,0.4754187006568079,0.2566384207663975,-0.06784230114779613,0.09047136372846003,0.20817329200896828,0.1144809747099292,0.9827266749692347,-0.02447399963047096,0.034276254763748314,0.461437572288513,0.07701158483607146,0.24640075602272493,0.261164665660498,0.01719907053400866,0.3254536063994184,0.07190919264138396,0.0019808196437243915,0.28792635370492864,-0.1794844426419976,-0.0009837791873550895,0.28132430437702377,0.26622221785511735,0.2590342901704431,-0.1688438549988864,-0.033840286497754425,0.12019181594267171,0.0035371747059936274,0.901330600422465,-0.2321067796996597
0.3454226100842271,0.12843980435759225,0.4694226528770151,0.3251227054095542,0.3647671644582074,0.43853057634003295,-0.07255804564979904,0.36831296419424303,0.13413032859681664,0.5365464695556984,0.2997359678672965,0.4419208746913682,0.3885110173766521,0.2979515210962279,0.3961328126049008,0.5220820906841601,0.27613312557707786,0.3368960153394657,0.28333250442733754,0.028213358771326684,1.0,0.377357220187766,-0.10145677405013395,0.377357220187766,0.10546205178716218,0.20630223925891905,0.2702679599189976,-0.38198030603067146,0.05979419356526166,0.06384359120332582,0.4529342109713658,0.22648571248699012,0.2843260157535293,0.3037891006082961,0.16664451601288804,0.33984668818623437,0.4100651772240253,0.14718307354071525,0.24052160774299047,0.29622502934230455,0.07210943889518144,0.9577990638628752,0.05544863264588032,-0.0855628388443783,0.5159144302328252,0.045603519526646985,0.3094609014169354,0.3892237210901783,-0.18538415435365335,0.26424630290408035,0.24905677655814065,0.5309707309695108,0.26500573476805056,0.41034264257651154,0.32615063332367494,0.15875230782678343,0.27074225532050394,0.39380159236423407,0.11736939856268597,0.2714391245654131,0.2802246997822423,-0.05412144063251268,0.8253040405836827
0.0805705873322496,0.24132611634794757,0.5695438813818389,0.22723887710406665,0.35826592061455576,0.059386011226823895,0.1321410091116379,0.016644225981177194,0.20818403294489923,0.25671335489787833,0.3276454690894195,0.20718464306882545,0.05313990435788754,-0.010607330087627364,-0.11723650813577663,0.20014102338216438,-0.0042022083887568165,0.34635045300698636,0.32084861734245135,-0.13991871277334247,0.377357220187766,1.0,0.17465024648253985,1.0,0.08606616694083252,0.240117656516815,-0.01402646095332868,-0.10165643189286819,-0.21384242340818266,0.2657104926918571,0.04997152709878912,0.3043555676459759,0.13317135408078817,-0.12461959018199008,-0.08644375405035054,-0.2282486214995817,0.19651182642180182,-0.019216560355640976,0.32417826331378796,0.27087303668538315,-0.16904236506668557,0.3103265572753087,-0.036624433793471745,0.1496589916306366,0.9181493544300947,0.07545546232568787,0.18111865064879745,-0.04647369133284839,-0.019365919271048488,-0.10636545763489567,0.17381511086785537,0.06643645490220808,0.3622530838136843,0.15871651992789132,-0.14124774791370331,-0.09425553030291717,-0.23870679949127982,0.06043252696970146,-0.005365920760591976,0.28619798604603375,0.3248430296524481,-0.3261542376399291,0.2122334540413535
-0.0029059059898119575,0.5724216919175995,0.18808458604312878,0.2662022778190846,-0.031322101685028546,0.027469142271366678,0.33211806503756963,-0.018360516523781404,0.17772515135882683,0.07773471435981412,0.14564831702027375,0.15076124346807132,0.0042569585110258604,0.06873122145276463,0.012669409988833013,0.00635585775193534,0.05248049911867544,0.032656064975111115,-0.14468947663023649,0.17326175504727814,-0.10145677405013395,0.17465024648253985,1.0,0.17465024648253993,0.45559837998514496,-0.13094316869948885,0.0221333964350258,0.34141958219412055,-0.1314260756293212,0.38023563637949503,0.02232884519399866,0.18752198974178472,0.13923777098806198,0.028618744480315626,0.08705168035929098,-0.012704211261269437,-0.01636673199823322,0.021034958553188782,0.08419619502371581,-0.24071738668873005,0.17685531518767958,-0.04620389580786452,0.01908073016967171,0.8745893475181176,0.2277816819992589,0.4082168207510808,-0.06610111115450516,0.12127583957135273,0.504117020404277,-0.1566685049415785,0.25811655634130387,0.009233065278221486,0.18474266581471815,0.15994811096519426,-0.10797283628272047,0.03393287614770059,0.02692038767448531,0.0048522268685619796,0.07804384033005701,0.17629867724916712,-0.1530066300725433,0.17193857134980686,-0.07887778981678166
0.0805705873322496,0.24132611634794757,0.5695438813818389,0.22723887710406665,0.35826592061455576,0.059386011226823895,0.1321410091116379,0.016644225981177194,0.20818403294489923,0.25671335489787833,0.3276454690894195,0.20718464306882545,0.05313990435788754,-0.010607330087627364,-0.11723650813577663,0.20014102338216438,-0.0042022083887568165,0.34635045300698636,0.32084861734245135,-0.13991871277334247,0.377357220187766,1.0,0.17465024648253993,1.0,0.08606616694083252,0.240117656516815,-0.01402646095332868,-0.10165643189286819,-0.21384242340818266,0.2657104926918571,0.04997152709878912,0.3043555676459759,0.13317135408078817,-0.12461959018199008,-0.08644375405035054,-0.2282486214995817,0.19651182642180182,-0.019216560355640976,0.32417826331378796,0.27087303668538315,-0.16904236506668557,0.3103265572753087,-0.036624433793471745,0.1496589916306366,0.9181493544300947,0.07545546232568787,0.18111865064879745,-0.04647369133284839,-0.019365919271048488,-0.10636545763489567,0.17381511086785537,0.06643645490220808,0.3622530838136843,0.15871651992789132,-0.14124774791370331,-0.09425553030291717,-0.23870679949127982,0.06043252696970146,-0.005365920760591976,0.28619798604603375,0.3248430296524481,-0.3261542376399291,0.2122334540413535
0.2025224731384338,0.3690206576674948,0.190930456279043,0.6698351081966053,0.20447175599656103,-0.0794328252901416,0.26237797141879954,0.23147355096887906,0.37259446790478773,0.13908547555431097,-0.20558578966421198,0.11671103260138631,0.09830144860136776,0.5814323330085166,0.2991693089191272,0.018903412009268684,0.10370281835957208,0.07013386296210641,-0.05193526989759432,0.34302047286815096,0.10546205178716218,0.08606616694083252,0.45559837998514496,0.08606616694083252,1.0,0.07684538780570879,-0.027303727441754435,0.29355311280323715,0.045804862582389104,0.4448505981373166,0.07298217429903099,-0.2634686325970274,-0.03538993719465828,0.015808858141098694,0.6626967645510555,0.299692167691167,-0.03737149829031022,0.09865417055457582,0.031061774164834754,-0.10619689893122526,0.39231081711927346,0.11542306561699701,0.17434946469688403,0.5784830960163427,0.1869230292732662,0.9500571782822654,0.1235610028744552,-0.045735786378727154,0.41018191417116684,0.10059633494334554,0.5748366241760172,0.17528328983817817,-0.26287097439149526,0.25521874735994815,-0.06412286295780968,0.6189565011178979,0.23892666234552595,-0.049768632805013334,0.051862490272873096,0.08745398156764204,-0.16822217981176987,0.4173367995202923,0.05292749127186317
-0.20140406370948244,-0.03792852680567475,0.17374001530255634,0.057307484045937745,0.7597752591578854,-0.05409202471954873,0.029230881062327064,0.19237046634714883,-0.01060091267815209,0.4562632821628185,0.11899750559296032,0.27052529510864187,0.1887536107816458,0.25021857736350267,-0.1639174845960483,-0.004016576662998532,0.18089564100715647,0.31337585814988783,0.402008736007965,0.3963756933452135,0.20630223925891905,0.240117656516815,-0.13094316869948885,0.240117656516815,0.07684538780570879,1.0,0.07226882210975741,-0.1425666476542898,0.28755561222358006,-0.19518322375364497,0.5089226834855138,0.18931779284553504,0.3996034874064597,0.22929325148792476,0.23588919235440753,-0.22471458750848589,0.03691915434185711,0.19703849717407512,0.3640158303086404,0.2512398819772939,0.39533449020789685,0.23664418932394524,-0.287182310112657,0.09961070447555428,0.3115367196472513,0.04628221795423848,0.8613259743408901,0.09535506994521398,-0.027467554008369602,0.3765968700359953,0.005443721846532875,0.5477633157733561,0.1831447029914107,0.3719937245598168,0.20359898941395846,0.22927829109419723,-0.23966636802429656,0.019705911583307895,0.1554471599216888,0.3327142573740936,0.2615286837378935,0.3992743041724097,0.17596127559312366
0.20657067513569427,0.028991325612666114,0.16648950259259943,-0.026990107284605495,-0.008437117658422264,0.6512488391505455,0.17840591246299925,0.3977277810138324,0.19113662319426805,0.3255803423764367,0.5375841402261433,0.319144899099245,0.3594340154424237,0.23974224128394858,0.3901800725578455,0.39537922810980236,0.43516199230982033,0.005430296643532818,0.015681249572610446,-0.10472978031335856,0.2702679599189976,-0.01402646095332868,0.0221333964350258,-0.01402646095332868,-0.027303727441754435,0.07226882210975741,1.0,0.3079081112113822,0.5805552645111538,0.2330700829236106,0.3298840467655036,0.6109805609543961,0.3416893539897078,0.3614972585621587,0.22057367756873258,0.37407162691233137,0.3920995263551346,0.3850495708880032,0.01968037251154844,0.10331383581256831,-0.04747688832173515,0.26627872048377305,0.3345672100301356,-0.021900748326494877,0.12365048935829297,0.041811455513731784,0.12045777369278549,0.8834188173674717,0.24872880998120905,0.5730125288013136,0.26650833996337986,0.3381258206439112,0.6160469012152637,0.27877025590291604,0.5007313911227464,0.28524702297997734,0.44237560386984653,0.4133494376328771,0.4473834131337518,0.037149831774389325,0.11282623839643839,-0.09678168330127739,0.19428429831278288
0.14531397513363523,0.34766442165663286,0.12006497515032552,0.20911276171608906,-0.12137960590355706,0.23494425203778044,0.7338916214788292,0.23070634069407703,0.3705254025587567,-0.06901241469338736,0.08238000532577677,0.17071534294674112,0.14800128262086434,0.3006390875997577,0.2363516030606047,-0.12888169389289883,0.03190091350913185,-0.17697378373722325,-0.20635916343674945,0.08043244156424649,-0.38198030603067146,-0.10165643189286819,0.34141958219412055,-0.10165643189286819,0.29355311280323715,-0.1425666476542898,0.3079081112113822,1.0,0.18395314406810795,0.49627385316796674,-0.19158326360366107,-0.021806616308549263,0.07892096586046897,0.04553230826784262,0.31518093817268805,0.2059975035405339,-0.14066735569231414,-0.028209203075331285,-0.1891715945161947,-0.18662125513134883,0.07844950856153547,-0.3839659641979683,0.31679799220816707,0.2857186035950662,-0.017899827150298916,0.3291937122779566,-0.13737039952181468,0.07134395767123318,0.8914746617856202,0.008450344936419153,0.30570943037722487,-0.2068554614991309,-0.00839779432635438,0.07931923163612344,0.023721094359612758,0.25731837804015434,0.28357663150360807,-0.1906416560900598,0.03959023456981165,-0.1440155290197682,-0.1998937187283534,0.12987271662621944,-0.4546936080841975
-0.0646885807556628,-0.2161288809325064,-0.15157905997522675,-0.2045430124957164,0.12646144236694715,0.14663419540009798,0.04356541030165318,0.40469034570267964,0.08688585788628227,0.19259216814156596,0.22018102430956887,0.34917487317893087,0.316565442397822,0.12792269559147149,0.10294589816013425,0.0792197442681719,0.3055395204087397,0.23606001309123778,0.14890062605980003,-0.10543660307775257,0.05979419356526166,-0.21384242340818266,-0.1314260756293212,-0.21384242340818266,0.045804862582389104,0.28755561222358006,0.5805552645111538,0.18395314406810795,1.0,0.1350050456584105,0.4215001529086735,0.3964893886191959,0.602759379798094,0.5229115003464188,0.22902501159894165,0.1793572346717794,0.10817517238791838,0.47322225992693306,0.26920592656522296,0.11900911235041332,-0.03876310020429216,0.15564152056455016,0.18557934574076262,-0.028499135573086927,-0.1557739843627114,0.10658499549417201,0.3882023531460477,0.5093947100521762,0.17594609758358717,0.906047130211002,0.31855467083129524,0.42376351054205813,0.361059941513323,0.5249832714970639,0.5156387614043156,0.24113815890242585,0.1751959128732738,0.2229241290036907,0.4500952479362521,0.33422209416194715,0.16089061522101752,0.0816402953365182,0.2131321030938137
0.49173431919666194,0.36994062072205774,0.2618696022906926,0.4035728065613331,0.06022399932059889,0.23608589277230252,0.3627258871216952,0.24337886843183795,0.7636081805995858,0.1262991896409758,0.19915435653453453,0.23128736045160117,0.2748507970591106,0.30687695928538006,0.27321984958695106,0.26041529801529817,0.24446855820395857,0.10364669153281961,-0.298978182400584,-0.05868155882280746,0.06384359120332582,0.2657104926918571,0.38023563637949503,0.2657104926918571,0.4448505981373166,-0.19518322375364497,0.2330700829236106,0.49627385316796674,0.1350050456584105,1.0,0.014947983919755879,0.11940301524328534,0.16233548552137972,0.14456673597610567,0.30784326905042,0.2627209056171619,0.2882701249637973,0.259041930820238,0.09208365935721871,-0.24067979246078824,-0.015251105583082493,0.05430162231784403,0.6627583198175615,0.27612955384676074,0.3179273738180122,0.43062890099537743,-0.06835400308523988,0.18474985164217742,0.5003593206893716,0.14352648942342483,0.8579698412299415,0.035266223891937724,0.16936198055904764,0.2731875685015351,0.1368825589119765,0.25686190190714503,0.24482637019376807,0.2937222213168433,0.23094742606396032,0.036156455236522236,-0.3267713268687409,-0.0412720393204577,0.041127268057223415
0.19155116262379457,0.010370287403454092,0.09743101921740671,0.08463569385792263,0.42605169082053734,0.16712486485962458,-0.07548158417420947,0.262977016480838,-0.11924437070093838,0.8294312093685394,0.32094361089340623,0.2959117037338426,0.41765276718736977,0.1779710278648395,0.31407093119236323,0.390368462360036,0.4420126026295311,0.3738483974362128,0.40645053599839864,0.21140537438616516,0.4529342109713658,0.04997152709878912,0.02232884519399866,0.04997152709878912,0.07298217429903099,0.5089226834855138,0.3298840467655036,-0.19158326360366107,0.4215001529086735,0.014947983919755879,1.0,0.44835495963167504,0.3915934367470568,0.446910207055498,0.13283315616540128,0.27421992646674725,0.37894128138989175,0.41476596298336665,0.4084622419192401,0.3878194138856437,0.22669511100490114,0.4884685241958039,0.13760697171288405,0.19550470167277498,0.23435723785524487,0.06296157242259101,0.49096007867192554,0.4654737926872876,-0.025755154946433642,0.531394064527136,0.13867099516658518,0.9396013392896404,0.4202369996631409,0.34845934860075456,0.5411114454155797,0.1606453701319863,0.2716863318599525,0.3678604917708678,0.4231225757928889,0.33278742783163795,0.4333702856154865,0.17661461899925943,0.50995768580377
0.023999064336243894,0.015830105036191925,0.1778812083437417,-0.17933074321222336,0.13641471787503068,0.3892847577172156,0.014272002099031254,0.1275661357622936,0.04330613463987942,0.39849276442822046,0.8160915948698555,0.25757874696821254,0.2128024576924709,-0.20268129737952817,0.03714997189715443,0.4052069225794876,0.2777038343445055,0.32968308342826275,0.13379529874243196,-0.27407969782763814,0.22648571248699012,0.3043555676459759,0.18752198974178472,0.3043555676459759,-0.2634686325970274,0.18931779284553504,0.6109805609543961,-0.021806616308549263,0.3964893886191959,0.11940301524328534,0.44835495963167504,1.0,0.3382086198296494,0.24693121316987734,-0.24504114724647652,0.03332807569778496,0.4780287581199324,0.3463484356596145,0.3780186650069523,0.15477187681296475,-0.28560514999128883,0.2566329561224946,0.018364816576556194,0.1125896526860732,0.33366369255597805,-0.18770028885942433,0.2170556593712954,0.5969204126092642,0.004789575990835607,0.4070093950741202,0.11240595504936386,0.3435477791247864,0.9477318746259471,0.1348825490460391,0.29968317463445726,-0.13684047729235535,0.08488469174014314,0.46696007812378904,0.379163939464863,0.2994016217151577,0.25801267151153123,-0.38718143436737784,0.3107378721235919
