Fp1,Fz,F3,F7,FT9,FC5,FC1,C3,T7,TP9,CP5,CP1,Pz,P3,P7,O1,Oz,P8,TP10,CP6,CP2,C4,T8,FT10,FC6,FC2,F4,F8,Fp2,AF7,AF3,AFz,F1,F5,FT7,FC3,FCz,C1,C5,TP7,CP3,P1,P5,PO7,PO3,POz,PO4,PO8,P6,P2,CPz,CP4,TP8,FC4,FT8,F6,F2,AF4,AF8,O2,P4,C6,C2
1.0,-0.08305425278080913,0.07036834783892983,0.3566359271154902,-0.15311444529613058,0.4154914969503075,0.42102372416152556,-0.08218907321330665,-0.20764613101936596,-0.1578297279983149,-0.0966908487060016,0.06183747687433699,0.06897861607595802,-0.15158211561419316,0.07210352781007706,0.028435280150046777,0.06347980220025431,0.24933775819878987,0.04876829267667054,-0.22104925916029455,-0.3803320562195724,0.17761231458275978,-0.08295349901300761,0.17761231458275978,0.25024008260352676,-0.2866375828406326,0.42454115538065484,0.30272434506118195,-0.21797863754213914,0.0058510310305331945,-0.16169159912123188,-0.11977912975346709,0.05491724813279869,0.03646795612790034,-0.11621916191296544,0.14464651321520341,0.12662420903100602,0.07900392064849814,0.23859354574218702,0.12318952457209385,-0.12894367460719772,-0.3633356878007717,0.8198368603480961,-0.15021418577045326,0.1744663633104735,0.32301184634232427,-0.02068703080210105,0.4572821871979417,0.34752510041327117,-0.15269035905905748,-0.14141543318221766,-0.16972603564826627,0.00536712660382498,0.09006405946152818,0.18047575069034869,-0.12494384375998376,-0.0032272846813050397,0.12083751746323032,0.14761564863776314,0.24468113204710168,0.13705468417468844,-0.057606572236496394,-0.33883689201891276
-0.08305425278080913,1.0,-0.06528813203451564,-0.049983423140517194,0.4520220544407208,-0.35109560743156637,-0.32760574253739827,0.21393114895205553,0.3612938076250855,0.08679645739981717,0.2949714680959275,0.16612408331924133,0.22616366628840007,0.5458224879234016,0.31332896808097294,0.2551850941895082,-0.29268644047847875,-0.39341166775768444,-0.2472331952282364,-0.045422591871749005,0.027479077719687252,0.18590775686550282,0.8041333311674702,0.18590775686550282,-0.18321614928745145,0.3896992063479057,-0.40479704000855155,-0.19267577669049873,0.19636957302074529,0.025411443583602162,0.069660229883451,0.26926427367902384,0.12067307308593606,0.2629849939091164,0.525334657975407,0.23982124746164202,0.25722591134303596,-0.20512535860667072,-0.46561916655921926,-0.3314244382581797,-0.009908563195887317,0.012706375850585415,0.18197554756360276,0.7894337557207777,0.23712147895396357,-0.15440511302567897,0.42736692344706784,-0.4993424261611862,-0.07063120174597824,0.2436575570402077,0.20856512236597638,0.08609481326994185,0.36944333817583475,0.19506602406161472,0.2786434686290451,0.5450510798554492,0.2509270377125401,0.14052701645138763,-0.17761686013748423,-0.40790981315193037,-0.2754889369046006,0.039642473863920155,0.011549173309760397
0.07036834783892983,-0.06528813203451564,1.0,0.674614437184777,-0.0472835985455908,-0.25802837819835367,-0.09255725738594735,0.25227302475152835,-0.38945743860123455,-0.29733952179833384,-0.6276989646135224,-0.2790327689241667,-0.19569528366507893,0.4238271931520487,-0.1504661084748167,-0.4700915422563139,-0.14812099644209198,-0.1267856389753445,-0.16031963044274597,0.0672544842103511,-0.1860076459898909,0.6497638983933578,0.10696374935968996,0.6497638983933578,0.577458818840584,-0.13112777387840277,-0.20602716208249594,-0.28641590135244965,0.32978546128608005,-0.2807222100261673,-0.2455776446285666,-0.6281221205447077,-0.32598275931196663,-0.28717146542272215,0.4537040417515044,-0.08961863724064748,-0.41754949048152545,-0.13675872074851783,-0.1972951458186918,-0.15577552375649048,0.19028521658677758,-0.22692668019250148,-0.13426484404161015,-0.0036809212710338787,0.6870159843422303,0.6029858809125035,-0.04773296635079215,-0.2022954070032753,-0.1638871847680627,0.263530855654121,-0.3544755762744684,-0.16715460021290374,-0.5726830929400387,-0.3369890759252908,-0.2422075362353513,0.4213568489362148,-0.10278465581296888,-0.44424536221982686,-0.1390508512040516,-0.16276355477563131,-0.16879735620215872,0.22190380595258563,-0.17663085574450604
0.3566359271154902,-0.049983423140517194,0.674614437184777,1.0,-0.14843833209421195,-0.19737157107048106,0.05417561910226989,0.1160546655556617,-0.36425421239384675,-0.26238190927510285,-0.4735023621579354,-0.2649386613744989,-0.053434760406783494,0.153107015902076,-0.09704885604511533,-0.3187736900160209,-0.12308881894319748,-0.07708920124670442,-0.07144970214897069,0.1261849167879285,-0.26399105453041244,0.3821297048594409,0.14306011764042195,0.3821297048594409,0.9117352006773372,-0.34888334790833203,-0.18707116739864033,-0.12756332614623528,0.14308544611674304,-0.33619263497742125,-0.24302220310140482,-0.435867484783883,-0.29280439490298177,-0.1394675295546352,0.15087718404807476,-0.08270978544616855,-0.2539949760634189,-0.10129520098785616,-0.05217534846685685,-0.023103583096594188,0.22039826317650021,-0.35261467843708194,0.18943316509186853,0.013879028309449062,0.4408096872371572,0.8553338571731699,-0.16294479629368933,-0.10179892446772634,-0.08067842616518214,0.060096980355585986,-0.4784473142303433,-0.20106616133311223,-0.42594899561033106,-0.2707694392341718,-0.13368831171264256,0.08943506505298937,-0.32704680643176637,-0.3339192876594878,-0.12011369102462965,-0.03530434073581995,-0.021287230338896117,0.20233278888114722,-0.3086000403163201
-0.15311444529613058,0.4520220544407208,-0.0472835985455908,-0.14843833209421195,1.0,-0.15458143543166153,0.04025347327110994,0.33123849900121005,0.15997572205669144,0.5864504977640373,0.44038181612011845,-0.10080012159731724,-0.10604919220343756,0.3044127461405966,0.25807941294997927,0.07673624882396823,0.03692587437314065,-0.08623289186211379,0.034454828011370155,0.24687661380698145,0.15154340164810245,0.255406688733974,0.4371535598935777,0.255406688733974,-0.17640623715321746,0.7899357602391334,-0.18359188128205853,0.16702786476784343,0.27185298567951627,-0.07706384026319144,0.5367272906256884,0.43290778084790194,-0.18250218855522535,0.005070246051962725,0.24303368303053954,0.1789371879801359,0.024706036639230017,0.05962942670389315,-0.155832862696773,0.07238505217516214,0.25367437024142103,0.1266950479887285,0.13757181978165517,0.3075949832639953,0.19506577708591807,-0.1053524823585998,0.9535615920040806,-0.2549433694812501,0.21211327919571532,0.370717945998624,0.31505805784899465,0.5450470431086413,0.48011635149457793,-0.05676524072366484,-0.05790149899874618,0.2377954137069561,0.3825355508329841,-0.03619860508663742,0.15805770931892216,-0.1291265079670399,0.13387880386249584,0.35443572388079836,0.20624862247965317
0.4154914969503075,-0.35109560743156637,-0.25802837819835367,-0.19737157107048106,-0.15458143543166153,1.0,0.6443399724387354,-0.08486440229688275,0.21525285496864732,-0.2798675665582572,-0.015877302961937928,0.3807245196498543,0.1411909431079627,-0.4762997326510558,-0.15153420774727605,0.34891572844038016,0.2834786056126757,0.5374439507476753,-0.10065146076058022,-0.40983638044717924,-0.46213876213132654,-0.10285929844585044,-0.4441655834982257,-0.10285929844585044,-0.2569319330006012,-0.1909275236251364,0.9583765652522116,0.587361603439698,-0.27985176034493614,0.337927871574646,-0.31180271505095886,-0.023274583271177953,0.3247970198900707,0.147033730172032,-0.42909681077763284,-0.15291452497254104,0.32674320310738075,0.2131546971878255,0.5441759452928563,-0.04310900762713051,-0.4105774771910588,-0.4066192773941425,0.2641355918615721,-0.3093577002864033,-0.14744155399559125,-0.22036463109390844,-0.018688145892703963,0.8902468847051894,0.5976249674004286,-0.16788857862712067,0.1724675990652024,-0.2899822971448892,0.06108510987220316,0.3697850389596674,0.24263542848961062,-0.4458790913514494,0.04193026666855235,0.41679505477901246,0.2904175675928763,0.4595460405344491,-0.06799462059006288,-0.3509878386249789,-0.3345131200733001
0.42102372416152556,-0.32760574253739827,-0.09255725738594735,0.05417561910226989,0.04025347327110994,0.6443399724387354,1.0,0.12100597331409604,0.09153987109087974,-0.0893130417794167,-0.059802286226185795,0.11658648302605878,0.040813952704582296,-0.37163108365241976,0.15000172829759315,0.06340526109884002,0.5133377757947408,0.7895382066354909,0.2489068961163203,-0.2709960867444825,-0.42380395150469663,0.14780188712115444,-0.36976158264621745,0.14780188712115444,0.0811506607445158,0.026602728465011157,0.6210534987077982,0.9360249369269408,-0.021011732006107942,0.3126741034119424,-0.04679364637444851,-0.06726222096329688,0.09840579253562985,0.07858846469326705,-0.3307957786192995,0.13960269129694236,0.05452771559936275,0.4916464800836548,0.7647674812503152,0.36755714785749,-0.1875103592765964,-0.4485361678270659,0.3073155883173448,-0.34142005391625124,0.07383263035112565,0.1726852405484927,0.10074146589919858,0.5824701440456269,0.9312029389065978,0.07879729579792154,0.10815492011153827,-0.05577572348774026,0.03963168938185042,0.1577254667790962,0.16596131140273138,-0.3379752057932738,0.19413380994972818,0.11894733803808372,0.5074385569322414,0.6870866736571231,0.3528053161298616,-0.11501959881238269,-0.31720824285112775
-0.08218907321330665,0.21393114895205553,0.25227302475152835,0.1160546655556617,0.33123849900121005,-0.08486440229688275,0.12100597331409604,1.0,0.25459288613283715,0.08226858250602222,-0.03993555463854148,0.10835638399345848,-0.1391209705296305,0.19851689199795633,0.05310228513623864,-0.3660716432681453,-0.07903861395742891,-0.05369608896163505,-0.17474650610747108,0.12047386611533586,-0.30307349186908517,0.31737469212321207,0.11803014210342236,0.31737469212321207,0.048491940361513663,0.386458743595925,-0.06713784785867312,0.08421737193518741,0.9186769927156031,0.1858578967370769,0.1248296263142161,0.052337336282674174,0.019007617492259495,-0.14618548705696988,0.2062933125801152,0.05380274121045408,-0.25446414169128106,-0.06029101719460941,-0.0986599574258929,-0.10875530481343489,0.18649466580023127,-0.34063513764666814,-0.04572976719977829,0.023720630931123136,0.3442699798837149,0.08386771684426944,0.36258285388523886,-0.13722901043014338,0.1695959607063184,0.8350490809080993,0.2963709552690584,0.12242521977980876,-0.002658387273141456,0.06921621962603478,-0.10096393053156971,0.17551910061375114,0.20662456881447472,-0.39129618896796187,-0.06911381852523636,-0.11755195399323631,-0.14583429235061787,0.19904317751442233,-0.31681433644234164
-0.20764613101936596,0.3612938076250855,-0.38945743860123455,-0.36425421239384675,0.15997572205669144,0.21525285496864732,0.09153987109087974,0.25459288613283715,1.0,0.1415264017444607,0.48729637214925126,0.3876044999420628,0.36131807108690117,0.04866900005905495,0.18540312859214497,0.2798281101526532,-0.037651291547927325,0.06267367795499748,-0.39510430056842666,-0.3221395989990046,-0.0552810043236737,-0.020430423042839194,0.14146173188345754,-0.020430423042839194,-0.3781587615749486,0.15545688148463674,0.16223156015875456,0.17392146811879014,0.16155124688651645,0.643442075050043,0.060799082203395985,0.5193061799728969,0.355484111441591,0.4117812779154785,0.04156307110043964,0.045016930412364056,0.2965937464094913,-0.033323201005589054,0.024354326982109525,-0.35202190496407754,-0.322582539649593,-0.0316054147809922,-0.1350003308142825,0.21443695744790123,0.0038272565478253877,-0.3641262787398387,0.14180377608073438,0.02008601014491433,0.2651557549339761,0.1890372772876648,0.8096717145850553,0.08473684958567897,0.47481297434322683,0.3837392439616177,0.4177809309207641,0.04602830089525393,0.29727677860351137,0.22391778647471036,-0.006470721340670619,-0.0851346560305544,-0.30038123969844627,-0.30665800656779124,-0.004514540352965682
-0.1578297279983149,0.08679645739981717,-0.29733952179833384,-0.26238190927510285,0.5864504977640373,-0.2798675665582572,-0.0893130417794167,0.08226858250602222,0.1415264017444607,1.0,0.6707808242488207,-0.1753136942132709,0.15203431611946344,0.08419696122381268,0.3939104951830568,-0.13179028815501556,0.12988522140018646,-0.10472155632154234,0.26875912050006207,0.46530325076255064,0.5019822926887938,-0.09165562958760456,0.101093143171204,-0.09165562958760456,-0.1322169838224869,0.5425950620055241,-0.2523523862636577,0.009363993546150641,0.10248188937547568,0.015012550480949804,0.9435855606986208,0.6255881471204459,-0.15034137906287584,0.2563535714873021,0.04535967365778092,0.3026673519704333,-0.10522225280077756,0.16149609661691414,-0.07935471847784888,0.3641314951193518,0.4096527965203852,0.4993090434176484,0.13977931531594534,-0.028379488036298105,-0.11865043695283693,-0.07682746650688824,0.5923653638064181,-0.2665884889502205,-0.029202329916587503,0.18029140335497706,0.28555666765530285,0.899946238532817,0.6014057117307965,-0.09463181229892356,0.14835295763951825,0.05739759399252117,0.4059724990764286,-0.11739790122275803,0.22933269154899216,-0.08733162840270267,0.44938665495697455,0.4952313469270591,0.5585864934833638
-0.0966908487060016,0.2949714680959275,-0.6276989646135224,-0.4735023621579354,0.44038181612011845,-0.015877302961937928,-0.059802286226185795,-0.03993555463854148,0.48729637214925126,0.6707808242488207,1.0,0.08905042975299488,0.3069026474895196,0.05751740651758371,0.3017294505628652,0.24306901185775728,-0.04674610599090488,-0.19922976487739136,-0.045280433071383824,0.01718091287849084,0.3448484324955169,-0.20698424396906617,0.12004629369522242,-0.20698424396906617,-0.4121868202005768,0.42248542556198493,-0.033905716784506726,0.10526481548552075,-0.11791640188276702,0.20867829357007261,0.5567434154294314,0.9695522825583383,0.09349208274293666,0.4069270289995984,0.012704377777906221,0.2425136761401918,0.23703095969117924,-0.012442757903315725,-0.14602830587432183,-0.023961914216530635,-0.06096016208850654,0.35749250533816096,0.2715089036480571,0.14378987195389809,-0.2075908918233804,-0.4184286355090012,0.4650319121772704,-0.10430455251274699,0.11310978272522514,-0.007010743600852656,0.42530321197467613,0.573893490519206,0.9423792669630865,0.15786212251831666,0.3315403979248977,0.04504758234912457,0.43505491916996064,0.28420798407376213,0.029057922528140365,-0.21527430863148722,0.07790216502654403,0.02680391491035602,0.347601684108822
0.06183747687433699,0.16612408331924133,-0.2790327689241667,-0.2649386613744989,-0.10080012159731724,0.3807245196498543,0.11658648302605878,0.10835638399345848,0.3876044999420628,-0.1753136942132709,0.08905042975299488,1.0,0.42364648590679926,-0.10598822733833997,-0.09009555141286425,0.45189819730330594,-0.26393603743722216,0.2862502142948049,-0.16124074608911734,-0.5516290281566736,-0.16628927164062823,-0.043085621383579804,0.05011680305369485,-0.043085621383579804,-0.30708054006653135,0.014557006494675295,0.3582269180796413,0.14457003244757533,-0.006198027964691408,0.4156776016475744,-0.12683562760656852,0.09561605309630623,0.9550368378944685,0.40324001774925167,-0.0653290729614007,-0.11152680395137006,0.4403451289796811,-0.26250558549186764,0.266535613665063,-0.12351986650156556,-0.6400043210376822,-0.08638419682272801,-0.04447940717655654,-0.007212409586359215,-0.06769180637463117,-0.2723494889030856,-0.012503175037434451,0.17407072469404605,0.17245126378080966,0.025258877196086917,0.32660514254127077,-0.20144360156924124,0.1411284049279363,0.9235531187051923,0.4411074966306439,-0.07478222010624003,-0.13441632352772528,0.36375417685214867,-0.21218098365228596,0.19924622325378596,-0.1289627915171916,-0.5602874705972269,-0.07702505049843063
0.06897861607595802,0.22616366628840007,-0.19569528366507893,-0.053434760406783494,-0.10604919220343756,0.1411909431079627,0.040813952704582296,-0.1391209705296305,0.36131807108690117,0.15203431611946344,0.3069026474895196,0.42364648590679926,1.0,0.2401752936851623,0.2684487997065657,0.3708383254630792,0.16768348856738746,0.06581496249504536,-0.14042126251577391,-0.3235391016933524,0.047935538761316475,-0.04808155189574519,0.09185749615240937,-0.04808155189574519,-0.035350650947983,-0.2295378714094645,0.12117759591817152,0.07136194386881697,-0.1704541062281068,0.24043351374114103,0.09741282423834985,0.26635404469825685,0.4052287088646151,0.9619362125958802,0.2278279430230429,0.23713205759604625,0.42515193289965825,0.21847649060906982,0.06166902697502399,-0.11141306434681568,-0.39473785014001195,0.09570592071694138,0.11002741929511434,0.009337575657389949,-0.05677486238206975,-0.013155989286884018,-0.051532251600880395,-0.008058774849230009,0.14052320176284977,-0.08031428621102991,0.12673064786751098,0.04191856706965849,0.3009134006864524,0.3680947346824555,0.9456085122385038,0.19779537498829494,0.2225971795433686,0.34281285922541305,0.23905736420353488,-0.005785292075688276,-0.025199904263962583,-0.3200976466197892,0.10587155736470896
-0.15158211561419316,0.5458224879234016,0.4238271931520487,0.153107015902076,0.3044127461405966,-0.4762997326510558,-0.37163108365241976,0.19851689199795633,0.04866900005905495,0.08419696122381268,0.05751740651758371,-0.10598822733833997,0.2401752936851623,1.0,0.27256678971266524,-0.01860825528626487,-0.1381070222534768,-0.3737428328705223,-0.10654893019967733,-0.02984614192696067,0.003202659482551659,0.58343631492546,0.557973699092248,0.58343631492546,0.14512253692609312,0.31202335828252165,-0.39686938280293094,-0.2954534399685703,0.3469768388512867,0.05799346107896758,0.13564824213188312,0.06923614043039666,-0.09902146204171586,0.2822347756282124,0.9707547879731163,0.340167578071605,0.06325033057875916,-0.07931676296901607,-0.47319697790334275,-0.1942315851147751,0.0050932225748294615,-0.04549501731749696,-0.0033558598194079023,0.42033496573255574,0.6243594647074153,0.15595471023511395,0.2810764581199912,-0.4935619105245343,-0.15101844182045787,0.38549764810968556,0.13315973775903278,0.14682778022097967,0.08906472309039003,-0.08762764242757126,0.24414628554615564,0.9488609716468243,0.4044400829608322,-0.01950487354027607,-0.0712699152723391,-0.4331377117042065,-0.10186068610824717,0.08730873207696693,-0.03968061163871159
0.07210352781007706,0.31332896808097294,-0.1504661084748167,-0.09704885604511533,0.25807941294997927,-0.15153420774727605,0.15000172829759315,0.05310228513623864,0.18540312859214497,0.3939104951830568,0.3017294505628652,-0.09009555141286425,0.2684487997065657,0.27256678971266524,1.0,0.13172388865740375,0.4308970984704955,-0.032253090846467776,0.1341993010654048,0.07393431057916405,-0.05908887869919577,0.05619702302793049,0.17648882726232634,0.05619702302793049,-0.0955017259566496,0.27976894346741893,-0.1136827757450218,0.1542690850744854,0.15792326982459207,0.13018170015832994,0.4117456905918729,0.3052907640030261,-0.06040206844034721,0.3737839413491963,0.24680386283983463,0.9241249738075324,0.18614569587097016,0.49499143923851663,-0.0490557035551223,0.11511722939294779,0.060574039859267924,-0.06273727718905193,0.29523244176704205,0.09419955216089704,-0.042188279529246746,-0.09081010021255341,0.2754882629308961,-0.22511552868920076,0.22431740188822613,0.14485390985057905,0.18929829638557097,0.3590550993697599,0.2887076382383948,0.005066998395177577,0.30914206874345856,0.25590901296344487,0.7073223685776403,0.15101013860314172,0.4644862104741707,-0.12316287746688785,0.21006149387533782,0.11388134831028254,-0.019495084681495772
0.028435280150046777,0.2551850941895082,-0.4700915422563139,-0.3187736900160209,0.07673624882396823,0.34891572844038016,0.06340526109884002,-0.3660716432681453,0.2798281101526532,-0.13179028815501556,0.24306901185775728,0.45189819730330594,0.3708383254630792,-0.01860825528626487,0.13172388865740375,1.0,0.21931379860537498,0.14665639645517126,0.04711509537877706,-0.27587265497023544,-0.10813739648453974,-0.10853800061988794,0.1682878294536225,-0.10853800061988794,-0.2729926203635656,0.0929663297739039,0.37510835327413167,0.14970606200416334,-0.3700247122153054,0.16042714698169203,-0.09583650984408938,0.23622115191701917,0.47522974556568714,0.41332839107027125,-0.02014004700578557,0.0886864482844252,0.9286779869423515,0.1941730531084064,0.11534577938097136,-0.07150460655588359,-0.43101660615102727,-0.11072762508075827,0.09177114171328461,0.22631017004194753,-0.1874098571825382,-0.32778300506039226,0.10873470464985298,0.20534229975602833,0.18262963333673568,-0.2828325996601472,0.18771030888951035,-0.1486562308779744,0.27329393415608355,0.47023398402583316,0.4087799413288634,-0.01844911992940974,0.09134593877136665,0.9016840504745454,0.2209167147933555,0.11005418078986791,-0.06094784932680318,-0.38316373288315886,-0.10730717731931727
0.06347980220025431,-0.29268644047847875,-0.14812099644209198,-0.12308881894319748,0.03692587437314065,0.2834786056126757,0.5133377757947408,-0.07903861395742891,-0.037651291547927325,0.12988522140018646,-0.04674610599090488,-0.26393603743722216,0.16768348856738746,-0.1381070222534768,0.4308970984704955,0.21931379860537498,1.0,0.33986033171553276,0.39087410568301856,0.13328272626239931,-0.130286510243624,-0.06512902319745692,-0.19734289896090598,-0.06512902319745692,0.0015976252579524232,0.08449067244588843,0.35008292392610046,0.41629636128079983,-0.0425071495906809,0.006960666269542378,0.20476267246676214,-0.035794851425155,-0.21583071357201103,0.23524534715576786,-0.11491356245989155,0.4219569752119705,0.2980680165939475,0.9863120824861582,0.34295164066868083,0.366741954831962,0.12331948045703903,-0.16814521850457023,0.10096003554588992,-0.2721487334083491,-0.15683989875784923,0.10196579001670428,0.07305238474412443,0.327064572488747,0.465773544658021,0.054202071323264926,-0.02171040313515277,0.1774765133516694,-0.040329040636008555,-0.18114186261247922,0.2523149415455199,-0.1306600857658573,0.46873910604951075,0.3055342395917152,0.9544929995785388,0.3471016375502729,0.3849659242039093,0.14779572403421515,-0.05545168281211193
0.24933775819878987,-0.39341166775768444,-0.1267856389753445,-0.07708920124670442,-0.08623289186211379,0.5374439507476753,0.7895382066354909,-0.05369608896163505,0.06267367795499748,-0.10472155632154234,-0.19922976487739136,0.2862502142948049,0.06581496249504536,-0.3737428328705223,-0.032253090846467776,0.14665639645517126,0.33986033171553276,1.0,0.4287991726053385,-0.20917218426982678,-0.257953854466492,0.05959857526753577,-0.36707173453199493,0.05959857526753577,0.05375777530415792,-0.05730333937534954,0.5265343247777368,0.7930077753732038,-0.09760096197820269,0.42777374264361623,-0.002487559651411139,-0.2104646292408173,0.33790342814967855,0.1175707050113876,-0.3174984735547918,-0.05399672890602299,0.12097884161122609,0.3056067622740584,0.9531561747034489,0.5451899666278136,-0.16814977697172245,-0.25507061584663066,0.01057422119602969,-0.4171561376164381,-0.002347594407502481,0.11651791608244759,-0.08275779749193815,0.4723237890965372,0.7203939410887078,-0.018561298773647893,0.20925463315287127,-0.07320858869406052,-0.12158908188943275,0.326549105561632,0.18451280826833982,-0.3102577690059041,-0.06811687678727779,0.1253394047315788,0.35026068851959946,0.9021606190368036,0.4824422576666454,-0.14821752703152172,-0.14923856911904315
0.04876829267667054,-0.2472331952282364,-0.16031963044274597,-0.07144970214897069,0.034454828011370155,-0.10065146076058022,0.2489068961163203,-0.17474650610747108,-0.39510430056842666,0.26875912050006207,-0.045280433071383824,-0.16124074608911734,-0.14042126251577391,-0.10654893019967733,0.1341993010654048,0.04711509537877706,0.39087410568301856,0.4287991726053385,1.0,0.3796041018376987,0.2478906247606001,-0.019444352956758573,-0.12494487830803057,-0.019444352956758573,0.17972287928153127,0.3151497686545068,-0.01537323044204163,0.29201855194561127,-0.01139916844050249,0.028790475579587846,0.44889627978031815,-0.04090284003640227,0.025471863378633892,-0.03179224193655979,-0.05543897918559039,0.13984842971064407,0.06298630675675397,0.39296677446471795,0.42665189150111854,0.9425028276169001,0.362489865976006,0.15072012064693024,0.06700998215965263,-0.12292439731671455,-0.06934903294310622,0.18617402544281947,0.04584572997431894,0.10439234323057235,0.18733354967458787,0.0761079746750136,-0.13543041756942614,0.43404675567314405,0.02859122226205563,0.034232514828144774,-0.02895112719464345,-0.01098176450793119,0.04758651937562235,0.093781119973352,0.3941359202524892,0.5216461012809014,0.9070827288780562,0.3962296254917033,0.21413655143359184
-0.22104925916029455,-0.045422591871749005,0.0672544842103511,0.1261849167879285,0.24687661380698145,-0.40983638044717924,-0.2709960867444825,0.12047386611533586,-0.3221395989990046,0.46530325076255064,0.01718091287849084,-0.5516290281566736,-0.3235391016933524,-0.02984614192696067,0.07393431057916405,-0.27587265497023544,0.13328272626239931,-0.20917218426982678,0.3796041018376987,1.0,0.41616778893710654,-0.05845419730545487,0.20865440352661926,-0.05845419730545487,0.25765194460288154,0.2834728970301778,-0.35671149917666356,-0.27307771508518774,0.25986624627380295,-0.2736117048353178,0.5514993811345067,0.025448460514076274,-0.46446199440270264,-0.2457846004189844,0.0011720053989512358,0.00045844664398761627,-0.18299596411596014,0.15202506675565905,-0.13843849318229068,0.36771024056820434,0.9567826313547663,0.3366335108031361,0.002585740903252448,0.13150981429561323,-0.024039613145448394,0.18380411207005348,0.23109500758743365,-0.2528438522508832,-0.32703618637982124,0.20232979948976149,-0.237190348111281,0.5350472536781974,-0.022426981180561956,-0.4240295333685627,-0.29884177136413637,-0.005668694548229032,-0.01761503587243289,-0.19688280671792638,0.16006265710022455,-0.036288768547727626,0.33217913021518386,0.8955026604638747,0.3560688852508532
-0.3803320562195724,0.027479077719687252,-0.1860076459898909,-0.26399105453041244,0.15154340164810245,-0.46213876213132654,-0.42380395150469663,-0.30307349186908517,-0.0552810043236737,0.5019822926887938,0.3448484324955169,-0.16628927164062823,0.047935538761316475,0.003202659482551659,-0.05908887869919577,-0.10813739648453974,-0.130286510243624,-0.257953854466492,0.2478906247606001,0.41616778893710654,1.0,-0.184479874157644,0.21822219141983878,-0.184479874157644,-0.08138101586092412,0.2441606174396922,-0.4961714645490295,-0.35462394288589627,-0.1722540460741607,0.030140863894584324,0.48331281247916225,0.30742711451986027,-0.06608372559911345,0.11694281311480968,0.017639436780824785,-0.07754950773900261,-0.09478350829852783,-0.10173565706291224,-0.21298557458013234,0.25814587224754065,0.36075019992804636,0.9678900310552004,-0.20389986717759698,0.2919539199518509,-0.15379047148189845,-0.07180876981502089,0.13378562079228748,-0.3155662506174243,-0.3677294675500446,-0.06715914721686057,0.03333260144257862,0.5478458526926364,0.28968978582477173,-0.0378641462050871,0.012710243133913977,0.07405961912689799,-0.0714661478716026,-0.05704414317007004,-0.07027653623014558,-0.1169266854720256,0.32741024979034233,0.409261094559107,0.937324492113269
0.17761231458275978,0.18590775686550282,0.6497638983933578,0.3821297048594409,0.255406688733974,-0.10285929844585044,0.14780188712115444,0.31737469212321207,-0.020430423042839194,-0.09165562958760456,-0.20698424396906617,-0.043085621383579804,-0.04808155189574519,0.58343631492546,0.05619702302793049,-0.10853800061988794,-0.06512902319745692,0.05959857526753577,-0.019444352956758573,-0.05845419730545487,-0.184479874157644,1.0,0.2906664272195463,1.0,0.30190055049788467,0.2754610569809159,-0.04929605740207273,0.08285490331516689,0.35364559108797505,0.08615345770094085,-0.012041616613207214,-0.17876378246720256,-0.044387998600277784,-0.016657111006160706,0.5938327508324008,0.04833884980418802,-0.096139858985727,-0.05049118480785058,-0.09209469509389656,-0.07331472091022527,0.050908151634350175,-0.26165317764371443,0.1161710880809669,0.18147079149101372,0.9539002256193716,0.3366674341028974,0.2577090113172375,-0.14574488394988766,0.24332382789494789,0.2930215270141024,0.06534805909476356,-0.009305844804649306,-0.1485788288434166,-0.06574089073189741,-0.007778030231382987,0.5670673233583451,0.16274570883733147,-0.13380673123708953,-0.03597144674778655,-0.1509684743264752,-0.04401084554638522,0.17637152514215604,-0.23107327272326864
-0.08295349901300761,0.8041333311674702,0.10696374935968996,0.14306011764042195,0.4371535598935777,-0.4441655834982257,-0.36976158264621745,0.11803014210342236,0.14146173188345754,0.101093143171204,0.12004629369522242,0.05011680305369485,0.09185749615240937,0.557973699092248,0.17648882726232634,0.1682878294536225,-0.19734289896090598,-0.36707173453199493,-0.12494487830803057,0.20865440352661926,0.21822219141983878,0.2906664272195463,1.0,0.2906664272195463,0.1044018962381804,0.3933763318335406,-0.44310021469513594,-0.30921587120429744,0.19053564810498133,-0.058797760560051336,0.18551467333875196,0.1236051543816346,0.07703674491703844,0.15866880714718165,0.5972006651198598,0.10709021002379812,0.2536896765943577,-0.13060913665524015,-0.3744201184068966,-0.2003845182545254,0.22703506140198498,0.17555173092717666,0.16227877146382133,0.8131987585537707,0.36478818544811814,0.15725744442393805,0.42097386049839974,-0.5073807381074833,-0.1821249250979232,0.24510492531852687,0.04138441701331279,0.17977318564289413,0.16366191244199685,0.14109852539649698,0.16476510996979576,0.5955124532111977,0.13798396909372987,0.10829955053565196,-0.07352312218871809,-0.2672380872848479,-0.1299216727866727,0.3088337103242815,0.22318998958196887
0.17761231458275978,0.18590775686550282,0.6497638983933578,0.3821297048594409,0.255406688733974,-0.10285929844585044,0.14780188712115444,0.31737469212321207,-0.020430423042839194,-0.09165562958760456,-0.20698424396906617,-0.043085621383579804,-0.04808155189574519,0.58343631492546,0.05619702302793049,-0.10853800061988794,-0.06512902319745692,0.05959857526753577,-0.019444352956758573,-0.05845419730545487,-0.184479874157644,1.0,0.2906664272195463,1.0,0.30190055049788467,0.2754610569809159,-0.04929605740207273,0.08285490331516689,0.35364559108797505,0.08615345770094085,-0.012041616613207214,-0.17876378246720256,-0.044387998600277784,-0.016657111006160706,0.5938327508324008,0.04833884980418802,-0.096139858985727,-0.05049118480785058,-0.09209469509389656,-0.07331472091022527,0.050908151634350175,-0.26165317764371443,0.1161710880809669,0.18147079149101372,0.9539002256193716,0.3366674341028974,0.2577090113172375,-0.14574488394988766,0.24332382789494789,0.2930215270141024,0.06534805909476356,-0.009305844804649306,-0.1485788288434166,-0.06574089073189741,-0.007778030231382987,0.5670673233583451,0.16274570883733147,-0.13380673123708953,-0.03597144674778655,-0.1509684743264752,-0.04401084554638522,0.17637152514215604,-0.23107327272326864
0.25024008260352676,-0.18321614928745145,0.577458818840584,0.9117352006773372,-0.17640623715321746,-0.2569319330006012,0.0811506607445158,0.048491940361513663,-0.3781587615749486,-0.1322169838224869,-0.4121868202005768,-0.30708054006653135,-0.035350650947983,0.14512253692609312,-0.0955017259566496,-0.2729926203635656,0.0015976252579524232,0.05375777530415792,0.17972287928153127,0.25765194460288154,-0.08138101586092412,0.30190055049788467,0.1044018962381804,0.30190055049788467,1.0,-0.25801422778008737,-0.1853148448502623,-0.07516751797878461,0.16145759295020276,-0.17238278581166602,-0.04404899174045495,-0.37328329994186743,-0.2555366155222103,-0.07801595157375636,0.18095977583239872,-0.06039343342607671,-0.17083548206313903,0.012274428711286981,0.10489215490332848,0.2451442103074351,0.313386251888071,-0.20983263328195298,0.10673935164088834,-0.0236263719695235,0.3824590531845182,0.9347956883353757,-0.17709976586057305,-0.09291990799545971,-0.054613931055995386,0.14843835487473464,-0.4003973504797164,-0.001302244573188321,-0.3774026530641348,-0.2316698130112167,-0.08580971675903493,0.137176678205021,-0.24729559683080973,-0.24067937013261648,-0.0017503528890707198,0.16863206099396627,0.25405286091457124,0.30130476078979057,-0.13843832392352826
-0.2866375828406326,0.3896992063479057,-0.13112777387840277,-0.34888334790833203,0.7899357602391334,-0.1909275236251364,0.026602728465011157,0.386458743595925,0.15545688148463674,0.5425950620055241,0.42248542556198493,0.014557006494675295,-0.2295378714094645,0.31202335828252165,0.27976894346741893,0.0929663297739039,0.08449067244588843,-0.05730333937534954,0.3151497686545068,0.2834728970301778,0.2441606174396922,0.2754610569809159,0.3933763318335406,0.2754610569809159,-0.25801422778008737,1.0,-0.14686714588242078,0.14083767381455303,0.42121666863034024,0.1441067648260312,0.6232168257351631,0.4254933185724027,0.03442793186464731,-0.0743486790242864,0.3189502555167241,0.25647357695051626,0.08587778507793527,0.10046138346213941,-0.13179179161739887,0.2848565228375206,0.2784689479616814,0.15939164012121276,0.04103733316437755,0.358301186041335,0.2446295816617978,-0.16798562516936427,0.8254931615336625,-0.19201988254685273,0.20743269835934,0.5448388824539852,0.3766004117978408,0.6449278304888415,0.48219291308684326,0.15314738570564862,-0.11487199707151637,0.354722296104549,0.4849049796331985,0.08401559946888484,0.14478089774398534,-0.06416797094458972,0.32896032714882867,0.41009591293213227,0.2692157989880172
0.42454115538065484,-0.40479704000855155,-0.20602716208249594,-0.18707116739864033,-0.18359188128205853,0.9583765652522116,0.6210534987077982,-0.06713784785867312,0.16223156015875456,-0.2523523862636577,-0.033905716784506726,0.3582269180796413,0.12117759591817152,-0.39686938280293094,-0.1136827757450218,0.37510835327413167,0.35008292392610046,0.5265343247777368,-0.01537323044204163,-0.35671149917666356,-0.4961714645490295,-0.04929605740207273,-0.44310021469513594,-0.04929605740207273,-0.1853148448502623,-0.14686714588242078,1.0,0.5488470605848336,-0.22348878954372337,0.3497858404287788,-0.22860437161916683,-0.039881056423845526,0.3339992628834713,0.13433293116683873,-0.3198175695939265,-0.10018819029940104,0.38742029022828534,0.2749750009773273,0.5426221357556713,0.026518400544987122,-0.3857543433116798,-0.44990878692547165,0.28354614808774964,-0.35555716933679926,-0.09527871829090898,-0.15363802916962568,-0.02310653826622661,0.8654349731576981,0.5629216430477944,-0.10453014443165427,0.16274093908563902,-0.22238784842438986,0.03283815618330826,0.3605886295680882,0.2416690304124375,-0.34000797667602145,0.14229413924147538,0.47226328645124316,0.35557208451620215,0.4746912812081755,0.0014437533845300535,-0.3019542029958872,-0.36738356861871985
0.30272434506118195,-0.19267577669049873,-0.28641590135244965,-0.12756332614623528,0.16702786476784343,0.587361603439698,0.9360249369269408,0.08421737193518741,0.17392146811879014,0.009363993546150641,0.10526481548552075,0.14457003244757533,0.07136194386881697,-0.2954534399685703,0.1542690850744854,0.14970606200416334,0.41629636128079983,0.7930077753732038,0.29201855194561127,-0.27307771508518774,-0.35462394288589627,0.08285490331516689,-0.30921587120429744,0.08285490331516689,-0.07516751797878461,0.14083767381455303,0.5488470605848336,1.0,-0.05407707804571809,0.38555749712741144,0.03195860495702577,0.09183746879918435,0.1360589762970927,0.1409713265651699,-0.28350302511663145,0.1321755463502477,0.0856414268596497,0.3952158374662721,0.7523345673221548,0.3949288762590008,-0.21342685315852045,-0.37259356348571,0.28382462224385957,-0.24596041808808008,-0.0027888818940839653,-0.016699067986255915,0.1842822902516581,0.48524866335713557,0.9337529391164129,0.04919886290877871,0.22266559548677126,-0.010907904489242956,0.189699393787611,0.1802482571180434,0.1950696553491844,-0.2839936223077779,0.21777988407148458,0.14789051880768864,0.4177044174874089,0.6704611251531162,0.38090339836955117,-0.15534754995059977,-0.2753003188831304
-0.21797863754213914,0.19636957302074529,0.32978546128608005,0.14308544611674304,0.27185298567951627,-0.27985176034493614,-0.021011732006107942,0.9186769927156031,0.16155124688651645,0.10248188937547568,-0.11791640188276702,-0.006198027964691408,-0.1704541062281068,0.3469768388512867,0.15792326982459207,-0.3700247122153054,-0.0425071495906809,-0.09760096197820269,-0.01139916844050249,0.25986624627380295,-0.1722540460741607,0.35364559108797505,0.19053564810498133,0.35364559108797505,0.16145759295020276,0.42121666863034024,-0.22348878954372337,-0.05407707804571809,1.0,0.21031913754887982,0.2116915268992014,0.0012608141084949388,-0.008630354787702476,-0.1481275381700936,0.3668716094843711,0.1554410983220288,-0.2446323465383282,-0.030231200360101716,-0.12930708917392836,0.0011032853418669103,0.3023834719257269,-0.24787678426717508,-0.18646211087739273,0.1105146893110763,0.37925084920399055,0.14797262702524833,0.2870648128144517,-0.25411193839319124,0.02466701874361554,0.8942477058489589,0.25896197848883384,0.20785077592970752,-0.10463278146371487,0.03142884167839268,-0.14097990239825495,0.3553062219637678,0.27147260651104393,-0.3816539007956469,-0.05638626190791844,-0.12128645520075639,-0.023947719994309127,0.30682760673860476,-0.22642901866185997
0.0058510310305331945,0.025411443583602162,-0.2807222100261673,-0.33619263497742125,-0.07706384026319144,0.337927871574646,0.3126741034119424,0.1858578967370769,0.643442075050043,0.015012550480949804,0.20867829357007261,0.4156776016475744,0.24043351374114103,0.05799346107896758,0.13018170015832994,0.16042714698169203,0.006960666269542378,0.42777374264361623,0.028790475579587846,-0.2736117048353178,0.030140863894584324,0.08615345770094085,-0.058797760560051336,0.08615345770094085,-0.17238278581166602,0.1441067648260312,0.3497858404287788,0.38555749712741144,0.21031913754887982,1.0,0.07831646121603937,0.25519764104908804,0.4820420319452312,0.361629394036948,0.13174482544147262,0.1121314611738044,0.25887079754859954,-0.003492331822799868,0.39938122428685785,0.1196398040603194,-0.2629856223819751,0.004315668757567266,-0.0502440499203739,0.10185022219256815,0.1361601641801804,-0.17868319308629893,-0.004369970696278739,0.29755596201345136,0.4545540418572964,0.34766064819016135,0.7748852555481746,0.12599792444066857,0.26354576658666173,0.5438558362257309,0.38339339136641554,0.15739742287197434,0.29290181226023054,0.25220076931949026,0.05887610004139538,0.35890514240697996,0.16844681501168907,-0.20679748395263423,0.031387141029668886
-0.16169159912123188,0.069660229883451,-0.2455776446285666,-0.24302220310140482,0.5367272906256884,-0.31180271505095886,-0.04679364637444851,0.1248296263142161,0.060799082203395985,0.9435855606986208,0.5567434154294314,-0.12683562760656852,0.09741282423834985,0.13564824213188312,0.4117456905918729,-0.09583650984408938,0.20476267246676214,-0.002487559651411139,0.44889627978031815,0.5514993811345067,0.48331281247916225,-0.012041616613207214,0.18551467333875196,-0.012041616613207214,-0.04404899174045495,0.6232168257351631,-0.22860437161916683,0.03195860495702577,0.2116915268992014,0.07831646121603937,1.0,0.5241653063801638,-0.04629399327920656,0.22671306913525796,0.14859838457685312,0.32303637905203614,-0.01791239428265497,0.2389960107094629,0.033765242994972015,0.5209825351993684,0.48012725843833587,0.4537733585264516,0.11400411025398018,0.009470957087540106,-0.026826218981852022,0.018851184183062534,0.5686817814725346,-0.2583116915839819,0.008457169644657205,0.30518638977406687,0.2532120651410846,0.9390590732392516,0.5151871572845158,0.011741187667752883,0.14850706406348244,0.16627747540360607,0.4350642633272247,-0.03789065140419913,0.30852051387229534,0.06468964711536433,0.5927816794415312,0.5913766921363802,0.5430804278127737
