Fp1,Fz,F3,F7,FT9,FC5,FC1,C3,T7,TP9,CP5,CP1,Pz,P3,P7,O1,Oz,P8,TP10,CP6,CP2,C4,T8,FT10,FC6,FC2,F4,F8,Fp2,AF7,AF3,AFz,F1,F5,FT7,FC3,FCz,C1,C5,TP7,CP3,P1,P5,PO7,PO3,POz,PO4,PO8,P6,P2,CPz,CP4,TP8,FC4,FT8,F6,F2,AF4,AF8,O2,P4,C6,C2
1.0,0.470437278308583,-0.12736116026814284,0.5516368766747675,0.05142916036764381,0.7084669527801181,0.6500148339151439,0.390514883285937,0.22435723407773123,-0.1357247092104251,0.09584337292294641,0.023590398178701594,0.4159541020827565,0.42018857966664536,0.4430439672247932,-0.4430406342543737,0.1334079864740829,-0.5692891505941747,-0.22739578578303413,0.5569933786608847,-0.29955389612917566,-0.150033258942019,0.2342924672694374,-0.150033258942019,0.5496843432075526,-0.09815714842904764,0.5599944055030279,0.26367729865069867,0.2432126002948413,-0.12169785668627262,-0.4711679337002395,-0.25114734267019934,-0.5313397978319759,0.16358452708058915,0.5142296042838224,0.4560362247775275,-0.375274916503378,0.025009242973324658,-0.6215682745650665,-0.33934775374970544,0.4389275558579808,-0.32459352161060623,0.7072878611982998,0.2803451049021277,-0.42139297732179865,0.6429753431011159,-0.08841672851993707,0.6788132322497422,0.5114112825606167,0.12452229436634518,-0.01882354019588293,-0.3009200313766574,-0.12451266966266583,-0.18230522947770536,0.25628259403896564,0.5994485939531782,0.740970883587378,0.16203874100783136,0.1306427139968737,-0.4786624590973107,-0.23791674531929147,0.47646859409667003,-0.29415866005979774
0.470437278308583,1.0,0.4346587439238982,0.9091217186973997,-0.06792135575283366,0.7159135273765587,0.6086925419804421,0.41849558791135144,0.7821215971537872,0.2529285942755242,0.3786418331317384,0.227048614052359,0.40849123595334763,0.1386713759370692,0.23305551776761904,0.2699295193991439,-0.08017360752143121,0.07910014748237298,-0.2867485967734778,-0.20644062672376903,0.0530689993247733,0.3595799478864051,0.705749782936065,0.3595799478864051,0.6722153842458128,-0.29789950581456043,0.4068765836858375,0.47279266169232614,-0.003162293517289888,0.41849916206869386,-0.06618075701247973,0.0419529658507092,0.05844719707682491,0.15809656976584918,0.11974533401375045,0.017851896338431834,0.3458018044715082,-0.16227909839370183,0.011915283272332341,-0.4061304739345167,-0.06513255693419982,-0.08196259468032344,0.2824684322568049,0.754972562662419,0.2874776593335984,0.7672332999263706,-0.24837818149602514,0.3913118505799817,0.501572177078524,-0.18124364184290875,0.5110974326467707,0.026358061084365607,0.22596295022751928,0.27614044556008643,0.2127529702448958,0.2683111729371301,0.36827031134244104,0.4653587462662427,0.006799166258043604,0.1786649584399438,-0.27065386863992497,-0.1462410037466585,-0.0491978480293005
-0.12736116026814284,0.4346587439238982,1.0,0.14247455586720606,0.5727607306101916,0.2603604654637463,0.41958189726707207,0.43065238052461735,0.535696688130984,0.5642395672252182,0.6091813874960755,0.46518057839955396,0.18367417828667937,-0.04326390993497963,-0.13036949511827883,0.6366212065598716,0.21064571974920465,0.6303996712076912,0.3811086149245607,-0.3075974179022623,0.5213221932636783,0.783331832155244,0.19604466119248917,0.783331832155244,-0.09639980529153146,0.4095498768287374,-0.19171089701853192,0.3232956622447508,0.0853740481187127,0.36944635581694174,0.3554424339657627,0.3394909409464763,0.4741924305488321,0.2088755985965033,-0.0764467792902515,-0.4035763999149003,0.5942333940120316,0.20045042921239414,0.5389505007917871,0.35258419997390383,-0.17902339324180122,0.4801765459271455,-0.2978686863326323,0.22623706435150345,0.8336531654955971,0.02444144228705167,0.40981662199004404,-0.06564203458279215,0.3199193354484436,0.24736185669230043,0.5724614583193243,0.433470714659947,0.5088828448484963,0.7214620854386732,0.13310340331890722,-0.023280920182802468,-0.2159990681053886,0.21707383189096624,0.20171611062828781,0.6488200310339132,0.36824383156842316,-0.15730364546915562,0.4862694985356673
0.5516368766747675,0.9091217186973997,0.14247455586720606,1.0,-0.27014099803480823,0.592250532260519,0.6361946519974839,0.2273820823985426,0.6886993436537804,-0.046954776693734955,0.07097393874537815,0.2015308871239206,0.26632135237801485,0.30462280731943187,0.39290612751628745,0.05017881889552483,-0.1572697511077302,-0.14143235070412924,-0.5363090240077467,-0.059416437978292304,-0.1385576569568089,0.18136399444510756,0.671724681597728,0.18136399444510756,0.8340818141742518,-0.4565981428444538,0.4185039732336717,0.5853677731728373,-0.0031826014789290633,0.37477485505661656,-0.30572777694869974,-0.23177559642387008,-0.07809698798239305,0.014412591446140334,0.28653976149224364,0.20147690766110837,0.11533387276867178,-0.22987623801042148,-0.1679486058663465,-0.6461660336226227,0.08653233196031683,-0.26910068330160963,0.4922801463283895,0.679620223310138,0.10147407419858386,0.8917732404103879,-0.39341995562071796,0.34827227807774597,0.5788465940611194,-0.35385396058864255,0.39226253135229977,-0.2672710770650307,-0.08021750866990668,0.045131732021497936,0.09434403973090784,0.41361101334917155,0.4453754416711976,0.2935748241674911,-0.05595525242788988,-0.09621112150948427,-0.5153088775208787,-0.039586809914088986,-0.2512557065538141
0.05142916036764381,-0.06792135575283366,0.5727607306101916,-0.27014099803480823,1.0,0.28135581941707716,0.3136121339481415,0.6163095700660173,-0.026054591137928292,0.5075907807081367,0.41291241419333236,0.4805686214301694,0.1657129993956708,0.2836306430167812,-0.13522288088338144,0.13080944733920102,0.4569424805036051,0.2522283022040067,0.8145865180205645,0.31731682982729614,0.5320342031112456,0.3597419194148649,-0.4196170970243911,0.3597419194148649,-0.44803565215495594,0.8235468939095191,-0.12838833359040572,-0.06741107335705145,0.4698185364969089,-0.2048308503659256,0.3591563984472656,0.06950043950402848,0.16193597224500467,0.13308246716426542,0.19606446882622064,-0.2612096031258804,0.04096921575589778,0.414498986821647,0.16851048841657962,0.7674159230308096,0.30734335599165585,0.5877416400470056,-0.3077869569707847,-0.36432116842948803,0.33817328375764205,-0.3096187263912642,0.8566718085374556,0.03448572696740113,0.13906416810903252,0.6469273544190077,0.03260704881451477,0.4609691471650167,0.2862916562287652,0.37602145706560663,0.1120413091023698,0.24640648872943188,-0.08726447943860802,-0.14441146057040316,0.34562388381394044,0.24931798188856594,0.7307597134644522,0.3603755986026518,0.5372146277928175
0.7084669527801181,0.7159135273765587,0.2603604654637463,0.592250532260519,0.28135581941707716,1.0,0.5821149750659912,0.7746985802838917,0.3611502039698128,0.31736334444898573,0.3332850566342825,0.2865917430802619,0.5069275378341077,0.3969897385929333,0.27975205214312154,-0.0870921816946926,0.2066520447450322,-0.21798478033650764,0.10495496698866723,0.3241977597461233,0.07767154219158995,0.08094133218053076,0.27585399822030054,0.08094133218053076,0.3823589962752683,0.07118676235484625,0.5921430713889975,0.2118731666754635,0.381752048979476,-0.04430288854873466,-0.04565281972234705,-0.05558660988490482,-0.19093212782017063,0.2116134332711927,0.36724035878684624,0.1802927863470253,-0.02310838039802453,0.06467863491442484,-0.30081513392287973,-0.02221540503999818,0.3356636614874035,-0.012999375252679685,0.28968764062292746,0.37147141959471375,-0.028833134871731208,0.48923248913431683,0.045288451391979574,0.6973653356864576,0.3639526035096117,0.2893768855418729,0.10651592931686298,0.1287440999851316,0.11160237570067029,0.15645782077689518,0.2896136839308695,0.5212432978042915,0.5308471461568921,0.25932923660439583,0.19448581381656863,-0.06864289400774869,0.09855155110725021,0.3292585885968519,0.0801337647311987
0.6500148339151439,0.6086925419804421,0.41958189726707207,0.6361946519974839,0.3136121339481415,0.5821149750659912,1.0,0.4248256125570027,0.6351148300430105,0.124912227852957,0.3066208074329963,0.41875631016994713,0.4032089684967708,0.4430712805966739,0.5000720989186375,0.055685900595652954,0.23844007770134415,-0.07818985491473722,-0.14603156858831529,0.2509136907119781,0.05896137761233903,0.2926529492965882,0.27904780544695995,0.2926529492965882,0.4874522950486011,0.04881331811195056,0.23828310461712096,0.6930986093045679,0.17298382107651689,0.31418125630937666,-0.2491459151672521,-0.16280223313173048,-0.08994076847827745,0.19221182084933722,0.40815177637925515,0.2409564504413453,0.037869579369729546,0.15335601321040096,-0.14867272276313617,-0.22528640415799503,0.2891601389783223,0.0058703189488685855,0.44850435020974466,0.2924992353538779,0.22931324474184775,0.5983986953401653,0.054645295563357454,0.32672234576507,0.8266993473156837,0.04020122543862076,0.41829780535423805,-0.11517520032206473,0.03679920013671947,0.20291718907441372,0.1789890647615145,0.5552166312608813,0.4428048011272299,0.10841002613868958,0.16591574696940548,-0.04986542509779368,-0.1703183010247435,0.26204771574805863,-0.0406776760776417
0.390514883285937,0.41849558791135144,0.43065238052461735,0.2273820823985426,0.6163095700660173,0.7746985802838917,0.4248256125570027,1.0,0.157524323158375,0.5103679711959647,0.29513534892896215,0.4326137803077261,0.5281898285641489,0.4057881821717861,0.09742466279266826,0.08618345079305,0.5084097940699972,0.018086616388031322,0.5394919264201111,0.31226394231950694,0.2361313120643733,0.1257651449166221,-0.1567823074376216,0.1257651449166221,-0.034533466064227226,0.39286751586127555,0.1406327021428927,0.03922345662287863,0.45659097060773174,-0.12795997465817316,0.19322015449399843,-0.09084288562336801,0.06338368924443645,0.30639426721706464,0.2510235417105223,-0.1359989382967408,0.054081333178044685,0.3633064295288291,-0.0817014705297693,0.41036010240602194,0.3326121633826336,0.20001989376553525,-0.08551224100228853,-0.10430235318879025,0.16367748504069665,0.1036143507597203,0.4023141704994462,0.2358728597976597,0.1566419906876421,0.6276296704966691,0.040300209872002606,0.33020155422152336,0.12163267696423768,0.24194400517334103,0.2942320241333273,0.41154967447056534,0.22385229494503958,0.004750303307365997,0.4450122728078357,0.11099881210387022,0.48291058809627835,0.3344970318091078,0.3427040599410721
0.22435723407773123,0.7821215971537872,0.535696688130984,0.6886993436537804,-0.026054591137928292,0.3611502039698128,0.6351148300430105,0.157524323158375,1.0,0.29776956828294304,0.5635186092563086,0.17475954113035846,0.3968982965029315,-0.061771805145446876,0.20090570665083693,0.4263978662632502,-0.2609629902924172,0.3253659941020545,-0.285505643681049,-0.43895882873696107,0.12318261582029744,0.5092052054056316,0.7125300557054002,0.5092052054056316,0.527207119691913,-0.20220299976095898,0.1546362567796284,0.5286623192021388,-0.19718377206028723,0.8061785910919214,0.033457233789498456,0.207977392655203,0.24043175992292246,0.24641203528483285,-0.06710579547824812,-0.0497859256520871,0.4583309198798214,-0.26667690869516175,0.2651610803368902,-0.33293702044155743,-0.2866790351434222,0.00584540839353698,0.2016177546311331,0.7083646919966298,0.4601737962166102,0.5686162707308496,-0.17997951994435168,0.1634370660247427,0.578033548591046,-0.2591951841785331,0.8560947733152745,0.09526202248072778,0.3839578874792661,0.28445807051760263,0.27178307665110746,0.0675778585507162,0.20487384704264114,0.4585823182348577,-0.21770736811622446,0.38317413719220633,-0.2841130097800171,-0.37228301925609797,-0.032872750093663076
-0.1357247092104251,0.2529285942755242,0.5642395672252182,-0.046954776693734955,0.5075907807081367,0.31736334444898573,0.124912227852957,0.5103679711959647,0.29776956828294304,1.0,0.5699976052604128,0.07208256993372478,0.3069550017852882,-0.33912497638221906,-0.02944479950801899,0.6888693934502345,0.10115329854240361,0.532522495938229,0.5158646615577598,-0.32490926290940103,0.5076070004645669,0.2625050615492765,-0.05661010781311212,0.2625050615492765,-0.36987859478998136,0.28374833978213476,-0.25492978057143106,-0.17468073693944228,-0.15905859653198587,0.1831849351880386,0.7098874550583949,0.4703777050458514,0.35613834776345515,0.12506559154287122,-0.45508516573012736,-0.2243046198431713,0.6242343460175597,0.023693703085132498,0.48922653698104623,0.4974813576526639,-0.3981639333430812,0.4844042822495079,-0.449839061589982,0.05777706435473324,0.4183194746525314,-0.21397946228705325,0.21866402287412381,-0.052905194165319615,-0.16274687894222317,0.16858667157819046,0.32774127194316244,0.8878249895542538,0.5722044700594209,0.5019417055416406,0.09091695384613133,-0.3126301616016202,-0.13263798499387788,0.514184351454201,0.03743714394928472,0.620963486259426,0.4695642870421207,-0.29875057181502473,0.49974586421587613
0.09584337292294641,0.3786418331317384,0.6091813874960755,0.07097393874537815,0.41291241419333236,0.3332850566342825,0.3066208074329963,0.29513534892896215,0.5635186092563086,0.5699976052604128,1.0,0.012019695897760996,0.499556792297166,-0.31180503823428934,-0.20405092538105055,0.41256069500030607,-0.01506694182013734,0.4045911341727772,0.3390093005598108,-0.3041821797502475,0.4747649796458105,0.48975363148355183,0.3958081485395483,0.48975363148355183,-0.02132919851192961,0.3146705080103226,0.05863500887345231,0.03914219731019827,-0.09216110062395741,0.37558413496082255,0.39924201703193035,0.7150036596973998,0.18006184656955568,0.39321619425144416,-0.23053402859127956,-0.2535281516724699,0.4746955878475668,-0.005873601407355752,0.30035982950592344,0.30821677202038356,-0.2869032816838478,0.4453335734271225,-0.14670412944358743,0.4734979299880503,0.364498812851044,0.04772423075202659,0.2365893316188531,0.2208245940862229,0.22470647546472522,0.14667002513826669,0.5171268240313873,0.5074272476280269,0.845917278383449,0.42423037512195927,0.4211685748851557,-0.1627256185098093,0.06171407874968984,0.5049816101996376,0.010193880589763485,0.5602734663119355,0.3332611345546946,-0.21847386038206842,0.3543284340099399
0.023590398178701594,0.227048614052359,0.46518057839955396,0.2015308871239206,0.4805686214301694,0.2865917430802619,0.41875631016994713,0.4326137803077261,0.17475954113035846,0.07208256993372478,0.012019695897760996,1.0,-0.061263116490610295,0.6183450139606467,0.05225819615887422,0.03058618337243466,0.3268849903382173,0.19971700166246142,0.2629065698149701,0.23826225074005866,0.3529556556829753,0.48374048278257026,-0.14718020316329844,0.48374048278257026,0.004364050267076007,0.3777653491136353,-0.00849908536918019,0.5490321757929955,0.5636105803463004,0.12928820195925558,-0.12868819831186828,-0.2218726791392303,0.2829938347240661,-0.006563598803789304,0.4649215029592177,-0.22078496699597372,-0.04021996383667783,0.3043100224490047,0.22668806595675506,0.23112399630186647,0.47480100163034294,0.27337089054956487,-0.11946050459718474,-0.1561052492686076,0.49937978254163184,0.016552094779591305,0.39346733129398503,-0.05829739353563165,0.38074956388548287,0.28042021573152964,0.14459836929691608,-0.04371556970450998,-0.13861385288761904,0.5007241313612388,-0.08180774492790772,0.4899494531726689,-0.189738830585598,-0.4237082819926549,0.2272838004004922,0.2549565197721597,0.18833899151377836,0.3748330077317094,0.25156100067330694
0.4159541020827565,0.40849123595334763,0.18367417828667937,0.26632135237801485,0.1657129993956708,0.5069275378341077,0.4032089684967708,0.5281898285641489,0.3968982965029315,0.3069550017852882,0.499556792297166,-0.061263116490610295,1.0,-0.02329331975516424,0.28825547491377396,0.0701729173250023,0.2523335002176718,-0.039467354903229175,0.18138861357335287,0.072302495781677,-0.04531038071767535,-0.022614890735815105,0.11470776120821377,-0.022614890735815105,0.1678143366785835,-0.02181720387357904,0.14892035519805363,0.07628793778351985,0.022629105109153586,0.22822008307017747,0.08933328501843893,0.10572483715437266,-0.11961666884592582,0.8469682592666208,-0.0936440167360006,0.05492424666819829,0.12162856652649001,0.20576101442461783,-0.11334310601555406,0.10848650985446595,-0.031319725433050824,-0.018744466540548798,0.14125437413153852,0.14967541290316358,-0.05580793293061159,0.25231957047208176,0.02016020936105406,0.18243299989029876,0.25565990744572764,0.22668429934055467,0.25251139006818424,0.1947086939254906,0.3896678100159977,-0.022302949523600308,0.8102332629301294,0.1197682998868583,0.4299004401056286,0.2305642757072897,0.28915073135823033,0.13408905319324724,0.18647340508331353,0.040201926496885004,-0.01907348260879809
0.42018857966664536,0.1386713759370692,-0.04326390993497963,0.30462280731943187,0.2836306430167812,0.3969897385929333,0.4430712805966739,0.4057881821717861,-0.061771805145446876,-0.33912497638221906,-0.31180503823428934,0.6183450139606467,-0.02329331975516424,1.0,0.247872046856253,-0.5330592255443541,0.36942646286340325,-0.4316802019207848,0.09487358113945424,0.7102574629975016,-0.008347658826033694,0.07158304339695276,-0.19203426520550565,0.07158304339695276,0.2777380851327234,0.2574568865868608,0.36934154944334957,0.32813922867789486,0.7363307542911591,-0.2056512287943914,-0.3868017104004278,-0.643480151390785,-0.057805681826448595,-0.06935490865303051,0.8945762550208047,0.20589755169319462,-0.560519599840947,0.31746262952716836,-0.4318627874859098,0.03723376411535683,0.9255076093043701,-0.04819638062578185,0.3134132269790768,-0.24579036630606452,-0.062305616615263196,0.2522385083676088,0.31663447282862267,0.2496781612695331,0.45451987379541586,0.31389204823281575,-0.15174927166632665,-0.38682684105803833,-0.5097523949198343,-0.07861127790968216,0.03911939487951206,0.9132352693536193,0.3204275660102966,-0.5174408594616458,0.35394819918930864,-0.4388865613812483,0.09458807807759083,0.7326977440479896,-0.012411233435863221
0.4430439672247932,0.23305551776761904,-0.13036949511827883,0.39290612751628745,-0.13522288088338144,0.27975205214312154,0.5000720989186375,0.09742466279266826,0.20090570665083693,-0.02944479950801899,-0.20405092538105055,0.05225819615887422,0.28825547491377396,0.247872046856253,1.0,-0.06161134682353619,0.12529295660624104,-0.2587566317955563,-0.3209341707035176,0.333793762647569,-0.06572832007437687,-0.14171985990360803,0.04399558395547823,-0.14171985990360803,0.4258746365858681,-0.3000754242157162,0.22089874059394526,0.4369560111461069,0.03918019753682118,0.25159223732076663,-0.2043241809561515,-0.3590187524311087,-0.14159296147082376,0.2766482077860674,0.2165080806765603,0.82911287549486,0.006211019494110296,0.09288421528019002,-0.16393130619693677,-0.2843983239172449,0.20527234608238318,-0.04550508577740267,0.44535475178306294,0.044265176460101294,-0.06541224308082895,0.45705692341182025,-0.2715525967971998,0.2804030360862717,0.44562883403287945,-0.09462367004184828,0.11404712525043055,-0.11784074961753509,-0.14411383134744643,-0.030520557881898554,0.24574629343706889,0.4112886312702766,0.6259013829337401,0.22246708324983464,0.13452955511736236,-0.14663332884990007,-0.2881576197846239,0.27031648061679703,-0.026007458272335998
-0.4430406342543737,0.2699295193991439,0.6366212065598716,0.05017881889552483,0.13080944733920102,-0.0870921816946926,0.055685900595652954,0.08618345079305,0.4263978662632502,0.6888693934502345,0.41256069500030607,0.03058618337243466,0.0701729173250023,-0.5330592255443541,-0.06161134682353619,1.0,-0.01751227354313766,0.7529450093805808,0.1552205155835496,-0.6708761309808049,0.4225656967119676,0.36812110566192735,0.19562481930908268,0.36812110566192735,-0.17361836832924515,-0.039250052621174085,-0.5024422951316427,0.07683668957129958,-0.4189261364189542,0.4751799105764262,0.608690565008063,0.4818411019813363,0.48095042774085056,0.02524768443372319,-0.5928458392915025,-0.3104537175532799,0.9557825297079154,-0.04321651873657066,0.6661731713237452,0.15351999879356124,-0.6720346267799301,0.3977951311040876,-0.402625217196965,0.22868528977789115,0.7554022250023953,-0.10404209221564253,-0.048197602371750824,-0.3833320729106263,-0.049276698322736893,-0.16012564246971672,0.5217824561301143,0.604273755644459,0.5288223221367889,0.6189819103123154,-0.05094440614864603,-0.4915620657314758,-0.3381156271778985,0.4755484920370429,-0.006858776002708501,0.7283080828224953,0.14539919375973442,-0.5754462698489246,0.4025624252932623
0.1334079864740829,-0.08017360752143121,0.21064571974920465,-0.1572697511077302,0.4569424805036051,0.2066520447450322,0.23844007770134415,0.5084097940699972,-0.2609629902924172,0.10115329854240361,-0.01506694182013734,0.3268849903382173,0.2523335002176718,0.36942646286340325,0.12529295660624104,-0.01751227354313766,1.0,0.0406506854256885,0.5238510163659527,0.46589201478631803,0.25361434646367315,0.10605476467051536,-0.3508914876126444,0.10605476467051536,-0.07656851440953372,0.37659820135363953,-0.008669096070029438,0.14585760624469638,0.4793149858285495,-0.33394617499743856,0.1585794787096216,-0.1416327270791958,0.16636700833386173,0.302229675050387,0.286186728009329,-0.03845472412463479,-0.00017234958781300985,0.9626747957614961,-0.012142710168177619,0.4668434437200444,0.4527239302590693,0.3148458925412499,-0.09868130179691326,-0.4040992492289345,0.14830425255048552,-0.11583880741142998,0.39834374358649877,-0.11884611076582693,0.2667002256503378,0.5444302013286874,-0.19339059452163873,0.1692285821184057,0.09048139078458611,0.28379783653223556,0.22250612459558922,0.3772306896459526,0.2041435814157981,-0.14546651820430578,0.9008494303282516,0.06517397213462292,0.5118770150272508,0.5581109274860163,0.39443985879759325
-0.5692891505941747,0.07910014748237298,0.6303996712076912,-0.14143235070412924,0.2522283022040067,-0.21798478033650764,-0.07818985491473722,0.018086616388031322,0.3253659941020545,0.532522495938229,0.4045911341727772,0.19971700166246142,-0.039467354903229175,-0.4316802019207848,-0.2587566317955563,0.7529450093805808,0.0406506854256885,1.0,0.33887556108321704,-0.5742826092545723,0.5723336462986479,0.5714865242328208,0.15372796357653606,0.5714865242328208,-0.2349746602329636,0.1880486706339076,-0.45495332624399926,0.08053702506168801,-0.1415127132495503,0.39851474005932647,0.6479747918291768,0.46217325983536034,0.6983940185755657,0.035324855086315464,-0.4254734737251917,-0.5260432374612334,0.7085584313511762,0.13649867142682093,0.923852914210842,0.377430160926186,-0.5071495064605042,0.5409171640760451,-0.5522656251630372,0.14584043070402017,0.7633030805223024,-0.23840536437090354,0.23236264768083462,-0.39926142598163233,-0.02247638140803575,0.025379466419847067,0.4738488748771791,0.6056149126586866,0.5626385830569731,0.691699296717738,-0.028097882746857483,-0.399901604664291,-0.49723202389527377,0.25199074332116633,0.06510744850013409,0.8926624147146921,0.32863210488882716,-0.4104649323228889,0.5362597009369116
-0.22739578578303413,-0.2867485967734778,0.3811086149245607,-0.5363090240077467,0.8145865180205645,0.10495496698866723,-0.14603156858831529,0.5394919264201111,-0.285505643681049,0.5158646615577598,0.3390093005598108,0.2629065698149701,0.18138861357335287,0.09487358113945424,-0.3209341707035176,0.1552205155835496,0.5238510163659527,0.33887556108321704,1.0,0.23412231209932824,0.5928727137610849,0.22285715293158143,-0.5133049712887356,0.22285715293158143,-0.5940351353764011,0.7468329642498434,-0.18129758989148798,-0.38505383466056203,0.480135272670809,-0.31700574673174303,0.6043975870724975,0.14664332638356517,0.33259526143453905,0.23464920575504764,0.028394583040519644,-0.3932043361535745,0.1141575013611146,0.5278419303418856,0.2538644287941197,0.9701672844364359,0.21319030321152918,0.6652257570086153,-0.44902281629915686,-0.4879814666111542,0.276871108911777,-0.5576353432224562,0.8178579018762729,-0.13528400992514525,-0.17694617527198217,0.6794004222698622,-0.0832713188519374,0.6081516895273602,0.39174752180699185,0.3731164224838907,0.27027912492712447,0.056114453759499285,-0.14737046075332003,-0.10412092429618823,0.49951335778175004,0.35799226544811713,0.9660283913383912,0.31154852604474054,0.6892988530460284
0.5569933786608847,-0.20644062672376903,-0.3075974179022623,-0.059416437978292304,0.31731682982729614,0.3241977597461233,0.2509136907119781,0.31226394231950694,-0.43895882873696107,-0.32490926290940103,-0.3041821797502475,0.23826225074005866,0.072302495781677,0.7102574629975016,0.333793762647569,-0.6708761309808049,0.46589201478631803,-0.5742826092545723,0.23412231209932824,1.0,-0.08865462082709832,-0.20725747904618047,-0.4286087301287042,-0.20725747904618047,0.0898110751485661,0.30837674680281446,0.36470119654149813,0.017103149060942298,0.6930735150165804,-0.5064186685442844,-0.3091621437431617,-0.5204645243700475,-0.2878991884819778,0.051826829811797884,0.7705160709586985,0.45023887537203633,-0.6516615499072096,0.4289854806998854,-0.576251095289182,0.20248978444725527,0.8826917686450139,-0.030198376277169557,0.37193154956671115,-0.439462395222108,-0.3819563420820291,0.08518085044907533,0.3678523589318499,0.38879129104098364,0.2837502391945151,0.44172596740073883,-0.42886727420446397,-0.2726427555697882,-0.3818283254137593,-0.1515585670232518,0.1779432150088445,0.7695687709388271,0.51250481056349,-0.3789861365677562,0.45485697716726786,-0.5564173891664694,0.25137372320843077,0.95794237354027,0.00444673096058726
-0.29955389612917566,0.0530689993247733,0.5213221932636783,-0.1385576569568089,0.5320342031112456,0.07767154219158995,0.05896137761233903,0.2361313120643733,0.12318261582029744,0.5076070004645669,0.4747649796458105,0.3529556556829753,-0.04531038071767535,-0.008347658826033694,-0.06572832007437687,0.4225656967119676,0.25361434646367315,0.5723336462986479,0.5928727137610849,-0.08865462082709832,1.0,0.5121593373934307,0.002946393997496397,0.5121593373934307,-0.1812250504853681,0.37860292169208865,-0.09858779590183976,0.09338133977807216,0.25724979890801253,0.11782207375747478,0.5963437316334701,0.35670660139376875,0.5578895891421232,0.029978139079161293,0.00780962662633734,-0.18961943384810942,0.48179777675120344,0.30441929664313216,0.5429326416094102,0.6113461252074357,0.028153911035799242,0.9676579016413518,-0.3195501794786864,0.018686119033533757,0.6088803134742524,-0.17992778641527504,0.41753954999817355,-0.09753406243675498,0.1316334873172096,0.10988407563109037,0.21024942489761284,0.5312461413088476,0.5617419397051276,0.6687942405468241,0.06133680089701287,0.04054666174509188,-0.08198175605722692,0.2249933211549933,0.2563233143024509,0.6551513576618594,0.629448147938824,0.09062655866294549,0.9264092248667186
-0.150033258942019,0.3595799478864051,0.783331832155244,0.18136399444510756,0.3597419194148649,0.08094133218053076,0.2926529492965882,0.1257651449166221,0.5092052054056316,0.2625050615492765,0.48975363148355183,0.48374048278257026,-0.022614890735815105,0.07158304339695276,-0.14171985990360803,0.36812110566192735,0.10605476467051536,0.5714865242328208,0.22285715293158143,-0.20725747904618047,0.5121593373934307,1.0,0.38102917560383814,1.0,0.15375726778883797,0.3832446538638673,-0.01591250229471026,0.4438896461604867,0.21662538791509636,0.4378993828421906,0.25920048565602183,0.25999400004162454,0.6122561638934958,0.12910296733746426,0.12734753669551827,-0.3219289164460877,0.39023966562984,0.2059635271169012,0.580399465232764,0.230649973477774,0.012891770992502875,0.43143717416202954,-0.18875502166289052,0.33426896971668324,0.7546462604109606,0.13224789968932463,0.38702055371786953,-0.039465812274670144,0.45137995426956207,0.06043683437523026,0.6456607104126403,0.24871590803669003,0.4501920613484493,0.6416612748065926,0.16518960703365018,0.10941284345202741,-0.12770234625645907,0.17234379748541437,0.21228076125312081,0.6073541947398129,0.23781500300436836,-0.0010762928228381348,0.4243185234981124
0.2342924672694374,0.705749782936065,0.19604466119248917,0.671724681597728,-0.4196170970243911,0.27585399822030054,0.27904780544695995,-0.1567823074376216,0.7125300557054002,-0.05661010781311212,0.3958081485395483,-0.14718020316329844,0.11470776120821377,-0.19203426520550565,0.04399558395547823,0.19562481930908268,-0.3508914876126444,0.15372796357653606,-0.5133049712887356,-0.4286087301287042,0.002946393997496397,0.38102917560383814,1.0,0.3810291756038381,0.7513642387367245,-0.40647188197732487,0.407997126308211,0.39316178201034613,-0.19451250194054007,0.5284489841342214,-0.010516677096357717,0.28801466454545643,0.08222466554065756,0.01704119122759042,-0.026570201766480755,0.036476295671755615,0.35969769658516565,-0.30657559469207885,0.11391217505593369,-0.5599287774557533,-0.2803385851230224,-0.12963646920992036,0.360047857146946,0.9634666363132215,0.203640441064081,0.6773568089770089,-0.3964291966122413,0.37683350040550523,0.4656864770353192,-0.395768751475388,0.6066138594486398,-0.07098438364745621,0.3781375886557025,0.1446826579619933,0.1639635533390551,0.012836641642609132,0.3174420884515806,0.5816987545672554,-0.20306414037162424,0.20805717693132084,-0.45077337594711187,-0.32750066608690653,-0.09836276094277953
-0.150033258942019,0.3595799478864051,0.783331832155244,0.18136399444510756,0.3597419194148649,0.08094133218053076,0.2926529492965882,0.1257651449166221,0.5092052054056316,0.2625050615492765,0.48975363148355183,0.48374048278257026,-0.022614890735815105,0.07158304339695276,-0.14171985990360803,0.36812110566192735,0.10605476467051536,0.5714865242328208,0.22285715293158143,-0.20725747904618047,0.5121593373934307,1.0,0.3810291756038381,1.0,0.15375726778883797,0.3832446538638673,-0.01591250229471026,0.4438896461604867,0.21662538791509636,0.4378993828421906,0.25920048565602183,0.25999400004162454,0.6122561638934958,0.12910296733746426,0.12734753669551827,-0.3219289164460877,0.39023966562984,0.2059635271169012,0.580399465232764,0.230649973477774,0.012891770992502875,0.43143717416202954,-0.18875502166289052,0.33426896971668324,0.7546462604109606,0.13224789968932463,0.38702055371786953,-0.039465812274670144,0.45137995426956207,0.06043683437523026,0.6456607104126403,0.24871590803669003,0.4501920613484493,0.6416612748065926,0.16518960703365018,0.10941284345202741,-0.12770234625645907,0.17234379748541437,0.21228076125312081,0.6073541947398129,0.23781500300436836,-0.0010762928228381348,0.4243185234981124
0.5496843432075526,0.6722153842458128,-0.09639980529153146,0.8340818141742518,-0.44803565215495594,0.3823589962752683,0.4874522950486011,-0.034533466064227226,0.527207119691913,-0.36987859478998136,-0.02132919851192961,0.004364050267076007,0.1678143366785835,0.2777380851327234,0.4258746365858681,-0.17361836832924515,-0.07656851440953372,-0.2349746602329636,-0.5940351353764011,0.0898110751485661,-0.1812250504853681,0.15375726778883797,0.7513642387367245,0.15375726778883797,1.0,-0.4708839356792109,0.5593221413381065,0.5661000847946425,0.10528136596488458,0.317140211713652,-0.35559926608799364,-0.2450514698967454,-0.08022768441135479,0.043367232684855796,0.4025509171947305,0.3606830474080899,-0.012830165021572713,-0.07079716511348798,-0.2513394853037266,-0.6782563677292824,0.19907721327611966,-0.2802499232988162,0.6669528643517244,0.6708145936300335,-0.03866745642271229,0.8965765321267479,-0.38520004657795315,0.3996806350258525,0.6844731925210403,-0.32448630292492037,0.3690970235119444,-0.4311257408190176,-0.03511739489357052,-0.056433863390469186,0.2111122489652586,0.4819267900383936,0.6422523207537035,0.2956140379850082,0.0853493398849675,-0.21433393583190366,-0.527604415145016,0.14064374606788282,-0.23432234538389685
-0.09815714842904764,-0.29789950581456043,0.4095498768287374,-0.4565981428444538,0.8235468939095191,0.07118676235484625,0.04881331811195056,0.39286751586127555,-0.20220299976095898,0.28374833978213476,0.3146705080103226,0.3777653491136353,-0.02181720387357904,0.2574568865868608,-0.3000754242157162,-0.039250052621174085,0.37659820135363953,0.1880486706339076,0.7468329642498434,0.30837674680281446,0.37860292169208865,0.3832446538638673,-0.40647188197732487,0.3832446538638673,-0.4708839356792109,1.0,-0.18064558085932356,-0.13181458021898243,0.49104433291552374,-0.22456247472516683,0.271818674141215,0.16377792996730053,0.13471230735741688,0.06147593523514565,0.1916034417000302,-0.2735193870594753,-0.11778173051748002,0.39333313492201566,0.1594822645505678,0.7520883076896077,0.3478027820562478,0.46486010964906554,-0.3540859018306735,-0.3910845317335388,0.21165602430597547,-0.43082070230610237,0.829668273303313,-0.025493676287249318,-0.01853237576895404,0.6511596261648113,-0.03347236626715833,0.34921326924662827,0.2445357919918861,0.22959118756726035,0.06927493883628599,0.18383839402974547,-0.19808259893493974,-0.25129235533711836,0.33035419805347455,0.16503713694193844,0.6726513546071526,0.3647959425876635,0.4189391587387108
0.5599944055030279,0.4068765836858375,-0.19171089701853192,0.4185039732336717,-0.12838833359040572,0.5921430713889975,0.23828310461712096,0.1406327021428927,0.1546362567796284,-0.25492978057143106,0.05863500887345231,-0.00849908536918019,0.14892035519805363,0.36934154944334957,0.22089874059394526,-0.5024422951316427,-0.008669096070029438,-0.45495332624399926,-0.18129758989148798,0.36470119654149813,-0.09858779590183976,-0.01591250229471026,0.407997126308211,-0.01591250229471026,0.5593221413381065,-0.18064558085932356,1.0,0.06733985760460769,0.4112798537777054,-0.14282017972494596,-0.23692464148883782,-0.19459574087992434,-0.257018940572748,0.06371488576292457,0.4838953235726335,0.4013277648440775,-0.32989095921024586,-0.03786530812273626,-0.48929433884955864,-0.23983943410168276,0.4251864510694763,-0.18192371389876588,0.43527985384115575,0.42792724755737954,-0.3144241363837067,0.4359883781195686,-0.08773201848542682,0.8359077937266823,0.3495706849227362,0.05545761837534943,-0.012761799355757828,-0.23477673877129718,-0.030302292697638938,-0.17143211395014177,0.23144064877872517,0.5059110884749324,0.6458114996716066,0.17088136873618923,0.04542312949963904,-0.3526707556396398,-0.11976803034717133,0.35771199911912804,-0.15148599476391833
0.26367729865069867,0.47279266169232614,0.3232956622447508,0.5853677731728373,-0.06741107335705145,0.2118731666754635,0.6930986093045679,0.03922345662287863,0.5286623192021388,-0.17468073693944228,0.03914219731019827,0.5490321757929955,0.07628793778351985,0.32813922867789486,0.4369560111461069,0.07683668957129958,0.14585760624469638,0.08053702506168801,-0.38505383466056203,0.017103149060942298,0.09338133977807216,0.4438896461604867,0.39316178201034613,0.4438896461604867,0.5661000847946425,-0.13181458021898243,0.06733985760460769,1.0,0.10185819519756784,0.4629329184740322,-0.3480204247595545,-0.14947689024242558,0.12395781092157321,0.09640245052912408,0.30919547972848765,0.12836625684485337,0.10202986316968937,0.1716575909323837,0.15128429518059575,-0.39388237256798414,0.17282184726592076,0.007028335168815388,0.3540484623165557,0.3218543604089516,0.38730373229890086,0.5570513892396926,-0.19450782047804668,0.015275887183699674,0.7658521312034712,-0.2754444276718513,0.416136722176851,-0.34031559130367633,-0.08614188544747864,0.29433132399033984,0.008564747831685659,0.3864512341089994,0.1540939002551096,-0.04485047531883982,0.12842640702813443,0.13169646437239077,-0.3951608392931006,0.12496702895462398,-0.01802911716022616
0.2432126002948413,-0.003162293517289888,0.0853740481187127,-0.0031826014789290633,0.4698185364969089,0.381752048979476,0.17298382107651689,0.45659097060773174,-0.19718377206028723,-0.15905859653198587,-0.09216110062395741,0.5636105803463004,0.022629105109153586,0.7363307542911591,0.03918019753682118,-0.4189261364189542,0.4793149858285495,-0.1415127132495503,0.480135272670809,0.6930735150165804,0.25724979890801253,0.21662538791509636,-0.19451250194054007,0.21662538791509636,0.10528136596488458,0.49104433291552374,0.4112798537777054,0.10185819519756784,1.0,-0.28246389847435416,0.024470224287910382,-0.3634068912455734,0.08436977515105398,0.08388439806348383,0.7310393144670188,0.034526460284906586,-0.3656155716115857,0.4889006922773675,-0.18824736172034098,0.4373240054256788,0.8087304624380287,0.25032561946129456,0.12936375036021056,-0.2433590909861866,0.07454936858439588,0.025716540427581754,0.6101072424387789,0.3409381112358056,0.3504993910085036,0.5732319424620139,-0.07896233291408905,-0.05480239561233097,-0.07771036564700319,0.20820157590992597,0.25512329969376896,0.7710200134398808,0.3082308041176066,-0.354205803863039,0.5201511588518177,-0.1210361811681516,0.5154366127741434,0.7894568788781667,0.3270420346995077
-0.12169785668627262,0.41849916206869386,0.36944635581694174,0.37477485505661656,-0.2048308503659256,-0.04430288854873466,0.31418125630937666,-0.12795997465817316,0.8061785910919214,0.1831849351880386,0.37558413496082255,0.12928820195925558,0.22822008307017747,-0.2056512287943914,0.25159223732076663,0.4751799105764262,-0.33394617499743856,0.39851474005932647,-0.31700574673174303,-0.5064186685442844,0.11782207375747478,0.4378993828421906,0.5284489841342214,0.4378993828421906,0.317140211713652,-0.22456247472516683,-0.14282017972494596,0.4629329184740322,-0.28246389847435416,1.0,0.07408775878083981,0.25677441773100484,0.38896604062400203,0.2945947574177452,-0.21773138341414977,0.05558071805427502,0.5091661044302545,-0.26853549819478445,0.43843112153396574,-0.2605167103836612,-0.37921879117839347,0.04491014904977412,0.05358510490684617,0.4852191396438958,0.5071406411084995,0.29873909543627336,-0.2757304230187545,-0.11954730174948289,0.3677600779607431,-0.3218042516022281,0.8373235117641141,0.0796948174357603,0.33657403362484106,0.2925257697995723,0.2646657251021318,-0.09801545154224223,0.0469006093051029,0.3711903118611154,-0.29229875261038607,0.509170872739974,-0.2977869108772645,-0.4248152033707721,0.0035652999583403607
-0.4711679337002395,-0.06618075701247973,0.3554424339657627,-0.30572777694869974,0.3591563984472656,-0.04565281972234705,-0.2491459151672521,0.19322015449399843,0.033457233789498456,0.7098874550583949,0.39924201703193035,-0.12868819831186828,0.08933328501843893,-0.3868017104004278,-0.2043241809561515,0.608690565008063,0.1585794787096216,0.6479747918291768,0.6043975870724975,-0.3091621437431617,0.5963437316334701,0.25920048565602183,-0.010516677096357717,0.25920048565602183,-0.35559926608799364,0.271818674141215,-0.23692464148883782,-0.3480204247595545,0.024470224287910382,0.07408775878083981,1.0,0.3947035411337898,0.5638961254860017,0.06920198863156833,-0.39423621225352057,-0.2809737848568061,0.6167312671293438,0.1938818153339922,0.5735829476068168,0.6310764010318961,-0.34014594940213366,0.6051400800385015,-0.4781277467525461,-0.0089287046012684,0.46602886295676016,-0.3753397564346513,0.33219095750972205,-0.16139761798073868,-0.19124804272947693,0.1543076892447449,0.2722104165433097,0.8801651236276551,0.6241192156275205,0.4555494139970867,0.17326999813754645,-0.3155053109812914,-0.14203452825293,0.42058823893350433,0.21197587258927983,0.6355328857409093,0.6464936747116665,-0.2162273516458762,0.6561069536585716
-0.25114734267019934,0.0419529658507092,0.3394909409464763,-0.23177559642387008,0.06950043950402848,-0.05558660988490482,-0.16280223313173048,-0.09084288562336801,0.207977392655203,0.4703777050458514,0.7150036596973998,-0.2218726791392303,0.10572483715437266,-0.643480151390785,-0.3590187524311087,0.4818411019813363,-0.1416327270791958,0.46217325983536034,0.14664332638356517,-0.5204645243700475,0.35670660139376875,0.25999400004162454,0.28801466454545643,0.25999400004162454,-0.2450514698967454,0.16377792996730053,-0.19459574087992434,-0.14947689024242558,-0.3634068912455734,0.25677441773100484,0.3947035411337898,1.0,0.1496743414538738,0.07023865425792056,-0.5721128643176425,-0.25569238612975187,0.534439786240949,-0.10358033765732562,0.4473018255714333,0.19280942853254712,-0.5531000859877816,0.34496754381349876,-0.414417848836351,0.3799485027863028,0.21577651912118098,-0.20344353637653895,-0.07314121284903256,0.02368952936485349,-0.20661686605837007,-0.057299739192548736,0.24073502780836228,0.5037705782083403,0.7420941114828818,0.37405973620869404,0.033002940223600265,-0.5391855999309183,-0.26160578382553124,0.5022421235339277,-0.16513787726527368,0.5875537269218676,0.14152848008801158,-0.45126119792058955,0.2665031452552317
