Fp1,Fz,F3,F7,FT9,FC5,FC1,C3,T7,TP9,CP5,CP1,Pz,P3,P7,O1,Oz,P8,TP10,CP6,CP2,C4,T8,FT10,FC6,FC2,F4,F8,Fp2,AF7,AF3,AFz,F1,F5,FT7,FC3,FCz,C1,C5,TP7,CP3,P1,P5,PO7,PO3,POz,PO4,PO8,P6,P2,CPz,CP4,TP8,FC4,FT8,F6,F2,AF4,AF8,O2,P4,C6,C2
1.0,0.5495169403845129,-0.12290778563701883,0.6175816247191204,-0.4477281090021065,0.6137773176660518,0.5562492722286304,-0.20684831266369416,-0.149968056898744,-0.6590240751720778,-0.36798457431314785,-0.5749855476919135,-0.13716473146591288,0.3017662485472249,0.6990486396796173,-0.13208979867501291,-0.021143750095201336,-0.6647760229106375,-0.675360524740384,0.30930732756178664,-0.3683095047450724,-0.0875688101929477,0.46924905684772367,-0.0875688101929477,0.544496671705821,-0.47721718627781845,0.3771047672046913,0.5003860583711868,-0.15595568533811757,-0.3052900508731325,-0.5011667994274862,-0.445013819062055,-0.4125611745499961,-0.12191457995757511,0.3774045443395392,0.6013948292544968,-0.10239317785835053,0.06985281022826303,-0.6289514770208479,-0.7136439108638173,0.2877280236138698,-0.439187931482646,0.875664807814287,0.48665453558754707,-0.23455876578370055,0.5557333767757519,-0.4828550056104766,0.5449289197746728,0.3572730459158448,-0.23756917592149276,-0.256578288056296,-0.593137233619491,-0.39026436949871307,-0.44017349685675394,-0.19066840219462197,0.3923053783094032,0.6116166649723879,-0.34411351214746755,-0.2510624379665902,-0.6789830779234488,-0.7008645597310418,0.14774654533671774,-0.3803311844359276
0.5495169403845129,1.0,0.4348005058483633,0.6637201929055618,-0.5825689514743311,0.25549890986409207,0.26743170032247576,-0.4410636657181479,-0.039268516108899525,-0.3946703606959697,0.005095751899858492,-0.17209896825728435,0.09106663235852322,-0.289756294561628,0.1503869441500114,0.17457761420540371,0.08012652502599556,-0.0030265405046268016,-0.598602951217828,-0.4961363956253376,-0.07767781489676795,0.5287562989113666,0.9176305023137624,0.5287562989113666,0.5804513389464547,-0.6556267793007227,0.1413605727315951,0.21628863091542916,-0.34469601366490193,-0.1580248805322574,-0.34085297480907656,-0.11001728515823836,-0.07933086666217115,0.07884532951841626,-0.2053695793634563,0.14159743368460534,0.18153591108783781,0.15217647404510687,0.014733715639809492,-0.5943073323251726,-0.43881530849390105,-0.20249259005175044,0.5497687881457745,0.9052681505880507,0.31735513623282285,0.505330232822768,-0.749971433632691,0.14034379766125551,0.10026934049552501,-0.49692124872656573,-0.11464462862921407,-0.3313064909823549,0.052348890727238244,-0.012655004424741507,-0.037910081279803436,-0.18822611251886834,0.11835400904955,0.22877277844441649,-0.17513621394806853,-0.017845338907524398,-0.7137965127903837,-0.45509942320348495,-0.11849081820415122
-0.12290778563701883,0.4348005058483633,1.0,0.05391836199014515,0.05486356178991846,-0.1628509618222568,-0.1345349830493141,0.30659891520617333,0.17868337015153735,0.024462398698740347,0.3774650598682869,0.21913845850515962,0.22136454819883267,-0.45035902227406915,-0.5658977856800148,-0.24316254394099338,0.11770806924498482,0.46947309725348585,0.22531826098810287,-0.6927563136726694,0.37988076261021464,0.8959856268244927,0.30480892762138667,0.8959856268244927,-0.07210220584659488,-0.0940198298015495,-0.27456279415349566,-0.14920593039316465,0.1696002336485915,0.12031280746448077,-0.01598700975517638,0.34885383067755726,0.22763105666455502,0.09302401666032203,-0.41253061756480486,-0.5635318208191903,-0.2786056702824675,0.06728112141001569,0.47265393720706833,0.20341060215628762,-0.5488586885847082,0.3072456912409091,-0.14760472964567717,0.23335121435991246,0.7992467322561546,-0.20380484302497837,-0.20675257070861727,-0.3788457161170091,-0.38574679564922265,0.20284868961088368,0.055380478263194546,0.06132303226556037,0.30920421724013814,0.3309996091566059,0.018135495050791817,-0.40063623628184886,-0.7103010136581601,0.19626720316434376,-0.15073262039181795,0.4623579863954121,-0.036622353696725896,-0.7699441403851828,0.19952011155266056
0.6175816247191204,0.6637201929055618,0.05391836199014515,1.0,-0.4407560666603493,0.17116192889294646,0.5343697415463156,-0.48448723001332106,0.09717462150323848,-0.4893997589578658,-0.3474166628851829,-0.48526805047435856,-0.19909495868301533,0.08638946453570837,0.4500174468090937,0.07242179709356218,-0.020698369446393774,-0.22909641933890612,-0.5830971336502461,0.03481858786282816,-0.3550738995001089,0.10137200564955244,0.5613806336052694,0.10137200564955244,0.8355166005708489,-0.3744685902257816,0.10021130764817683,0.5506072436780937,-0.3861597538600748,0.005252401359616902,-0.45715447823491523,-0.37983156328413464,-0.4080013699357187,-0.180811006999114,0.13109451231805577,0.43539371895028534,0.114461987205924,0.09536515648472227,-0.18702831955007485,-0.5600076368596182,0.05137503585001758,-0.4954882741549016,0.5872189482831135,0.5439958371374595,-0.02837304847107212,0.8248173737236139,-0.5382064705305446,0.1598504538257359,0.38904870724334295,-0.3959517945588701,0.003304453525827596,-0.3870287243807441,-0.31229077275474054,-0.31081136279041,-0.26146534682368305,0.16301605283558487,0.3982490614249585,-0.03516532718669246,-0.2554792738418167,-0.19610738215534876,-0.6223806850572858,-0.009007105959063965,-0.2980613426260432
-0.4477281090021065,-0.5825689514743311,0.05486356178991846,-0.4407560666603493,1.0,-0.07154925482403919,-0.042421506147245394,0.441593343386994,0.12993052554374745,0.3036561152719875,0.10461803508946423,0.26379912767806035,-0.022901216254682506,0.20755551999981753,-0.049708885013440465,-0.2080464131657882,0.280106118093184,0.2543455974291396,0.6978129489837648,0.2628379944285882,0.4036264748580441,-0.11922628041947717,-0.6360282847835027,-0.11922628041947717,-0.4226208425537572,0.8976748198318993,-0.03410798621383056,-0.032838461017857375,0.4303589043830282,0.1970214755709755,0.2800511596860226,0.12277859276070412,0.12872139300543253,-0.1154878633569469,0.2091577001230677,0.025387960746273638,-0.15709651489129783,0.17777136299954052,0.2535717639950393,0.6764148303944842,0.38182686001137106,0.4374266231873978,-0.6400990645946937,-0.6900887784997302,-0.02574121588190037,-0.4237750585297987,0.8691965634887525,-0.07744246450059096,-0.1804574176202395,0.47044348831464766,0.04230271552569335,0.2624623220397555,-0.008921174838062318,0.0974528841193626,-0.06966267395774164,0.14664566520224026,-0.21104482200463137,-0.09722715784972574,0.23373595931109808,0.23096400989075092,0.575481296468806,0.22914253694443473,0.273431053159395
0.6137773176660518,0.25549890986409207,-0.1628509618222568,0.17116192889294646,-0.07154925482403919,1.0,0.15675344449333736,0.18187482709421435,-0.31135824949516716,-0.10068310215467237,-0.08903609842982428,-0.35549918323761576,-0.19229731381011403,0.04985775188544211,0.5172157013218581,-0.0636561010427883,-0.11067086379186945,-0.43312850199364955,-0.2276327506163934,0.2827487274179555,-0.255291445116885,-0.1544999137038964,0.27617681883534434,-0.1544999137038964,0.12305359306028793,-0.08140066870182662,0.6920388156589794,0.21021496805566153,0.11038693131586862,-0.40602159598421983,0.0007338358870110682,-0.17519399948177802,-0.28394408191314574,-0.24007856560355914,0.14588742197043628,0.43150109063525777,-0.052319804078911375,-0.036541122767367235,-0.37604208584868387,-0.2703867754028033,0.27636655985306263,-0.2807962730662766,0.43953060457687093,0.2262628642599809,-0.25385513963449263,0.10469908188607274,-0.08158004929303202,0.8982498535985948,-0.0539096341585643,0.07584199127180129,-0.3141966690483159,-0.08422512128413807,-0.09924614636799912,-0.37139256969633805,-0.12246253356932774,0.21742326277357055,0.4152784871053287,-0.43371707471514326,-0.10790500884966728,-0.4300199027106887,-0.2897896321941828,0.07214621395692494,-0.3515846468134816
0.5562492722286304,0.26743170032247576,-0.1345349830493141,0.5343697415463156,-0.042421506147245394,0.15675344449333736,1.0,-0.1819201154493672,0.3403656862619865,-0.4813809625997772,-0.4184691134958693,-0.3849352322632953,0.03304191695803938,0.5845225356011687,0.5958532466214885,-0.1044378465966881,0.13203644379357438,-0.452908988961435,-0.3789714552282733,0.42110247887372626,-0.3297175936006399,-0.15962986527310963,0.0870294959913763,-0.15962986527310963,0.4880541568080655,-0.09918760076602903,0.1026908525888121,0.8905901197535814,-0.062116903373337244,0.2293647749817949,-0.41139772303766764,-0.4631679945275965,-0.3462578850408127,0.029374754270173335,0.6027076057466512,0.5662371666862168,-0.04863567117617417,0.14360901136600443,-0.4431061750995676,-0.4049334931452754,0.4821462299433988,-0.38116755699799965,0.44423530541856665,0.09625966347064498,-0.103461010389261,0.5074416329222888,-0.20092101437313492,0.10094811920194376,0.7851005359626271,-0.2201194091762147,0.15515607805444867,-0.57916502236744,-0.5284330308992352,-0.46196798318496124,-0.11448538681095308,0.5324282788356678,0.5332880810794707,-0.20066937820082528,-0.14477139031934422,-0.4784021775014573,-0.38390596017220835,0.35402270213264225,-0.3432630828640718
-0.20684831266369416,-0.4410636657181479,0.30659891520617333,-0.48448723001332106,0.441593343386994,0.18187482709421435,-0.1819201154493672,1.0,0.11762367479080385,0.26465928192921423,0.28176169455680133,0.06302874394380964,0.07899859995300074,-0.05107205006010203,-0.3607177066417395,-0.5550671874777637,-0.2193482485995907,0.03167590387713659,0.5550146997812828,0.1629219590546154,0.02079603996295676,0.2263257212743489,-0.43339372100149337,0.2263257212743489,-0.5572707335240372,0.4131162097537179,0.051834945204117154,-0.14304793640147584,0.7064494936744502,0.13951698776831237,0.24279547398978382,0.3407425097446402,0.028953085922560524,-0.016915875984011498,-0.047958344220720706,-0.4394288735672147,-0.5996646738319589,-0.25363606484022433,0.03413653913270239,0.5093963553094847,0.21139335170119017,0.07485169181313359,-0.2865786432031003,-0.5311580793438958,0.21092558323177388,-0.6251089958103759,0.3875947677402028,0.07034085333484616,-0.32938245658575055,0.8715617434304647,0.11866665986440139,0.22991635768445773,0.1549864060585876,-0.005152523357121619,0.04599818123143853,-0.027364129813475774,-0.483962917208514,-0.4396997630708838,-0.1730536415611151,0.042696786514069295,0.4313232948282657,-0.15957661207190973,-0.14062045084969557
-0.149968056898744,-0.039268516108899525,0.17868337015153735,0.09717462150323848,0.12993052554374745,-0.31135824949516716,0.3403656862619865,0.11762367479080385,1.0,-0.17248005689733778,-0.26296286428189247,0.10724612105720631,0.30103138948242786,0.37735941157869396,-0.11523332014400335,-0.3022297522457645,0.12708645821912673,-0.06096300528662743,0.20744786632512674,0.11611411432161216,-0.032161094980578564,0.17467406896107848,-0.11113203599291119,0.17467406896107848,0.051719450032919057,0.08449661331074658,-0.31087543912176113,0.33968212870316034,0.09902929734058095,0.9674067231448469,-0.15447687978616978,-0.17583988034961937,0.10357854396934939,0.2665508853478494,0.38111105849452603,-0.08351842924928282,-0.25678613316280374,0.15655754962600563,-0.059644027145848134,0.23842257012047324,0.22487279473422572,-0.0050471680850364,0.03351750879218909,-0.20923262557076544,0.3370206517366509,0.015534193918846218,0.023710239494680468,-0.44399377616564356,0.35686515602756413,0.018122942365609122,0.9346166073856457,-0.27683363010304346,-0.29155299463762746,-0.013504847426964103,0.24979188571053454,0.30116167277292816,-0.09263586834927987,0.02832682739465848,0.03649158904167928,-0.00282433352999917,0.17086403241915987,0.0807701876956759,0.054713390751041015
-0.6590240751720778,-0.3946703606959697,0.024462398698740347,-0.4893997589578658,0.3036561152719875,-0.10068310215467237,-0.4813809625997772,0.26465928192921423,-0.17248005689733778,1.0,0.6716877523777637,0.6113094400275918,-0.007850996637815176,-0.5074544889974558,-0.4520113508006715,0.4494850267676369,-0.21063933906007767,0.6188961423162203,0.5544905844009554,-0.2551520326003601,0.1891133036700988,-0.024277027988886694,-0.2577576722937497,-0.024277027988886694,-0.47682988106741797,0.34884817097142345,0.07208342098013922,-0.4445425693651928,0.1699136743289819,-0.048178406039294665,0.8599320265681084,0.668992761919143,0.5084977364600944,-0.07103324449571166,-0.527215685445635,-0.4519213422878384,0.3753452343384083,-0.2860574792693786,0.6340811156175692,0.5854904463058265,-0.24680366814971685,0.26517750573534943,-0.6050387608394217,-0.2657356779981558,0.2235072457104842,-0.5581730171004463,0.3457246854928713,-0.11812306550204253,-0.38461693409217956,0.1478937224249031,-0.06643832333036105,0.9088107660930056,0.5767503704071572,0.3907997310074158,0.052089613498624836,-0.5449239955355196,-0.4199995294778934,0.4042504942948044,-0.019041256976713637,0.6244418177629737,0.5577772209980058,-0.1870311238289716,0.11334590018314128
-0.36798457431314785,0.005095751899858492,0.3774650598682869,-0.3474166628851829,0.10461803508946423,-0.08903609842982428,-0.4184691134958693,0.28176169455680133,-0.26296286428189247,0.6716877523777637,1.0,0.6250671832958085,0.0990975398192312,-0.5756423954192259,-0.37988123307919347,0.4701645930848294,-0.13041048985979298,0.6955626339641259,0.41932177552986316,-0.5102084111905388,0.3992561659090456,0.34140363412165575,0.06933092577976295,0.34140363412165575,-0.37965622649780184,0.12504711490279574,-0.06808392051076365,-0.5057250658407484,0.09685874637102199,-0.19901964078532905,0.577529640852507,0.9520861253987924,0.5582974224215312,0.05969808451874435,-0.5724755532895994,-0.41765103168753376,0.3698682660508317,-0.24524559575521201,0.6859728791684737,0.426793896212369,-0.4922627500902868,0.432878248221406,-0.3357935469808071,0.0968104277250817,0.4104992916257369,-0.45231218325608036,0.06530875317454031,-0.1767037031398028,-0.38977680747140675,0.08633277417554178,-0.19816514489869452,0.6463946852845269,0.8575953629425994,0.5664899741586982,0.017807764194723723,-0.6099222103011233,-0.41157640556861347,0.5159942413967425,-0.1585468257444332,0.6481471167651248,0.3888556674868479,-0.5048107060557766,0.2649504569442465
-0.5749855476919135,-0.17209896825728435,0.21913845850515962,-0.48526805047435856,0.26379912767806035,-0.35549918323761576,-0.3849352322632953,0.06302874394380964,0.10724612105720631,0.6113094400275918,0.6250671832958085,1.0,0.2598565398442059,-0.16781824427724248,-0.44950929049284855,0.3557761379790175,-0.0064565933158521995,0.4861636539766507,0.4753492888983506,-0.44913635622516057,0.5345938521964518,0.26653711786116935,-0.15886392973024305,0.26653711786116935,-0.5977660114918117,0.26688103562303145,-0.2367313542485122,-0.38536238576323534,-0.03640264655362095,0.1956660343797023,0.5068702274375745,0.6564820164128349,0.8444552566575984,0.260898071181318,-0.17068485385147378,-0.38283225414355326,0.31955770650286663,-0.15246575390838063,0.4830843474574553,0.5057969141786023,-0.37369403534401735,0.563665176144771,-0.4782079318892463,-0.09772284719875446,0.4964866790310921,-0.6214100409289867,0.25739646596484395,-0.36236959608845,-0.12393291593448318,-0.07718241354389199,0.17312358585976023,0.5469268822658241,0.5729441376944968,0.8485408662564964,0.2654822978913205,-0.2187279030553327,-0.35715679270900963,0.7152207057088495,0.1202846219695163,0.4807573232007079,0.5284812288897257,-0.24674507938772197,0.5482272938651377
-0.13716473146591288,0.09106663235852322,0.22136454819883267,-0.19909495868301533,-0.022901216254682506,-0.19229731381011403,0.03304191695803938,0.07899859995300074,0.30103138948242786,-0.007850996637815176,0.0990975398192312,0.2598565398442059,1.0,0.0526648686438462,-0.24006379252634372,-0.10751110146798867,0.34529202638568873,0.20635940847935796,0.19392064729758232,-0.16097419870323518,0.09750076029199932,0.3057470358113967,0.10421228208383457,0.3057470358113967,-0.2019783357035055,-0.14034380699487184,-0.21817082999420542,-0.007932713840645771,-0.05300764413735051,0.26934737238115763,-0.08570310000205385,0.1407562983045315,0.11975800766498801,0.9648744555308953,0.06236587282616271,-0.18453663151811503,-0.10146397302734214,0.3069510832757942,0.20557189732880615,0.23060575345891116,-0.08778775779502439,0.21442239256570905,-0.05290156893325682,0.1647282412663432,0.29920922416312673,-0.11153039382072812,-0.07272801339223604,-0.2880378094536334,0.1423620827548494,0.004420380618727492,0.28430991223537333,-0.0635403316826649,0.02331798179763014,0.17479632879859475,0.9245443707310129,0.08683640674784339,-0.18061894312032886,0.13563871331330687,0.35363940366639784,0.2082865294452444,0.21569392355644462,-0.07938311893635151,0.14075797310933238
0.3017662485472249,-0.289756294561628,-0.45035902227406915,0.08638946453570837,0.20755551999981753,0.04985775188544211,0.5845225356011687,-0.05107205006010203,0.37735941157869396,-0.5074544889974558,-0.5756423954192259,-0.16781824427724248,0.0526648686438462,1.0,0.537723291863383,-0.34298477943538325,0.24114292597162834,-0.6742360095106908,-0.10021221175295894,0.6855672183224899,-0.15144724831416873,-0.45400890043191944,-0.44742164993845474,-0.45400890043191944,0.017813303522188448,0.24783334264580736,0.018165779298048,0.5985819347856368,-0.008679098527273943,0.3206728023714233,-0.42743184408931967,-0.497591451695132,-0.17814618059426782,0.13140118835721892,0.9696088920225036,0.543469430166199,-0.26876030680508317,0.2266858505795349,-0.6730665356664703,-0.11649849179023866,0.7100402077861805,-0.12626123917795432,0.23425225430276228,-0.3824048320294376,-0.36562242358748664,0.13656341235676722,0.22312935135715456,0.1423014305606502,0.6262355340252606,0.031111343877084675,0.2749802762319845,-0.5673449655800292,-0.6051678796190385,-0.22474379643498885,0.08255851291004909,0.9389682529258001,0.5474563520278689,-0.304479000252766,0.2489854665034814,-0.656915536850478,0.021730122046532928,0.5918705543524031,-0.007621895737234155
0.6990486396796173,0.1503869441500114,-0.5658977856800148,0.4500174468090937,-0.049708885013440465,0.5172157013218581,0.5958532466214885,-0.3607177066417395,-0.11523332014400335,-0.4520113508006715,-0.37988123307919347,-0.44950929049284855,-0.24006379252634372,0.537723291863383,1.0,0.169935856456362,0.23099473650784785,-0.5566475172895399,-0.3836334968214239,0.6332529524596046,-0.20684177837657033,-0.582239074268409,0.10350889337597499,-0.582239074268409,0.49982284467427895,-0.029628133700291253,0.39179500522951266,0.5218849777801846,-0.2437652621524485,-0.19408627956117044,-0.3419116405569216,-0.4541991621258132,-0.4005494303041196,-0.19816017762551144,0.5744423945722507,0.9623851763060862,0.24022868231225572,0.2728863477002349,-0.5240692749179936,-0.4062469499816684,0.5742895448187463,-0.2501199417785607,0.5416891040920583,0.15190509327836726,-0.5996580757113859,0.585324646713259,-0.017704219246440937,0.564860628452182,0.5015773938389277,-0.35611159325649344,-0.17666289534276663,-0.4534508016612265,-0.41326744605901883,-0.4742198426536241,-0.2400514987802254,0.5356322528363795,0.9238509930400937,-0.2621393450602753,0.08535513909070583,-0.5876946766916458,-0.30756463074930873,0.5989360652985174,-0.15043533831876474
-0.13208979867501291,0.17457761420540371,-0.24316254394099338,0.07242179709356218,-0.2080464131657882,-0.0636561010427883,-0.1044378465966881,-0.5550671874777637,-0.3022297522457645,0.4494850267676369,0.4701645930848294,0.3557761379790175,-0.10751110146798867,-0.34298477943538325,0.169935856456362,1.0,-0.055268042793959624,0.4082456453181932,-0.12696576271175414,-0.2910600261674613,0.20080444954924134,-0.18164865512869152,0.3175546361188781,-0.18164865512869152,0.2059752757014842,-0.15146182058653307,0.1366189609582743,-0.16042059127382388,-0.4306646526773426,-0.24211416099188848,0.39965711114686103,0.3820851011918185,0.3414890470394719,-0.0647555472240357,-0.317881367762748,0.2056011309370082,0.978123727606687,-0.07681537598346119,0.4209737560590243,-0.06920485425093349,-0.3581131789841064,0.20096644248403006,0.019707929150557208,0.37844482113419387,-0.03975550574690528,0.2101531974478878,-0.058213975463835776,0.012668095995138877,0.11134646455761178,-0.6368227498078596,-0.169955839690926,0.3850807741990259,0.45123129626595737,0.26672600173958777,-0.048735082512240846,-0.3832303822559043,0.3057027498964757,0.6994891973037687,0.004009923322413869,0.37728786033213324,0.0266959068120779,-0.08341984003773284,0.2491469771130811
-0.021143750095201336,0.08012652502599556,0.11770806924498482,-0.020698369446393774,0.280106118093184,-0.11067086379186945,0.13203644379357438,-0.2193482485995907,0.12708645821912673,-0.21063933906007767,-0.13041048985979298,-0.0064565933158521995,0.34529202638568873,0.24114292597162834,0.23099473650784785,-0.055268042793959624,1.0,0.11720899921074962,0.16346221467365712,0.01623396567644901,0.3447527405070897,-0.009614948209044355,-0.07215327042640515,-0.009614948209044355,0.13055794876263774,0.19912729702928086,-0.00569721027034781,0.1487854417407533,-0.07749129297253175,0.0859266440762843,-0.1778290374609141,-0.1388266476682554,-0.0075390516709278104,0.31833851193946605,0.2422788020519199,0.32590483628718286,-0.0004962276483099083,0.955165994244432,0.133354719871246,0.1518547697678342,0.07486603020683158,0.37820707726803426,-0.10046691083257485,-0.046757584992068016,-0.04759386764548158,0.10911136122382437,0.1683257087376699,-0.0867078943651209,-0.018843257883287817,-0.09583554764240954,-0.014264815115503907,-0.21425167005517923,-0.23803360529013357,0.01481214551110049,0.23638565091819225,0.1693346372878279,0.06460769495972127,0.11060604038398099,0.8147191095481591,0.1023241964674034,0.032825734121575204,0.1059656230690052,0.3487935181544695
-0.6647760229106375,-0.0030265405046268016,0.46947309725348585,-0.22909641933890612,0.2543455974291396,-0.43312850199364955,-0.452908988961435,0.03167590387713659,-0.06096300528662743,0.6188961423162203,0.6955626339641259,0.4861636539766507,0.20635940847935796,-0.6742360095106908,-0.5566475172895399,0.4082456453181932,0.11720899921074962,1.0,0.5532979482885264,-0.6007240161292577,0.5019343035725464,0.41793749491431526,0.05364016007870964,0.41793749491431526,-0.14477993578444706,0.20707812743610657,-0.3106358223551913,-0.465321388242473,0.006803292918434116,0.045608098960791016,0.4990870373121089,0.6927714077074334,0.3851819088191145,0.1407780203291533,-0.6807702117308939,-0.47690116725846315,0.37323597348610976,0.043209001113061654,0.9904963692093239,0.5931454097873083,-0.5263166716556125,0.5039087888766188,-0.5982065788337652,0.05023473942610837,0.47934375437298404,-0.1974402570008577,0.17793007231738298,-0.4834653256296566,-0.42075929101178333,0.021407280755872695,-0.015414381953881557,0.6402776668032024,0.6813934327914728,0.4492244076073485,0.11157533239926207,-0.6992025626036567,-0.5830818028777911,0.5581100739133573,0.06628633732565674,0.9826162318284493,0.4539371717800519,-0.44008301148749207,0.39382888648617725
-0.675360524740384,-0.598602951217828,0.22531826098810287,-0.5830971336502461,0.6978129489837648,-0.2276327506163934,-0.3789714552282733,0.5550146997812828,0.20744786632512674,0.5544905844009554,0.41932177552986316,0.4753492888983506,0.19392064729758232,-0.10021221175295894,-0.3836334968214239,-0.12696576271175414,0.16346221467365712,0.5532979482885264,1.0,0.01899251420855222,0.5276158308448615,0.09305099567948871,-0.5761215244609674,0.09305099567948871,-0.5643241629532286,0.6610772559184,-0.27748449185275015,-0.34802998839067983,0.3888530510401461,0.3103934344358724,0.5165126426792149,0.5066157591513513,0.36270452331221065,0.11225091913106094,-0.12109566766221282,-0.34766975256161947,-0.1270217462897466,0.05752474056250765,0.560575710678512,0.9871917466213319,0.1018754479809924,0.5594987727138766,-0.7157682883451144,-0.6034794841447033,0.26860263305418264,-0.5671304609672844,0.6374621897995274,-0.3155424457038932,-0.3494878375853168,0.4948065850975074,0.23323815316558463,0.5525377191139431,0.3364975141466774,0.3106806120344423,0.15864666821044238,-0.13263800423799643,-0.47515094338586616,0.0421335023814138,0.18734350907978461,0.5517717004671125,0.9133532308133552,0.03501737897632925,0.43505176263441386
0.30930732756178664,-0.4961363956253376,-0.6927563136726694,0.03481858786282816,0.2628379944285882,0.2827487274179555,0.42110247887372626,0.1629219590546154,0.11611411432161216,-0.2551520326003601,-0.5102084111905388,-0.44913635622516057,-0.16097419870323518,0.6855672183224899,0.6332529524596046,-0.2910600261674613,0.01623396567644901,-0.6007240161292577,0.01899251420855222,1.0,-0.34157070907714215,-0.7272558786587902,-0.46845973869308816,-0.7272558786587902,0.10492706666820557,0.3237970881211514,0.2769455246219607,0.41492012019599994,0.24148974231628115,0.10998708245261289,-0.15484703217086054,-0.46265598949974335,-0.4383085995758101,-0.12428552160012515,0.6773491883737304,0.5714754454115512,-0.221775782186211,0.05338657905157882,-0.5817162954841866,-0.007091496195659516,0.9525279268854667,-0.3185034441897756,0.184080635520454,-0.4709283645797865,-0.6767151185868995,0.19797637330312992,0.34702461931656814,0.357792181983571,0.40216044257433137,0.22574407222201043,0.09144456826694534,-0.3090490963440357,-0.5236905034509804,-0.6023837010709974,-0.0827612628834844,0.6187878731955262,0.5687928429634984,-0.6085359231055463,0.08367188994411838,-0.5841204850381603,0.11242308525822942,0.8246565764768881,-0.28676588016318083
-0.3683095047450724,-0.07767781489676795,0.37988076261021464,-0.3550738995001089,0.4036264748580441,-0.255291445116885,-0.3297175936006399,0.02079603996295676,-0.032161094980578564,0.1891133036700988,0.3992561659090456,0.5345938521964518,0.09750076029199932,-0.15144724831416873,-0.20684177837657033,0.20080444954924134,0.3447527405070897,0.5019343035725464,0.5276158308448615,-0.34157070907714215,1.0,0.33598590307863746,-0.08050669225483234,0.33598590307863746,-0.3103155147592145,0.2951525305298664,-0.34442828140428966,-0.2954396161589194,-0.008163582059186237,0.026215491443276274,0.2583103535977237,0.43419702145511435,0.5265445681319028,0.0789665807489555,-0.12691197533300158,-0.10694455582261397,0.23269413421228183,0.23893744339671522,0.5020660068338269,0.5298900002222708,-0.2702776410865007,0.9476523011309687,-0.3750450361865626,-0.05882572356277165,0.36338896893565414,-0.2603647466940192,0.38132204064819814,-0.2823533160699572,-0.2625533582919701,0.02686766419076874,-0.01419731110502597,0.2969145900274833,0.3186785404069514,0.5963163177868728,0.038226852954898416,-0.186946179824978,-0.25596091964679124,0.44549179830590424,0.25431608436618525,0.4646410888279015,0.43902564188324344,-0.24072320767042008,0.910961371430342
-0.0875688101929477,0.5287562989113666,0.8959856268244927,0.10137200564955244,-0.11922628041947717,-0.1544999137038964,-0.15962986527310963,0.2263257212743489,0.17467406896107848,-0.024277027988886694,0.34140363412165575,0.26653711786116935,0.3057470358113967,-0.45400890043191944,-0.582239074268409,-0.18164865512869152,-0.009614948209044355,0.41793749491431526,0.09305099567948871,-0.7272558786587902,0.33598590307863746,1.0,0.4582496919274526,1.0,-0.011300520331831944,-0.20223901864999866,-0.2106250875514498,-0.08290198623735083,0.14660276802513403,0.15423099754424008,-0.013159229842751852,0.37733729118111775,0.29844292654162186,0.2564785450066895,-0.40021660059543473,-0.5350122025785542,-0.18474694594496768,0.0038825160385512845,0.42876906048180613,0.10375982195592569,-0.5747762020273105,0.24654361041262704,-0.012876848499051649,0.39680059997623857,0.8363674360883677,-0.13700593363951621,-0.27545960549997117,-0.27756531090352415,-0.2191914811591569,0.17771880814792088,0.14446584663002174,0.08785333204255727,0.35617962086097876,0.4401916839187789,0.16441732628166705,-0.35242054504122194,-0.6152349397137097,0.28001811857873443,-0.1730520291898198,0.4333121845329771,-0.10269555738573531,-0.7600918439194768,0.2188928707159607
0.46924905684772367,0.9176305023137624,0.30480892762138667,0.5613806336052694,-0.6360282847835027,0.27617681883534434,0.0870294959913763,-0.43339372100149337,-0.11113203599291119,-0.2577576722937497,0.06933092577976295,-0.15886392973024305,0.10421228208383457,-0.44742164993845474,0.10350889337597499,0.3175546361188781,-0.07215327042640515,0.05364016007870964,-0.5761215244609674,-0.46845973869308816,-0.08050669225483234,0.4582496919274526,1.0,0.4582496919274527,0.5821113098736375,-0.6806428523588351,0.21613860635668677,0.03550590465295111,-0.3132765294735221,-0.20716179822500536,-0.1864589271634475,-0.046827629570221754,-0.05741843494554213,0.10162002383185571,-0.34783699499083187,0.088659949977166,0.3308841613273188,0.02603033123111596,0.07591408624680011,-0.5580890131216987,-0.4547741734153428,-0.18820216591078345,0.5641763745866226,0.9504850863307628,0.2308998391187784,0.5137734601617304,-0.7115449464209368,0.15295562123583392,0.026064631043790577,-0.5370325281327373,-0.09523804169411747,-0.19710878816737856,0.1247060946621728,-0.05233137989907344,0.05700685020073481,-0.3410007449939272,0.1253159517103809,0.2524638850478551,-0.23804166133350171,0.04324158599236113,-0.651238287287202,-0.41174494787578697,-0.1344368635432607
-0.0875688101929477,0.5287562989113666,0.8959856268244927,0.10137200564955244,-0.11922628041947717,-0.1544999137038964,-0.15962986527310963,0.2263257212743489,0.17467406896107848,-0.024277027988886694,0.34140363412165575,0.26653711786116935,0.3057470358113967,-0.45400890043191944,-0.582239074268409,-0.18164865512869152,-0.009614948209044355,0.41793749491431526,0.09305099567948871,-0.7272558786587902,0.33598590307863746,1.0,0.4582496919274527,1.0,-0.011300520331831944,-0.20223901864999866,-0.2106250875514498,-0.08290198623735083,0.14660276802513403,0.15423099754424008,-0.013159229842751852,0.37733729118111775,0.29844292654162186,0.2564785450066895,-0.40021660059543473,-0.5350122025785542,-0.18474694594496768,0.0038825160385512845,0.42876906048180613,0.10375982195592569,-0.5747762020273105,0.24654361041262704,-0.012876848499051649,0.39680059997623857,0.8363674360883677,-0.13700593363951621,-0.27545960549997117,-0.27756531090352415,-0.2191914811591569,0.17771880814792088,0.14446584663002174,0.08785333204255727,0.35617962086097876,0.4401916839187789,0.16441732628166705,-0.35242054504122194,-0.6152349397137097,0.28001811857873443,-0.1730520291898198,0.4333121845329771,-0.10269555738573531,-0.7600918439194768,0.2188928707159607
0.544496671705821,0.5804513389464547,-0.07210220584659488,0.8355166005708489,-0.4226208425537572,0.12305359306028793,0.4880541568080655,-0.5572707335240372,0.051719450032919057,-0.47682988106741797,-0.37965622649780184,-0.5977660114918117,-0.2019783357035055,0.017813303522188448,0.49982284467427895,0.2059752757014842,0.13055794876263774,-0.14477993578444706,-0.5643241629532286,0.10492706666820557,-0.3103155147592145,-0.011300520331831944,0.5821113098736375,-0.011300520331831944,1.0,-0.37690210636272403,0.27718895546406797,0.5031028587193603,-0.2170640351828323,-0.02293494353400891,-0.34820159540702367,-0.42754928116194046,-0.43362484266201523,-0.17054108472629662,0.07832143071373086,0.4985857017039618,0.2862129500289197,0.2629634120550565,-0.09928756352804166,-0.5521895274274715,0.09240901705325123,-0.43661559751199014,0.6055370003073068,0.5197738110542882,-0.12718632975556052,0.913536909469875,-0.4251503416388561,0.13279147404585537,0.389626960493264,-0.46434809301614993,0.0012916738487513389,-0.42830588120136837,-0.28709905090918075,-0.4985587144328229,-0.22755027090041546,0.04227317764678326,0.4523288214351862,-0.0005385518288902191,-0.09947564152651082,-0.12123366416678315,-0.6039561445130456,0.10423329470483039,-0.30188902389744315
-0.47721718627781845,-0.6556267793007227,-0.0940198298015495,-0.3744685902257816,0.8976748198318993,-0.08140066870182662,-0.09918760076602903,0.4131162097537179,0.08449661331074658,0.34884817097142345,0.12504711490279574,0.26688103562303145,-0.14034380699487184,0.24783334264580736,-0.029628133700291253,-0.15146182058653307,0.19912729702928086,0.20707812743610657,0.6610772559184,0.3237970881211514,0.2951525305298664,-0.20223901864999866,-0.6806428523588351,-0.20223901864999866,-0.37690210636272403,1.0,0.005256415380198486,-0.011318665646133002,0.36452179332102497,0.17871149534184144,0.28905873375599417,0.19245009163495705,0.11016805685689646,-0.1612421417345875,0.22498804038518333,0.04782479057679409,-0.1051291951110281,0.12245754380605646,0.21921331674634562,0.6475788526650009,0.40403397712508166,0.3290083849636429,-0.6080402478589069,-0.7257950936402465,-0.10535920574873722,-0.36829627201850945,0.8548743389704486,-0.007797207334649129,-0.11478087832684693,0.4991136598358426,0.052516476909808915,0.33767736795464887,0.03573321930269829,0.15229123307400413,-0.1027015245795094,0.1915813007653237,-0.16368775059973237,-0.08622511217585495,0.2439954663697504,0.2123093858986839,0.6140220023195122,0.25318285193228496,0.22304484863014143
0.3771047672046913,0.1413605727315951,-0.27456279415349566,0.10021130764817683,-0.03410798621383056,0.6920388156589794,0.1026908525888121,0.051834945204117154,-0.31087543912176113,0.07208342098013922,-0.06808392051076365,-0.2367313542485122,-0.21817082999420542,0.018165779298048,0.39179500522951266,0.1366189609582743,-0.00569721027034781,-0.3106358223551913,-0.27748449185275015,0.2769455246219607,-0.34442828140428966,-0.2106250875514498,0.21613860635668677,-0.2106250875514498,0.27718895546406797,0.005256415380198486,1.0,0.23540310390164537,0.40934014238092753,-0.33381623838894847,0.266499597651533,-0.14821458588567718,-0.041202004699288725,-0.21255968851103094,0.12987687023494499,0.3306233459807129,0.18829628077814625,0.07473447020502813,-0.23810631665410378,-0.2970244857581973,0.2670515776023526,-0.35390099881187187,0.33127110238743157,0.1176649167428084,-0.2643517195443287,0.06113534603602617,0.05996598899286591,0.7429540809653088,0.02050669655577792,0.051618006770575424,-0.28437734484197397,-0.0038369938070304008,-0.007147609106119232,-0.3388660952132573,-0.09108346613848024,0.0794862912277078,0.3370516135185273,-0.15102939883902275,0.09051646883144836,-0.279494101330455,-0.3124525050808406,0.08148712872441734,-0.44191980861307156
0.5003860583711868,0.21628863091542916,-0.14920593039316465,0.5506072436780937,-0.032838461017857375,0.21021496805566153,0.8905901197535814,-0.14304793640147584,0.33968212870316034,-0.4445425693651928,-0.5057250658407484,-0.38536238576323534,-0.007932713840645771,0.5985819347856368,0.5218849777801846,-0.16042059127382388,0.1487854417407533,-0.465321388242473,-0.34802998839067983,0.41492012019599994,-0.2954396161589194,-0.08290198623735083,0.03550590465295111,-0.08290198623735083,0.5031028587193603,-0.011318665646133002,0.23540310390164537,1.0,0.021979683007847355,0.27424237799828727,-0.32181460014765373,-0.45281068876226016,-0.27901604681772607,0.02425090440434289,0.6308826025116275,0.5528525272448771,-0.06875211451672276,0.22162225705360733,-0.4191598343534337,-0.3468219319463732,0.4898065851404702,-0.34214982314576353,0.4538861157241732,0.017599320631392308,-0.027313679636575012,0.48292761749885954,-0.0654342672581725,0.2523370199812652,0.7824617824337488,-0.04745582285605231,0.217024704033424,-0.461201447379266,-0.541955942635596,-0.3567343102222437,-0.0500589334009512,0.6067293555450687,0.4974593927332602,-0.19260547291637165,-0.0017215785047384783,-0.42674083458378453,-0.35499342731060735,0.29643415812534124,-0.2715436735554974
-0.15595568533811757,-0.34469601366490193,0.1696002336485915,-0.3861597538600748,0.4303589043830282,0.11038693131586862,-0.062116903373337244,0.7064494936744502,0.09902929734058095,0.1699136743289819,0.09685874637102199,-0.03640264655362095,-0.05300764413735051,-0.008679098527273943,-0.2437652621524485,-0.4306646526773426,-0.07749129297253175,0.006803292918434116,0.3888530510401461,0.24148974231628115,-0.008163582059186237,0.14660276802513403,-0.3132765294735221,0.14660276802513403,-0.2170640351828323,0.36452179332102497,0.40934014238092753,0.021979683007847355,1.0,0.1472125754636676,0.43106581338560807,0.12911092032630248,0.1796698947506481,-0.08777295059962542,0.05751254653056317,-0.30137885135087816,-0.3899793474257568,-0.08027976299323612,0.027045105717679808,0.33816170272778817,0.3122927864312851,-0.0025430540590579043,-0.2027846276737086,-0.47250596888295465,0.14733787757923905,-0.471303091274009,0.40330263316637227,0.06697224614177179,-0.1791927883125768,0.7088710999681195,0.06850027109276383,0.13412636664880956,0.07999188394897395,-0.15114632190318428,-0.07235778461310498,-0.048652502892451974,-0.35931188821142673,-0.30598362663640133,-0.08244650316373517,0.014148740154417614,0.23375557429784466,-0.00519479679691698,-0.22208847249702193
-0.3052900508731325,-0.1580248805322574,0.12031280746448077,0.005252401359616902,0.1970214755709755,-0.40602159598421983,0.2293647749817949,0.13951698776831237,0.9674067231448469,-0.048178406039294665,-0.19901964078532905,0.1956660343797023,0.26934737238115763,0.3206728023714233,-0.19408627956117044,-0.24211416099188848,0.0859266440762843,0.045608098960791016,0.3103934344358724,0.10998708245261289,0.026215491443276274,0.15423099754424008,-0.20716179822500536,0.15423099754424008,-0.02293494353400891,0.17871149534184144,-0.33381623838894847,0.27424237799828727,0.1472125754636676,1.0,-0.0239465198804444,-0.07628000404542534,0.1885868495364295,0.2594177531093472,0.3152235435403352,-0.1351864672122812,-0.19289415200054752,0.1279983480659996,0.04288917096562252,0.3573366904604598,0.21620762024660317,0.06078843191224496,-0.10549134753961491,-0.29507033690668566,0.3337424861826799,-0.06141103828487992,0.1495900559830637,-0.4703081621522591,0.3334585781554289,0.09815359897759889,0.9563322197986793,-0.1282842110814002,-0.19157426275623,0.08544310151831039,0.24365778659222675,0.23670265708208504,-0.1391695776104378,0.08429273797009855,0.06397420944966227,0.10634282419451381,0.30245535047310057,0.09553862633231763,0.14001506816961226
-0.5011667994274862,-0.34085297480907656,-0.01598700975517638,-0.45715447823491523,0.2800511596860226,0.0007338358870110682,-0.41139772303766764,0.24279547398978382,-0.15447687978616978,0.8599320265681084,0.577529640852507,0.5068702274375745,-0.08570310000205385,-0.42743184408931967,-0.3419116405569216,0.39965711114686103,-0.1778290374609141,0.4990870373121089,0.5165126426792149,-0.15484703217086054,0.2583103535977237,-0.013159229842751852,-0.1864589271634475,-0.013159229842751852,-0.34820159540702367,0.28905873375599417,0.266499597651533,-0.32181460014765373,0.43106581338560807,-0.0239465198804444,1.0,0.5923387722822087,0.6507590086851097,-0.10459098921197249,-0.3927745390719817,-0.34773945775323223,0.37815750777895324,-0.2075979634083894,0.5280739207601921,0.5335812157340821,-0.13416849611577425,0.31095474368298065,-0.42843039211173833,-0.24672573641295076,0.22410080371211183,-0.5280808350782142,0.3508616820244884,-0.02864865244703236,-0.3114046798338173,0.18696895286611337,-0.05603604103294253,0.8491806478418837,0.48383857606989994,0.33334743165038283,-0.018858316164925504,-0.46798098819015593,-0.315073387833902,0.3638528081242547,-0.06409714202923636,0.49555670991399803,0.4735205227526164,-0.11600022503821583,0.12832466898837672
