Fp1,Fz,F3,F7,FT9,FC5,FC1,C3,T7,TP9,CP5,CP1,Pz,P3,P7,O1,Oz,P8,TP10,CP6,CP2,C4,T8,FT10,FC6,FC2,F4,F8,Fp2,AF7,AF3,AFz,F1,F5,FT7,FC3,FCz,C1,C5,TP7,CP3,P1,P5,PO7,PO3,POz,PO4,PO8,P6,P2,CPz,CP4,TP8,FC4,FT8,F6,F2,AF4,AF8,O2,P4,C6,C2
1.0,0.6221605030990947,0.2766561059603435,0.8081419052772317,0.14411215952184814,0.7450934416982566,0.8276579807990925,0.3751004334408489,0.3449210102170441,-0.1950796478149596,-0.14604797770090427,0.17677091503362855,0.7463321656983726,0.6381389140094588,0.7931369076585912,-0.10208006322096043,0.47995956946166096,-0.34244200455491036,-0.2039981046988377,0.5939551992655403,-0.19324897117115664,0.08738283948107377,0.40461657921126876,0.08738283948107377,0.6432807224527415,0.011096528380593463,0.4533973847113765,0.5226765414757705,0.15179645913279777,-0.016308254499027418,-0.4609041553278976,-0.25591631804808157,-0.12611272728853684,0.49284043278988104,0.5843557814200327,0.5782159668263462,-0.02946888825783836,0.44810922130090886,-0.5574000213493117,-0.43811547772759285,0.44706782974328513,-0.4742034716665901,0.7662104757587199,0.20023983422456593,-0.27942241719744787,0.5155497456258226,-0.16718755079317663,0.19173310367936314,0.587915106106527,0.046504184625882135,-0.006970879892871046,-0.640151648107434,-0.3099105730299783,-0.27014379750717377,0.5351063643498535,0.49428449065708124,0.5903684310626511,-0.3249232560288622,0.3105072757907189,-0.42466099723297224,-0.26774715980600994,0.5240750430054464,-0.2616482573344173
0.6221605030990947,1.0,0.6770789433862263,0.9147907915089155,0.09618047746016482,0.28582028668542303,0.6995950252927365,0.043454595664274315,0.7762461242097126,-0.07837906463932263,0.23107043457372664,0.3816657114767058,0.4736008797323272,0.1312394955981617,0.2992563840698012,0.4292120025880824,-0.1253288867037135,0.2929497667851797,-0.24264036869698477,-0.04047743228573814,0.02222391388696183,0.5665591114126562,0.8673950556394489,0.5665591114126562,0.6935666397149202,-0.12163035384556076,-0.038293395710181075,0.4888976125688429,-0.09701182789073914,0.467476591089924,-0.4125469344316967,0.14023507585484118,0.2376293658224959,0.1500471935022011,0.08779976487821532,0.22060689185421276,0.39399012763647645,-0.18179189596454357,0.09828943355686114,-0.46950442132561165,-0.09823218561668282,-0.1691568859369013,0.3547801883321847,0.7099719115954856,0.33324060275800316,0.5782279301314426,-0.2500925630384359,-0.238156492262272,0.4793417773645899,-0.2530118180396743,0.5193242742341464,-0.41247205302522955,0.16818050317490307,-0.012005486106474143,0.2555259860960367,0.05016222058765215,0.09442367682564327,0.2037223361989886,-0.33853263610387013,0.19392780082191427,-0.31829721565782126,-0.13926482017108063,0.09708906702261946
0.2766561059603435,0.6770789433862263,1.0,0.5007324508624728,0.6162100208443544,-0.026653638703886044,0.6038783133398635,0.4001089787172345,0.7010448971851353,0.23737869386738814,0.25985673989380914,0.6890376871875299,0.04093337037717271,0.07680108021197533,-0.22818987061303247,0.5152105102971397,0.04008919886735517,0.6970466859534837,0.38314008883468065,-0.07137974207387933,0.5353141751548873,0.8839030999368442,0.42546157749945135,0.8839030999368442,0.14063302406407316,0.39210450786384515,-0.5087934796872583,0.47607043150230405,0.22962308708607093,0.5571494368332597,-0.0437498366020807,0.2534444936193991,0.6131362890332491,-0.21356238286272353,-0.0877311640528192,-0.2627793509675187,0.3978190718298704,-0.10651353012854935,0.49078188561786734,0.19435083712371687,-0.08950128469341928,0.39792180421737405,-0.1667306165084604,0.23463153728497801,0.7711064020295897,0.012445372593095512,0.3041544412756548,-0.7055557382693699,0.37205940514278757,-0.013212191009889991,0.5474384599577884,-0.1925520999712205,0.07863961455263414,0.2913801328394846,-0.2347256606202449,-0.18602687818606536,-0.43771046787451956,0.18828859078586202,-0.08058978692234436,0.6073511297311511,0.3039006145697136,-0.16315996043993605,0.647641229839368
0.8081419052772317,0.9147907915089155,0.5007324508624728,1.0,-0.029370936412173036,0.44531726437108154,0.8089786158607103,0.06571913472493844,0.6234932386215143,-0.2953875679969129,-0.03109738854678578,0.252517864940155,0.5700505571650735,0.3564823201434177,0.5369113246296635,0.20978020590320065,0.08380558729422785,-0.02890741558922771,-0.40038544796677533,0.1800248658389745,-0.22746980215332455,0.3794785681057395,0.7916747480178424,0.3794785681057395,0.8517231324100054,-0.21520700947636287,0.19917752613056713,0.5927418925936592,-0.09214597790138787,0.28679927354619733,-0.5989639394225293,-0.09416116017331899,0.052185885548144795,0.2604444749579089,0.31769736198685894,0.4059195274136581,0.24196872267151312,0.05068513715863883,-0.2189606232386864,-0.6192449365259679,0.11770622720629882,-0.4404589923456365,0.6399304260645122,0.6475234140067622,0.09475887132124952,0.7521726269646458,-0.35614862741903186,-0.010828489483663856,0.6612502877758346,-0.1842378179746783,0.33609817793580704,-0.6377824651237087,-0.09753529790040667,-0.15266581582636835,0.38908947446438646,0.23563482009397618,0.3398455739978745,0.007664151096096409,-0.147991344735904,-0.11626141597534138,-0.4685658516642905,0.08908392148422603,-0.18548297185443458
0.14411215952184814,0.09618047746016482,0.6162100208443544,-0.029370936412173036,1.0,0.06002614030161062,0.29469497902322617,0.8040967137757715,0.1850672122081747,0.49120870437062303,0.1964903634116254,0.6873313672543745,-0.10669882947242247,0.3110974765590898,-0.30008825948478646,-0.023656352254850296,0.4023338741169495,0.4309499534282102,0.8685936212900068,0.3862843804699966,0.8170989422416813,0.48479615542303256,-0.25104651206451256,0.48479615542303256,-0.4201313153717809,0.9003907978554322,-0.48266213803266245,0.1755656193968136,0.599891336376768,0.09537954826170074,0.3667348298480519,0.16349334052815695,0.4331553342950636,-0.19034783508769046,0.16822089425485812,-0.3936765521935367,-0.12485262118616348,0.21125523562497067,0.26537369190522675,0.7398011585375432,0.3193849862889938,0.6893866061567421,-0.396722884577847,-0.4635177941551601,0.37908906460743935,-0.5713661657177819,0.8489952096618102,-0.6171027150349967,0.030207950263886976,0.46650867864086976,0.02041963281382983,0.03575615732589604,-0.05810686475792922,0.34143629456057994,-0.3697659332534089,0.07505785949555331,-0.4338497714905891,-0.3054546463695249,0.4283215051559047,0.38667197410689624,0.827721232960508,0.343057086743148,0.7890405437415521
0.7450934416982566,0.28582028668542303,-0.026653638703886044,0.44531726437108154,0.06002614030161062,1.0,0.44494530329461124,0.30814975428431185,0.08210138611797956,0.010454049837806186,-0.059842784496891496,-0.0177900649018369,0.7054243791450057,0.5380237299356909,0.735742917281926,-0.07097027504531261,0.49274575768542195,-0.4135501119283778,-0.059621725325556936,0.595209716110231,-0.1466443163722726,-0.22565718449671693,0.04689700554147107,-0.22565718449671693,0.25590747823731363,-0.029470012345623988,0.5882717052618963,0.13832013046211872,0.14175583179199194,-0.21005054964181302,-0.22715781508002028,-0.32130708772369443,-0.12718407585346433,0.48453206541794897,0.48026925393191255,0.49906691511902856,0.059889232200883415,0.4257277970366747,-0.5320983926352582,-0.24505305709409822,0.3811963662410037,-0.4118718230327869,0.5328919295775907,-0.11716430693571689,-0.47594734621406437,0.1865136323212918,-0.12695077246163375,0.508312585748832,0.1978626771986392,-0.02286759647980666,-0.15336676413668468,-0.30904424044676965,-0.17189208461677738,-0.42228982493297335,0.5589144536918174,0.40596026019565723,0.6523202069720951,-0.29448027423816237,0.34229273106091523,-0.4114609242880505,-0.11474062084088324,0.557626300276735,-0.34378077616723146
0.8276579807990925,0.6995950252927365,0.6038783133398635,0.8089786158607103,0.29469497902322617,0.44494530329461124,1.0,0.409200199129248,0.4994815081356317,-0.17972895061396943,-0.20129404243330504,0.39615071133341945,0.5090831906987224,0.6022763298573041,0.44834668329987154,0.13774667407557442,0.43461594543945603,-0.036071824723119844,-0.06647329020867504,0.4031483821278275,-0.04261760467355809,0.4717933684095737,0.4783023886683912,0.4717933684095737,0.5915952432926059,0.12496052590878622,0.09973220808810052,0.7975316051113094,0.15489530789615544,0.2445738802656728,-0.46407802190421293,-0.2003181388019778,0.22496544329301876,0.24336413161115975,0.46990508562144545,0.3109087627020165,0.19607005209186062,0.3497634220268207,-0.2521847823223709,-0.3005053090183835,0.3148642202257236,-0.2664635742985416,0.5674300691230328,0.24872544045448108,0.21353374574097608,0.44621814856139286,-0.042484700943665944,-0.2060073743733305,0.8081841833225382,0.03112910315615601,0.18839790751020014,-0.671839643455231,-0.39115913106262656,-0.03104627971661654,0.2638630290170633,0.3577845223066675,0.24631549832791005,-0.14435186849231094,0.2770338575989563,-0.09334080524764206,-0.14609634067008423,0.31045163031697526,-0.004330211566747781
0.3751004334408489,0.043454595664274315,0.4001089787172345,0.06571913472493844,0.8040967137757715,0.30814975428431185,0.409200199129248,1.0,-0.02155987609265154,0.17447999257062394,-0.15497370248925546,0.606824359586483,-0.049317942302781095,0.6515117183254147,0.07309455591307003,-0.3166186230902175,0.5981825380440371,0.00989749275597803,0.6794127738927268,0.7175377278668598,0.5480431375599402,0.27262512880771766,-0.28679502757989705,0.27262512880771766,-0.24825376377259975,0.7593090054302504,-0.2008104756843838,0.25062145722209117,0.6180522683570138,-0.21503521364479805,0.05865374861724519,-0.12696189893642063,0.19132631570885084,-0.18144604802168024,0.5172909134243826,-0.0696064058768796,-0.3069287214203715,0.4157333629153205,-0.16576762308209084,0.5433694851509538,0.6601158937397801,0.40148699518887443,-0.04949831428736976,-0.4901787088524726,0.05080568689350873,-0.3466089357477825,0.6862706607063049,-0.27818749306150586,0.1817969890816654,0.7369921953872196,-0.25258422742417846,-0.2257794504408022,-0.35280433269210837,0.29055029004679933,-0.3130513230933609,0.37070334043163744,-0.10019869759172736,-0.5940036667822621,0.5947589773928279,-0.05590320196784366,0.6326781117320974,0.6397875504964836,0.4575797286212703
0.3449210102170441,0.7762461242097126,0.7010448971851353,0.6234932386215143,0.1850672122081747,0.08210138611797956,0.4994815081356317,-0.02155987609265154,1.0,0.2796021154170202,0.513863625064099,0.356868263798097,0.36078832398925004,-0.14896119947521885,-0.016877928876096033,0.6214676424712938,-0.3191544032690533,0.6000957366553774,-0.024022645315141044,-0.29796387728304397,0.12773319594236562,0.6386182733358592,0.7599598359165087,0.6386182733358592,0.44584297648954413,-0.056639420477590026,-0.28350542236659326,0.41924532454501573,-0.1865477755749514,0.8383737588765936,0.011887265173148844,0.4912649316009427,0.3531620396699025,0.16691865329563785,-0.1865321171665607,-0.03527161328830534,0.5420992767259779,-0.36631162819390717,0.48196735082506215,-0.23705794761269672,-0.36455698244690177,0.01473782095627866,0.08913040063691856,0.6191565875959232,0.5020658006307464,0.3267979962902072,-0.20516836023625748,-0.4511922884983147,0.3125241772037605,-0.39138198039969824,0.8779146371800413,-0.028801598686816542,0.3980571093099973,0.08561029607162794,0.1691951772719459,-0.22305633565019828,-0.10483478583879093,0.5174114524038872,-0.47745509255743235,0.5479769476261578,-0.10319383246724116,-0.4059436469067548,0.28525288412171484
-0.1950796478149596,-0.07837906463932263,0.23737869386738814,-0.2953875679969129,0.49120870437062303,0.010454049837806186,-0.17972895061396943,0.17447999257062394,0.2796021154170202,1.0,0.720186772042309,0.09896101213711367,0.11758229210700874,-0.41702194993512964,-0.4182750076807029,0.39479515919553837,-0.08803938688369445,0.6057512199221152,0.5523439434624525,-0.23276436037362588,0.6538032095397343,0.13827645035012912,-0.20997122451102634,0.13827645035012912,-0.5462438142172479,0.3658917799704795,-0.41562679816295384,-0.2602127734478156,0.18535950470757842,0.3162240860350205,0.8527064839854821,0.5430266410007254,0.33515309165706775,0.16966558358471565,-0.5117686139157701,-0.5234325275142199,0.2517579564512226,-0.19402161524625758,0.5543017411112172,0.49508439852659814,-0.38733106610152335,0.6211665700426064,-0.5464928157322715,-0.28537219588934637,0.1858848984191911,-0.6203669668337968,0.3851494963116626,-0.36614033861669437,-0.39768528580303164,-0.22233099299245576,0.3639398738304142,0.7472898387600727,0.5781154697128251,-0.12724338684229675,0.035872714714963436,-0.523506029456438,-0.42990898798433513,0.17283065813274764,-0.10460928493995711,0.5523478086236949,0.4872298419336944,-0.22197349336424382,0.5510713995216526
-0.14604797770090427,0.23107043457372664,0.25985673989380914,-0.03109738854678578,0.1964903634116254,-0.059842784496891496,-0.20129404243330504,-0.15497370248925546,0.513863625064099,0.720186772042309,1.0,-0.0016337730422364396,0.2228698308490966,-0.6151768853298503,-0.3163902221921739,0.5063748909751087,-0.37503735861772397,0.6652804957074764,0.22779746132947168,-0.46949352884154216,0.46184131572394926,0.18890988544548118,0.2395889341390187,0.18890988544548118,-0.1974616247808238,0.08534182240979579,-0.27886884322903877,-0.27944601252073453,-0.14013962686848666,0.5428787727675163,0.6070602266270538,0.842882760162498,0.3165852716830009,0.26679678160392,-0.6428110632516552,-0.3262396753016733,0.49294264280003036,-0.3899578804417513,0.617048411057044,0.16035321395302166,-0.6037853736826833,0.43492360523458395,-0.4438612269045965,0.19066561458513842,0.21486713181834038,-0.27515168583519556,0.0261339824867487,-0.3265132583101717,-0.43907823832367343,-0.44568155257503833,0.5749911427083975,0.5910031010783053,0.9015065720473099,-0.11723211700596974,0.11935584411109469,-0.5531909883965156,-0.35003182236164304,0.44218008676489107,-0.41509061333904135,0.5739162715017216,0.19880642022490672,-0.4883514918023,0.4915852429392857
0.17677091503362855,0.3816657114767058,0.6890376871875299,0.252517864940155,0.6873313672543745,-0.0177900649018369,0.39615071133341945,0.606824359586483,0.356868263798097,0.09896101213711367,-0.0016337730422364396,1.0,-0.2764490317193603,0.4002889499747871,-0.19449453643679243,0.15776996576390076,0.09795843778791884,0.4367115076036386,0.5803042077336394,0.28191956360928855,0.4549342127951714,0.6715808956455676,0.11963523257442406,0.6715808956455676,-0.05915149838782131,0.563926051542116,-0.5169153426259596,0.3425560775562207,0.47698124563549865,0.21884517162729178,-0.08235494836478563,0.004428553045757237,0.6003361098337047,-0.4626245130523,0.3502054826228549,-0.27730443167966917,-0.006886050069942872,-0.10546738418230389,0.32736198129936495,0.4486239161123289,0.362503479241152,0.39402535603558897,-0.20742867452180425,-0.010665502298911987,0.5884358416377379,-0.16833441720136716,0.5605255180187002,-0.5465193888503859,0.3185499491560891,0.4453920827497121,0.2267189665265048,-0.24169538196846208,-0.08235907124348855,0.6649221168724108,-0.5110198972550964,0.26480966619318796,-0.33871947554372317,-0.23232808664310015,0.07846775436874975,0.4815119210292525,0.5404341036220623,0.21257244158994573,0.5885375285178056
0.7463321656983726,0.4736008797323272,0.04093337037717271,0.5700505571650735,-0.10669882947242247,0.7054243791450057,0.5090831906987224,-0.049317942302781095,0.36078832398925004,0.11758229210700874,0.2228698308490966,-0.2764490317193603,1.0,0.1716859749281993,0.7140030494996007,0.16833436122137943,0.252718218236312,-0.23207480396509808,-0.32927844622883456,0.19294849092732297,-0.21486621806822584,-0.16972571667841074,0.37266258110493894,-0.16972571667841074,0.4660510795045968,-0.22477552111559015,0.5645835974893735,0.22252742755955557,-0.11410334103367355,0.15969893565385335,-0.10424125133843812,0.047165084260180734,-0.2047929107343737,0.8620104542907697,0.13337448568830573,0.5479240636112611,0.2427206616028502,0.2842349496302694,-0.37218177717065043,-0.516891717068624,-0.05493913804210291,-0.4571048826187507,0.5965342766558158,0.20251518903822613,-0.38013240105483304,0.3507377148069421,-0.38911909835708,0.2917110938382445,0.207557909406968,-0.4248215616372731,0.13093392277337648,-0.1710774388552436,0.06949452325721267,-0.595286423607929,0.8916185168896213,0.11115914336215364,0.6340792756535368,0.0963941618225451,0.11990919992071615,-0.2880955941292536,-0.3848166930319273,0.1797612790000163,-0.34791644890834666
0.6381389140094588,0.1312394955981617,0.07680108021197533,0.3564823201434177,0.3110974765590898,0.5380237299356909,0.6022763298573041,0.6515117183254147,-0.14896119947521885,-0.41702194993512964,-0.6151768853298503,0.4002889499747871,0.1716859749281993,1.0,0.5381828301556839,-0.47136416316150087,0.671281877518991,-0.5271415918262388,0.15475855007172112,0.8922061393401571,-0.13268939476757466,-0.0017378661638844648,-0.10862183234315631,-0.0017378661638844648,0.2362742401153931,0.31240192394058647,0.2645490475170145,0.5007188406557966,0.3684137219146301,-0.3657401376681894,-0.5264324144247895,-0.565130740267497,-0.06956889895504963,0.01654530209395106,0.9430430378620734,0.41599222017319987,-0.3731011628794152,0.5642514791525924,-0.6279056634367947,0.038615162908354,0.8618217033207264,-0.2971015531742808,0.5016415722845361,-0.2731514120821317,-0.22233359914230424,0.14655002745064163,0.22502350068721816,0.15420128894028298,0.5697714764849424,0.5883440350107645,-0.42549420716267844,-0.6883930352233142,-0.7278483838913484,0.15179978419453197,0.03523450195815255,0.8233026573459126,0.4856955096337334,-0.5904662270152409,0.6627773178230504,-0.462653029720412,0.14433356428015848,0.8493343939847611,-0.1927263425314079
0.7931369076585912,0.2992563840698012,-0.22818987061303247,0.5369113246296635,-0.30008825948478646,0.735742917281926,0.44834668329987154,0.07309455591307003,-0.016877928876096033,-0.4182750076807029,-0.3163902221921739,-0.19449453643679243,0.7140030494996007,0.5381828301556839,1.0,-0.29348371093545617,0.34100801123373947,-0.6813984827016181,-0.46414280456249984,0.5553100663342655,-0.5381483984200818,-0.31941792174299954,0.25315427339497343,-0.31941792174299954,0.5826856278145741,-0.29950213716159546,0.7299298684005047,0.23691198395483615,0.012864844957765749,-0.2877161849836892,-0.5083692838775724,-0.3911243548818618,-0.43516203139181314,0.5647689489054587,0.6018399465088506,0.87388062686387,-0.15699634352920236,0.3825462874457122,-0.7844468010537272,-0.5957360658935927,0.4524092867872704,-0.7454959294233426,0.8507699218450766,0.16318474364154548,-0.6352882728474204,0.5538013449698936,-0.4177883012489723,0.6071951368649107,0.3088393688503577,0.009175212245336767,-0.27763243534974796,-0.5355999444081735,-0.3551592632202613,-0.35784954466960034,0.6473635063649289,0.5833626123144279,0.907806044534581,-0.2836960437836463,0.23716228482450466,-0.7074205445013858,-0.4894807427042851,0.5415490893235506,-0.6606473524911062
-0.10208006322096043,0.4292120025880824,0.5152105102971397,0.20978020590320065,-0.023656352254850296,-0.07097027504531261,0.13774667407557442,-0.3166186230902175,0.6214676424712938,0.39479515919553837,0.5063748909751087,0.15776996576390076,0.16833436122137943,-0.47136416316150087,-0.29348371093545617,1.0,-0.3610770165501234,0.6896315421354922,-0.005931940083316642,-0.634180400162682,0.1483296011812943,0.429321146070409,0.4265540810837293,0.429321146070409,0.060856748838087366,-0.1938188353953418,-0.26946195489092534,0.1198229521737927,-0.29889926137366923,0.6935342480314165,0.17605716116269823,0.43116601445312275,0.5700062478593356,0.06449220912501061,-0.596007561872393,-0.35278055992494833,0.797576572355269,-0.3953260563612062,0.7046780781558848,-0.056990651258001436,-0.7074995533069384,0.15638489780638556,-0.21542438400619493,0.4092609417993921,0.6322185939039074,0.02026267827804518,-0.21633576165190496,-0.2955021193773663,0.08184038655379583,-0.6158094554970246,0.7601465672560133,0.30991867516363003,0.4747131930151511,0.048701821845884265,0.12855672757462333,-0.6142924274041794,-0.34948436865931154,0.59787147923643,-0.47615358533852914,0.7127862421071952,-0.05094001688296994,-0.6763922006042978,0.26667858480238144
0.47995956946166096,-0.1253288867037135,0.04008919886735517,0.08380558729422785,0.4023338741169495,0.49274575768542195,0.43461594543945603,0.5981825380440371,-0.3191544032690533,-0.08803938688369445,-0.37503735861772397,0.09795843778791884,0.252718218236312,0.671281877518991,0.34100801123373947,-0.3610770165501234,1.0,-0.3615156559463538,0.30978476940002153,0.6964022248168973,0.11773465455104745,-0.13290385836046184,-0.4056701598505712,-0.13290385836046184,-0.061687403798321286,0.37675446798992324,0.29039739973221407,0.26335409732704573,0.40584255942039377,-0.3921710823402379,-0.17062385093396107,-0.4004995686006297,-0.1090046461779784,0.24954786051575994,0.5264351327033191,0.2586792616351439,-0.2855382169784389,0.9214659659932904,-0.515511553152787,0.2043692266029412,0.55633169258056,-0.04863872524626385,0.26846479086823366,-0.5868967316093899,-0.25296078358887764,-0.13959681745055086,0.2738497627882081,0.1320319809802775,0.26151497094285314,0.3268594486593528,-0.5634328291522265,-0.4740875382826917,-0.6145591554718599,-0.15330241644586867,0.078475228317603,0.3801588730824723,0.23717332867536142,-0.5092886475971223,0.9171693089759648,-0.40786618829423527,0.2857889609346228,0.6992386239083157,-0.0073865909097773005
-0.34244200455491036,0.2929497667851797,0.6970466859534837,-0.02890741558922771,0.4309499534282102,-0.4135501119283778,-0.036071824723119844,0.00989749275597803,0.6000957366553774,0.6057512199221152,0.6652804957074764,0.4367115076036386,-0.23207480396509808,-0.5271415918262388,-0.6813984827016181,0.6896315421354922,-0.3615156559463538,1.0,0.44758286822852156,-0.5790605877714964,0.6433817262097657,0.713699019213996,0.238491666127101,0.713699019213996,-0.25293839234695414,0.2779343804321235,-0.7081164797287072,0.024111607412642122,0.044063600791380664,0.7160335876837484,0.4695488463022904,0.6583206638954404,0.6128592399014317,-0.2398288296901607,-0.6183382086810727,-0.5895374653753733,0.47778046306307764,-0.47351591232792206,0.9390526641632843,0.39399381950003837,-0.5744420057520768,0.6821075644982652,-0.6584449581357431,0.18719608453397285,0.8094568927178505,-0.3160965116342806,0.26542151963689814,-0.7307975299954234,-0.1596881224842913,-0.25748330143045634,0.6874742065068227,0.44309218780768406,0.5712575262229236,0.3310243714935455,-0.36626544956322943,-0.6314723167864567,-0.7585051360547914,0.5071664745889327,-0.4133005197784188,0.9407618185021668,0.3949365973935459,-0.622569601728646,0.7841628459674813
-0.2039981046988377,-0.24264036869698477,0.38314008883468065,-0.40038544796677533,0.8685936212900068,-0.059621725325556936,-0.06647329020867504,0.6794127738927268,-0.024022645315141044,0.5523439434624525,0.22779746132947168,0.5803042077336394,-0.32927844622883456,0.15475855007172112,-0.46414280456249984,-0.005931940083316642,0.30978476940002153,0.44758286822852156,1.0,0.263117664343121,0.7892545981840173,0.2939392344861237,-0.5157596573496731,0.2939392344861237,-0.7144749394747837,0.7982897416390181,-0.5503992402483378,-0.08497565336616827,0.5798488491716576,-0.0008945503858593301,0.5091885318973861,0.22166089372194753,0.4753996284357762,-0.3114437425579392,0.0354884335531984,-0.4845864596968914,-0.1003154885071483,0.132844587758404,0.3787680160135779,0.9416782640240421,0.23337353564232508,0.7594355176284373,-0.6199768712042002,-0.6542005131351879,0.337716245957004,-0.8072096044196327,0.8175404040641117,-0.5403616265370332,-0.255821103167039,0.4205747179300965,-0.06469715387202442,0.2565524214724709,0.02495428755302191,0.3789424594187,-0.5378333627245289,-0.03329316241945109,-0.49033191092907946,-0.21547662897007097,0.41054654362609994,0.46533174222359586,0.983595179415748,0.2645945982772024,0.7870693221759889
0.5939551992655403,-0.04047743228573814,-0.07137974207387933,0.1800248658389745,0.3862843804699966,0.595209716110231,0.4031483821278275,0.7175377278668598,-0.29796387728304397,-0.23276436037362588,-0.46949352884154216,0.28191956360928855,0.19294849092732297,0.8922061393401571,0.5553100663342655,-0.634180400162682,0.6964022248168973,-0.5790605877714964,0.263117664343121,1.0,-0.005982188887652174,-0.14449875607574766,-0.2759592286680971,-0.14449875607574766,0.07002415867690279,0.44750558280659564,0.3042564280191694,0.3133004248723195,0.5237702612487809,-0.5243734382644771,-0.2654254204384698,-0.49072519216052585,-0.16169646746523028,0.1195428546781965,0.8628992305019513,0.37859309895851584,-0.5098667906045548,0.6129121255304599,-0.6941922899666705,0.16537806452660792,0.9420604088631095,-0.18291276845618348,0.44015492584954957,-0.4262688923838596,-0.45467071708442053,-0.008727197787907738,0.36800949226359575,0.25629042991520384,0.31412069733272535,0.6666372454581307,-0.5725376350325445,-0.5130485701788551,-0.590782986169582,0.0273474421189272,0.04982947217934433,0.7907966239922126,0.4850861868409006,-0.7353108732562557,0.7053407200522234,-0.5784414506476594,0.2593683759744278,0.9710756225144731,-0.14993800365046692
-0.19324897117115664,0.02222391388696183,0.5353141751548873,-0.22746980215332455,0.8170989422416813,-0.1466443163722726,-0.04261760467355809,0.5480431375599402,0.12773319594236562,0.6538032095397343,0.46184131572394926,0.4549342127951714,-0.21486621806822584,-0.13268939476757466,-0.5381483984200818,0.1483296011812943,0.11773465455104745,0.6433817262097657,0.7892545981840173,-0.005982188887652174,1.0,0.4378856712326251,-0.2661201215774986,0.4378856712326251,-0.5978080335419481,0.7205825997485431,-0.5594639351254409,-0.15579427558367426,0.42688716965523965,0.11609589892198692,0.5622063975183351,0.3981702877599506,0.406467905736387,-0.27092140684575056,-0.2854689100390094,-0.5641665530478238,0.013876165293219287,-0.02824283716339677,0.502168231585012,0.7244231130447516,-0.07389078805486997,0.9042692450379501,-0.7002332199754985,-0.4015784447904387,0.42541147521742295,-0.6839778112836716,0.7527140999834379,-0.6551997090682453,-0.3599677155053579,0.24226761363345548,0.05721213574830419,0.3733101008979612,0.2752935425051572,0.23745883325302033,-0.4280218792122383,-0.316312567705827,-0.6649596100345594,-0.07736861831830016,0.1618048689713654,0.5367557998796616,0.7565860927702385,-0.02733515001489099,0.8967011125697538
0.08738283948107377,0.5665591114126562,0.8839030999368442,0.3794785681057395,0.48479615542303256,-0.22565718449671693,0.4717933684095737,0.27262512880771766,0.6386182733358592,0.13827645035012912,0.18890988544548118,0.6715808956455676,-0.16972571667841074,-0.0017378661638844648,-0.31941792174299954,0.429321146070409,-0.13290385836046184,0.713699019213996,0.2939392344861237,-0.14449875607574766,0.4378856712326251,1.0,0.4624510830641576,1.0,0.1569960565433754,0.3726703255080852,-0.5414268683130208,0.5725650155860195,0.27459040272535745,0.6409783647326236,-0.025945760974761742,0.279692932103801,0.6092557137832405,-0.2927306750244986,-0.08696152314391613,-0.24280306936280335,0.3237061988119532,-0.25394376602238844,0.568772919633608,0.17387807786089315,-0.06682957255533742,0.4019112788211462,-0.20476265028125387,0.3324771524683012,0.8321917916120383,0.057772098924891165,0.28048847758675727,-0.6962926317298782,0.3600088932377017,0.06303686580438266,0.534372369766586,-0.1281322920817511,0.07861397844361757,0.47660034006393714,-0.3963777120375727,-0.13066090777079115,-0.4892096466285572,0.25957482922300956,-0.21556462177335103,0.6482630490040117,0.23055625237382232,-0.24634699610808622,0.5950963373449967
0.40461657921126876,0.8673950556394489,0.42546157749945135,0.7916747480178424,-0.25104651206451256,0.04689700554147107,0.4783023886683912,-0.28679502757989705,0.7599598359165087,-0.20997122451102634,0.2395889341390187,0.11963523257442406,0.37266258110493894,-0.10862183234315631,0.25315427339497343,0.4265540810837293,-0.4056701598505712,0.238491666127101,-0.5157596573496731,-0.2759592286680971,-0.2661201215774986,0.4624510830641576,1.0,0.4624510830641576,0.799083695442285,-0.3556158747162907,0.019784190928802924,0.4698374744983104,-0.3386772401851385,0.591371036673618,-0.38940866364886917,0.270082166817324,0.10327748538510972,0.20787478675125326,-0.06159303968761927,0.2708467317401038,0.43041817790120185,-0.36689577388784195,0.15209096436051986,-0.6567881286940863,-0.2720094681180195,-0.32686814828565414,0.40211837622176133,0.9421022821478492,0.27094387164719697,0.7396407377019734,-0.5148236181947201,-0.11070052150064787,0.41932890255006816,-0.356159809297751,0.6171844383437493,-0.2968464057085104,0.2626519451315595,0.011135694660541245,0.26865301853109447,-0.03084211658751576,0.12668810063648003,0.39629285532511754,-0.593938450263025,0.1552502629141425,-0.5649020830081554,-0.3792161408283637,-0.10531723001814643
0.08738283948107377,0.5665591114126562,0.8839030999368442,0.3794785681057395,0.48479615542303256,-0.22565718449671693,0.4717933684095737,0.27262512880771766,0.6386182733358592,0.13827645035012912,0.18890988544548118,0.6715808956455676,-0.16972571667841074,-0.0017378661638844648,-0.31941792174299954,0.429321146070409,-0.13290385836046184,0.713699019213996,0.2939392344861237,-0.14449875607574766,0.4378856712326251,1.0,0.4624510830641576,1.0,0.1569960565433754,0.3726703255080852,-0.5414268683130208,0.5725650155860195,0.27459040272535745,0.6409783647326236,-0.025945760974761742,0.279692932103801,0.6092557137832405,-0.2927306750244986,-0.08696152314391613,-0.24280306936280335,0.3237061988119532,-0.25394376602238844,0.568772919633608,0.17387807786089315,-0.06682957255533742,0.4019112788211462,-0.20476265028125387,0.3324771524683012,0.8321917916120383,0.057772098924891165,0.28048847758675727,-0.6962926317298782,0.3600088932377017,0.06303686580438266,0.534372369766586,-0.1281322920817511,0.07861397844361757,0.47660034006393714,-0.3963777120375727,-0.13066090777079115,-0.4892096466285572,0.25957482922300956,-0.21556462177335103,0.6482630490040117,0.23055625237382232,-0.24634699610808622,0.5950963373449967
0.6432807224527415,0.6935666397149202,0.14063302406407316,0.8517231324100054,-0.4201313153717809,0.25590747823731363,0.5915952432926059,-0.24825376377259975,0.44584297648954413,-0.5462438142172479,-0.1974616247808238,-0.05915149838782131,0.4660510795045968,0.2362742401153931,0.5826856278145741,0.060856748838087366,-0.061687403798321286,-0.25293839234695414,-0.7144749394747837,0.07002415867690279,-0.5978080335419481,0.1569960565433754,0.799083695442285,0.1569960565433754,1.0,-0.47841258584925933,0.37108906833171196,0.5784731441880236,-0.3327108020354085,0.24147922772145636,-0.6745988180901614,-0.14466444450870578,-0.25707958635854145,0.32988335891647325,0.29475871473268034,0.5396202221259354,0.08420431843630465,0.019948163784055856,-0.3304400974838554,-0.8257085771860713,0.07976875782872953,-0.6829026306153831,0.804081790264777,0.776102652642045,-0.096793191917325,0.9668048519692783,-0.6389677688556774,0.249975339150513,0.6601999858815416,-0.21496730802691777,0.24341754436552526,-0.6290984498018817,-0.15768982462355832,-0.14668635966417876,0.4330433447027427,0.3011230381123159,0.47418758545405776,0.08234833973253182,-0.2505492557090405,-0.32800242316716116,-0.734605622477278,-0.0038368998397148428,-0.4852392494180242
0.011096528380593463,-0.12163035384556076,0.39210450786384515,-0.21520700947636287,0.9003907978554322,-0.029470012345623988,0.12496052590878622,0.7593090054302504,-0.056639420477590026,0.3658917799704795,0.08534182240979579,0.563926051542116,-0.22477552111559015,0.31240192394058647,-0.29950213716159546,-0.1938188353953418,0.37675446798992324,0.2779343804321235,0.7982897416390181,0.44750558280659564,0.7205825997485431,0.3726703255080852,-0.3556158747162907,0.3726703255080852,-0.47841258584925933,1.0,-0.3424378267150525,0.1748550399093109,0.6430600546296055,-0.0031244524889976278,0.38479402715052047,0.130585708623852,0.32751978567778733,-0.1629519915701416,0.21758961661443038,-0.374326735304402,-0.28341733169506245,0.20456353597836777,0.1887369554883732,0.7759301502292509,0.42095404805467324,0.6727809228921555,-0.3992645568393647,-0.5074656665403252,0.2665185316121398,-0.5976748273202538,0.9235092202807902,-0.4316321178561786,0.0005619411851351155,0.6471390929569318,-0.14247082778410133,0.08970144049729724,-0.12328724396320084,0.4133479865497293,-0.3884721214997232,0.17344555854339053,-0.40302685634999363,-0.40114388583800514,0.46762372369477384,0.2555671964099009,0.790927206209551,0.4199681791149648,0.6798489753195541
0.4533973847113765,-0.038293395710181075,-0.5087934796872583,0.19917752613056713,-0.48266213803266245,0.5882717052618963,0.09973220808810052,-0.2008104756843838,-0.28350542236659326,-0.41562679816295384,-0.27886884322903877,-0.5169153426259596,0.5645835974893735,0.2645490475170145,0.7299298684005047,-0.26946195489092534,0.29039739973221407,-0.7081164797287072,-0.5503992402483378,0.3042564280191694,-0.5594639351254409,-0.5414268683130208,0.019784190928802924,-0.5414268683130208,0.37108906833171196,-0.3424378267150525,1.0,0.014647524514382743,-0.13308718342482548,-0.3207821780627728,-0.40464438358552274,-0.3480843054533126,-0.5445231019765577,0.60415964832283,0.32299285125543964,0.6256334471417815,-0.1797964219022764,0.4590920010133894,-0.6717423025131622,-0.5342276937948647,0.19950096925372562,-0.6145159627214555,0.6348340437379131,0.021107808852066676,-0.6635818374594864,0.37905712528398816,-0.45244703353935256,0.8002929052890931,0.07436886726037462,-0.0918167535306081,-0.38201560001673524,-0.30218827851559393,-0.27538937157128507,-0.4551843047217428,0.6236352679730376,0.36544252989307396,0.7082760401546677,-0.21353006112524078,0.27344118341048546,-0.6879929363128698,-0.5211536776115819,0.32573075028031007,-0.6707786690440803
0.5226765414757705,0.4888976125688429,0.47607043150230405,0.5927418925936592,0.1755656193968136,0.13832013046211872,0.7975316051113094,0.25062145722209117,0.41924532454501573,-0.2602127734478156,-0.27944601252073453,0.3425560775562207,0.22252742755955557,0.5007188406557966,0.23691198395483615,0.1198229521737927,0.26335409732704573,0.024111607412642122,-0.08497565336616827,0.3133004248723195,-0.15579427558367426,0.5725650155860195,0.4698374744983104,0.5725650155860195,0.5784731441880236,0.1748550399093109,0.014647524514382743,1.0,0.17880368992269896,0.3892684755654468,-0.3952843953396594,-0.08268422802634388,0.2261387882339657,0.19155744383273055,0.4167488907829373,0.20298232495504853,0.09260417691413173,0.21901121756662695,-0.07240415327948013,-0.19525036980660934,0.3269987416216202,-0.21205490413056943,0.4978363044744838,0.3287603600112591,0.3261222571026025,0.4596168416546038,-0.023126976341220698,-0.1857700032889002,0.8497018395312251,0.1271627407536398,0.21194075086403377,-0.5488110861397302,-0.42657916940503005,0.2099958329788647,0.07805086248316104,0.35511511440770094,0.12653820206728514,-0.015428385529775598,0.1646191932435717,0.0036334319313579343,-0.12957634177593758,0.21928270614891224,-0.03080988980307816
0.15179645913279777,-0.09701182789073914,0.22962308708607093,-0.09214597790138787,0.599891336376768,0.14175583179199194,0.15489530789615544,0.6180522683570138,-0.1865477755749514,0.18535950470757842,-0.14013962686848666,0.47698124563549865,-0.11410334103367355,0.3684137219146301,0.012864844957765749,-0.29889926137366923,0.40584255942039377,0.044063600791380664,0.5798488491716576,0.5237702612487809,0.42688716965523965,0.27459040272535745,-0.3386772401851385,0.27459040272535745,-0.3327108020354085,0.6430600546296055,-0.13308718342482548,0.17880368992269896,1.0,-0.22969587393189517,0.11872755881437753,-0.1762476900160033,0.29462700002712267,-0.10938706948261298,0.34622976956438845,-0.04301594735981076,-0.3770042425571169,0.27441154205418294,-0.08558930812440912,0.5145796073298373,0.5740026333893503,0.3559904061896935,-0.11787887996166105,-0.4527681149238975,0.03383307207364257,-0.3871225368880274,0.6816280947828298,-0.21197368243759007,0.017864982731230827,0.44198225131897856,-0.3401183999973276,-0.13710827901508418,-0.30039824679833776,0.09564567249949824,-0.2910963472314766,0.2396029069220694,-0.11026591178566145,-0.4588090213744868,0.45103377881669227,0.03127895804476362,0.5246976483188894,0.5645729715284512,0.3187545341085623
-0.016308254499027418,0.467476591089924,0.5571494368332597,0.28679927354619733,0.09537954826170074,-0.21005054964181302,0.2445738802656728,-0.21503521364479805,0.8383737588765936,0.3162240860350205,0.5428787727675163,0.21884517162729178,0.15969893565385335,-0.3657401376681894,-0.2877161849836892,0.6935342480314165,-0.3921710823402379,0.7160335876837484,-0.0008945503858593301,-0.5243734382644771,0.11609589892198692,0.6409783647326236,0.591371036673618,0.6409783647326236,0.24147922772145636,-0.0031244524889976278,-0.3207821780627728,0.3892684755654468,-0.22969587393189517,1.0,0.21641028522893782,0.6329204640187927,0.4211061409397028,0.18806043572953182,-0.394337571819485,-0.20038351313252387,0.5945235641597936,-0.4222127005632635,0.706911694371288,-0.08579089636164364,-0.5529081189471732,0.14501494191154304,-0.13925117187563404,0.5199916332356063,0.6405195156455801,0.14579225178218966,-0.16522116604756432,-0.480492820637867,0.21108856927171663,-0.42302248919589414,0.8815875106424457,0.22050696714935455,0.4504143785467733,0.19869688567194038,0.09027691094662191,-0.388601081840694,-0.28603564292543326,0.6963632948279626,-0.4623081806246684,0.7282707996323773,-0.04165799182842923,-0.610546983486201,0.3269323155800258
-0.4609041553278976,-0.4125469344316967,-0.0437498366020807,-0.5989639394225293,0.3667348298480519,-0.22715781508002028,-0.46407802190421293,0.05865374861724519,0.011887265173148844,0.8527064839854821,0.6070602266270538,-0.08235494836478563,-0.10424125133843812,-0.5264324144247895,-0.5083692838775724,0.17605716116269823,-0.17062385093396107,0.4695488463022904,0.5091885318973861,-0.2654254204384698,0.5622063975183351,-0.025945760974761742,-0.38940866364886917,-0.025945760974761742,-0.6745988180901614,0.38479402715052047,-0.40464438358552274,-0.3952843953396594,0.11872755881437753,0.21641028522893782,1.0,0.5227780792144047,0.18728392111568468,0.11174266296777897,-0.5526770578770235,-0.5296901455660815,0.0947139315077319,-0.22933005141904664,0.5098114943507989,0.5563774527064083,-0.35995679130048097,0.6233139128955719,-0.6174636773372137,-0.3787335696463788,0.0651946490775498,-0.6896260558311784,0.4314783005727625,-0.2990197084091266,-0.5711491993319777,-0.07555112353624606,0.18241145079438031,0.8361356396329404,0.5198559624195818,-0.010089262150703151,-0.08098852793905935,-0.49577219100531794,-0.4568452248307857,0.12423719180529975,-0.09087390244382713,0.4414787888032019,0.4949489983423477,-0.2544633198855086,0.4835135698944806
-0.25591631804808157,0.14023507585484118,0.2534444936193991,-0.09416116017331899,0.16349334052815695,-0.32130708772369443,-0.2003181388019778,-0.12696189893642063,0.4912649316009427,0.5430266410007254,0.842882760162498,0.004428553045757237,0.047165084260180734,-0.565130740267497,-0.3911243548818618,0.43116601445312275,-0.4004995686006297,0.6583206638954404,0.22166089372194753,-0.49072519216052585,0.3981702877599506,0.279692932103801,0.270082166817324,0.279692932103801,-0.14466444450870578,0.130585708623852,-0.3480843054533126,-0.08268422802634388,-0.1762476900160033,0.6329204640187927,0.5227780792144047,1.0,0.2712196451007549,0.18587918843658116,-0.5795202900628845,-0.3385404068495454,0.3836389917915636,-0.398612564152215,0.661805240280582,0.21063681166968018,-0.5385129962894711,0.4503959962180836,-0.444485848738262,0.249609724806672,0.31835089971157854,-0.21062749787628107,0.01528251211610928,-0.40489702521977905,-0.3396082574852103,-0.27265919336531996,0.5508674035544886,0.5455596883652797,0.7265883820282044,0.11042285831533871,-0.029868048937757647,-0.5050146863315206,-0.39881269841594585,0.46309562501957857,-0.3877766655024869,0.5782547610753943,0.22132892721897723,-0.524485502311133,0.5087401850063366
