Fp1,Fz,F3,F7,FT9,FC5,FC1,C3,T7,TP9,CP5,CP1,Pz,P3,P7,O1,Oz,P8,TP10,CP6,CP2,C4,T8,FT10,FC6,FC2,F4,F8,Fp2,AF7,AF3,AFz,F1,F5,FT7,FC3,FCz,C1,C5,TP7,CP3,P1,P5,PO7,PO3,POz,PO4,PO8,P6,P2,CPz,CP4,TP8,FC4,FT8,F6,F2,AF4,AF8,O2,P4,C6,C2
1.0,0.4888724066746749,-0.13245534011516713,0.7350092086065583,-0.4722771103621168,0.48360774036200843,0.6329456790041286,-0.2759060710977229,0.41509097726996513,-0.6850772080206701,-0.2356289666614818,-0.6867529800703922,0.29000910343797437,0.3461027747885463,0.615542304796339,-0.09640930711203155,0.34159983074926265,-0.7828372212699573,-0.6268362453622931,0.3326056603056723,-0.6241038139146997,-0.384817950295879,0.4192345803893981,-0.384817950295879,0.6453964203524736,-0.4000446073831911,0.3873265210547729,0.012957042695099143,-0.22632666338463325,-0.1719942779607179,-0.6002234478144954,-0.47492675828492703,-0.6317345402650305,0.14052284497951184,0.4016844317614048,0.4940510244692393,0.0644334769035959,0.3527168823775118,-0.7679037032223819,-0.6515141649875659,0.24763338244473362,-0.7034520059346029,0.6734094574158838,0.3776368436432485,-0.4351922083301688,0.5922631753962744,-0.20065635348764357,0.3725532174172887,0.02212756054324537,-0.21627258661375362,-0.4033020139739825,-0.6150985915552298,-0.34912004317991535,-0.24558870992197845,0.26191274021349115,0.3616549390365569,0.648620321201081,-0.5404280181914742,0.19448544832204345,-0.7554645299152116,-0.603035653521337,0.2095334803702993,-0.7139669474441422
0.4888724066746749,1.0,0.56592755711904,0.7982016322161803,-0.6181670691768015,-0.04452493281888534,0.7382803590039393,-0.4541915799656852,0.9246326431506097,-0.5759154313608555,0.16818522965211088,-0.1860600633864196,-0.00016699563334097151,-0.1333486984553243,-0.09105407668672673,0.23906966977033867,-0.26592901312332184,0.05916751324721667,-0.6941012771939915,-0.34501094045491376,-0.3888010650896988,0.3569885351127505,0.8594853807394975,0.3569885351127505,0.6263786513396257,-0.3251318711757333,0.09633866321918853,0.5368053291771224,-0.4065362756691831,0.6584848942082632,-0.6665796458108283,0.0556830837416722,-0.03155460942093997,-0.3075943369461194,0.05674288522601605,-0.04837933789729416,0.2311946382241111,-0.21140539797992502,0.0602877411118246,-0.7617217783611238,-0.16946286543824782,-0.505080374017256,0.5654365230055025,0.7745367325446225,0.22141431969647815,0.5681622361093405,-0.4496875092858008,0.05237786039214495,0.4821348140188909,-0.4084451085248531,0.4360420289701552,-0.6981249248957039,0.13733247810345395,-0.06616595690594923,-0.179226583776013,-0.0010709404090655278,0.13876612160590915,0.14793251478249705,-0.4009432737294265,0.08987550428105696,-0.7275524879271724,-0.3564909474315095,-0.36859029250754577
-0.13245534011516713,0.56592755711904,1.0,0.2548477719516069,0.0990122984733293,-0.3899095643428377,0.3981822570243007,-0.07292001118778534,0.5620699159371091,-0.3442232352111421,0.09896542586940853,0.36126241235427403,-0.4035121781129997,-0.07907748559361318,-0.6687743504891422,0.052083869847326984,-0.4414889687585338,0.5121711882340889,-0.022401951614453717,-0.3634936077579375,0.3386465549481634,0.7427892445434732,0.30208497320150823,0.7427892445434732,0.04719887898811112,0.19791886802094663,-0.35075627179892716,0.4297788606263004,-0.052887770173260296,0.4897399832898255,-0.5271372437452193,0.11988586015719281,0.2701924508199086,-0.6194746149357536,-0.081134436109908,-0.6799994445825666,-0.20735733383009533,-0.5387635318519719,0.43500658124330704,-0.18067985152487998,-0.10827075400998704,0.16719696453818414,-0.06380996264900456,0.21682043627062397,0.6110739400149492,-0.02980464299413821,0.04172056606886322,-0.4204142500347371,0.32555366253962326,-0.19064283345684702,0.4425704002586863,-0.5573024203097529,0.07050936124559595,0.2478020803155648,-0.5956494480363187,0.051349858264047775,-0.4678974278739191,0.3317074464309409,-0.5733602411642595,0.45996785317794003,-0.20355916270072733,-0.3278559637655925,0.21603522286385654
0.7350092086065583,0.7982016322161803,0.2548477719516069,1.0,-0.6090495142376805,0.18927860256946352,0.7515384789904366,-0.46561749196218777,0.7218729572670768,-0.7064152436942801,-0.12087430810631836,-0.4070048461255404,0.054741242175754316,0.2044196574829216,0.23536494646337738,0.05383562139519642,-0.015558147184986602,-0.3321339619193178,-0.6982108722921829,-0.019976396127528127,-0.7000277702002424,0.18157006682342952,0.7122046659138875,0.18157006682342952,0.8377977419424322,-0.30497190218611187,0.2318627536183865,0.47910234211412983,-0.39055645281508594,0.32458352784738287,-0.666819506723196,-0.2219326261461854,-0.27691895011559087,-0.14609886527963098,0.3835179883312392,0.18926806297611642,0.23871050555766177,0.03413496820663145,-0.2886387670831934,-0.7377783175704342,0.09821718572470227,-0.7563853604534115,0.6923970773593487,0.634100020241289,0.10221237914783084,0.74896532529767,-0.273743659038466,0.20000392577820683,0.3633026074891392,-0.33177424782649656,0.023677784813800378,-0.6929964006160909,-0.19139037860172223,-0.041287806334483194,0.011762279921604724,0.31761593776554514,0.3734903515051375,-0.004900645025879791,-0.1629826047091481,-0.3009422168234271,-0.6978461025056906,-0.03567329988177144,-0.6508525080413827
-0.4722771103621168,-0.6181670691768015,0.0990122984733293,-0.6090495142376805,1.0,-0.09394677805239157,-0.3102388707431854,0.6021122544056887,-0.521680579411764,0.3262936304173342,-0.07439023561785614,0.43924031646667083,-0.0952227202628986,0.17565500212104795,-0.28624548002946104,-0.3310872980670702,0.05503485668167434,0.1635705391579639,0.8823007883534177,0.32429152004304757,0.5887156764792669,0.02381858452043872,-0.7609405061907175,0.02381858452043872,-0.6787763145860647,0.7405521753087801,-0.29526496268986857,-0.30589856641119767,0.4023549727973905,-0.4966736267144394,0.32801061215975175,0.026003402989612488,0.14833358334369812,0.005622774079856952,-0.012267273091555559,-0.48624349408741674,-0.4997518086129548,-0.09248638596581339,0.1128750869352947,0.8159731059000457,0.26514616782078293,0.5728797650203118,-0.7136833469901102,-0.7253393288099069,0.07102534252438927,-0.6773674078107442,0.7659318441752028,-0.29781072916907797,-0.24291807462351467,0.4224283982364752,-0.17213656591794577,0.2918571196664179,-0.0647548343903142,0.16306989502393068,-0.09539936254106648,0.14638383733439386,-0.44184421529817364,-0.07509084567269429,0.16120491249591376,0.11651621987991778,0.7449843159999278,0.3324294486466836,0.40233145078882115
0.48360774036200843,-0.04452493281888534,-0.3899095643428377,0.18927860256946352,-0.09394677805239157,1.0,0.11006393104350223,0.2859573350161758,0.038947693650857235,-0.1512420850396617,0.1660234923642197,-0.29447535987849055,0.33527704195020774,0.00613657241492632,0.530127237122862,-0.19503863484420525,0.09983205184988243,-0.6374545324277328,-0.31014026311930193,0.2572548769202954,-0.21795713797358365,-0.4459849232508586,0.19357081231161488,-0.4459849232508586,0.3100179481091399,-0.10349713669222828,0.8713781081702667,-0.27420806188845215,0.030381942115511897,-0.33537228698601196,-0.014645149884374833,0.11254300869296288,-0.3362478185888194,0.3668110078162792,0.36703327427290655,0.3818675245395336,0.17815014807422366,0.18293193344007513,-0.6318936649802916,-0.18677923155692663,0.22245932436556318,-0.19597784600472634,0.13614163350415567,0.23642374526563353,-0.44341849551719376,0.33742505594654,0.04341303438966836,0.8172127563186513,-0.3491162550063529,0.2156286220532976,-0.5096639319546772,-0.1154323459798027,-0.015340021512374397,-0.1667606247525193,0.2923603574785201,0.1362412280983131,0.5003922634367625,-0.3998196936540442,0.12314021389236923,-0.730162599900861,-0.19363737226219188,0.22135508968020864,-0.3244779609515111
0.6329456790041286,0.7382803590039393,0.3981822570243007,0.7515384789904366,-0.3102388707431854,0.11006393104350223,1.0,-0.07374627172372428,0.7208967730628899,-0.6450422124444091,-0.2502579826399536,-0.2418873699422135,0.032839896985093285,0.31384104020229275,0.18812326302209986,-0.19697350446511955,0.12957688375708323,-0.3089462593940855,-0.5120583111171919,0.13434873198462166,-0.4883427065453244,0.2312542089597655,0.49219408142333815,0.2312542089597655,0.5414124623273109,-0.06220064833384076,-0.025898420248584096,0.5457210043980784,-0.24266989459381197,0.3107893596261265,-0.6451148928584405,-0.2829379972386576,-0.25900194830182427,-0.2519253838775548,0.3038492485175386,0.0789186829991345,-0.22823791483136535,0.11950522728821847,-0.2280327919376844,-0.61107105868629,0.21584771714815687,-0.5780109482680142,0.5655426077201906,0.3733365613233406,0.1666944989568398,0.4713547713167614,-0.1150697040422894,-0.10679537517144018,0.46582369887732067,-0.1842650059897964,0.18539459976967249,-0.724385256656774,-0.30418094009592483,-0.03463951655906695,-0.17878637966324562,0.3504232103319269,0.16395493409060677,-0.08909306108913534,-0.08459900099021199,-0.15443642117688933,-0.6413539545166385,0.08822549014092594,-0.5675059382372435
-0.2759060710977229,-0.4541915799656852,-0.07292001118778534,-0.46561749196218777,0.6021122544056887,0.2859573350161758,-0.07374627172372428,1.0,-0.4323609648224662,0.08712751422103858,-0.19425910307392577,0.2668383327427015,-0.224027278851624,0.2635815639080829,-0.1578415552925186,-0.7004348508552842,0.2746829117750537,-0.08482197603070943,0.45756150210443675,0.5056725834411903,0.4867353123846736,0.059830061076465955,-0.4151924295442552,0.059830061076465955,-0.255235755448994,0.619959037945714,0.04798518769148512,-0.09519416565817443,0.5358461549629968,-0.4165052095423088,0.19975598202172112,0.04540631537550092,0.007748534037445628,-0.08101659921158584,0.2598082562062466,-0.2030034158049044,-0.5620932802594846,0.29651021201641325,0.002084419850580117,0.49989926025103343,0.5165559676950606,0.5212825971772903,-0.267292829487608,-0.4080127119635992,0.088095917278202,-0.2483314604448967,0.5701771213669191,-0.007047882708205876,-0.05657640234470847,0.7852942929961134,-0.23250942973653144,0.10794678521035936,-0.1681926433188158,0.3000327723888636,-0.25894771108328546,0.25545270579034474,-0.23158212989368449,-0.2479841143581382,0.3664460731208794,-0.03996078440213961,0.4024243642374681,0.5165123125549682,0.364798713671927
0.41509097726996513,0.9246326431506097,0.5620699159371091,0.7218729572670768,-0.521680579411764,0.038947693650857235,0.7208967730628899,-0.4323609648224662,1.0,-0.36731965956478363,0.3337989423235449,-0.07863199941587595,0.14845733410490194,-0.282584986317071,-0.04378209201916983,0.3189507516975559,-0.42633890690121157,0.09597786583525672,-0.672656866610972,-0.470231101198102,-0.365383252978473,0.32205770271075984,0.8246277805652331,0.32205770271075984,0.5216576814750362,-0.3352629390229175,0.15884940245981433,0.5409636728154141,-0.4766476217000985,0.7341543341747403,-0.49500192056776365,0.16112429148921067,-0.011006263173541503,-0.16275276984273124,-0.030952167370175445,-0.02829345957963201,0.31532887387865616,-0.36819644235680177,0.06986709325899206,-0.7349679654948947,-0.3056993382984741,-0.4745593259515934,0.4322724360271392,0.7714441341798184,0.21800506851652335,0.48600233280716637,-0.46716260041879454,0.06963358152719072,0.38564932540097635,-0.4933605784884059,0.5023234249612344,-0.5536032908093257,0.22991571632272018,-0.1469922691675956,-0.09827645423049859,-0.10650421872621328,0.07510766177193627,0.27259112205556574,-0.569852921227706,0.09563432707173104,-0.7349874365984913,-0.4746183453538601,-0.38025871430083136
-0.6850772080206701,-0.5759154313608555,-0.3442232352111421,-0.7064152436942801,0.3262936304173342,-0.1512420850396617,-0.6450422124444091,0.08712751422103858,-0.36731965956478363,1.0,0.4758149011454138,0.5091719361254664,0.19503117605343945,-0.515522596139567,-0.008478103993867713,0.3543845986099556,-0.30953181612183767,0.45246176416663947,0.4714895395778772,-0.32536870626970277,0.29226800098730465,-0.14041395111803182,-0.3943790038728227,-0.14041395111803182,-0.6598274533796643,0.06838516825516576,-0.08478266086060282,-0.2675764965188264,0.032217631492243805,0.04671216802793003,0.9194278554269945,0.4358387572926105,0.48245498630747247,0.3033460217343863,-0.47268654864239046,0.008536412105004373,0.26019321241833915,-0.2867317165589098,0.43123286430353686,0.5372696489802257,-0.395230583155401,0.42200729053863556,-0.6286215180447149,-0.29516481532309546,-0.05522296943143886,-0.6058863445317338,-0.07784461388896133,-0.09365572378982268,-0.30793067383941314,-0.0219937736486035,0.24753943891448071,0.9171616075124883,0.5086170953658696,-0.0909577906578577,0.14362874495691288,-0.5493631050073771,-0.29321258965670033,0.4286838682202433,-0.1370789512913875,0.41093695630487176,0.49887568454129055,-0.25609355385851723,0.41403655017380736
-0.2356289666614818,0.16818522965211088,0.09896542586940853,-0.12087430810631836,-0.07439023561785614,0.1660234923642197,-0.2502579826399536,-0.19425910307392577,0.3337989423235449,0.4758149011454138,1.0,0.19336305911322355,0.40781614218516665,-0.8695647623945891,-0.16495990652661177,0.568823910148046,-0.6412309176456135,0.3836546358584043,-0.13074064858857185,-0.6387990592613195,0.14818119240788374,-0.11275468603774325,0.35997165643704754,-0.11275468603774325,-0.15350896664523492,-0.28215726673479063,0.3775668813791378,-0.26444197654959406,-0.23166502584968937,0.3933297973848465,0.26952461089280666,0.6772805989971185,0.2409183327355291,0.26200042587713435,-0.5192713687873394,-0.17090095222012758,0.5566450389815407,-0.5570605269450595,0.21765929746127838,-0.07556420461269768,-0.5995747763034732,0.11180758691705582,-0.35573805201801534,0.45905567252126717,-0.18276949980619162,-0.10424057549562134,-0.450587276552266,0.2768181836922566,-0.3459085602080854,-0.38903346190404015,0.30697984024884045,0.22083766820311554,0.7578738919413947,-0.3413406798621245,0.19556698992563637,-0.7220138670182958,-0.08725294898764342,0.26126101219267134,-0.5531676718584713,0.18373730807300223,-0.07145624354103847,-0.6738892983417331,0.1135512583219488
-0.6867529800703922,-0.1860600633864196,0.36126241235427403,-0.4070048461255404,0.43924031646667083,-0.29447535987849055,-0.2418873699422135,0.2668383327427015,-0.07863199941587595,0.5091719361254664,0.19336305911322355,1.0,-0.5326071057491136,-0.14949400704714613,-0.4015067461153608,-0.03693788606784781,-0.5493748480662339,0.6682685085984653,0.5350428013423626,-0.203699033581009,0.4804259770230294,0.5827965351406563,-0.23623344013537537,0.5827965351406563,-0.5753142070505147,0.49622445261600984,-0.3012937025630627,0.22792505516148842,0.2910689368117953,0.1786276163874536,0.441800844773291,0.3193883033988157,0.6807417592269995,-0.5010516835001936,-0.10091184644781317,-0.4123407064667767,-0.1307905911298322,-0.5942158293502741,0.6881430721651706,0.48875581007822405,0.04366622963976603,0.4936906220168178,-0.5993369787275091,-0.2413751549544337,0.5498134903939162,-0.6394340525065944,0.20340447520595026,-0.29590861152414627,0.10024411181761463,0.24615222047510643,0.40896000859493103,0.41597945220635685,0.32424440148010836,0.6051411755061239,-0.6090886326825482,-0.09860110303883893,-0.549968321580861,0.6290650203414224,-0.4048192527436454,0.6239719064279323,0.44405512847011225,-0.0658225155128941,0.5401473128072563
0.29000910343797437,-0.00016699563334097151,-0.4035121781129997,0.054741242175754316,-0.0952227202628986,0.33527704195020774,0.032839896985093285,-0.224027278851624,0.14845733410490194,0.19503117605343945,0.40781614218516665,-0.5326071057491136,1.0,-0.43882533299701487,0.40616570910882926,0.4411753580363998,0.12524284625427587,-0.3346400064035687,-0.2372373363580064,-0.23012798660471256,-0.2646432186287001,-0.7065663129830735,0.09545034770368835,-0.7065663129830735,0.07217428115340933,-0.4115924156628507,0.36492708234209836,-0.3688644950829703,-0.41761920121600965,0.03793088560031434,0.16265626546915052,0.18801452141483815,-0.28422539327699226,0.8786355871523844,-0.39929805450300804,0.33961474501105743,0.3961531644757356,0.18602339239749122,-0.45246796311176113,-0.13115416210401717,-0.5261632982840179,-0.20764449071782368,0.11851637559901054,0.19794238938650868,-0.6195185278738095,0.19743352924468172,-0.2600714101439928,0.351862310190886,-0.3513139194287235,-0.4140660311083893,-0.030351799435758765,0.10749823335962759,0.2845943871173964,-0.8727407270702562,0.8456715053573074,-0.4788274147438436,0.39239207163799,-0.179569569659632,0.09530901301780426,-0.36371784368156307,-0.13276495792232784,-0.3589376484454068,-0.32352773656077305
0.3461027747885463,-0.1333486984553243,-0.07907748559361318,0.2044196574829216,0.17565500212104795,0.00613657241492632,0.31384104020229275,0.2635815639080829,-0.282584986317071,-0.515522596139567,-0.8695647623945891,-0.14949400704714613,-0.43882533299701487,1.0,0.25064600842297485,-0.7221982590903232,0.5464755683491065,-0.47920779817856574,0.20515758788041105,0.8287916331317023,-0.19078563095352213,0.09721607209843708,-0.34259499994905074,0.09721607209843708,0.1745650087878868,0.44397252846891316,-0.22517614698244537,0.21174678637266078,0.4510479734363453,-0.5403834991539472,-0.2811032568336218,-0.67487810299493,-0.3294803779772171,-0.30741071897912453,0.7594803587176016,0.12647244834807927,-0.5568752442424626,0.44503276781187445,-0.3141974894053269,0.10596136609117286,0.8385656347958567,-0.20966463341638736,0.2328614810914603,-0.4370654676930895,0.1239136547162119,0.08972461937478106,0.5463973025172203,-0.18557142135938157,0.3041139653397836,0.43131819025231294,-0.41744727212387583,-0.2673756730496031,-0.759435189828466,0.4369459707893618,-0.21898742710511365,0.9053850192186119,0.10900008356602882,-0.3833229915666003,0.5187123693935927,-0.30694482513698446,0.09454920544751018,0.8319008958871335,-0.22167256017542242
0.615542304796339,-0.09105407668672673,-0.6687743504891422,0.23536494646337738,-0.28624548002946104,0.530127237122862,0.18812326302209986,-0.1578415552925186,-0.04378209201916983,-0.008478103993867713,-0.16495990652661177,-0.4015067461153608,0.40616570910882926,0.25064600842297485,1.0,0.016262716387396813,0.30152586419115845,-0.7367634498035089,-0.2878416850871694,0.3195953842576049,-0.5916158363477777,-0.5898833956700021,-0.013800977526668819,-0.5898833956700021,0.1668187625618743,-0.3364044782629614,0.3858070732374348,-0.19202962985162114,-0.1551525826939302,-0.32974190508887324,0.11376561307781245,-0.3516260775685599,-0.2948865638519709,0.40226705647345695,0.265055783186818,0.8368178959519057,0.1585438282826136,0.33386799038119125,-0.6501602129969186,-0.23753472216073884,0.15567735078475337,-0.509410571585108,0.2828754013688951,0.02523403337652451,-0.5087253140183554,0.18521512495557615,-0.1890511927325134,0.3883743181944927,-0.22318940001873347,-0.10410950754629435,-0.3946608942140537,0.10440754540269648,-0.24849300809677846,-0.3048889175904637,0.4111727257811789,0.15869139074418379,0.7298011602377743,-0.30457663626577774,0.2928313452166999,-0.6397218474925638,-0.22156785337083934,0.2695734143791645,-0.5665446838713782
-0.09640930711203155,0.23906966977033867,0.052083869847326984,0.05383562139519642,-0.3310872980670702,-0.19503863484420525,-0.19697350446511955,-0.7004348508552842,0.3189507516975559,0.3543845986099556,0.568823910148046,-0.03693788606784781,0.4411753580363998,-0.7221982590903232,0.016262716387396813,1.0,-0.4603523603298866,0.3962128285608237,-0.23471248873617803,-0.8215036995865562,-0.11517568813402206,-0.09353487392191923,0.3031595209546964,-0.09353487392191923,-0.07373109068324774,-0.5824397445304436,0.08460633291706679,-0.15532478020893734,-0.64025555678198,0.5060395885557842,0.15116324330572226,0.4037925308983151,0.3441137601075543,0.29166915366677665,-0.6483533481662231,0.10285137602773675,0.7117697470807371,-0.4424899271814247,0.2607282246245914,-0.2140359994200206,-0.8779438675306692,-0.09364944721960648,-0.021331330032678026,0.35758744339940474,-0.09887560062253498,-0.0284130372343611,-0.5950617969128108,0.08988762588435353,-0.1630773454232259,-0.6950730665664203,0.31916083840634196,0.18470220530129228,0.564067300333699,-0.48918244106790304,0.325582026416922,-0.713077582993006,0.13923312077278185,0.37546504264201463,-0.46366922244098036,0.2616746738094081,-0.1506035760021474,-0.7934826919188891,0.015271771886120986
0.34159983074926265,-0.26592901312332184,-0.4414889687585338,-0.015558147184986602,0.05503485668167434,0.09983205184988243,0.12957688375708323,0.2746829117750537,-0.42633890690121157,-0.30953181612183767,-0.6412309176456135,-0.5493748480662339,0.12524284625427587,0.5464755683491065,0.30152586419115845,-0.4603523603298866,1.0,-0.5769768918398825,0.07747545946468218,0.6556357975471115,-0.17123955311131506,-0.4514672819875061,-0.33604624470475913,-0.4514672819875061,0.17771100967554562,0.07969776944749943,-0.14619674274098346,-0.1622693769724761,0.2354879297495941,-0.5651184047390589,-0.11932608269386305,-0.4829857450057695,-0.44424750282381026,0.17746710103537333,0.1880320053585142,0.2639802213851457,-0.4431054326042982,0.9522052797165304,-0.5006044360659855,0.12162086797544423,0.40713066738520226,-0.08286280564209741,0.3163560739903917,-0.37946305605330616,-0.3698517154903636,0.16389363872712912,0.2562091779294769,-0.0892750400370014,-0.01844155179050211,0.258357713357525,-0.4343709918477555,-0.11111504739473432,-0.4501346172248375,-0.16421162909382592,0.18979979979748224,0.32962621204161474,0.24443156495600024,-0.5270533967316412,0.8792688307484311,-0.41180836985442393,0.13636321796054954,0.5693607928699456,-0.15764478723364522
-0.7828372212699573,0.05916751324721667,0.5121711882340889,-0.3321339619193178,0.1635705391579639,-0.6374545324277328,-0.3089462593940855,-0.08482197603070943,0.09597786583525672,0.45246176416663947,0.3836546358584043,0.6682685085984653,-0.3346400064035687,-0.47920779817856574,-0.7367634498035089,0.3962128285608237,-0.5769768918398825,1.0,0.31496904479123966,-0.6094871679156422,0.4420449616943892,0.6182491898077045,0.010936763931965866,0.6182491898077045,-0.39273069354434603,0.17410763298959012,-0.4208872564049073,0.22219088000686404,-0.03139812953059446,0.5509214409239246,0.2835870191776979,0.47988108973693083,0.6648011257827847,-0.34399030777847533,-0.4490054729639582,-0.5584882127882986,0.1746661023639913,-0.586417362505172,0.9435442905535802,0.2509639530343081,-0.42373025638637357,0.42936115842146266,-0.43499671641465354,-0.00951787147638974,0.6126694712990043,-0.4163121717494062,-0.10029830621542432,-0.4414573183923968,0.20373975701189337,-0.08904941156652528,0.6361740503604548,0.29780430070176306,0.4939590963197298,0.2846431153663542,-0.3778419333408725,-0.41936470491027644,-0.6318969502562558,0.6643095684452264,-0.4652095796808404,0.9131075162131191,0.23401045339716833,-0.48708560917931804,0.5623621315892333
-0.6268362453622931,-0.6941012771939915,-0.022401951614453717,-0.6982108722921829,0.8823007883534177,-0.31014026311930193,-0.5120583111171919,0.45756150210443675,-0.672656866610972,0.4714895395778772,-0.13074064858857185,0.5350428013423626,-0.2372373363580064,0.20515758788041105,-0.2878416850871694,-0.23471248873617803,0.07747545946468218,0.31496904479123966,1.0,0.29781031755709336,0.5755327115322306,0.08219619161107251,-0.8286163527803461,0.08219619161107251,-0.7428700389005126,0.7542389108797021,-0.4111690798636475,-0.26480708524614754,0.48761289103870964,-0.4834326675229352,0.5119938793767531,0.08356510159176511,0.3409575287400241,-0.08414805557931518,-0.03062490103871986,-0.4275286650213603,-0.38770914872773615,-0.06284296929610529,0.3129107655033947,0.9549820423150084,0.2519269510750962,0.620882536169489,-0.7445141462581469,-0.7897134679858882,0.12480177238839685,-0.7575200608659293,0.7017263923114961,-0.35742843338375885,-0.14783963412123202,0.4445257220195704,-0.08455543913177517,0.5090415273947582,0.04051366385020191,0.28149632082168846,-0.16637377658257044,0.1169415945099253,-0.46117267419579444,0.08048842594948653,0.2608713157048577,0.30718568529375756,0.928987672059689,0.35999517555877014,0.5689119395953659
0.3326056603056723,-0.34501094045491376,-0.3634936077579375,-0.019976396127528127,0.32429152004304757,0.2572548769202954,0.13434873198462166,0.5056725834411903,-0.470231101198102,-0.32536870626970277,-0.6387990592613195,-0.203699033581009,-0.23012798660471256,0.8287916331317023,0.3195953842576049,-0.8215036995865562,0.6556357975471115,-0.6094871679156422,0.29781031755709336,1.0,-0.12755555895255585,-0.2653699242522675,-0.453340131232784,-0.2653699242522675,0.03245031447410844,0.4624698577288902,-0.008660599837462014,-0.11206219390025504,0.5231273887212695,-0.7862965416125629,-0.08070603028852646,-0.5636333941066454,-0.4883305455464416,-0.07401241129407043,0.6646592844531279,0.1594390418532605,-0.5721477324970364,0.597858696068994,-0.47794567204274674,0.2580430882488048,0.9074936268755179,-0.13839945204337545,0.05161926441348332,-0.4949809455549596,-0.24879837704139146,-0.03556119720920698,0.5873988845018212,0.00857945467470698,0.03935976486037184,0.6074477651714433,-0.598629377082473,-0.08832162752604825,-0.6188668937752854,0.3305263287655498,-0.032244918014326274,0.7425768280694732,0.13993589853412589,-0.6392705100324162,0.7128378227109631,-0.49638927650953624,0.24392899835442206,0.9432964219364697,-0.2240173536997172
-0.6241038139146997,-0.3888010650896988,0.3386465549481634,-0.7000277702002424,0.5887156764792669,-0.21795713797358365,-0.4883427065453244,0.4867353123846736,-0.365383252978473,0.29226800098730465,0.14818119240788374,0.4804259770230294,-0.2646432186287001,-0.19078563095352213,-0.5916158363477777,-0.11517568813402206,-0.17123955311131506,0.4420449616943892,0.5755327115322306,-0.12755555895255585,1.0,0.21261916468589045,-0.38930407239493814,0.21261916468589045,-0.5556119928414354,0.37070088430687814,-0.22814595857322456,-0.2201476723553166,0.47538535208710925,-0.12243705330965164,0.21279203725940207,0.2401798066314268,0.3797622187214699,-0.1870681023082038,-0.28970607976749246,-0.5317846398675922,-0.2804584148499374,-0.23426297183518446,0.35353360433267406,0.5781562648018902,-0.0774144892488594,0.9409649897060948,-0.5362961573481422,-0.33190288912528454,0.16045473990439452,-0.523678924392789,0.3169664576803976,-0.22688465584878004,-0.18088861154565908,0.32433057366491824,0.07539120800013407,0.2000628787612921,0.23542502278790206,0.16565912074107236,-0.3223092991542976,-0.20784878993262443,-0.44090154401942705,0.10732003704540169,-0.08087520463496271,0.3505016118536048,0.531274050664419,-0.10176479308161507,0.8388748494413362
-0.384817950295879,0.3569885351127505,0.7427892445434732,0.18157006682342952,0.02381858452043872,-0.4459849232508586,0.2312542089597655,0.059830061076465955,0.32205770271075984,-0.14041395111803182,-0.11275468603774325,0.5827965351406563,-0.7065663129830735,0.09721607209843708,-0.5898833956700021,-0.09353487392191923,-0.4514672819875061,0.6182491898077045,0.08219619161107251,-0.2653699242522675,0.21261916468589045,1.0,0.22168478962964813,1.0,0.08665901742253503,0.36818365460172653,-0.37182945252375005,0.6622626583985132,0.02640956249590845,0.5170758273211356,-0.20737288729758827,0.1759313056216704,0.5378467261463772,-0.7554560960688977,0.1895129045797449,-0.5304579278410275,-0.15752764595386926,-0.47284871458558525,0.710086401790678,-0.023891919731525855,0.0818380331002879,0.16849428725203525,-0.0480673237601021,0.12230497727132275,0.9243124810369695,-0.0051782678356153584,0.13613108832416176,-0.40931879522773446,0.5289012579380674,0.13449899128214188,0.5093009763567968,-0.22183870654377244,-0.0060912623330134025,0.5668487940703328,-0.756997728309341,0.2227842185587785,-0.5254381324952031,0.5946377533950419,-0.47131517791307503,0.6676405647869841,-0.059453967289188454,-0.10431936475792025,0.30566232887524986
0.4192345803893981,0.8594853807394975,0.30208497320150823,0.7122046659138875,-0.7609405061907175,0.19357081231161488,0.49219408142333815,-0.4151924295442552,0.8246277805652331,-0.3943790038728227,0.35997165643704754,-0.23623344013537537,0.09545034770368835,-0.34259499994905074,-0.013800977526668819,0.3031595209546964,-0.33604624470475913,0.010936763931965866,-0.8286163527803461,-0.453340131232784,-0.38930407239493814,0.22168478962964813,1.0,0.22168478962964808,0.7364049278922438,-0.502401077055269,0.3980256805309805,0.4525222428773935,-0.3887448983176688,0.6688934140979451,-0.4612332107352352,0.20412956984258443,-0.01586837645025166,-0.12128169207308416,0.05399339779926226,0.11629065580489788,0.5099237682711488,-0.18952806291966506,0.01639430518357211,-0.7851559256619628,-0.2795765719234033,-0.42956284677366663,0.5966130733698719,0.9691674956818703,0.08774142084911978,0.7412973334649499,-0.5883940691708228,0.3580521641637824,0.3507103056396568,-0.374956515515001,0.33372790375125544,-0.4867115910211381,0.2971067513554993,-0.10672176073864344,-0.02392983681345343,-0.15102321522118572,0.252599824731044,0.17156383196344213,-0.4329779656103633,-0.025769511996600082,-0.7542962752130599,-0.45416528868201544,-0.3161193409686259
-0.384817950295879,0.3569885351127505,0.7427892445434732,0.18157006682342952,0.02381858452043872,-0.4459849232508586,0.2312542089597655,0.059830061076465955,0.32205770271075984,-0.14041395111803182,-0.11275468603774325,0.5827965351406563,-0.7065663129830735,0.09721607209843708,-0.5898833956700021,-0.09353487392191923,-0.4514672819875061,0.6182491898077045,0.08219619161107251,-0.2653699242522675,0.21261916468589045,1.0,0.22168478962964808,1.0,0.08665901742253503,0.36818365460172653,-0.37182945252375005,0.6622626583985132,0.02640956249590845,0.5170758273211356,-0.20737288729758827,0.1759313056216704,0.5378467261463772,-0.7554560960688977,0.1895129045797449,-0.5304579278410275,-0.15752764595386926,-0.47284871458558525,0.710086401790678,-0.023891919731525855,0.0818380331002879,0.16849428725203525,-0.0480673237601021,0.12230497727132275,0.9243124810369695,-0.0051782678356153584,0.13613108832416176,-0.40931879522773446,0.5289012579380674,0.13449899128214188,0.5093009763567968,-0.22183870654377244,-0.0060912623330134025,0.5668487940703328,-0.756997728309341,0.2227842185587785,-0.5254381324952031,0.5946377533950419,-0.47131517791307503,0.6676405647869841,-0.059453967289188454,-0.10431936475792025,0.30566232887524986
0.6453964203524736,0.6263786513396257,0.04719887898811112,0.8377977419424322,-0.6787763145860647,0.3100179481091399,0.5414124623273109,-0.255235755448994,0.5216576814750362,-0.6598274533796643,-0.15350896664523492,-0.5753142070505147,0.07217428115340933,0.1745650087878868,0.1668187625618743,-0.07373109068324774,0.17771100967554562,-0.39273069354434603,-0.7428700389005126,0.03245031447410844,-0.5556119928414354,0.08665901742253503,0.7364049278922438,0.08665901742253503,1.0,-0.336319564161016,0.38339238753639443,0.4541626259575586,-0.2281356328625478,0.26113168028571093,-0.5430330984119358,-0.16667753268234833,-0.34031979550967195,0.003452116861757702,0.43705039684553315,0.2505824400113856,0.3116416687640099,0.30345853069281464,-0.3016767864101431,-0.6888524172801613,0.10765858297654285,-0.545467828861254,0.8138478058772757,0.6789982716034477,0.010710925796353292,0.9544803325165571,-0.25389065245283754,0.34865311069826255,0.38853267151308424,-0.1274888561214359,-0.06614454684790237,-0.5715970252257806,-0.17594816887501202,-0.0833998403766441,0.11313010535216259,0.30112341772923956,0.40177223800047446,-0.09152725966079098,0.04873609849561885,-0.34449993127201267,-0.66498440188626,0.028930268229628676,-0.46112309315832317
-0.4000446073831911,-0.3251318711757333,0.19791886802094663,-0.30497190218611187,0.7405521753087801,-0.10349713669222828,-0.06220064833384076,0.619959037945714,-0.3352629390229175,0.06838516825516576,-0.28215726673479063,0.49622445261600984,-0.4115924156628507,0.44397252846891316,-0.3364044782629614,-0.5824397445304436,0.07969776944749943,0.17410763298959012,0.7542389108797021,0.4624698577288902,0.37070088430687814,0.36818365460172653,-0.502401077055269,0.36818365460172653,-0.336319564161016,1.0,-0.26135919013792613,0.151402040681531,0.5366083419937309,-0.311982569858198,0.20282495105566553,0.06110541583035423,0.26208080853471416,-0.2887732110493053,0.3979719130760412,-0.5248468581770822,-0.5132551396088361,-0.02150188222203223,0.27999074013131103,0.6908448277584057,0.5738603754932198,0.3953577658948431,-0.46096707363564143,-0.5350068269397588,0.3841567504810372,-0.3823832172599012,0.864320433442616,-0.2322924037271509,0.20493476436340943,0.645961993935541,0.04857019959383526,0.13911147532158627,-0.084849155745787,0.4866575876368156,-0.36549027272909207,0.501890549819541,-0.48245483446551357,0.08657781006718812,0.20116051985133418,0.26407386904665203,0.6417378834474211,0.5701137105825804,0.36363774415037015
0.3873265210547729,0.09633866321918853,-0.35075627179892716,0.2318627536183865,-0.29526496268986857,0.8713781081702667,-0.025898420248584096,0.04798518769148512,0.15884940245981433,-0.08478266086060282,0.3775668813791378,-0.3012937025630627,0.36492708234209836,-0.22517614698244537,0.3858070732374348,0.08460633291706679,-0.14619674274098346,-0.4208872564049073,-0.4111690798636475,-0.008660599837462014,-0.22814595857322456,-0.37182945252375005,0.3980256805309805,-0.37182945252375005,0.38339238753639443,-0.26135919013792613,1.0,-0.21892743050925373,-0.11082894155288679,-0.08074460425204183,0.030003327528001375,0.3487331534832785,-0.24509731817938737,0.41860368609161147,0.2673798281560317,0.38181329115296897,0.5054269425071879,-0.006525661111139096,-0.43810699460853125,-0.2643006790611938,-0.01941317597263696,-0.2203291610015026,0.1549502733392273,0.4803988630071505,-0.42401108484752603,0.43251541612348376,-0.14129260717502015,0.9402633847575885,-0.21661070479541802,0.10721354476484633,-0.339376023602453,-0.04908901357258354,0.19772598227260227,-0.20317484871754818,0.39493185416475896,-0.041051823221034074,0.510091400183497,-0.2772135113976234,-0.027710731725458505,-0.57203306259884,-0.24053142804159103,-0.017623313489079334,-0.2667132494545532
0.012957042695099143,0.5368053291771224,0.4297788606263004,0.47910234211412983,-0.30589856641119767,-0.27420806188845215,0.5457210043980784,-0.09519416565817443,0.5409636728154141,-0.2675764965188264,-0.26444197654959406,0.22792505516148842,-0.3688644950829703,0.21174678637266078,-0.19202962985162114,-0.15532478020893734,-0.1622693769724761,0.22219088000686404,-0.26480708524614754,-0.11206219390025504,-0.2201476723553166,0.6622626583985132,0.4525222428773935,0.6622626583985132,0.4541626259575586,0.151402040681531,-0.21892743050925373,1.0,-0.05600911226055573,0.5853768500217412,-0.19392438504321238,-0.06706624598135533,0.2354386290141548,-0.41475705673370716,0.3117562913594799,-0.034105251461684215,0.027891049820000853,-0.08975542561267484,0.40313345934307965,-0.28821814426774356,0.12178779864271265,-0.18179453885464075,0.40939300496141895,0.3704493737861963,0.595653848061726,0.4136572164529992,-0.024097191345298304,-0.2157447912724367,0.8696000194872404,0.046129081369556825,0.558831931257613,-0.22778151174906533,-0.10071773909524806,0.3893251010673218,-0.35248460950077903,0.30941586841641516,-0.11645465880586005,0.5197249989923929,-0.20205987506880202,0.3940177121257952,-0.3379234932938705,0.025713028513539883,-0.06644737298707237
-0.22632666338463325,-0.4065362756691831,-0.052887770173260296,-0.39055645281508594,0.4023549727973905,0.030381942115511897,-0.24266989459381197,0.5358461549629968,-0.4766476217000985,0.032217631492243805,-0.23166502584968937,0.2910689368117953,-0.41761920121600965,0.4510479734363453,-0.1551525826939302,-0.64025555678198,0.2354879297495941,-0.03139812953059446,0.48761289103870964,0.5231273887212695,0.47538535208710925,0.02640956249590845,-0.3887448983176688,0.02640956249590845,-0.2281356328625478,0.5366083419937309,-0.11082894155288679,-0.05600911226055573,1.0,-0.4731043850455679,0.19976009493381372,-0.21376368146879599,0.001027837946396658,-0.21958210648139534,0.35947452395049867,-0.17664054897689774,-0.3712730226220915,0.18335649550922983,0.015578781782816346,0.48400193916089884,0.600506379759763,0.46512398250831977,-0.26587672376845917,-0.3993101872985677,0.01931220585788846,-0.25200313318092,0.3997469711423093,-0.08999432188474135,0.02489227366256132,0.4651130701021296,-0.2274886798916567,0.17207377088823653,-0.12399404773686713,0.5098707130310093,-0.26588638597431385,0.39693279443549945,-0.1798277577457226,-0.165941406443555,0.3563055389838385,0.0005157878986553045,0.4442743103073909,0.5160074576298447,0.4101814516580373
-0.1719942779607179,0.6584848942082632,0.4897399832898255,0.32458352784738287,-0.4966736267144394,-0.33537228698601196,0.3107893596261265,-0.4165052095423088,0.7341543341747403,0.04671216802793003,0.3933297973848465,0.1786276163874536,0.03793088560031434,-0.5403834991539472,-0.32974190508887324,0.5060395885557842,-0.5651184047390589,0.5509214409239246,-0.4834326675229352,-0.7862965416125629,-0.12243705330965164,0.5170758273211356,0.6688934140979451,0.5170758273211356,0.26113168028571093,-0.311982569858198,-0.08074460425204183,0.5853768500217412,-0.4731043850455679,1.0,-0.10844951961523534,0.38613248720275023,0.3894732280254795,-0.13606602952794494,-0.3353576521318262,-0.12528725353103695,0.40958058830576843,-0.4653184559386835,0.5579693855619365,-0.4931498745716446,-0.5995223796090999,-0.14060768527721274,0.2383985922393377,0.6333280272100021,0.4767043003097949,0.29118649801454133,-0.5392886765062794,-0.1357277170446396,0.4517150460520264,-0.4465660488905617,0.8191633109108859,-0.13079814656999242,0.41213198523875033,-0.10571818069461142,-0.13204029675027418,-0.40755706430855276,-0.17370616151855509,0.6527713010963454,-0.6388465858554799,0.5961703102194481,-0.5162175330715644,-0.7002936454575753,-0.019987401606966614
-0.6002234478144954,-0.6665796458108283,-0.5271372437452193,-0.666819506723196,0.32801061215975175,-0.014645149884374833,-0.6451148928584405,0.19975598202172112,-0.49500192056776365,0.9194278554269945,0.26952461089280666,0.441800844773291,0.16265626546915052,-0.2811032568336218,0.11376561307781245,0.15116324330572226,-0.11932608269386305,0.2835870191776979,0.5119938793767531,-0.08070603028852646,0.21279203725940207,-0.20737288729758827,-0.4612332107352352,-0.20737288729758827,-0.5430330984119358,0.20282495105566553,0.030003327528001375,-0.19392438504321238,0.19976009493381372,-0.10844951961523534,1.0,0.33478812505712935,0.38808961975316253,0.3806861011315784,-0.21403306971903296,0.17304689461896078,0.26623478973657966,-0.07184927416659115,0.32914352105742534,0.6117918922558906,-0.16338216204421674,0.37946906715434126,-0.5149928664567412,-0.3675373393329601,-0.09538989087181508,-0.49324291590464625,0.09535659688983128,0.05485576044586056,-0.17988451066372332,0.22105587590396947,0.12520601283494212,0.9773490373792898,0.4114823965750836,0.03188203244290967,0.23547047712092006,-0.31519382513718686,-0.1485785712453796,0.3427323092062276,0.11950176399675211,0.2790467576972141,0.5655572535579879,0.014265982407136175,0.35258893354174525
-0.47492675828492703,0.0556830837416722,0.11988586015719281,-0.2219326261461854,0.026003402989612488,0.11254300869296288,-0.2829379972386576,0.04540631537550092,0.16112429148921067,0.4358387572926105,0.6772805989971185,0.3193883033988157,0.18801452141483815,-0.67487810299493,-0.3516260775685599,0.4037925308983151,-0.4829857450057695,0.47988108973693083,0.08356510159176511,-0.5636333941066454,0.2401798066314268,0.1759313056216704,0.20412956984258443,0.1759313056216704,-0.16667753268234833,0.06110541583035423,0.3487331534832785,-0.06706624598135533,-0.21376368146879599,0.38613248720275023,0.33478812505712935,1.0,0.4496246070805198,0.09856156045147249,-0.36700948404224004,-0.3340540967876928,0.36848088688029423,-0.3984611833661039,0.4126607482870698,0.20134093590320368,-0.4948364439042088,0.29431025046960074,-0.353090451226277,0.2735112287970996,0.13138995798476613,-0.10331821082841164,-0.11475596320995829,0.32902790270105114,-0.0903690317577996,-0.0065920548546347865,0.4206896643879612,0.26517628559175305,0.7182264468711494,-0.19345572998698976,-0.013852409414279341,-0.5560802400423012,-0.3263784056838018,0.41434425329257246,-0.3616371283645142,0.3794863670757857,0.22579093588665883,-0.4739997526323473,0.39250733366529517
