Fp1,Fz,F3,F7,FT9,FC5,FC1,C3,T7,TP9,CP5,CP1,Pz,P3,P7,O1,Oz,P8,TP10,CP6,CP2,C4,T8,FT10,FC6,FC2,F4,F8,Fp2,AF7,AF3,AFz,F1,F5,FT7,FC3,FCz,C1,C5,TP7,CP3,P1,P5,PO7,PO3,POz,PO4,PO8,P6,P2,CPz,CP4,TP8,FC4,FT8,F6,F2,AF4,AF8,O2,P4,C6,C2
1.0,-0.27199362846447256,0.09821943896183782,-0.10807598321331517,-0.08217153828231268,-0.03125935072373498,-0.02224032725414411,0.26928488943901796,0.41381477959622653,0.06814259112179911,-0.05743088168077472,-0.5496895994862879,-0.04320144249526901,0.03912716595717793,-0.03136533669141168,0.15736435898810464,-0.49383582926534403,0.21695416608591403,0.5968182710256553,-0.1928065409222503,-0.19024627799790542,0.024779777132366135,-0.16309581883756957,0.024779777132366135,-0.17031032776796556,-0.22039647744516294,-0.06438823772343462,-0.09198317710231914,0.3207369076972252,0.14489320736958558,-0.02447361340398852,-0.03807501258101688,-0.5770846312055327,-0.10924080424203599,-0.07086784976518991,-0.027496006647579112,0.13163786410166398,-0.3898597408279728,0.11735677569738658,0.6119171986506975,-0.20672848710008937,-0.18812018755135926,0.8858154467387773,-0.2227615892262752,-0.014393560395639613,-0.15534291813640896,-0.07126988659166232,-0.10252346419065542,-0.08972991013742138,0.30135615130860804,0.41618210126362615,-0.04638234214137048,-0.018250544706930005,-0.5243630948558,-0.07400868948011924,-0.062121558316243095,0.028352698645465725,0.18557490583053227,-0.39497548935929094,0.16423882365484074,0.7448736929877328,-0.22523511844424582,-0.15525395939551848
-0.27199362846447256,1.0,-0.24379685072380616,-0.42574709307310227,0.7469478940318848,-0.5911058313423901,-0.01333771135262958,0.02105983404586837,-0.010430642827999586,0.3265206338886428,-0.5525258028262305,0.21507056680966952,0.13597252636445872,0.17382471390544976,0.05235570750189958,-0.6743767022790317,0.34898900256883664,-0.6091606639659747,-0.040655853679369094,0.5164859777547475,-0.29910286090288424,-0.2935350916897073,0.6520577481423364,-0.2935350916897073,-0.3732666772694697,0.6383998123693663,-0.594477790533093,-0.1436946127208341,-0.0802256401991731,-0.0755353870887425,0.3304958390718299,-0.560920058493882,0.30591472021891664,0.0442497552163004,0.09384657643708215,0.03405045089920166,-0.7054233006308148,0.27113046548923464,-0.6071786204250038,0.037652792617725965,0.550459438915759,-0.335193775188713,-0.20567611067791627,0.9093188653861566,-0.32894221659068057,-0.39141939943351467,0.6244974509800901,-0.5494970441488196,-0.11303380252010282,-0.03638764614028573,-0.02188195573011373,0.3402924982230906,-0.5585613077572645,0.23560975556244534,0.08212598596264285,0.067020089620396,0.07039553752793529,-0.6336515550280328,0.3365624918732166,-0.5847046447535617,-0.027156195762036307,0.5068606646530158,-0.29499068171506126
0.09821943896183782,-0.24379685072380616,1.0,0.23843420093115308,-0.42954272869462645,0.27479448360228986,0.5782154650710792,0.27835836715811546,0.014643694968954813,-0.6002206501828714,0.4723837621228699,0.15894555381884562,-0.029145265838395124,0.6146967416248553,-0.6042903405226553,0.2850350732788088,-0.171601840278429,0.4731971188604966,-0.19252028274706065,-0.46780985182559326,0.06001772690240244,0.822369375577524,-0.08405448093354843,0.822369375577524,0.20754489353378427,-0.5240882363555441,0.3059054365637951,0.5179823218653823,0.40935667844763,0.07990464444150347,-0.585289761756359,0.5059245365031919,0.15436806424488828,0.044415623533861956,0.642756813869517,-0.5984582390984047,0.29835725045730027,-0.12394401036471187,0.4723306436668338,-0.18795673633733853,-0.553057596346971,0.0349167292663542,0.06218380819362585,-0.22902094890262134,0.898785307029209,0.27071729659522525,-0.320228876623855,0.2185133206785398,0.5582524150105217,0.23589336874847444,-0.006129121037598908,-0.5907539742841085,0.4755469002673446,0.09991948469116567,-0.11048050246922816,0.6542777300188868,-0.576277468849334,0.1897654310299414,-0.15795663203006508,0.45311065849737603,-0.1779982929414681,-0.5640224573036983,0.13147814835494945
-0.10807598321331517,-0.42574709307310227,0.23843420093115308,1.0,-0.19312129268551617,0.2171652324699489,0.03385741016817821,0.1616638921779607,0.01917449197477153,-0.11367929965853177,0.141520225373332,-0.13846138767715757,0.24794758604747552,0.060751326610339024,0.011763078338240928,0.20255290321584393,0.08542077901551856,0.1658118301510227,-0.3382546231544791,-0.2586706387893331,0.4697489154351439,0.19847520103622782,-0.5018532460499107,0.19847520103622782,0.9180011520809831,-0.20803180147352104,0.18663172354411833,0.05241661190674455,0.1487661272846803,-0.1717960269879683,-0.05521096931124615,0.12407606416974351,-0.18381615155509007,0.1810537203449292,0.15899911962586313,0.05613232431983584,0.21673451998712157,0.17931244423260945,0.18040957234276253,-0.317810913535762,-0.22276277920700713,0.41119368664081124,-0.0685509757302467,-0.46307067733300733,0.12847173403214499,0.969639018030596,-0.08839477839252127,0.18423667400952362,-0.0272714526881412,0.19749571561191984,0.05113409674323321,-0.06542225631857007,0.12480222826988527,-0.15124074762308018,0.2660926428296385,0.07686984740936936,0.0015676143724480983,0.15424248288097664,0.1245420370059462,0.19569014100797383,-0.23631666755206512,-0.198680756236612,0.4147924706245011
-0.08217153828231268,0.7469478940318848,-0.42954272869462645,-0.19312129268551617,1.0,-0.4223651391571467,-0.2456272819432669,-0.06554424327642704,0.000385824661509598,0.40974260743379376,-0.5887694119482784,0.028076015115002545,0.10400259543783448,-0.12560099044706877,0.3548355623761041,-0.588722952987643,0.3594834619922158,-0.561784226968008,0.15655885802480835,0.42511164071239904,-0.22866179585254323,-0.3848372525798779,0.5257706469723082,-0.3848372525798779,-0.21377115928180293,0.8248754489514962,-0.4694952160987528,-0.34823443114614755,-0.19214655889019525,-0.17191266475768394,0.42970592772101684,-0.6231142759030762,0.07032688555794224,-0.060857058991238375,-0.20731115284972051,0.35711882190088823,-0.610838226631059,0.3056999971619907,-0.5186159738255816,0.2209057035900611,0.4868847059866643,-0.29580080274948034,-0.08343584041925557,0.759327302030186,-0.5878583043196249,-0.22702684106682394,0.9342344191295622,-0.40009612955464524,-0.3267383455143209,-0.05120023771969347,-0.015176919084385582,0.3864476992762301,-0.5787175070335533,0.03406568084368354,0.09288388163479583,-0.2235341014334286,0.4214551810904314,-0.5331311318204952,0.364159368167626,-0.5086168681417654,0.23392171228934716,0.4626822202529496,-0.3114531537123659
-0.03125935072373498,-0.5911058313423901,0.27479448360228986,0.2171652324699489,-0.4223651391571467,1.0,-0.04738047184299046,-0.3300364301483768,0.12125364751252585,-0.6705275629227828,0.7871077791351756,0.3169726319625558,-0.2118150733011105,-0.1032393163369241,-0.22463547423344207,0.4934696348875623,-0.13345841957044213,0.7305306043293442,-0.17776390911860127,-0.7506785483725968,0.3588775487445081,0.32316014715832914,-0.35857614186785247,0.32316014715832914,0.035001781157519236,-0.4699391917474431,0.970881899123318,-0.08792013611443363,-0.25241623390383816,0.2692602026839187,-0.6519930449307834,0.7083308214148134,0.2108036260456178,-0.15532315612463635,-0.0406305816791562,-0.17595793075893443,0.540627225340785,-0.06627359981410634,0.7229903475266564,-0.1723022846357633,-0.7845564982362149,0.4117349170324246,-0.1963062616466586,-0.4743965267117571,0.3737098668784875,0.16083698392233567,-0.2768330476155872,0.9749358369068934,-0.0550153272421315,-0.24367087535552812,0.17419020227335283,-0.6589704638730467,0.790429224218401,0.2784985691581819,-0.20179623490994592,-0.07210875426681596,-0.1599919320632993,0.4647669582191856,-0.0753012205720358,0.7084822525209754,-0.1245158203267833,-0.7699403977576819,0.36675987816348155
-0.02224032725414411,-0.01333771135262958,0.5782154650710792,0.03385741016817821,-0.2456272819432669,-0.04738047184299046,1.0,0.4531445888872915,-0.26859302810151153,-0.32205051049347955,0.19099804781857427,0.2609032557475319,0.28994914093787444,0.13806346844350317,-0.6981208831201637,-0.1453270959238347,-0.3674586737199626,0.12356530922081989,-0.21731105237854287,-0.12306049008144317,0.15801807277126803,0.45194487130012784,0.1615107408112761,0.45194487130012784,-0.006703634825340364,-0.29518371071460997,-0.02452920060465625,0.8146061784616808,0.5568548155889949,-0.29819782527099015,-0.3198088856514228,0.22093334220657668,0.31288908832695234,0.27602612909165397,0.14937069230632474,-0.7249639556669544,-0.13718506127412647,-0.35452731154044326,0.07499737624594478,-0.1934510411700354,-0.19516183415109942,0.14174418199027958,-0.0722557363190373,0.07695436858838164,0.4479988661367612,0.025207123766190952,-0.23197394506280117,-0.07821276114226135,0.8685284170235507,0.3949064762000679,-0.28696700589780494,-0.33151538227553257,0.17519589691703422,0.20023587610400176,0.2639612011725346,0.13095179890965628,-0.6588734591820249,-0.20438750362146502,-0.3731725018095205,0.08629653313164391,-0.2175106522505094,-0.24633065058360162,0.1855478407032956
0.26928488943901796,0.02105983404586837,0.27835836715811546,0.1616638921779607,-0.06554424327642704,-0.3300364301483768,0.4531445888872915,1.0,-0.07971877423979276,0.07633692898188342,-0.27296406493920505,-0.22633861500299515,0.0318207698342597,0.08631423119593272,-0.24352422688217326,-0.12990033692966352,-0.11693974861198339,-0.11686415125161442,0.24906965771133435,-0.008392266682153555,-0.3544565245321641,0.005340867923258086,-0.11950363698106742,0.005340867923258086,0.18195673854473146,-0.07687623849151867,-0.3868433656754684,0.28765644848057303,0.9598003638149287,-0.2148391803534847,0.011963231299031957,-0.2697482735730635,-0.1892481703998673,-0.17939801810439177,0.06668955599465054,-0.24775820035299181,-0.1559193413281202,-0.11428611939425194,-0.26710473537273954,0.3056663721770834,0.01852855254248454,-0.3993547168525347,0.2823600640598049,0.005384254736234513,0.12441280660388757,0.1537742440550476,-0.13449169866562494,-0.42792888774149374,0.227915679621494,0.9791521760321094,-0.046100693111444206,0.004927535807608449,-0.28880181916679043,-0.2231265162369278,-0.02583406342989781,0.015646953735788255,-0.2217958583716433,-0.188037590838684,-0.09428282527207123,-0.2084389763013737,0.2592793673182483,-0.02975661307064299,-0.37197668109766546
0.41381477959622653,-0.010430642827999586,0.014643694968954813,0.01917449197477153,0.000385824661509598,0.12125364751252585,-0.26859302810151153,-0.07971877423979276,1.0,-0.11537100265775872,0.05791499877599848,-0.1258374713490187,-0.05425589425026012,0.297715147581362,-0.09706093937678047,0.023364451179777913,-0.04107673454503109,0.1057236783439652,0.04680383710159696,-0.1834673049411039,0.1681702048071601,-0.02995223936736939,-0.08520543012879098,-0.02995223936736939,-0.06551033226234534,-0.05442377290708463,0.07781920811587241,-0.3717977633268985,-0.11572976230550881,0.7027159704813916,-0.1525517228328641,0.05250635444513344,-0.17689329084237948,-0.0906670087292407,0.15969788094921736,-0.06467366369649115,0.029657279494504717,0.02237851248477747,0.07349328640216861,0.07226421877683911,-0.18906186356930693,0.1854872863525945,0.3539171050299567,-0.01795472674356334,0.04384836383086287,-0.038734358937013075,-0.038920028025957815,0.11248722363853153,-0.37752818187259807,-0.0663970094789353,0.970236123541072,-0.1287944803447363,0.05786501661521841,-0.10447696910876472,-0.1619212388708254,0.09393275211533474,-0.05591329046327663,0.03302750695687804,0.018705809655490627,0.011354071080862671,0.19882614498708182,-0.2043959532230351,0.20684899275490892
0.06814259112179911,0.3265206338886428,-0.6002206501828714,-0.11367929965853177,0.40974260743379376,-0.6705275629227828,-0.32205051049347955,0.07633692898188342,-0.11537100265775872,1.0,-0.7064067535996305,-0.3391349690909882,0.15451357565715296,-0.2011244095824955,0.6299461159559353,-0.16335074341854808,0.10986967140436364,-0.45579355234745617,0.3739834751112351,0.8005647371527393,-0.09940483113764202,-0.5589374518882769,0.23834115222739302,-0.5589374518882769,0.050672704462549546,0.5755427894716555,-0.6351913886253994,-0.21250944001703556,0.01121650972004291,-0.21943350097468953,0.9763034605526778,-0.7092049201570135,-0.31019232543998876,0.14122811951568032,-0.20419352262750778,0.5986669202018512,-0.201991787178174,0.11356321597092972,-0.46493980739159096,0.3296182455230635,0.8686918204932472,-0.1321187936660501,0.2645576895376199,0.28362386227127356,-0.6266591743388684,-0.05613005178744423,0.3138230308244934,-0.6269389515145992,-0.16055431932310052,0.10273952755049799,-0.14647398122889868,0.9692903495364225,-0.7111008144637659,-0.3092220156375276,0.1728232327500028,-0.2202663214497505,0.5760890633694457,-0.14280655348069807,0.10669217435710768,-0.447993574214607,0.35289962147114384,0.8523473428080224,-0.15466354344054753
-0.05743088168077472,-0.5525258028262305,0.4723837621228699,0.141520225373332,-0.5887694119482784,0.7871077791351756,0.19099804781857427,-0.27296406493920505,0.05791499877599848,-0.7064067535996305,1.0,0.3944499766681651,0.011749488076108072,-0.032824020453487014,-0.45839007114256053,0.4118151506002121,-0.18573218442882933,0.7382063545670441,-0.3017578314408025,-0.6518621310778878,0.4416598223451997,0.5327431681276591,-0.2649729526588542,0.5327431681276591,0.045034204363088665,-0.6369507255219555,0.8275102305963726,0.17933363566048946,-0.20048069389961617,0.32056204435264773,-0.6733856634352168,0.9512312057138887,0.3256416479279126,0.05981897268491124,0.03427019417142688,-0.44195977226902783,0.4466255416209431,-0.16503017447216295,0.7419713743990215,-0.31678496549602836,-0.7621599936342417,0.4664279589512005,-0.21926681773634393,-0.42910730740894487,0.6274495941440101,0.12053037068598299,-0.42172921119824447,0.7585348647246163,0.20313040126724383,-0.2663947641340903,0.08871200377718426,-0.6742414398767405,0.9877406416909731,0.3667706934103982,-0.06518346490842089,0.09482812951405377,-0.460450565329614,0.34342682381498124,-0.17058746535047478,0.7084902222219872,-0.3542916464953619,-0.7333365974341755,0.45882205711483715
-0.5496895994862879,0.21507056680966952,0.15894555381884562,-0.13846138767715757,0.028076015115002545,0.3169726319625558,0.2609032557475319,-0.22633861500299515,-0.1258374713490187,-0.3391349690909882,0.3944499766681651,1.0,0.05102208915857635,0.1229146761436671,-0.3648509535909939,-0.1812351747253161,0.04829777008245115,0.15716657303981252,-0.4209596201632991,-0.16562062943674172,0.2104719161050462,0.2460839191746138,0.38137093755230683,0.2460839191746138,-0.24524277460746868,-0.011717584316403299,0.3243849363014349,0.20227471144342263,-0.1851938958843461,0.011179206698896962,-0.3131418993376199,0.3261825807137875,0.9660657208159485,0.1038349309695434,0.1300977750501274,-0.3443472238933902,-0.12958168334993211,0.0557614175823071,0.21289783368082923,-0.43592365711727676,-0.177965971839534,0.22139392716537284,-0.5951212093063118,0.34757078304223255,0.2765163411032978,-0.18715718625485767,0.06105323109151361,0.3331666605961562,0.26269691888232616,-0.2628240363265865,-0.11404725929713326,-0.3129975856310463,0.3706492568720027,0.9730975510674235,-0.01862756955285283,0.10351082059173868,-0.34142077941761395,-0.19837078150034013,0.0891252093107827,0.18065653272368845,-0.4533348994264046,-0.1733754714570026,0.19593532778194375
-0.04320144249526901,0.13597252636445872,-0.029145265838395124,0.24794758604747552,0.10400259543783448,-0.2118150733011105,0.28994914093787444,0.0318207698342597,-0.05425589425026012,0.15451357565715296,0.011749488076108072,0.05102208915857635,1.0,-0.09401036626717067,-0.14257241599774367,-0.3637721012721261,-0.17566386906244968,-0.022379679446862224,-0.19334109852723166,0.2561878767536997,0.5661396055811156,0.06834219634258464,0.10279755519319503,0.06834219634258464,0.29326781118254996,0.15851811229707208,-0.20828204994886493,0.23653802821281547,0.008866793316640585,-0.23355375622560415,0.19428413326023072,-0.02373508312049035,0.08858410484663241,0.8156499525985842,-0.10334445774083727,-0.12109622508262569,-0.3743184347104858,-0.11318862633127533,0.006771361554725806,-0.18040405312458643,0.20518079339862735,0.5329422389251383,-0.03435976245713535,0.16743979255152464,-0.06804294347361087,0.2808520922742513,0.11899225597918477,-0.18547821781971688,0.2762102756991775,0.011936585929427404,-0.08048015556055951,0.19486259857992175,-0.0039726133006211806,0.04342316935085398,0.9139530590709237,-0.11342239337929498,-0.1428096311794575,-0.35798633490637344,-0.17155466244278558,0.044581977341435625,-0.12019215973312791,0.19130453661636432,0.5177303094440564
0.03912716595717793,0.17382471390544976,0.6146967416248553,0.060751326610339024,-0.12560099044706877,-0.1032393163369241,0.13806346844350317,0.08631423119593272,0.297715147581362,-0.2011244095824955,-0.032824020453487014,0.1229146761436671,-0.09401036626717067,1.0,-0.30644554988562483,0.03398562189645631,0.07093649426461053,0.09700093616384663,-0.05273925088528816,-0.014944299396227538,-0.1413565689251716,0.55838426202672,0.039832132897225446,0.55838426202672,0.15271068739768975,-0.12695501281205832,-0.07861752869172298,0.22193807830888915,0.15921076016749042,0.34435100859802914,-0.2274782205450137,0.08109005012717657,0.15012227807918133,-0.04597256556569344,0.9614289274976138,-0.2926841262747664,0.07875077673569045,0.13851497555827952,0.16227886984668358,-0.10113758427746779,-0.043052132113239605,-0.15313433965036066,0.21326998538470265,0.03290690967474738,0.6324187658047947,0.10066752303691888,-0.13024966882769132,-0.09249371872560232,0.18105554671310173,0.0439232838165233,0.23006512463935183,-0.18483277541702348,-0.016367102696770112,0.11024326092613135,-0.14985065173203035,0.9022667180583375,-0.3178412378775578,0.008867537926110334,0.08125761057632498,0.08817132251111583,-0.07424638597230984,-0.061598253387566346,-0.05983984801521908
-0.03136533669141168,0.05235570750189958,-0.6042903405226553,0.011763078338240928,0.3548355623761041,-0.22463547423344207,-0.6981208831201637,-0.24352422688217326,-0.09706093937678047,0.6299461159559353,-0.45839007114256053,-0.3648509535909939,-0.14257241599774367,-0.30644554988562483,1.0,0.17968740338310324,0.40829678615490206,-0.3957541323745478,0.3263242349844541,0.4888827180572176,-0.1755552771895209,-0.4955641448389271,0.040018989700933975,-0.4955641448389271,0.1294795219369523,0.4608727468370976,-0.24154079218383637,-0.5053346065811762,-0.3174777479318918,-0.17206415728110572,0.6477346330228612,-0.5052288388043124,-0.3780815764992804,-0.062321786413529326,-0.2829861915281492,0.9865718033374032,0.13591803320839785,0.39339857859633204,-0.32172185674559844,0.29052911798061687,0.527461938436185,-0.21095127445747597,0.1026052620923268,0.04721597074061056,-0.6260025713450501,0.061932192466684764,0.3517306019291915,-0.2101788505798701,-0.48739422152501066,-0.18670295824095082,-0.12092092255281639,0.6020597817471669,-0.4374915226310682,-0.33855177349124793,-0.05169518720662243,-0.26926310877917314,0.9767721428399742,0.19002726704529682,0.3781653161166034,-0.29865595288588614,0.2515820495218309,0.5472375008103058,-0.2616776804775346
0.15736435898810464,-0.6743767022790317,0.2850350732788088,0.20255290321584393,-0.588722952987643,0.4934696348875623,-0.1453270959238347,-0.12990033692966352,0.023364451179777913,-0.16335074341854808,0.4118151506002121,-0.1812351747253161,-0.3637721012721261,0.03398562189645631,0.17968740338310324,1.0,-0.06569431220196789,0.6198464207236472,0.19040206207139132,-0.32698105410833195,0.19738133962000975,0.22974579235920933,-0.31752930258068585,0.22974579235920933,0.22819805514075636,-0.3816716192971131,0.5722596103857859,0.1029079168230759,-0.037220661416046685,0.20498524684418543,-0.1604996162962564,0.44759255779746193,-0.225584563684247,-0.1662067448740997,0.12497121268996757,0.15085812798862616,0.9809960208870184,-0.019234679705307536,0.6339919575923638,0.07882619269218444,-0.3596521172695121,0.16273338151532163,0.24101267956494413,-0.590383193510594,0.3435634243591164,0.23867524962357364,-0.5084695631383904,0.4885074323785966,0.04577900976412978,-0.08161890977007286,0.032780574892145434,-0.17338800632796686,0.4451700519204659,-0.21917997085887586,-0.3271433677732966,0.1264254179819079,0.15610890725523166,0.961082017024126,-0.09992190599566382,0.63457224327663,0.08832905159036329,-0.3078163899045957,0.18992514909887326
-0.49383582926534403,0.34898900256883664,-0.171601840278429,0.08542077901551856,0.3594834619922158,-0.13345841957044213,-0.3674586737199626,-0.11693974861198339,-0.04107673454503109,0.10986967140436364,-0.18573218442882933,0.04829777008245115,-0.17566386906244968,0.07093649426461053,0.40829678615490206,-0.06569431220196789,1.0,-0.41219687606472116,-0.2360525027154178,0.30453032355268694,-0.13544509162715562,-0.08712376744325503,0.033014654867238244,-0.08712376744325503,0.21461917531658656,0.4232582399640862,-0.12718815960602214,-0.274380054704933,-0.24523958438692106,0.0070528513330923,0.16486633941843343,-0.2078668799541035,0.13141981771012104,-0.2053088176240161,0.0873968018019998,0.4092691526315657,-0.05046457989255886,0.9299255028421511,-0.30997796343788825,-0.2370337824896229,0.2953365409792839,-0.2038992920007313,-0.31805882481785364,0.25347109760698605,-0.1594319580360547,0.1293201382540734,0.37694489378722584,-0.08351668024095907,-0.3830485344027609,-0.11699491103301093,-0.051308779255571604,0.16203440884925532,-0.19157134025473888,0.05606048813677999,-0.15854428966694498,0.07054082891200651,0.3511269107973635,-0.07138269138416639,0.9436066983652149,-0.3872833855894667,-0.3819090826788143,0.2885439601933989,-0.21136396668989854
0.21695416608591403,-0.6091606639659747,0.4731971188604966,0.1658118301510227,-0.561784226968008,0.7305306043293442,0.12356530922081989,-0.11686415125161442,0.1057236783439652,-0.45579355234745617,0.7382063545670441,0.15716657303981252,-0.022379679446862224,0.09700093616384663,-0.3957541323745478,0.6198464207236472,-0.41219687606472116,1.0,0.0346685403823109,-0.6013367640398516,0.4241860303327009,0.4959125514817171,-0.30094480019247405,0.4959125514817171,0.09521988230769203,-0.49651983735627814,0.7630357533925116,0.22441744172781158,-0.018157443094581095,0.31029764670774135,-0.48431641554319677,0.7733649292987763,0.09219299792295534,-0.036955378164653885,0.14974765683910216,-0.38904781251286774,0.6414457152630884,-0.31212415870069327,0.950008028904207,-0.03239623820114871,-0.6434995622460596,0.4208930353435628,0.11281677344682553,-0.49502196804732634,0.5874480593237332,0.15747772004222807,-0.43278939863089055,0.699396713923827,0.22510816452008658,-0.050578993984595685,0.1457565863508689,-0.4787629411551459,0.7604384646889903,0.13093014075955,-0.12726864174039718,0.1595161145183188,-0.3773450157597893,0.5718028356343082,-0.365740786607742,0.941165211471209,0.0752314640864132,-0.6108483222882954,0.4366193400295587
0.5968182710256553,-0.040655853679369094,-0.19252028274706065,-0.3382546231544791,0.15655885802480835,-0.17776390911860127,-0.21731105237854287,0.24906965771133435,0.04680383710159696,0.3739834751112351,-0.3017578314408025,-0.4209596201632991,-0.19334109852723166,-0.05273925088528816,0.3263242349844541,0.19040206207139132,-0.2360525027154178,0.0346685403823109,1.0,0.1016840375602198,-0.4336518327970644,-0.21681913695753113,0.013463246281053042,-0.21681913695753113,-0.2837401895528491,0.20308763347301995,-0.1963919404643589,-0.15461574474463569,0.22440365703553972,0.15746705795853239,0.29407128661957277,-0.2715175128397562,-0.4440769182411824,-0.32628151408993017,-0.14487362180091226,0.2958719584912419,0.15885297919318236,-0.29304827953090445,-0.021251515527062493,0.965432896114321,0.15974995091745875,-0.442702747396467,0.6367095121976851,-0.004127797131745991,-0.16966162207630894,-0.3511365513469698,0.074634020577596,-0.20820683745991378,-0.2059385011070707,0.28602829646665373,0.04310212907421521,0.2783144844215677,-0.25238978122537775,-0.41608087182153064,-0.22603123049177037,-0.1296665515794004,0.3689984670758219,0.22347743159919142,-0.27077575712798424,-0.015744832882681352,0.891106797201148,0.1704760697200615,-0.46697419380792904
-0.1928065409222503,0.5164859777547475,-0.46780985182559326,-0.2586706387893331,0.42511164071239904,-0.7506785483725968,-0.12306049008144317,-0.008392266682153555,-0.1834673049411039,0.8005647371527393,-0.6518621310778878,-0.16562062943674172,0.2561878767536997,-0.014944299396227538,0.4888827180572176,-0.32698105410833195,0.30453032355268694,-0.6013367640398516,0.1016840375602198,1.0,-0.09970157456606452,-0.37691065132348933,0.35762232168617114,-0.37691065132348933,0.0016859383826994853,0.5865157376403182,-0.7077873043393884,0.03970944212745388,-0.08028050830828934,-0.22712795671492572,0.8078636740771499,-0.5985846470781024,-0.06249791647809898,0.2403745274159866,-0.015349672712176337,0.4470279377734723,-0.34075835477460137,0.30189207925057704,-0.5534441055620143,0.03555815839747553,0.9706193321959955,-0.14258542913755803,0.04548604023209864,0.4379824632820267,-0.4722516442157543,-0.17984259872157796,0.3368947550901136,-0.6786149789996823,0.0484381851564814,-0.013303285339554438,-0.28712368660986076,0.8104271757423682,-0.6680309144384599,-0.1633426138818061,0.2647360291496986,-0.021514840034929723,0.42397614689479524,-0.3208060617879125,0.2590002081211388,-0.56275690224868,0.008258374105258717,0.9387725592386106,-0.14602817176465951
-0.19024627799790542,-0.29910286090288424,0.06001772690240244,0.4697489154351439,-0.22866179585254323,0.3588775487445081,0.15801807277126803,-0.3544565245321641,0.1681702048071601,-0.09940483113764202,0.4416598223451997,0.2104719161050462,0.5661396055811156,-0.1413565689251716,-0.1755552771895209,0.19738133962000975,-0.13544509162715562,0.4241860303327009,-0.4336518327970644,-0.09970157456606452,1.0,0.17305635782423065,-0.06704378629016967,0.17305635782423065,0.4179426517389418,-0.09536094995025347,0.41532524929949616,0.21143759485899025,-0.3165776091080049,0.08850166100317876,-0.03311826890391803,0.42298686785630174,0.19264811291313502,0.5878948815868673,-0.07825910335627403,-0.16296911279768836,0.21505385485890374,-0.03155140656374681,0.45709352079599747,-0.4751096572265655,-0.14611929937738347,0.9730573308349256,-0.18974138346887892,-0.18991090822469647,0.09632344428747684,0.45512349956779735,-0.14749812773135032,0.41674609423796505,0.25398487265984987,-0.31741733506138675,0.15010898511426995,-0.018142542453118946,0.4212019280991278,0.19869571814703418,0.5263126870453466,-0.11444744163946538,-0.1911384432323279,0.179255240412142,-0.11500610684528027,0.45798383763530104,-0.3461269664220685,-0.11946044021452365,0.9662131553818541
0.024779777132366135,-0.2935350916897073,0.822369375577524,0.19847520103622782,-0.3848372525798779,0.32316014715832914,0.45194487130012784,0.005340867923258086,-0.02995223936736939,-0.5589374518882769,0.5327431681276591,0.2460839191746138,0.06834219634258464,0.55838426202672,-0.4955641448389271,0.22974579235920933,-0.08712376744325503,0.4959125514817171,-0.21681913695753113,-0.37691065132348933,0.17305635782423065,1.0,-0.17221204137667853,1.0,0.1969736979317985,-0.4081586657420058,0.3741290069319592,0.5725884292441763,0.12994186353708828,0.12509850688743737,-0.5348136732668868,0.606902536700856,0.28039741122221,0.09771810654765978,0.5938425338646043,-0.49481406429794184,0.3091890579657592,0.002703586167500922,0.53775369943755,-0.28242587476333697,-0.4660002356954003,0.14523945937885158,-0.012122943495087572,-0.2777027339538337,0.853335618078812,0.19242054080874868,-0.18488455724161867,0.3277238548561002,0.5258304664120723,-0.03234106059608711,-0.04960541816369754,-0.5334931780604941,0.5409493783344206,0.22136764284080523,-0.045886428140525244,0.6601422936334322,-0.48506135784985044,0.14806171953270517,-0.03782970465568073,0.47433937582397573,-0.22669004333965506,-0.44112980800070517,0.2068779973106802
-0.16309581883756957,0.6520577481423364,-0.08405448093354843,-0.5018532460499107,0.5257706469723082,-0.35857614186785247,0.1615107408112761,-0.11950363698106742,-0.08520543012879098,0.23834115222739302,-0.2649729526588542,0.38137093755230683,0.10279755519319503,0.039832132897225446,0.040018989700933975,-0.31752930258068585,0.033014654867238244,-0.30094480019247405,0.013463246281053042,0.35762232168617114,-0.06704378629016967,-0.17221204137667853,1.0,-0.17221204137667853,-0.5109244327727661,0.4827160670167905,-0.3263239423699448,0.04811511485124447,-0.10135113098677742,-0.11183771224491065,0.23251771393768678,-0.2853576792186706,0.4144283379370652,0.2537048215715643,-0.02157492528975402,-0.004108118438163817,-0.3814366198205825,-0.04756548331295716,-0.2466762856830964,0.03873870148897241,0.3435278129130416,-0.11464192834294808,-0.10862043356336717,0.8547669636400226,-0.2045151770322011,-0.48484094227222974,0.40997296646755893,-0.3449701795605188,0.2338921927460719,-0.18775499366161094,-0.12067711511002266,0.2054466447764238,-0.286156723161689,0.35399560505705596,0.08999983506567114,0.0030324037402782527,0.050876169985376925,-0.32977634149853413,-0.030184350905412848,-0.21277388996803667,-0.016954017896323312,0.31812144808253223,-0.10571805608675762
0.024779777132366135,-0.2935350916897073,0.822369375577524,0.19847520103622782,-0.3848372525798779,0.32316014715832914,0.45194487130012784,0.005340867923258086,-0.02995223936736939,-0.5589374518882769,0.5327431681276591,0.2460839191746138,0.06834219634258464,0.55838426202672,-0.4955641448389271,0.22974579235920933,-0.08712376744325503,0.4959125514817171,-0.21681913695753113,-0.37691065132348933,0.17305635782423065,1.0,-0.17221204137667853,1.0,0.1969736979317985,-0.4081586657420058,0.3741290069319592,0.5725884292441763,0.12994186353708828,0.12509850688743737,-0.5348136732668868,0.606902536700856,0.28039741122221,0.09771810654765978,0.5938425338646043,-0.49481406429794184,0.3091890579657592,0.002703586167500922,0.53775369943755,-0.28242587476333697,-0.4660002356954003,0.14523945937885158,-0.012122943495087572,-0.2777027339538337,0.853335618078812,0.19242054080874868,-0.18488455724161867,0.3277238548561002,0.5258304664120723,-0.03234106059608711,-0.04960541816369754,-0.5334931780604941,0.5409493783344206,0.22136764284080523,-0.045886428140525244,0.6601422936334322,-0.48506135784985044,0.14806171953270517,-0.03782970465568073,0.47433937582397573,-0.22669004333965506,-0.44112980800070517,0.2068779973106802
-0.17031032776796556,-0.3732666772694697,0.20754489353378427,0.9180011520809831,-0.21377115928180293,0.035001781157519236,-0.006703634825340364,0.18195673854473146,-0.06551033226234534,0.050672704462549546,0.045034204363088665,-0.24524277460746868,0.29326781118254996,0.15271068739768975,0.1294795219369523,0.22819805514075636,0.21461917531658656,0.09521988230769203,-0.2837401895528491,0.0016859383826994853,0.4179426517389418,0.1969736979317985,-0.5109244327727661,0.1969736979317985,1.0,-0.10028289461088231,0.04235808457613795,0.14018092728182044,0.15653191993419457,-0.13604353155928262,0.11070266984967984,0.08440654367500854,-0.24052935331081635,0.20915420110816826,0.273662165470101,0.1628205046718339,0.24809035941969518,0.3108742035447906,0.15154176676289388,-0.3191619106700169,0.0014019173144900689,0.3437363699385381,-0.022157099661907993,-0.46629365214862595,0.15730470318870576,0.9525566962325365,-0.13247101412252557,0.02615238163627453,0.028752068117961743,0.22156495751949537,-0.07144503644728367,0.10619967285344062,0.04350866299534885,-0.24305427054627846,0.32995596288584533,0.2155407594868277,0.0764161756890524,0.18788353348829465,0.21732969076978903,0.1361567256557431,-0.27998541768165813,0.015749671528497315,0.3599078602346263
-0.22039647744516294,0.6383998123693663,-0.5240882363555441,-0.20803180147352104,0.8248754489514962,-0.4699391917474431,-0.29518371071460997,-0.07687623849151867,-0.05442377290708463,0.5755427894716555,-0.6369507255219555,-0.011717584316403299,0.15851811229707208,-0.12695501281205832,0.4608727468370976,-0.3816716192971131,0.4232582399640862,-0.49651983735627814,0.20308763347301995,0.5865157376403182,-0.09536094995025347,-0.4081586657420058,0.4827160670167905,-0.4081586657420058,-0.10028289461088231,1.0,-0.4443761492379261,-0.1861345753038333,-0.18159799858774497,-0.04821753933738475,0.6055093777106781,-0.6080014319588084,0.06863991077048304,0.06086009161826441,-0.16089858836431367,0.4574752574438769,-0.38404693092241193,0.4066800991460447,-0.4126787527108127,0.16234827439354638,0.6565363237302003,-0.16637462414847823,-0.07441127565614193,0.6402352402003247,-0.5458376340345197,-0.1857122430362579,0.7022974261532515,-0.37602932742434153,-0.2294323119360219,-0.058834461816024405,-0.07127962783079073,0.5892961807025179,-0.6227590986883191,0.004224208473008213,0.18158968756883087,-0.16887530373977688,0.4701121296950197,-0.2927472845839751,0.4096208232943357,-0.45709586781541695,0.19255853049442284,0.6577113854977586,-0.17672780885324713
-0.06438823772343462,-0.594477790533093,0.3059054365637951,0.18663172354411833,-0.4694952160987528,0.970881899123318,-0.02452920060465625,-0.3868433656754684,0.07781920811587241,-0.6351913886253994,0.8275102305963726,0.3243849363014349,-0.20828204994886493,-0.07861752869172298,-0.24154079218383637,0.5722596103857859,-0.12718815960602214,0.7630357533925116,-0.1963919404643589,-0.7077873043393884,0.41532524929949616,0.3741290069319592,-0.3263239423699448,0.3741290069319592,0.04235808457613795,-0.4443761492379261,1.0,0.0030934176685849376,-0.28881287539863165,0.3241429209367537,-0.5984338864041686,0.7712571188263272,0.23628367297020791,-0.09107241413027566,0.015331928174504217,-0.20130240886378423,0.6257791424206735,-0.05369457285648646,0.7786233659731967,-0.22662489604738573,-0.75187949486076,0.4581393826799774,-0.18087502345605191,-0.4838018459290032,0.43829594741721006,0.1499223154619727,-0.32762956536224863,0.9785941071124007,0.021932751808467994,-0.3101223373944624,0.13210110501902173,-0.5981782332752807,0.8341461192790717,0.28999329623109926,-0.1790687504781247,0.007025580363499478,-0.19857031256568775,0.555092523512741,-0.0716694560769256,0.7517826995719574,-0.17686387896244454,-0.7239356740975146,0.43657592134662687
-0.09198317710231914,-0.1436946127208341,0.5179823218653823,0.05241661190674455,-0.34823443114614755,-0.08792013611443363,0.8146061784616808,0.28765644848057303,-0.3717977633268985,-0.21250944001703556,0.17933363566048946,0.20227471144342263,0.23653802821281547,0.22193807830888915,-0.5053346065811762,0.1029079168230759,-0.274380054704933,0.22441744172781158,-0.15461574474463569,0.03970944212745388,0.21143759485899025,0.5725884292441763,0.04811511485124447,0.5725884292441763,0.14018092728182044,-0.1861345753038333,0.0030934176685849376,1.0,0.4056136427295789,-0.2185373258676905,-0.19145339667890063,0.31865337374106245,0.31378777140789355,0.2677501403379362,0.2953083113148174,-0.5435619401863948,0.1543479112732058,-0.18997012187848902,0.24148747362917478,-0.2643710872049683,-0.034103805577396125,0.13997480171868545,-0.03375608689692421,-0.07881262854788514,0.5143571600585486,0.06809475365304296,-0.33152056670145824,-0.0653257426202631,0.8913959320142062,0.23892136179877013,-0.3888015881961584,-0.18761238676656447,0.19597294343199323,0.1732986504882096,0.22883281418756554,0.33412676920272266,-0.5190966345551196,0.0851452226020867,-0.2671631090468217,0.22538408679798003,-0.22253402797776445,-0.021187563570393447,0.2145198064546677
0.3207369076972252,-0.0802256401991731,0.40935667844763,0.1487661272846803,-0.19214655889019525,-0.25241623390383816,0.5568548155889949,0.9598003638149287,-0.11572976230550881,0.01121650972004291,-0.20048069389961617,-0.1851938958843461,0.008866793316640585,0.15921076016749042,-0.3174777479318918,-0.037220661416046685,-0.24523958438692106,-0.018157443094581095,0.22440365703553972,-0.08028050830828934,-0.3165776091080049,0.12994186353708828,-0.10135113098677742,0.12994186353708828,0.15653191993419457,-0.18159799858774497,-0.28881287539863165,0.4056136427295789,1.0,-0.2419830934936333,-0.0525600154988204,-0.1883460259212074,-0.1480373017078056,-0.08748938676841886,0.15584442763525438,-0.3118118830082476,-0.05103905310815717,-0.20010869294392436,-0.15502218054692918,0.2647578795177313,-0.06380431881236538,-0.3418769853240736,0.3185953545402621,-0.06738897998600339,0.24809374617867197,0.15327925070634835,-0.25223664702039816,-0.3397267167377614,0.38955818295247047,0.9420090331310904,-0.0814661811171366,-0.06272672691236658,-0.20786113069553064,-0.1784657128654133,-0.027393232309662698,0.10803828937211532,-0.28603851988510415,-0.08499255752970936,-0.19290994394274671,-0.09928891786264285,0.26664735410389434,-0.11991594955051431,-0.3025494439445487
0.14489320736958558,-0.0755353870887425,0.07990464444150347,-0.1717960269879683,-0.17191266475768394,0.2692602026839187,-0.29819782527099015,-0.2148391803534847,0.7027159704813916,-0.21943350097468953,0.32056204435264773,0.011179206698896962,-0.23355375622560415,0.34435100859802914,-0.17206415728110572,0.20498524684418543,0.0070528513330923,0.31029764670774135,0.15746705795853239,-0.22712795671492572,0.08850166100317876,0.12509850688743737,-0.11183771224491065,0.12509850688743737,-0.13604353155928262,-0.04821753933738475,0.3241429209367537,-0.2185373258676905,-0.2419830934936333,1.0,-0.22489255181255538,0.3857833118432417,-0.017499419859114955,-0.2419739788075591,0.3074959633157062,-0.15071575668703613,0.25618694145794907,0.0055318806162357945,0.3304155083864224,0.10722832799915408,-0.25042342206536966,0.11447923102437099,0.18440526515266403,-0.10443791702803128,0.32860811419844566,-0.1813349838183012,-0.235875235178665,0.32003388733764987,-0.30159331360516184,-0.2072736619923952,0.6977173379102418,-0.1703049155938461,0.32683946387382684,0.03528466976180133,-0.30407714793043916,0.3373249469723164,-0.18027774995002183,0.22621141100707798,-0.00346121252633401,0.22221796845833783,0.09060202184067163,-0.22795197490300953,0.13365046053175347
-0.02447361340398852,0.3304958390718299,-0.585289761756359,-0.05521096931124615,0.42970592772101684,-0.6519930449307834,-0.3198088856514228,0.011963231299031957,-0.1525517228328641,0.9763034605526778,-0.6733856634352168,-0.3131418993376199,0.19428413326023072,-0.2274782205450137,0.6477346330228612,-0.1604996162962564,0.16486633941843343,-0.48431641554319677,0.29407128661957277,0.8078636740771499,-0.03311826890391803,-0.5348136732668868,0.23251771393768678,-0.5348136732668868,0.11070266984967984,0.6055093777106781,-0.5984338864041686,-0.19145339667890063,-0.0525600154988204,-0.22489255181255538,1.0,-0.6822646994663875,-0.2784949645291916,0.21476748669188792,-0.19700217808414783,0.6287210384528791,-0.18927246798135855,0.17687961267634383,-0.46350725410674026,0.24866410656688273,0.8720760418679766,-0.07304539193140039,0.18090148542450124,0.284864005825936,-0.6226249424241309,0.008324574625995212,0.3420082195817291,-0.5888164395757804,-0.14739194609738868,0.04082276859030412,-0.1811204864626835,0.989733405238403,-0.6771403452301819,-0.2919535409284576,0.2407258324458168,-0.19466337953827648,0.6006468518742897,-0.12799557010394683,0.17105531877369923,-0.4437246953736037,0.28008071399952295,0.8674817693826756,-0.08853571570303267
