Fp1,Fz,F3,F7,FT9,FC5,FC1,C3,T7,TP9,CP5,CP1,Pz,P3,P7,O1,Oz,P8,TP10,CP6,CP2,C4,T8,FT10,FC6,FC2,F4,F8,Fp2,AF7,AF3,AFz,F1,F5,FT7,FC3,FCz,C1,C5,TP7,CP3,P1,P5,PO7,PO3,POz,PO4,PO8,P6,P2,CPz,CP4,TP8,FC4,FT8,F6,F2,AF4,AF8,O2,P4,C6,C2
1.0,0.5240986515866581,0.4539417491314498,0.8145947752589585,-0.16090787643349763,0.580090489515504,0.48747029413543574,-0.36249327399638553,0.2747204771619125,-0.5929467665343668,-0.07491196151444472,-0.08769284990911223,0.23392972554300956,0.3331329206831444,0.5819197969303215,0.2724955016216527,-0.3751206571224599,-0.45952210536270094,-0.2686510091623878,-0.24982023966078348,0.11302818541222898,0.40471330256665655,0.40481176924333195,0.40471330256665655,0.6533274219704551,-0.09279288236752138,0.43307844750705676,0.4435227990763172,-0.3054229404505689,0.18025613530685433,-0.43386249220684675,0.038741918076480954,0.02168653665294781,0.21437929404662373,0.29148496952591274,0.47369559481821805,0.23644494571351476,-0.39359226958333887,-0.4947473107992106,-0.3938918071241982,-0.3032548858060086,-0.039058200935642634,0.8822926686361015,0.4420218830301434,0.31427766079028796,0.7475882191373621,-0.29303465355770736,0.5380501573016354,0.4116848802812118,-0.4194605046922479,0.08232586080253732,-0.5883742760098294,-0.007434091765324231,-0.001152882661861682,0.2180002099383083,0.32280352534861345,0.5586376356060613,0.3983551803643336,-0.33713119938650077,-0.4059986941623077,-0.3914035242216476,-0.28290354151294944,-0.023369317834992957
0.5240986515866581,1.0,0.7238898642207221,0.3820564671922657,-0.2803702641548812,0.2874788092312754,0.010347583279365871,0.2801915197962462,0.6517132573973934,-0.6256589125389884,0.4547616129449577,0.20242587043303847,-0.018980774822560414,-0.1643591493556545,0.24532965400259457,-0.024604427295693385,-0.41396329192506776,0.10254159224680279,-0.5472336381368568,-0.588781730226668,0.650452834153763,0.722108272919022,0.8722456152396718,0.722108272919022,0.30467343472410563,-0.20175501707906723,0.24668482873101438,0.13061825194202353,0.18152914979967144,0.546471007666841,-0.511423131945345,0.48457504396828055,0.2663724054030313,0.020628183600635307,-0.08238773463822463,0.05059841409559506,0.1629776236874508,-0.39331617099859195,0.11869711886154717,-0.6624338318520578,-0.5589326447838747,0.5843438180034062,0.6388226822948646,0.9499221141156762,0.689581054173533,0.2746973481306224,-0.2923090014386655,0.24938140681173465,0.03087210944526668,0.14266898761200392,0.541098651542764,-0.6656719493217484,0.4551631762586987,0.25909439477920915,0.018061502523089676,-0.07072455613288131,0.23324996580200194,-0.05715489655957063,-0.3366648611161922,0.1783099026001295,-0.6458608373503691,-0.5342373675257447,0.5389517166846174
0.4539417491314498,0.7238898642207221,1.0,0.32459087947152354,-0.05246326042529422,0.509509469484289,0.4039733706848154,0.26349577695321014,0.7156444139364955,-0.3879367890372953,0.6031184913138895,0.49914772170497707,0.07387639539557052,-0.2498061222468889,0.24128084534607758,0.22874106208993317,-0.08354922209576326,0.11085597802055347,-0.27441069417713393,-0.4538211870754493,0.6888335894938127,0.9072285332023639,0.6257248529635799,0.9072285332023639,0.23578408023244443,0.029291057649266296,0.41634154499193127,0.5413022160342694,0.23058439087538968,0.5231440361401022,-0.29694397435105474,0.509373980850816,0.49359465220945087,0.03344854924764331,-0.14481982178411,0.09271917567636297,0.44181301516663307,-0.09688476883807623,0.10634602969347101,-0.3643135238652358,-0.504570277622807,0.6287186211958916,0.4888354324341856,0.6573655745191083,0.8514128624555333,0.18841813664493431,-0.11527724231583618,0.47130149220307194,0.3591089931534687,0.20150405925533507,0.5153915723542098,-0.402949386482882,0.6130920332970154,0.5029910753519257,0.06639401007612714,-0.22768037406491015,0.12529909519672355,-0.17330354437017187,-0.008693666303141535,0.14280454711170695,-0.390902201914686,-0.39061120725995874,0.5688516642596573
0.8145947752589585,0.3820564671922657,0.32459087947152354,1.0,-0.048071130877499924,0.6100392957418058,0.5059164718254054,-0.5622237426994119,0.08478032547190463,-0.5337911027577298,-0.14432843050697333,-0.16339251863919632,0.3065485289806882,0.5326271437702476,0.6444822319570866,0.2510385050204114,-0.23281309837363984,-0.5345791496284262,-0.12683266485913988,-0.059977036681194106,0.040576565853969036,0.34071970093671283,0.3482821297985705,0.34071970093671283,0.8740466719306731,-0.04297941992970189,0.5371710783292685,0.4180418540229017,-0.41682044591941986,0.1250098536087155,-0.3338469149510015,0.12303154687998508,0.0234259948814777,0.22434515056722734,0.5129995621221279,0.5205827583623859,0.21281973648522223,-0.3045264542388667,-0.5493724341343851,-0.230922058661844,-0.07708778610207327,-0.13248961424017236,0.7696781576715304,0.30243071128503696,0.2522114235213197,0.9467911338525553,-0.16993922816149185,0.5816609269808165,0.4899730546358915,-0.6147127565898383,-0.014512080634917712,-0.5126069791913026,-0.05660134323842657,-0.027995609901772283,0.29876036395877587,0.5427726634067102,0.7169481766678033,0.5796621280930416,-0.22899596554626067,-0.49341154514593655,-0.2689801532312165,-0.11330319556531604,-0.0995308471155909
-0.16090787643349763,-0.2803702641548812,-0.05246326042529422,-0.048071130877499924,1.0,-0.21305331976919412,0.37646941632743197,0.3407347443518211,0.15114725305025575,0.30780143931545284,0.06397411592154559,-0.2531060638475454,0.5156114784937058,0.41144465991417034,-0.07024500274909312,-0.20605038119416497,0.7964372854137028,0.3244759806005936,0.7145740436588778,0.5765108445508801,-0.1708004774121582,-0.0929088601593498,-0.26210053601917954,-0.0929088601593498,0.047625693922449884,0.9018184817999848,-0.17518120220701228,0.25850092390045726,0.3473756414280079,0.18096911906732815,0.33016897566598385,0.2067350958803577,-0.08835462090269272,0.44721692280630265,0.3504732984055025,-0.12193701167658147,-0.2495819534931951,0.7581937674676426,0.31055310049036194,0.7219742243684585,0.5414976010892669,-0.25108122347512196,-0.23923714616478117,-0.4497624120834288,-0.23672806784629852,-0.015776987604775167,0.8770964648980282,-0.28144049347452915,0.28324841161552317,0.3982987314745486,0.17030353057550848,0.35814808299745754,-0.020816079218698907,-0.16762601356273513,0.4789790425314723,0.377321244887482,-0.07727064269027109,-0.0956795136788754,0.7534679849124953,0.27128775081210305,0.6974218830478867,0.6642669492925307,-0.19373382000282524
0.580090489515504,0.2874788092312754,0.509509469484289,0.6100392957418058,-0.21305331976919412,1.0,0.31589890198914267,-0.39206988379011437,0.07504804470030085,-0.4174425834830692,0.12918337885781833,0.3269055814519831,0.10008292282897022,0.030307306396459597,0.45153919351958,0.48430796509225654,-0.3012072177532419,-0.37232093503173697,-0.17762155907918434,-0.26435716871613685,0.14796292776566158,0.5612386703497899,0.33395104543633347,0.5612386703497899,0.5248003010348702,-0.08770702228863855,0.8803719920209945,0.46323494258081177,-0.20128695390128337,0.023046026573563253,-0.25578385905382783,0.17875073824871077,0.37758262606027854,0.0017120523136072657,0.06338844069998191,0.41221791690661863,0.5480981046188794,-0.25298725311909537,-0.39372139136157347,-0.2664858235063437,-0.31484793039071574,0.02057844746226427,0.5723078895221266,0.2859616384977069,0.5613911284840829,0.5206312430610529,-0.2371958007492197,0.9592091247093821,0.30361606197670377,-0.4074649327889816,-0.09086892801720677,-0.36270069479881745,0.18779357479857978,0.3750898707224811,0.0007073270747818267,-0.01900942555185807,0.4781318836676514,0.30374538994251604,-0.2958712246497125,-0.35302002573617086,-0.3454478314569863,-0.32972295964789383,-0.04330226878453668
0.48747029413543574,0.010347583279365871,0.4039733706848154,0.5059164718254054,0.37646941632743197,0.31589890198914267,1.0,-0.24651027767427805,0.32560648182272794,0.07735748612293968,0.19402069604841748,0.12369400319910405,0.5865771787880157,0.36032488638706556,0.47171778619624066,0.49441473348419124,0.34514471845333483,-0.2141174473561959,0.3541894568339199,0.30924936880831444,0.19549453451984602,0.31351535335919223,0.02754654447260819,0.31351535335919223,0.46700386287047085,0.41849194617656194,0.2636376315795302,0.8914518040054922,-0.05968582487254089,0.2727238084381892,0.17908500897010793,0.25943663209217394,0.25207504441887724,0.4708346494415468,0.3503696504603898,0.42874152988301467,0.3762772612927522,0.2803665622449694,-0.2414400526446678,0.25795160962543373,0.26836078080564474,0.055821956217992096,0.3208077326692548,-0.05741149627059778,0.17890899366684987,0.4716536528780483,0.16175669981978094,0.3214001896845654,0.8711825441598202,-0.1439221660005516,0.13255250398072832,0.08630516179093013,0.1664602739028232,0.23875841277502063,0.48753710318643323,0.3298321418082877,0.4847125753572058,0.32062424338231904,0.3619152356889957,-0.26473198348177673,0.2465041487738605,0.20273759611332737,0.12813460906836077
-0.36249327399638553,0.2801915197962462,0.26349577695321014,-0.5622237426994119,0.3407347443518211,-0.39206988379011437,-0.24651027767427805,1.0,0.5610337604855448,0.135056840908183,0.4986854176828468,0.13465632541416284,-0.03978452576319404,-0.23404934130643285,-0.4187553392512087,-0.4727607534988235,0.3870709450302165,0.8384383259059349,0.13330551387858566,-0.1356774898897351,0.3338817325471358,0.24933925096023493,0.23494837490933695,0.24933925096023493,-0.4213782095973756,0.3466225164422836,-0.289831217304057,-0.13596944085942292,0.817455315671038,0.5038248178114388,0.09334918231262701,0.4000733475767671,0.17038686941509035,0.037043584651620866,-0.2112625695476495,-0.47536542360477035,-0.28332312580109004,0.4202543819005506,0.8278968078487696,0.13948909499947829,-0.15671427436741497,0.3811438811449803,-0.20433629368481968,0.18911714022288745,0.2119908009220427,-0.5388855181013235,0.3735283682575838,-0.45646481340563494,-0.2402472070177051,0.9448085739399441,0.6008159676078266,0.09495972416019152,0.3511802507347695,0.11491106423305719,-0.03531830813798587,-0.2411277050177231,-0.6055269482450855,-0.6469522562938703,0.38418273793076835,0.7984404876958735,0.1280756676476915,0.029062615077520025,0.3221500250899691
0.2747204771619125,0.6517132573973934,0.7156444139364955,0.08478032547190463,0.15114725305025575,0.07504804470030085,0.32560648182272794,0.5610337604855448,1.0,-0.16810694619271904,0.7249564026770616,0.273361431357323,0.1921788955214498,-0.14983153615097364,0.1752356924467942,0.014148585737230891,0.11228891320191788,0.4757403661330158,-0.020197541666918582,-0.16580104203532892,0.6646987356655591,0.6575668187092674,0.5562053197877699,0.6575668187092674,0.08607406847547801,0.2529674205428337,0.0891465924560048,0.40355299969175684,0.5073403331273829,0.8826038074296986,-0.0987506896900688,0.6404886826468317,0.354632435155077,0.21982062565559415,-0.12418264822367195,-0.006634832846913013,0.1423201996718336,0.13123879562979232,0.4644939365816961,-0.1452898453329379,-0.20561451629871905,0.6008850302427728,0.3679231195383862,0.5556280555743713,0.5550117227008835,0.015833615608228515,0.09979386266166079,0.011567990834629803,0.29401927382999843,0.5064821544520262,0.898493498059311,-0.2178476609368235,0.6453846826213387,0.3090274911831621,0.17931933547412465,-0.12851244299368536,0.012057238463983306,-0.27832361987362214,0.19726163758493317,0.4846994470510498,-0.10467180510141533,-0.12113874551269506,0.5857232905281363
-0.5929467665343668,-0.6256589125389884,-0.3879367890372953,-0.5337911027577298,0.30780143931545284,-0.4174425834830692,0.07735748612293968,0.135056840908183,-0.16810694619271904,1.0,0.1633744520589994,0.2781755140609706,0.2992046487347323,-0.14325118134147227,0.00499959665030928,0.17320727948652562,0.5239244474770222,0.4067159032437516,0.6449368233234906,0.6225557751823325,-0.08369436492397846,-0.35932145345039734,-0.45925885205474826,-0.35932145345039734,-0.41003917457459677,0.37437017786814925,-0.20586125853299744,0.06185286656460437,0.2518153179485812,-0.031049388577610037,0.8757060897665574,0.003654972906533506,0.25618828102723396,0.3280246180779576,-0.18254178101214893,0.08860658779165329,0.004884965686735,0.5639071625828745,0.3860232382660719,0.70990743323516,0.5538704970543573,-0.08488131717388027,-0.6397104730686524,-0.6042015769229651,-0.3780878055090688,-0.5612744196161321,0.30745771007663075,-0.4022197421757054,0.1308161443956862,0.23783212765364112,-0.049693335756170215,0.9409399000407094,0.01897374646093504,0.24771953790608925,0.28377225277660495,-0.1944202923925746,-0.1127260588038756,0.0727177778588145,0.4874773864656081,0.23997356262605196,0.6557973839668961,0.468479746449049,-0.050690467536073716
-0.07491196151444472,0.4547616129449577,0.6031184913138895,-0.14432843050697333,0.06397411592154559,0.12918337885781833,0.19402069604841748,0.4986854176828468,0.7249564026770616,0.1633744520589994,1.0,0.7096595685810649,0.09897884718957119,-0.4502125949506335,0.08505266993703775,0.27765399064200647,0.20924023266370462,0.5600689029676651,0.0615776104483015,-0.036179066572994516,0.8042577068602845,0.6425943903198044,0.49484180164017766,0.6425943903198044,-0.11682762583426415,0.21107042840548992,0.20711801903124608,0.4191845491263964,0.5143836548602717,0.7458316071889889,0.22365426657969706,0.8550292511153295,0.7195834570754762,0.1262281767809141,-0.3644715321838102,-0.08290948470303965,0.4619075899095602,0.2744028744471373,0.5821915997998112,-0.031159335174471097,-0.0050125623850656425,0.7448954993525422,0.022282477886428193,0.4283113398034968,0.6362574239453822,-0.2844436173707544,0.12377668097803265,0.06498914544359971,0.24415854267863826,0.4805624625445588,0.7180244618533516,0.15050161040857038,0.9103889165038762,0.7170748687560659,0.07920822891473828,-0.42241981161859765,0.016807427951228568,-0.247247187535678,0.2822433558674654,0.5729416551308621,-0.014283103800660526,-0.07060012824850549,0.7351322872681184
-0.08769284990911223,0.20242587043303847,0.49914772170497707,-0.16339251863919632,-0.2531060638475454,0.3269055814519831,0.12369400319910405,0.13465632541416284,0.273361431357323,0.2781755140609706,0.7096595685810649,1.0,-0.14732188181175868,-0.5967713936972077,0.12018495406390217,0.6290388773416222,-0.014321063569338894,0.27037006181621903,-0.09809216585918426,-0.16890989955342597,0.6424879854075694,0.5283210297367632,0.2810172721532507,0.5283210297367632,-0.17675852261049757,-0.047265716057224634,0.3937729556754213,0.4273787395060158,0.18879968413725648,0.23781512935177168,0.2699487719287026,0.48737586357442947,0.8011464888450788,-0.09494138894855005,-0.4707117276299291,0.07323722934963019,0.7717263727725363,0.04258851121892192,0.2917465353137022,-0.12458814504120491,-0.18129469255722017,0.6474292565353063,-0.029272672534153922,0.26571357877453977,0.6094791600410479,-0.32110625953152894,-0.15378779903633488,0.30798334665356364,0.2361312652027457,0.12464183226366828,0.2011156651211303,0.2284591475593132,0.7128623711300152,0.8765825206011378,-0.13412301078438305,-0.59847462228901,0.04093437443282312,-0.09641664057981295,0.02271954472551251,0.2079195710231374,-0.16209229369726338,-0.2868039355722756,0.5663985300806116
0.23392972554300956,-0.018980774822560414,0.07387639539557052,0.3065485289806882,0.5156114784937058,0.10008292282897022,0.5865771787880157,-0.03978452576319404,0.1921788955214498,0.2992046487347323,0.09897884718957119,-0.14732188181175868,1.0,0.48024933399159925,0.6125371460917449,0.12207711943467416,0.3485733915681132,0.03266076917473714,0.5518873512505261,0.5936160060786438,-0.004426472299624477,0.13042611438780974,0.08088628729427143,0.13042611438780974,0.4093285988743127,0.6107505769713291,0.19461738516682237,0.4282406568867323,0.21570602026938848,0.29164712438104123,0.44879711861748256,0.26180743971897485,0.19394132741478043,0.9100598321187758,0.4263254393191625,0.5252395861989481,-0.13230394052343603,0.4017840390017218,-0.02980608310326655,0.46858784432790435,0.5077162084663558,-0.214970759812842,0.18798159651310328,-0.11308803302320762,-0.0091018667011548,0.2885879078934081,0.3364954614613928,0.057962848374351804,0.5386596051087496,0.053233944869833794,0.15396700168814406,0.27439036578743686,-0.10344957913320757,0.031081864421516003,0.9205594114808704,0.47618455903713147,0.564647409200785,0.49436433756353193,0.36061765272363144,-0.08642690536042878,0.4198909520528446,0.44218801287063586,-0.11710006601779085
0.3331329206831444,-0.1643591493556545,-0.2498061222468889,0.5326271437702476,0.41144465991417034,0.030307306396459597,0.36032488638706556,-0.23404934130643285,-0.14983153615097364,-0.14325118134147227,-0.4502125949506335,-0.5967713936972077,0.48024933399159925,1.0,0.30104196803641114,-0.1765072670304946,0.2689792555521881,-0.20433516510706148,0.3787512680977676,0.4556747074490605,-0.35769667261419297,-0.1802997823102635,-0.07289192858398834,-0.1802997823102635,0.6719913123938401,0.37675988183150355,0.10282672490312145,0.14349373770164883,-0.013058806831502217,0.043683514394802954,0.08672945271515262,-0.06822909592703365,-0.27256267372132753,0.45446323388084114,0.9434315258793501,0.32760382667921206,-0.3455705376086455,0.19657148318388273,-0.25709628425352027,0.31964398183540843,0.3819909922323002,-0.48682349678151005,0.37267486664455163,-0.25184746294511695,-0.24928414768133886,0.7012032465908982,0.3587142294670685,-0.009312567500584778,0.37839423045434845,-0.18149127592300768,-0.09108681146743518,-0.10872443355297674,-0.4919100866283089,-0.4312725067558096,0.5000488424763487,0.955651223028756,0.3063462146345437,0.46326624051213516,0.21009118889868542,-0.2379070610137843,0.29202913296873767,0.46568518256540675,-0.41409652826433313
0.5819197969303215,0.24532965400259457,0.24128084534607758,0.6444822319570866,-0.07024500274909312,0.45153919351958,0.47171778619624066,-0.4187553392512087,0.1752356924467942,0.00499959665030928,0.08505266993703775,0.12018495406390217,0.6125371460917449,0.30104196803641114,1.0,0.41001086281294036,-0.19106404332762394,-0.1859633446251966,0.06085783207381071,0.222513723027827,0.17275657869542477,0.3326082143440091,0.3511100580659038,0.3326082143440091,0.6632803599637673,0.08773188018048632,0.5427309761763176,0.4015861384824284,-0.14902336595398297,0.23634998180107122,0.16698296099743004,0.21926850731830255,0.3474464905842755,0.5988475381759775,0.280266970831391,0.8693764232487137,0.19006929708125705,-0.1558150743032414,-0.2315245464218991,-0.05058647344798754,0.12053159805567164,-0.020158291994726824,0.5459855256365542,0.2509703553888884,0.279313790658179,0.5880530956546537,-0.15965866750808605,0.4289175321060604,0.5322658898771079,-0.41392756587666363,0.12787059049840357,-0.08219470872409511,-0.005618333359048057,0.23442364507990232,0.6278649096947698,0.31003659533837014,0.8400412996723348,0.7443945712789379,-0.15513882541492774,-0.3030491825116792,-0.10551469893850329,0.03163021389350416,-0.006508235155579032
0.2724955016216527,-0.024604427295693385,0.22874106208993317,0.2510385050204114,-0.20605038119416497,0.48430796509225654,0.49441473348419124,-0.4727607534988235,0.014148585737230891,0.17320727948652562,0.27765399064200647,0.6290388773416222,0.12207711943467416,-0.1765072670304946,0.41001086281294036,1.0,-0.13872481914282153,-0.2580698629566638,0.016615928522060616,0.09935217849624695,0.3412056078553625,0.2843192572758,0.10005687736175055,0.2843192572758,0.2067997156064599,-0.018704684237130065,0.468172914878712,0.6993930958914919,-0.23078043007495172,0.017658011680778282,0.23533133410796137,0.15594526057882702,0.5302856239730903,0.17165035727969064,-0.07447864384305065,0.4448758055233568,0.8950544156545238,-0.08039851025905748,-0.24849900792850585,-0.06505561962213391,0.08571095964866485,0.27742059226931176,0.21051019578782812,0.044284759611762446,0.2778434589902459,0.13819039049227175,-0.16224426378050438,0.5453102729026147,0.5877752978104415,-0.3792694781882119,-0.09865719993835531,0.17263976505658077,0.39963487485784815,0.6474165657779831,0.12207967302441868,-0.1538996602289805,0.49367722349488635,0.40352698402207965,-0.09521573599842348,-0.25945005419922146,-0.07882848820865478,-0.10934994421350071,0.2872170866794343
-0.3751206571224599,-0.41396329192506776,-0.08354922209576326,-0.23281309837363984,0.7964372854137028,-0.3012072177532419,0.34514471845333483,0.3870709450302165,0.11228891320191788,0.5239244474770222,0.20924023266370462,-0.014321063569338894,0.3485733915681132,0.2689792555521881,-0.19106404332762394,-0.13872481914282153,1.0,0.46958905091771136,0.8324876349371355,0.583980274775278,-0.041289103104521926,-0.06469311528757155,-0.2791853594880083,-0.06469311528757155,-0.03289935748266657,0.7689149040129092,-0.16431098517496465,0.3151017854031683,0.49003126448095735,0.23787598826543388,0.5797836035730723,0.3348318915265057,0.1754670031133802,0.35395791461081383,0.2883708024233886,-0.1781733888423693,-0.1083836349002705,0.9514600977689702,0.45223655651512834,0.8390698632027597,0.5385125479851931,-0.12695241438107632,-0.38709209353639107,-0.5233569305163323,-0.16135741034653356,-0.18404299032362437,0.7773742642479992,-0.3274329183735894,0.3786633756567032,0.510616532205891,0.17393167546260366,0.5766516135448302,0.12372652195824556,0.0917985276428413,0.33848253462151345,0.25189140639210394,-0.2585585934309058,-0.17275961931075892,0.9639091067439829,0.4090271434033661,0.8330477058075926,0.6896990279041035,-0.03686438367796416
-0.45952210536270094,0.10254159224680279,0.11085597802055347,-0.5345791496284262,0.3244759806005936,-0.37232093503173697,-0.2141174473561959,0.8384383259059349,0.4757403661330158,0.4067159032437516,0.5600689029676651,0.27037006181621903,0.03266076917473714,-0.20433516510706148,-0.1859633446251966,-0.2580698629566638,0.46958905091771136,1.0,0.3699153178405082,0.14801056875577384,0.4151204011111018,0.22135769760004448,0.2375841935071427,0.22135769760004448,-0.2820755227273794,0.4325934033062126,-0.10458036417157864,-0.07135012392797115,0.8739409439603308,0.5752989687761871,0.4446665048827905,0.4841278882473672,0.4166056611952594,0.19118813987950944,-0.16781453015284514,-0.1600358820249162,-0.14717991279436476,0.54539651505146,0.9878879993571851,0.3414192783671858,0.07555953904158663,0.42378503669816747,-0.2513156982074817,0.05535778818092613,0.18323258347857185,-0.51795714841342,0.4728566337937982,-0.4070822971777775,-0.04687646416261197,0.8506274296183812,0.6460431071806988,0.38848696877710465,0.4196542731153972,0.36021537802044373,0.09230678878871135,-0.1892665283457418,-0.40696807476853764,-0.3208580483478739,0.4984075522953844,0.9349749470371551,0.31729121286844636,0.295815806765271,0.38457970151638493
-0.2686510091623878,-0.5472336381368568,-0.27441069417713393,-0.12683266485913988,0.7145740436588778,-0.17762155907918434,0.3541894568339199,0.13330551387858566,-0.020197541666918582,0.6449368233234906,0.0615776104483015,-0.09809216585918426,0.5518873512505261,0.3787512680977676,0.06085783207381071,0.016615928522060616,0.8324876349371355,0.3699153178405082,1.0,0.7690776984106997,-0.1929325318869125,-0.1832233948133872,-0.32117334656536733,-0.1832233948133872,0.11154048242997051,0.7737606607420342,0.04184957307721896,0.3148344566983267,0.4205893710873726,0.20334364502212138,0.7641567049398404,0.14778745082654818,0.18959155982108294,0.6103174973750439,0.339246737588819,0.1418988186806822,-0.09759223934666258,0.8669568713302385,0.31615760442495233,0.9694517149910146,0.6407994242763803,-0.3344710073189572,-0.2552670953301757,-0.6480595954069351,-0.32722565119919717,-0.08982207809802045,0.7402397892048124,-0.18984530701852254,0.46120215790932656,0.31202023082635355,0.10563997517500294,0.7339389682620459,-0.04264889735406101,0.07586797742684054,0.5620892333303377,0.3629123614872604,-0.004282564413510692,0.18259524796351,0.8290071231955226,0.3119170307188907,0.9454888939050027,0.8306853175771846,-0.2166257040630702
-0.24982023966078348,-0.588781730226668,-0.4538211870754493,-0.059977036681194106,0.5765108445508801,-0.26435716871613685,0.30924936880831444,-0.1356774898897351,-0.16580104203532892,0.6225557751823325,-0.036179066572994516,-0.16890989955342597,0.5936160060786438,0.4556747074490605,0.222513723027827,0.09935217849624695,0.583980274775278,0.14801056875577384,0.7690776984106997,1.0,-0.18953991513154964,-0.3412925898217923,-0.37481713432858693,-0.3412925898217923,0.1209739680833024,0.634338677246932,-0.07681596300939074,0.1548331689408752,0.1437098683367914,0.10075785341267218,0.7329754548062112,0.09792115866865406,0.050141606533928046,0.5949976425792745,0.4143946117793097,0.2693715634502141,-0.1396705367321872,0.6411007530098063,0.12092355847481666,0.7421619971313194,0.9379509937231638,-0.30416834423850664,-0.2808753798011903,-0.611203885369175,-0.3810530799479218,-0.008964793421882606,0.6058922484640996,-0.2785791607899506,0.3823178550276217,0.02172943035700664,-0.0019666891420657413,0.6559820341513702,-0.14306612261170118,-0.04114998766407476,0.6257731871729186,0.4460631028925211,0.24254762797840035,0.44188103712051713,0.6087647848175586,0.08114442410730606,0.775072107215986,0.8691660867047943,-0.16003006294193242
0.11302818541222898,0.650452834153763,0.6888335894938127,0.040576565853969036,-0.1708004774121582,0.14796292776566158,0.19549453451984602,0.3338817325471358,0.6646987356655591,-0.08369436492397846,0.8042577068602845,0.6424879854075694,-0.004426472299624477,-0.35769667261419297,0.17275657869542477,0.3412056078553625,-0.041289103104521926,0.4151204011111018,-0.1929325318869125,-0.18953991513154964,1.0,0.7960674251184261,0.7674294083176778,0.7960674251184261,0.12403062847502216,0.010498055388457543,0.2777621340974065,0.403577834365157,0.4487191214706377,0.6792097537371079,0.07454016968626818,0.7110011818394162,0.7252764058671641,0.10597794563433678,-0.1676270727845845,0.08718302947264736,0.5200777240486356,0.013565432895134772,0.4318941805314765,-0.31931896888581573,-0.17615702875572678,0.9463452647717991,0.2709136490884493,0.6990358935053108,0.798375235383603,-0.06543449435693911,-0.06055827902806833,0.17484068410977804,0.3554773107655381,0.3582423291518831,0.6735608415342349,-0.07449183802890932,0.8052230653327396,0.7529304810276207,0.07569659345473913,-0.24866426220051976,0.16349750026903112,-0.013729207946682183,0.08173130665148376,0.4722835034462714,-0.2865225979126135,-0.16804007235650084,0.9484813638747607
0.40471330256665655,0.722108272919022,0.9072285332023639,0.34071970093671283,-0.0929088601593498,0.5612386703497899,0.31351535335919223,0.24933925096023493,0.6575668187092674,-0.35932145345039734,0.6425943903198044,0.5283210297367632,0.13042611438780974,-0.1802997823102635,0.3326082143440091,0.2843192572758,-0.06469311528757155,0.22135769760004448,-0.1832233948133872,-0.3412925898217923,0.7960674251184261,1.0,0.8022279394627457,1.0,0.39661681403392185,0.0722385518172169,0.6046252706606531,0.51684948831186,0.38935442186490016,0.6019264479019374,-0.14573921422091676,0.6237487921662433,0.7022476157768018,0.16942317057518141,-0.014822183113880548,0.1985155529759859,0.4835412841244355,-0.01468725269683982,0.2038674296254565,-0.3082085722872499,-0.3958129053315221,0.6745678191861596,0.5583583168675115,0.7001039033460935,0.9459133432128278,0.24100357944323567,-0.06139857174355756,0.5459156094347367,0.4281308168265717,0.23997463057948787,0.5631235968183456,-0.3439863847026964,0.6538679780869,0.6405219098970207,0.16569819707164268,-0.11838783991915157,0.2355765236111459,0.013742218441585892,0.040473228433300035,0.26028229163807415,-0.3446480064704878,-0.26507970591037294,0.645891165173833
0.40481176924333195,0.8722456152396718,0.6257248529635799,0.3482821297985705,-0.26210053601917954,0.33395104543633347,0.02754654447260819,0.23494837490933695,0.5562053197877699,-0.45925885205474826,0.49484180164017766,0.2810172721532507,0.08088628729427143,-0.07289192858398834,0.3511100580659038,0.10005687736175055,-0.2791853594880083,0.2375841935071427,-0.32117334656536733,-0.37481713432858693,0.7674294083176778,0.8022279394627457,1.0,0.8022279394627456,0.47462309788925783,-0.07605529580620547,0.47368398337697737,0.2059469317198497,0.39465431322057365,0.6040582290605241,-0.19511442394226683,0.5777078759165979,0.5454503504099548,0.20972169115364392,0.09071934947712124,0.2404691632616004,0.25751988922043473,-0.19539805369146684,0.23359033774525337,-0.4759484546290752,-0.3912194688151476,0.6372670684148172,0.6288656510530811,0.8976921251593205,0.7729292495053474,0.29467966341001844,-0.15983539910137895,0.34454552963185936,0.22919259619505908,0.20833895821679163,0.5546590691988683,-0.44648296468364457,0.4688711368576491,0.48089047523943257,0.17356708565289175,0.06548829601979413,0.345083655907332,0.18748726773876231,-0.16472086742710362,0.30112027711448514,-0.47209837674536925,-0.2898601012141827,0.6285202653917759
0.40471330256665655,0.722108272919022,0.9072285332023639,0.34071970093671283,-0.0929088601593498,0.5612386703497899,0.31351535335919223,0.24933925096023493,0.6575668187092674,-0.35932145345039734,0.6425943903198044,0.5283210297367632,0.13042611438780974,-0.1802997823102635,0.3326082143440091,0.2843192572758,-0.06469311528757155,0.22135769760004448,-0.1832233948133872,-0.3412925898217923,0.7960674251184261,1.0,0.8022279394627456,1.0,0.39661681403392185,0.0722385518172169,0.6046252706606531,0.51684948831186,0.38935442186490016,0.6019264479019374,-0.14573921422091676,0.6237487921662433,0.7022476157768018,0.16942317057518141,-0.014822183113880548,0.1985155529759859,0.4835412841244355,-0.01468725269683982,0.2038674296254565,-0.3082085722872499,-0.3958129053315221,0.6745678191861596,0.5583583168675115,0.7001039033460935,0.9459133432128278,0.24100357944323567,-0.06139857174355756,0.5459156094347367,0.4281308168265717,0.23997463057948787,0.5631235968183456,-0.3439863847026964,0.6538679780869,0.6405219098970207,0.16569819707164268,-0.11838783991915157,0.2355765236111459,0.013742218441585892,0.040473228433300035,0.26028229163807415,-0.3446480064704878,-0.26507970591037294,0.645891165173833
0.6533274219704551,0.30467343472410563,0.23578408023244443,0.8740466719306731,0.047625693922449884,0.5248003010348702,0.46700386287047085,-0.4213782095973756,0.08607406847547801,-0.41003917457459677,-0.11682762583426415,-0.17675852261049757,0.4093285988743127,0.6719913123938401,0.6632803599637673,0.2067997156064599,-0.03289935748266657,-0.2820755227273794,0.11154048242997051,0.1209739680833024,0.12403062847502216,0.39661681403392185,0.47462309788925783,0.39661681403392185,1.0,0.13984054842589502,0.6371488176749173,0.43215071976099256,-0.0725492114149403,0.2510711062695207,-0.08637106858000734,0.2286462577889269,0.20069108234239705,0.4389629563766814,0.7323279449179405,0.6195492382177198,0.15158649273534547,-0.05200990972782344,-0.32006091729593555,-0.03192184402653178,0.050864510252078596,-0.09519745830408331,0.7421453745661061,0.2719572003610404,0.3038134335941304,0.9147165018886477,0.05475686258505142,0.5346414860536064,0.6289856217580506,-0.3717769039432511,0.07609681212568696,-0.3523876466471048,-0.07504576227594893,0.07451765065966075,0.4706204639071554,0.7325903641926925,0.6933159951946729,0.6768419692081092,0.0011541972359510563,-0.264315422971146,-0.06943619041913307,0.1442374778629073,-0.040263106587765336
-0.09279288236752138,-0.20175501707906723,0.029291057649266296,-0.04297941992970189,0.9018184817999848,-0.08770702228863855,0.41849194617656194,0.3466225164422836,0.2529674205428337,0.37437017786814925,0.21107042840548992,-0.047265716057224634,0.6107505769713291,0.37675988183150355,0.08773188018048632,-0.018704684237130065,0.7689149040129092,0.4325934033062126,0.7737606607420342,0.634338677246932,0.010498055388457543,0.0722385518172169,-0.07605529580620547,0.0722385518172169,0.13984054842589502,1.0,0.036893713030698494,0.3867719359619907,0.5151670043759896,0.32325060746980744,0.5218684910199002,0.35813964113155383,0.19907775466934424,0.6082127529338879,0.3580964289498238,0.045221893408276786,-0.08537515628078407,0.8177053952959181,0.3995582357203603,0.7247863789167958,0.5377579880113189,-0.1337783358555502,-0.10274404565881456,-0.3393733064955853,-0.06150744276736018,-0.02248220936592411,0.8732976836302603,-0.15161343128214252,0.438758046819493,0.44550645949407547,0.2544022123541419,0.43560322368106263,0.10217347703817542,0.09271156057169516,0.5910865996295267,0.36167152985567863,0.03226225425032181,0.05329205400554899,0.7826864144077027,0.3588935530600283,0.6948947789627526,0.68515362639531,-0.06931127145320534
0.43307844750705676,0.24668482873101438,0.41634154499193127,0.5371710783292685,-0.17518120220701228,0.8803719920209945,0.2636376315795302,-0.289831217304057,0.0891465924560048,-0.20586125853299744,0.20711801903124608,0.3937729556754213,0.19461738516682237,0.10282672490312145,0.5427309761763176,0.468172914878712,-0.16431098517496465,-0.10458036417157864,0.04184957307721896,-0.07681596300939074,0.2777621340974065,0.6046252706606531,0.47368398337697737,0.6046252706606531,0.6371488176749173,0.036893713030698494,1.0,0.44967572176988935,0.061472054542842644,0.1828262611610141,0.047869095953285055,0.2855249308481099,0.6075117299073378,0.20843451662882112,0.18367592668225494,0.5487243295625267,0.526053511522669,-0.06952113411622783,-0.14903503014803596,-0.07554682491332354,-0.17774620833416996,0.10571038463578983,0.567210955951003,0.27414650367091564,0.5856620998029634,0.48213144127954516,-0.10953295428830717,0.8726472059279043,0.43935733208109334,-0.2489727832160483,0.03674307363108199,-0.13842436755279505,0.21353670400848726,0.5407842028477323,0.18460541727298188,0.10281143706823219,0.5202428650072131,0.47519200135719974,-0.12660179900327778,-0.1285549537556636,-0.16559988902393766,-0.1054758507742404,0.060148284108518225
0.4435227990763172,0.13061825194202353,0.5413022160342694,0.4180418540229017,0.25850092390045726,0.46323494258081177,0.8914518040054922,-0.13596944085942292,0.40355299969175684,0.06185286656460437,0.4191845491263964,0.4273787395060158,0.4282406568867323,0.14349373770164883,0.4015861384824284,0.6993930958914919,0.3151017854031683,-0.07135012392797115,0.3148344566983267,0.1548331689408752,0.403577834365157,0.51684948831186,0.2059469317198497,0.51684948831186,0.43215071976099256,0.3867719359619907,0.44967572176988935,1.0,0.09469624512688397,0.3655417910313648,0.2037337445456202,0.42145021454743614,0.5151727742610736,0.4128122430938519,0.21915764947720381,0.36337244314955947,0.676934613896427,0.30343535163436475,-0.09618273844285842,0.1902598877693574,0.10359337106819029,0.25295554928328806,0.363132250076522,0.07267234545457908,0.3866383805556137,0.34425112426623683,0.17666074266818937,0.4882083210859411,0.8917231206911919,-0.022328366045919798,0.20843223145631343,0.10199183279701207,0.4554365677165343,0.5465113993742837,0.3752545648541296,0.15130477519181476,0.4027099573353993,0.22696817074475104,0.34775199166683674,-0.08071491690755386,0.16200933674110538,0.08261971416316312,0.29434273409848594
-0.3054229404505689,0.18152914979967144,0.23058439087538968,-0.41682044591941986,0.3473756414280079,-0.20128695390128337,-0.05968582487254089,0.817455315671038,0.5073403331273829,0.2518153179485812,0.5143836548602717,0.18879968413725648,0.21570602026938848,-0.013058806831502217,-0.14902336595398297,-0.23078043007495172,0.49003126448095735,0.8739409439603308,0.4205893710873726,0.1437098683367914,0.4487191214706377,0.38935442186490016,0.39465431322057365,0.38935442186490016,-0.0725492114149403,0.5151670043759896,0.061472054542842644,0.09469624512688397,1.0,0.6256272088155932,0.4264277604224212,0.5141731730630755,0.47192763002765603,0.370722589906099,0.07951763407273468,-0.10437363103113345,-0.13375312944458706,0.5976944396536177,0.8301315219833727,0.342145855743979,0.027813006235100572,0.38327284553114077,-0.04939685941504711,0.15087748383035338,0.324952487094228,-0.35362920130792835,0.5033299120667993,-0.2206105471671137,0.12962301305169083,0.9037497582761518,0.624636958395172,0.28518691644352123,0.34961397668229893,0.36102809577217937,0.2606297567991957,0.026433737139501763,-0.3291109155531065,-0.23604050722273107,0.5428798717708931,0.8339422194816623,0.31269296518544604,0.3109199332135902,0.3797304793371766
0.18025613530685433,0.546471007666841,0.5231440361401022,0.1250098536087155,0.18096911906732815,0.023046026573563253,0.2727238084381892,0.5038248178114388,0.8826038074296986,-0.031049388577610037,0.7458316071889889,0.23781512935177168,0.29164712438104123,0.043683514394802954,0.23634998180107122,0.017658011680778282,0.23787598826543388,0.5752989687761871,0.20334364502212138,0.10075785341267218,0.6792097537371079,0.6019264479019374,0.6040582290605241,0.6019264479019374,0.2510711062695207,0.32325060746980744,0.1828262611610141,0.3655417910313648,0.6256272088155932,1.0,0.15520067214965594,0.7614326492402466,0.4815772951222861,0.3880822867659683,0.09210331647224541,0.10186370905772474,0.11764794093426875,0.2811840871523286,0.561404753155336,0.044821772148465416,0.03836553939728521,0.5565225216806879,0.38000956024521154,0.45864760602855625,0.5009931401869883,0.07720570127366563,0.23407217304865757,-0.05149588704450234,0.3849293550639687,0.49521618364466224,0.9345069339370321,-0.04334991084117305,0.6449627111090473,0.3780387039803063,0.3416135238008445,0.08957375411742682,0.11033610573460649,-0.04370526701471064,0.3370139201769816,0.6013177280430445,0.08929674417165111,0.15259790325520278,0.599009049295591
-0.43386249220684675,-0.511423131945345,-0.29694397435105474,-0.3338469149510015,0.33016897566598385,-0.25578385905382783,0.17908500897010793,0.09334918231262701,-0.0987506896900688,0.8757060897665574,0.22365426657969706,0.2699487719287026,0.44879711861748256,0.08672945271515262,0.16698296099743004,0.23533133410796137,0.5797836035730723,0.4446665048827905,0.7641567049398404,0.7329754548062112,0.07454016968626818,-0.14573921422091676,-0.19511442394226683,-0.14573921422091676,-0.08637106858000734,0.5218684910199002,0.047869095953285055,0.2037337445456202,0.4264277604224212,0.15520067214965594,1.0,0.1954546335723158,0.472124769392056,0.5474854066400213,0.11185597801164837,0.2676158957122093,0.07995452298006034,0.6666300509390196,0.3952457732779903,0.7445186900904319,0.5961037955735847,-0.020236003469702002,-0.3688993558292778,-0.4822145893622747,-0.17022990624406611,-0.33300558958664084,0.43433937793746813,-0.2365048929844506,0.3687201422139516,0.2664997481961736,0.07860138640459824,0.9000105311442193,0.07140382622628497,0.40331433884051726,0.5012628625624013,0.08669606966678355,0.04491779116202843,0.30737065956912485,0.5964144368676192,0.32861768148248294,0.7072625542517018,0.6533436320092872,0.06121740595371873
0.038741918076480954,0.48457504396828055,0.509373980850816,0.12303154687998508,0.2067350958803577,0.17875073824871077,0.25943663209217394,0.4000733475767671,0.6404886826468317,0.003654972906533506,0.8550292511153295,0.48737586357442947,0.26180743971897485,-0.06822909592703365,0.21926850731830255,0.15594526057882702,0.3348318915265057,0.4841278882473672,0.14778745082654818,0.09792115866865406,0.7110011818394162,0.6237487921662433,0.5777078759165979,0.6237487921662433,0.2286462577889269,0.35813964113155383,0.2855249308481099,0.42145021454743614,0.5141731730630755,0.7614326492402466,0.1954546335723158,1.0,0.6601807838688646,0.2600956106000487,0.030537515270080997,0.026141007088409596,0.3061941043654785,0.35723441906983805,0.5083694144702671,0.01805339951001699,0.14089200783214398,0.57465524802968,0.16879804005574803,0.4489147821849972,0.6292365739193528,0.04172583703580227,0.2617990536173766,0.08266226538522625,0.3510247640310157,0.39171345806530206,0.6577496306897834,0.013781169842223552,0.7450636088553022,0.5927123668857298,0.2386138648708864,-0.015366135468398445,0.20863606478974348,-0.04585101819375035,0.37851958070565717,0.47655929965079946,0.03494751973714486,0.08331792710817137,0.5891580156194135
