Fp1,Fz,F3,F7,FT9,FC5,FC1,C3,T7,TP9,CP5,CP1,Pz,P3,P7,O1,Oz,P8,TP10,CP6,CP2,C4,T8,FT10,FC6,FC2,F4,F8,Fp2,AF7,AF3,AFz,F1,F5,FT7,FC3,FCz,C1,C5,TP7,CP3,P1,P5,PO7,PO3,POz,PO4,PO8,P6,P2,CPz,CP4,TP8,FC4,FT8,F6,F2,AF4,AF8,O2,P4,C6,C2
1.0,0.3943523640444617,0.3315426476412893,0.5171565209209614,0.05816449300801909,0.7106387159372644,0.658603693322331,0.09598335830416324,0.3239394432856151,-0.0806993357635815,0.14860599177909511,-0.046816083506199827,0.5626554850444967,0.4447487695504289,0.293267502114029,0.4372751693754682,0.07985167415223386,-0.44994036836972917,-0.14179737077637472,0.010436502523438054,-0.24131370784611583,0.171759338352867,0.3877858721303152,0.171759338352867,0.5146992793645235,-0.04147913323375509,0.6291642094855757,0.5830709453189673,0.12699611390621265,0.20402464525030942,-0.13892867888112367,0.08430692896579416,-0.13120232830563905,0.5290227064540469,0.4482419167907524,0.2821709077653232,0.3610383226206426,0.037638810551443455,-0.44406269640273854,-0.16709590790352247,0.01948699073723958,-0.2651199763953775,0.9426921696778767,0.3358923060129596,0.10713199320111862,0.4490399116724726,-0.04501093229983306,0.6685039800315259,0.5968593434775672,0.08572540321447245,0.25374876325933327,-0.11675600952857769,0.11767855825124378,-0.18403200854547175,0.517325498082188,0.41696126011326945,0.26774933497045095,0.38583185157602157,0.08109360811766088,-0.43266097951149185,-0.127247578810201,-0.00138094699479618,-0.2271116785613442
0.3943523640444617,1.0,0.35895598615385493,0.5584800415357711,0.11580553115771926,0.3832541992790465,0.2529565048157163,0.20984655334556096,-0.015953553717237313,-0.004855858518616681,0.05010352339174282,0.07783935422602123,0.150192635989899,0.06701610648224972,0.2500231537742816,0.30024799288669435,-0.13472117508317702,-0.04376862821183189,-0.24036108092808278,-0.08415604231365259,0.06468804154119476,0.09121857592044492,0.9081940993069165,0.09121857592044492,0.36701235824061246,-0.07930800188526468,0.2053681428279115,0.1642674314472066,-0.05514957311038601,-0.13204418359173695,-0.10252755839281881,0.0025766962828543153,-0.036126985728478944,0.10231836246446009,0.04186345242849653,0.18294131439535302,0.20900921384902177,-0.2523120318131591,-0.06156658033122742,-0.27447001440182506,-0.13966307300376443,0.04028439891021691,0.24999930612953647,0.9382658267412112,0.05659451596655356,0.35320200777862987,-0.03450322083512994,0.21306482694505513,0.14634810592751202,-0.022632595161946358,-0.11133519713827963,-0.08645194020974255,-0.05157786434574188,0.15087580465697845,0.09787212746935087,0.03786692754992884,0.20962529904503832,0.2386758726837471,-0.20549746412161546,-0.09277736662199794,-0.2534481683699812,-0.0909779080573867,0.08892252052573794
0.3315426476412893,0.35895598615385493,1.0,0.2571844753590371,0.3905810478669982,0.12691049303132548,0.4809268579999089,0.15607941533076097,0.5240676505979449,0.15913169840388489,0.4338730962774457,0.48640881053526785,0.21954098103166764,0.02863549465870079,-0.012613815739907254,0.1929184564628097,0.03841576190611034,0.45667230156171723,0.4530121685410707,0.13723823975498162,0.38799227718104223,0.8793145540076907,0.36630443926535067,0.8793145540076907,0.21890265785375332,0.24415019280358946,0.1323449787713826,0.43780841661729875,0.09561957786730933,0.4809872725652227,0.10464404635577347,0.46814852723029415,0.39104277134814047,0.1494253563676407,0.03913593159319587,-0.0867302914776593,0.10032166041231709,-0.032848727998411285,0.4518581468701861,0.41549954792906935,0.13202660350970763,0.3438915667526789,0.1708028221784291,0.2746081382056736,0.8719894466936788,0.11889445018741313,0.2561439714668113,0.051721908638016734,0.38749063161896774,0.05692506878801186,0.43316308674191367,0.08378395375848606,0.4575246121278448,0.4698076438138101,0.19233087194090004,-0.022602409494014538,-0.023998845459380823,0.11280233242694093,0.018917381074371464,0.43397916032431827,0.4540389864602478,0.1202921575804949,0.3547520867705303
0.5171565209209614,0.5584800415357711,0.2571844753590371,1.0,0.09983488202062521,0.5813757059319208,0.40651799198982225,0.1719931154695561,-0.2846569670681452,-0.48358545932975966,-0.3572790278045915,-0.29719209269932173,0.054439420820543837,0.37836177523996645,0.30986263764371647,0.10601062924185337,0.11940160200087406,-0.3801438221916132,-0.2528310415502152,0.09404064613835257,-0.3777727479574797,0.0924775548926729,0.4144380580769255,0.0924775548926729,0.8484375291046269,-0.07749010213030356,0.3762205052791733,0.27462879950686575,-0.11761438599468899,-0.3430720829649959,-0.5704401731173246,-0.38603660321511596,-0.45258649974627846,0.000583897966563263,0.3672204094927987,0.28562177565288904,0.08384548077483259,0.028731977442199533,-0.416965481242509,-0.295387476307397,0.1314875481013234,-0.42615867322148276,0.3924491339374037,0.4513852242459072,0.028537551793719872,0.9102111419357716,-0.013423378034889077,0.45217799284229965,0.31315141424221643,-0.02168831335901545,-0.39110010992855954,-0.5553063855303932,-0.3954349121521188,-0.30133756211445056,0.02175196124341757,0.33335796330605294,0.28583060495296764,0.1112325639029041,0.08078104434313048,-0.4118807910101342,-0.24833383210443769,0.07149774566132791,-0.3664268612211616
0.05816449300801909,0.11580553115771926,0.3905810478669982,0.09983488202062521,1.0,0.2587707002656586,0.5870323049786496,0.4574415264792861,0.24870211139388554,-0.11146969457531951,0.1361433599621717,-0.08164245175737336,0.26825372930212316,0.5416936267944031,0.46360426740728955,-0.06141152062854084,0.49426203002213553,0.33452029545131096,0.1855541402579084,0.4791290140643396,0.024059731880452257,0.4031233554612561,0.11184519987839078,0.4031233554612561,0.18473918737534473,0.9350498419451186,0.2855709408082251,0.5410157037699781,0.40441409796546207,0.22459706976117463,-0.15097471726240652,0.11404562325513844,-0.10931519325503018,0.2184161311816434,0.5112876017800682,0.40402442944731776,-0.05212241494977593,0.4763491501119534,0.2752890768209842,0.15952773348214325,0.4297845072913616,-0.013545256758354345,-0.08574385159619181,-0.006132981013508544,0.20416207830966604,0.08874567057875553,0.9648332387141044,0.21246350157994026,0.5438970196141131,0.4384710781679071,0.18708264884213827,-0.16065130798100274,0.14349379427078976,0.06670974725212026,0.2897944556517646,0.518930243010588,0.46101922211787555,-0.04449651161625956,0.5163375982882688,0.3038544000378478,0.18956721863792506,0.467149763549089,-0.01067597317041562
0.7106387159372644,0.3832541992790465,0.12691049303132548,0.5813757059319208,0.2587707002656586,1.0,0.5330361747904322,0.20848018409650299,0.08690809159066247,-0.17222789185625434,0.06007159963763512,-0.16773812677150693,0.43835039563836503,0.6098236030133594,0.3685106446496035,0.5130860991631955,0.014899267068706194,-0.39272908922257643,-0.2167254047114406,-0.019113375071404613,-0.30303432355828336,0.04081237256098834,0.4204554740664725,0.04081237256098834,0.6697633419453676,0.1869406429221574,0.9128838038857559,0.5203744703356872,0.21549544120763042,0.03183834592423585,-0.2141964512231137,-0.03402973903388628,-0.22416371047072944,0.4210373683167169,0.5977659031168683,0.3684457375541845,0.5010530039759654,-0.0006980702295647641,-0.4017949291758461,-0.24735813254282144,-0.029706201390882748,-0.37276348443671925,0.6957996594688974,0.33967538905422306,-0.11518958684905344,0.6017050925730072,0.21289104279138799,0.9565425056889897,0.5179135293543736,0.17471083403497803,0.05406341017907543,-0.2095159711790538,-0.006915680587728232,-0.22628976231650585,0.42206886059562404,0.5933961624276507,0.35460127394662744,0.5044206675114907,0.013812828739555867,-0.37360041662236737,-0.21372810062804348,-0.036814556691249,-0.3421473618982432
0.658603693322331,0.2529565048157163,0.4809268579999089,0.40651799198982225,0.5870323049786496,0.5330361747904322,1.0,0.4561642834605553,0.2928080850801752,-0.3483035349017774,0.01668922082531327,-0.12403243116743624,0.5009293452680224,0.6966044219318586,0.6299881765792396,0.14198152128915525,0.46051271791237325,-0.06680576170697448,0.022151994050369033,0.46168847816977915,-0.20712356369474597,0.430331228364728,0.3356836494967131,0.430331228364728,0.5134539202072925,0.5313153626544755,0.5570181604236557,0.935301090688891,0.5104437174676835,0.23213400662582534,-0.34253829907730526,0.0011264977324515885,-0.17996392553165255,0.4863591312692811,0.7043118968164425,0.5972517217835251,0.12853717771934053,0.4092032926769576,-0.09996348900598749,-0.02040829532137219,0.422788799189033,-0.2578634639923202,0.5657260864158957,0.22659273900192087,0.3019084491879328,0.3951565368675977,0.5159699159702502,0.5200614962005843,0.969856847147198,0.4760313005287229,0.2124903084299593,-0.40185566629718,0.04446171688675567,-0.08198632054451846,0.49029495780314886,0.6695111551495094,0.6074566507317121,0.12121870845125692,0.44557375731248683,-0.08882206402666334,0.021897429353655296,0.42206111175984035,-0.25132780759257634
0.09598335830416324,0.20984655334556096,0.15607941533076097,0.1719931154695561,0.4574415264792861,0.20848018409650299,0.4561642834605553,1.0,-0.21973372807029123,-0.2861624941128722,-0.28106526676500615,-0.25839487394780364,0.06180479827647544,0.5183367797088921,0.6121398504796205,-0.24171118491517754,0.3633933163900175,0.07483214764699248,-0.0026743893682003115,0.6320692657586066,0.01103484478410933,0.2684100775800279,0.23261073177623612,0.2684100775800279,0.23601424803137921,0.49994916649202886,0.15999616365276048,0.4885171969689815,0.7294819782993486,-0.2549884260818617,-0.30971116667532067,-0.3257627487810665,-0.3536972757546173,0.07252905652571182,0.512924553584973,0.5858416044844508,-0.26559795653117574,0.32352552203778245,0.02732583174325661,-0.03637695975182132,0.5969113472409956,-0.0016660450050578477,0.04791017629169589,0.21418441559081983,0.10840417912533526,0.13218457777006887,0.47536485981899046,0.16944955984462667,0.49148361734437385,0.921366629578554,-0.26626691138726255,-0.31794135803304086,-0.3143181471488066,-0.10624034725100188,0.07425480779315549,0.5069670117719702,0.6164355525340546,-0.26269975838074394,0.33885556777111847,0.033425974539180725,-0.01549352991690204,0.5817677733920479,0.0065331725028267154
0.3239394432856151,-0.015953553717237313,0.5240676505979449,-0.2846569670681452,0.24870211139388554,0.08690809159066247,0.2928080850801752,-0.21973372807029123,1.0,0.6125004412574561,0.7809646422946677,0.6049593678613526,0.582424844712627,-0.07117537091880642,-0.10035154205564314,0.5443659032222234,-0.011967394024771948,0.45961220120824764,0.3978116932225551,-0.011452736675324284,0.39689441837767475,0.42552504447398587,0.045512612694177834,0.42552504447398587,-0.2271344035782641,0.1843314727254057,0.18203637069759981,0.29656685755932,0.09151183334153144,0.9526401502783298,0.6101401492924646,0.8239986053372025,0.6118694496471041,0.5539565636109505,-0.09580891616360208,-0.16848008301102782,0.4570761209825716,0.006851318382545301,0.48753459894654616,0.41318703100328724,-0.06644110266216278,0.36498174382802606,0.2914343949706132,-0.06570109253704758,0.41538505806160503,-0.32749661942600794,0.17381949763992907,0.07208299208662321,0.23179906738444225,-0.11352856426032616,0.9784377227644943,0.5854022035547616,0.8568195324259174,0.48102954820361976,0.5757197304440442,-0.0962089512594905,-0.11949752739551878,0.47283233527761726,0.014444149902013701,0.498226437679422,0.4285929102650115,0.028634926692272737,0.3755709506480194
-0.0806993357635815,-0.004855858518616681,0.15913169840388489,-0.48358545932975966,-0.11146969457531951,-0.17222789185625434,-0.3483035349017774,-0.2861624941128722,0.6125004412574561,1.0,0.6848282846416877,0.5605868379968542,0.3936552308760716,-0.471069015303896,-0.2765865386288356,0.46043714370681593,-0.3331382634281222,0.3979069570235538,0.11071581715651778,-0.39601467661057577,0.34706266582419437,0.15522162461683756,-0.02331975956030325,0.15522162461683756,-0.44242847502482463,-0.11601507510383709,-0.11374538940241437,-0.32267954833937806,-0.11606139354830924,0.6282789927221244,0.9650636422451194,0.7106170152782058,0.6239270887586502,0.3638267454443091,-0.5094743821988211,-0.30840342252315245,0.4087975153040787,-0.29302747850450306,0.45427015360556466,0.1332137677984836,-0.4308489452513401,0.3618917006222466,-0.025100370236496104,-0.03802662332360542,0.16438384568521033,-0.49978543097658507,-0.12738258041391598,-0.19643552086209407,-0.37790666395578815,-0.24779830218479415,0.6442993328071827,0.9863362794285111,0.7021451275525736,0.49668375491663397,0.37213387214668137,-0.4801736866023236,-0.27147317029085805,0.3977830385044103,-0.3187824806210148,0.4396237602658627,0.13080179233701203,-0.36259885768887856,0.3627567234528719
0.14860599177909511,0.05010352339174282,0.4338730962774457,-0.3572790278045915,0.1361433599621717,0.06007159963763512,0.01668922082531327,-0.28106526676500615,0.7809646422946677,0.6848282846416877,1.0,0.6094092047485864,0.5015836524894736,-0.28785171588679115,-0.27277818588943514,0.571896747362936,-0.2231915007110819,0.41668408133079776,0.3234843856165462,-0.3035040129723404,0.45264977205300333,0.39368566821434514,0.18036871191243525,0.39368566821434514,-0.23265396050158482,0.11053660719831182,0.20191612240255394,0.07119841243505726,-0.015263960281820876,0.7843735854700623,0.7042206231051105,0.9453916849190048,0.6985389913932487,0.46361520249440064,-0.2939490052026125,-0.32423407867915655,0.532952362269745,-0.20747770029670626,0.44074508086110337,0.34855967886249106,-0.36055949407648885,0.41871460894423485,0.13025688222936843,0.07454630401239132,0.4278129111122195,-0.35118130781873225,0.08184346400251778,0.08179750170557483,0.003148171330994192,-0.19944547648584038,0.8060502649840461,0.6796131296020252,0.9647458120417234,0.5609062121158984,0.5000043160502009,-0.30975799534728843,-0.270910344780424,0.5142064586247383,-0.22099985291623236,0.4401541908016378,0.3415364437381509,-0.26207802426753385,0.42891004558770623
-0.046816083506199827,0.07783935422602123,0.48640881053526785,-0.29719209269932173,-0.08164245175737336,-0.16773812677150693,-0.12403243116743624,-0.25839487394780364,0.6049593678613526,0.5605868379968542,0.6094092047485864,1.0,0.013825166349107184,-0.494641138629554,-0.45314173987335266,0.32724684788350716,-0.3448019590586276,0.5976323660892353,0.6201040848341873,-0.280115271569489,0.5707908350716956,0.5262157686259628,0.1099457515026929,0.5262157686259628,-0.32470505283799095,-0.1048774505776804,-0.12225486600697069,-0.01972887567380173,-0.20535684147922426,0.6123053917254568,0.5634061644244952,0.6758642780984007,0.8973493688423181,-0.028316907040930466,-0.4885861566907783,-0.5123720956920396,0.19850248264795428,-0.3539512956184712,0.6602629062847333,0.6371409389274505,-0.3239166187039729,0.5649178444592917,-0.004559174320759118,0.07241733114732417,0.5730604956439018,-0.3869973038207758,-0.11268784560206095,-0.1867827538922332,-0.14359676432030094,-0.307362599122117,0.6285282501208289,0.5483051614983427,0.6513061290805205,0.9225557110729755,0.007426062822193546,-0.4971493932632704,-0.46303403015926126,0.23336099002274666,-0.3279127269545508,0.6398199131091926,0.6354492831604747,-0.22456364087344913,0.5553379400806818
0.5626554850444967,0.150192635989899,0.21954098103166764,0.054439420820543837,0.26825372930212316,0.43835039563836503,0.5009293452680224,0.06180479827647544,0.582424844712627,0.3936552308760716,0.5015836524894736,0.013825166349107184,1.0,0.29263326802899514,0.3805841868817392,0.5651408646819729,0.13461644620961236,-0.005934023390033475,-0.24381062523002472,0.05240830033569792,-0.20160555988626322,0.19203030686180675,0.21501119120789963,0.19203030686180675,0.23079641361463815,0.2663728712100808,0.5108237962129571,0.4129457465942687,0.3109617886613795,0.5736493573512295,0.38206545669358905,0.4731394467607207,0.10299461852990661,0.9832531122493908,0.27677313297114375,0.3685170110958102,0.6140136161699852,0.15379712610721516,-0.0026691309733599886,-0.25451743779857167,0.017491261194998508,-0.24985857270724493,0.5548600813834634,0.12323366824984139,0.06219497880516679,0.11692968860196477,0.22298104029812077,0.4450137572661061,0.47481717721113775,0.17370728131698057,0.5552182056182579,0.3669536721987606,0.5025772711182618,-0.0008467175078491924,0.986722627360754,0.25603367996829224,0.3761258138705764,0.5619597711649421,0.12393763571348348,0.02606702358079379,-0.22432986233028723,0.04333381892854262,-0.2144139287551931
0.4447487695504289,0.06701610648224972,0.02863549465870079,0.37836177523996645,0.5416936267944031,0.6098236030133594,0.6966044219318586,0.5183367797088921,-0.07117537091880642,-0.471069015303896,-0.28785171588679115,-0.494641138629554,0.29263326802899514,1.0,0.6504736922286711,-0.026257635692204077,0.5074231511420206,-0.4000006980874527,-0.14751868757017722,0.49889174884364995,-0.37229704559292487,0.06738672143130149,0.11184375826830906,0.06738672143130149,0.5246055243140413,0.557098142936317,0.5716498036166493,0.6992159491802051,0.5543179672885432,-0.072276451838715,-0.4823540626864089,-0.34227503066008597,-0.5260827081438701,0.3127678976825841,0.9870814354145048,0.6479234452887301,0.015979209284211923,0.5005391717767216,-0.42995204694194306,-0.1853310483230368,0.5092168910910442,-0.4158795144085532,0.38795089970315844,0.037399206386507886,-0.14029099296271982,0.45518120898815895,0.5504426054138132,0.5804521278997705,0.6887426726297537,0.5670046509821797,-0.12440010582192518,-0.5111865700192756,-0.30968356886490306,-0.48460467513737027,0.2973092166819259,0.9873146998662576,0.6398713947263353,0.0009016632012030992,0.48564667160610336,-0.39232597153043375,-0.15962558950827316,0.4593397960718012,-0.41482154534578114
0.293267502114029,0.2500231537742816,-0.012613815739907254,0.30986263764371647,0.46360426740728955,0.3685106446496035,0.6299881765792396,0.6121398504796205,-0.10035154205564314,-0.2765865386288356,-0.27277818588943514,-0.45314173987335266,0.3805841868817392,0.6504736922286711,1.0,0.03238463418572498,0.5354702099956393,-0.12416214598484497,-0.3920445664319045,0.5827120880872253,-0.3873280001182568,0.019425082300638843,0.2980750692205348,0.019425082300638843,0.43160461798452465,0.5159045929467005,0.39047445306275996,0.5745067565947519,0.5658228501536406,-0.14146039067092417,-0.29563468094236317,-0.2959634056732488,-0.4787589105275032,0.3896097057705266,0.6311712937854784,0.9860428151173005,0.05012835464048234,0.5221838150385661,-0.1848539665340271,-0.42254975628888575,0.5254479917694939,-0.43148356752257494,0.2737460250078703,0.2682987153059439,-0.1739220812387884,0.3631983157382142,0.4785299828538877,0.36164536109732803,0.6375875000601153,0.5842404422354935,-0.13191263936910647,-0.31546225105778375,-0.2685720061562564,-0.34246894740544753,0.39330196743914414,0.6567228134855777,0.9920668837960068,0.041861415974420634,0.5180840885940935,-0.1538408492814906,-0.3887597899381059,0.5372249370660998,-0.39701739745255527
0.4372751693754682,0.30024799288669435,0.1929184564628097,0.10601062924185337,-0.06141152062854084,0.5130860991631955,0.14198152128915525,-0.24171118491517754,0.5443659032222234,0.46043714370681593,0.571896747362936,0.32724684788350716,0.5651408646819729,-0.026257635692204077,0.03238463418572498,1.0,-0.3286886824442607,-0.0022423688933747767,-0.17707999680576247,-0.4133821779298206,-0.04735693771619457,0.06147310415733875,0.40325497350549655,0.06147310415733875,0.22753303678941886,-0.1010679527603059,0.5554224670818804,0.17634708458179427,0.017159954782756635,0.5226915933850328,0.4423887664826371,0.5267237793430873,0.3059782798865511,0.5575927708828811,-0.042381575473924446,0.028270008549929823,0.9462202746439854,-0.31423595921457664,0.027187256297847306,-0.18706421133754675,-0.4462525387062784,-0.10967291844803598,0.4979043009270368,0.3591000669692051,0.07578478510329979,0.17065737685732504,-0.06591042644221781,0.5320157135873491,0.14576330972564255,-0.16933912597620748,0.57556617129011,0.4529292990568821,0.5367094429173731,0.22369614863920542,0.5885620626034176,-0.012396822320546669,0.03643267452990663,0.9726722036031022,-0.30135490027900386,0.029327779385228778,-0.154610889243376,-0.35907061401988966,-0.05532956191770729
0.07985167415223386,-0.13472117508317702,0.03841576190611034,0.11940160200087406,0.49426203002213553,0.014899267068706194,0.46051271791237325,0.3633933163900175,-0.011967394024771948,-0.3331382634281222,-0.2231915007110819,-0.3448019590586276,0.13461644620961236,0.5074231511420206,0.5354702099956393,-0.3286886824442607,1.0,0.028513653152717214,0.14612512879070544,0.6887764995754968,-0.31022515595729133,0.08400819367482257,-0.21506908997281435,0.08400819367482257,0.12115966562240982,0.4953818599179045,-0.008145894100711393,0.43012142832034617,0.2817249966773236,-0.009265381777111106,-0.38015146600866057,-0.2589604355022926,-0.4043323040848557,0.12893976639245308,0.48317690155502474,0.5016779457908123,-0.36509563619948887,0.9816938576191925,-0.008432835852506673,0.13547788957849663,0.6803269108612084,-0.32193693638351933,-0.03268625040710395,-0.23728972373302798,-0.0767610048966661,0.1292941148755542,0.5035810696946671,-0.016513506958542624,0.4149275389007593,0.35967531950833415,-0.07865810076925375,-0.3757632751903329,-0.16851828345695677,-0.24056675070862876,0.13101648184022335,0.4830923577972016,0.5295505134498707,-0.33117881418317935,0.9756302893869618,0.04279394614801052,0.15464711483925267,0.6851237628383472,-0.31609008653317644
-0.44994036836972917,-0.04376862821183189,0.45667230156171723,-0.3801438221916132,0.33452029545131096,-0.39272908922257643,-0.06680576170697448,0.07483214764699248,0.45961220120824764,0.3979069570235538,0.41668408133079776,0.5976323660892353,-0.005934023390033475,-0.4000006980874527,-0.12416214598484497,-0.0022423688933747767,0.028513653152717214,1.0,0.5174307624964084,0.19715812491063994,0.5535692440769203,0.4962103283819989,-0.015749792836156472,0.4962103283819989,-0.355452959220646,0.32634172166932196,-0.2695923750604996,-0.04984978939858706,0.12073770899332412,0.49021461770092933,0.39577578036975075,0.5259432853537729,0.5899103344935375,-0.017656230363277497,-0.41181326343075936,-0.191167517528739,-0.03825213817248988,0.02630790778149583,0.9874884716286512,0.5245334933714924,0.11335395259688485,0.5283304138352707,-0.47874811786350996,-0.07898672280327548,0.5011398977228252,-0.44028918593155353,0.32467350019611135,-0.40965307827341296,-0.08449352755779992,0.04479278907055908,0.45378825318899935,0.37153783756266257,0.5168517162565395,0.6680574482350187,0.015230452649729258,-0.4117259513391284,-0.12005746909304252,-0.041507272390392064,0.028934865680452893,0.9864489973029267,0.525268815808324,0.20698750395106624,0.5118719439166233
-0.14179737077637472,-0.24036108092808278,0.4530121685410707,-0.2528310415502152,0.1855541402579084,-0.2167254047114406,0.022151994050369033,-0.0026743893682003115,0.3978116932225551,0.11071581715651778,0.3234843856165462,0.6201040848341873,-0.24381062523002472,-0.14751868757017722,-0.3920445664319045,-0.17707999680576247,0.14612512879070544,0.5174307624964084,1.0,0.20347407238805784,0.5458230598306111,0.5029673062516195,-0.2457478565163348,0.5029673062516195,-0.3185233983514782,0.12177849825327286,-0.20144881146023627,0.1145709358232252,0.012257260063912655,0.38414992767686773,0.13524556522381004,0.35747633105914983,0.5059590720490097,-0.2883685840991414,-0.1533248034108009,-0.45567487044049726,-0.28363045535630077,0.1206029238173983,0.5446286533778699,0.9924579722789385,0.19607525664384637,0.5458592126606611,-0.2108777420153771,-0.306581144971006,0.49606147270184664,-0.3711714088291702,0.15501120751426137,-0.2418075414203488,-0.008986260326503431,-0.0036050464478417457,0.3698203608766074,0.09766672888580484,0.37443873620675244,0.5694448677359993,-0.23473456391150946,-0.1822060824482859,-0.39382617590796015,-0.24230638905185256,0.1635510957694943,0.5681034357813862,0.9889137705057032,0.24624128457720493,0.526745717221061
0.010436502523438054,-0.08415604231365259,0.13723823975498162,0.09404064613835257,0.4791290140643396,-0.019113375071404613,0.46168847816977915,0.6320692657586066,-0.011452736675324284,-0.39601467661057577,-0.3035040129723404,-0.280115271569489,0.05240830033569792,0.49889174884364995,0.5827120880872253,-0.4133821779298206,0.6887764995754968,0.19715812491063994,0.20347407238805784,1.0,0.013584650853811362,0.1708618923932147,-0.12069956544144157,0.1708618923932147,0.06181958586277108,0.49556150876209565,-0.03151628346038929,0.4160709164793832,0.5246335628394952,-0.07226097813152388,-0.3961094398960471,-0.23853569229043517,-0.3271574193160359,0.07574783329106805,0.4979031399947523,0.529641292792333,-0.42541602961112573,0.6652589563455688,0.1397275722281971,0.18329889459714502,0.9790156330505337,-0.023389624995768847,-0.11379648389865434,-0.14271446319227243,0.03157107529673303,0.031068057283087796,0.45798205745216564,-0.06315967184283199,0.4261936637700066,0.6169562921555644,-0.08835348845609364,-0.4331798243030906,-0.23154792488023354,-0.21301805954010838,0.05586731882648118,0.46379875716943714,0.553839069014092,-0.4171433253246395,0.684697268947716,0.186868453716253,0.1923919506457701,0.9841767726264758,-0.008404030963506438
-0.24131370784611583,0.06468804154119476,0.38799227718104223,-0.3777727479574797,0.024059731880452257,-0.30303432355828336,-0.20712356369474597,0.01103484478410933,0.39689441837767475,0.34706266582419437,0.45264977205300333,0.5707908350716956,-0.20160555988626322,-0.37229704559292487,-0.3873280001182568,-0.04735693771619457,-0.31022515595729133,0.5535692440769203,0.5458230598306111,0.013584650853811362,1.0,0.3222947651255964,0.13926490986159007,0.3222947651255964,-0.4513799527680354,-0.01591704337808536,-0.2529680065916443,-0.14784502373996394,0.08033397675563562,0.3611577822892897,0.3618984991400389,0.4627340822587624,0.6130338687694598,-0.21056960723129903,-0.3846085181476355,-0.48556466922879704,-0.12860307522063572,-0.30864056940393675,0.5905651798083579,0.5814857787414708,-0.008625998515173624,0.9881115851976482,-0.3020215105037812,0.06447582523816649,0.4392346597450738,-0.5331604314269373,-0.04538715930162538,-0.3469266663829095,-0.21585563015444448,0.009507713244152212,0.40998204057447835,0.3571756740363303,0.44864699102467936,0.5622733973070728,-0.1998659754331889,-0.37997011233709244,-0.3955877421092092,-0.09695805425469754,-0.2804413718392219,0.5679906954600255,0.5681996866769171,0.04053361739202614,0.9825652618328484
0.171759338352867,0.09121857592044492,0.8793145540076907,0.0924775548926729,0.4031233554612561,0.04081237256098834,0.430331228364728,0.2684100775800279,0.42552504447398587,0.15522162461683756,0.39368566821434514,0.5262157686259628,0.19203030686180675,0.06738672143130149,0.019425082300638843,0.06147310415733875,0.08400819367482257,0.4962103283819989,0.5029673062516195,0.1708618923932147,0.3222947651255964,1.0,0.16537888226916034,1.0,0.2020181563417755,0.38207004085430624,0.12624784234722475,0.4859862699444249,0.20526875930513008,0.47746768967360875,0.1450883515330246,0.4540033654385897,0.4514260518334744,0.13861643402279855,0.10015198198653641,-0.030082276076026444,0.017986084122022877,0.05258804633524934,0.4939441493254198,0.47887885836002075,0.16883106892673722,0.29363831885565717,0.10951675712758317,0.06885198807115392,0.922073565938952,0.07804665031434481,0.3576693375680769,0.044748297171545104,0.4135734455317361,0.20424014748952826,0.38831421950097167,0.10502853650502648,0.4368060248629071,0.5438309896145013,0.19103431384591318,0.035928219507374744,0.02572767976427194,0.01017292465091499,0.07391309717612617,0.4878144201148448,0.5033433735697018,0.13741839830638108,0.28340098868530095
0.3877858721303152,0.9081940993069165,0.36630443926535067,0.4144380580769255,0.11184519987839078,0.4204554740664725,0.3356836494967131,0.23261073177623612,0.045512612694177834,-0.02331975956030325,0.18036871191243525,0.1099457515026929,0.21501119120789963,0.11184375826830906,0.2980750692205348,0.40325497350549655,-0.21506908997281435,-0.015749792836156472,-0.2457478565163348,-0.12069956544144157,0.13926490986159007,0.16537888226916034,1.0,0.16537888226916023,0.3905717533421662,0.0013960151675988437,0.37674316459048013,0.3132504682821703,0.1364918654468149,-0.02576739701857943,-0.044433712603788054,0.12400985382245938,0.08489320401741227,0.19300840346091383,0.11701945898975606,0.249065653739055,0.3582838637684123,-0.30215728182439444,-0.027382117139386118,-0.27565135096111487,-0.19318905409929787,0.09622182809819038,0.29576233352115877,0.9661349991594719,0.146028507843305,0.30289453956367046,0.005033570660643314,0.32757501506680015,0.2872550332145407,0.083297190578097,-0.0062096893840579885,-0.07872647734628173,0.07414947867013034,0.18427103541745712,0.18263275372637727,0.10284229561074631,0.2659471723790182,0.353624161305752,-0.29041041362924214,-0.06194511955781444,-0.2752606847441031,-0.13909449204568394,0.12854586212044147
0.171759338352867,0.09121857592044492,0.8793145540076907,0.0924775548926729,0.4031233554612561,0.04081237256098834,0.430331228364728,0.2684100775800279,0.42552504447398587,0.15522162461683756,0.39368566821434514,0.5262157686259628,0.19203030686180675,0.06738672143130149,0.019425082300638843,0.06147310415733875,0.08400819367482257,0.4962103283819989,0.5029673062516195,0.1708618923932147,0.3222947651255964,1.0,0.16537888226916023,1.0,0.2020181563417755,0.38207004085430624,0.12624784234722475,0.4859862699444249,0.20526875930513008,0.47746768967360875,0.1450883515330246,0.4540033654385897,0.4514260518334744,0.13861643402279855,0.10015198198653641,-0.030082276076026444,0.017986084122022877,0.05258804633524934,0.4939441493254198,0.47887885836002075,0.16883106892673722,0.29363831885565717,0.10951675712758317,0.06885198807115392,0.922073565938952,0.07804665031434481,0.3576693375680769,0.044748297171545104,0.4135734455317361,0.20424014748952826,0.38831421950097167,0.10502853650502648,0.4368060248629071,0.5438309896145013,0.19103431384591318,0.035928219507374744,0.02572767976427194,0.01017292465091499,0.07391309717612617,0.4878144201148448,0.5033433735697018,0.13741839830638108,0.28340098868530095
0.5146992793645235,0.36701235824061246,0.21890265785375332,0.8484375291046269,0.18473918737534473,0.6697633419453676,0.5134539202072925,0.23601424803137921,-0.2271344035782641,-0.44242847502482463,-0.23265396050158482,-0.32470505283799095,0.23079641361463815,0.5246055243140413,0.43160461798452465,0.22753303678941886,0.12115966562240982,-0.355452959220646,-0.3185233983514782,0.06181958586277108,-0.4513799527680354,0.2020181563417755,0.3905717533421662,0.2020181563417755,1.0,0.1422704190907483,0.655177651319493,0.4454851162417577,0.19114137151061197,-0.17831636804221998,-0.4659513557073792,-0.2654611922902611,-0.33800847777924586,0.20629414474603686,0.5356094174207282,0.4359007994515717,0.30446350191362564,0.07965321136272145,-0.38267671138051346,-0.36277480933832534,0.087302640524389,-0.5107087463525275,0.48993933346797697,0.36962118028380353,0.12797094088428437,0.9509717279959612,0.15707847588604415,0.6450410134040746,0.5064167996211209,0.16950925019626728,-0.2686405853484168,-0.4883838683224166,-0.26582680819941573,-0.3510883498282876,0.23186348610177682,0.5038224834412095,0.4290952276614382,0.2795929808522071,0.094241360481242,-0.37497017545264333,-0.3260774065000693,0.020415732235948437,-0.47936733337555665
-0.04147913323375509,-0.07930800188526468,0.24415019280358946,-0.07749010213030356,0.9350498419451186,0.1869406429221574,0.5313153626544755,0.49994916649202886,0.1843314727254057,-0.11601507510383709,0.11053660719831182,-0.1048774505776804,0.2663728712100808,0.557098142936317,0.5159045929467005,-0.1010679527603059,0.4953818599179045,0.32634172166932196,0.12177849825327286,0.49556150876209565,-0.01591704337808536,0.38207004085430624,0.0013960151675988437,0.38207004085430624,0.1422704190907483,1.0,0.3046769991476958,0.5400070096035733,0.520458397451245,0.21787833660493647,-0.11937888193957165,0.08575044634832564,-0.06251276715902519,0.24222205234552768,0.5490996349397941,0.48495485505086366,-0.04816371261918012,0.5230912914214515,0.2758023705154342,0.10955692019737208,0.4543966458617959,-0.047144586127025295,-0.10535357799362013,-0.12297185752732244,0.18193695477610675,0.02208649827634243,0.9732650977663143,0.20823298454342615,0.5473206331916916,0.5344100436919013,0.17580994792626797,-0.13817447469566393,0.11941987640511217,0.02543544589642711,0.3059205172735511,0.5556460845740572,0.5259417000422336,-0.0662407773346262,0.527571051925969,0.30877678569447276,0.12446120201741634,0.478252542257109,-0.06378607925856533
0.6291642094855757,0.2053681428279115,0.1323449787713826,0.3762205052791733,0.2855709408082251,0.9128838038857559,0.5570181604236557,0.15999616365276048,0.18203637069759981,-0.11374538940241437,0.20191612240255394,-0.12225486600697069,0.5108237962129571,0.5716498036166493,0.39047445306275996,0.5554224670818804,-0.008145894100711393,-0.2695923750604996,-0.20144881146023627,-0.03151628346038929,-0.2529680065916443,0.12624784234722475,0.37674316459048013,0.12624784234722475,0.655177651319493,0.3046769991476958,1.0,0.5808861148963275,0.36680526298122623,0.1872597337622127,-0.09733196134072308,0.13415758333931843,-0.054482103738806416,0.5136296048147487,0.5877326082395065,0.40523015403048174,0.6044576732523684,0.012716222277338323,-0.27140531058628936,-0.2283330805737868,-0.05643683087623801,-0.33056639259519494,0.6725418312735084,0.24993274429102239,0.006214031507707056,0.5118595799475126,0.2877079089100767,0.9572808038712268,0.5969028084156949,0.222042999282678,0.19601395342790506,-0.1256994043975672,0.1592878459157491,-0.19802292800774604,0.516628646458493,0.5716644800970958,0.38672804581973763,0.5710674690829556,0.007132651071984127,-0.24796052786485204,-0.20984870854035187,-0.05853958940675812,-0.324582970666079
0.5830709453189673,0.1642674314472066,0.43780841661729875,0.27462879950686575,0.5410157037699781,0.5203744703356872,0.935301090688891,0.4885171969689815,0.29656685755932,-0.32267954833937806,0.07119841243505726,-0.01972887567380173,0.4129457465942687,0.6992159491802051,0.5745067565947519,0.17634708458179427,0.43012142832034617,-0.04984978939858706,0.1145709358232252,0.4160709164793832,-0.14784502373996394,0.4859862699444249,0.3132504682821703,0.4859862699444249,0.4454851162417577,0.5400070096035733,0.5808861148963275,1.0,0.5456696185517427,0.2803959151472005,-0.28088081771448764,0.06607862539889896,-0.08124568835625487,0.41594262199982956,0.7254614199749897,0.5459034434497783,0.1448119182230694,0.39473298180417704,-0.06874465609059847,0.08195424119986032,0.37623959759101794,-0.1896614989854791,0.535836391213258,0.20983794871223926,0.3290795309531004,0.3277387366756729,0.5115392048864063,0.5431882664275883,0.9473902988468044,0.5185677959534088,0.24524389389095244,-0.371124426371863,0.08748539854242061,0.016858426526202386,0.41159793622922963,0.6806080220549001,0.5489362500106916,0.13598243386371411,0.4141422047252246,-0.06701327454035737,0.10576159735748032,0.3693868256871964,-0.20453289588421317
0.12699611390621265,-0.05514957311038601,0.09561957786730933,-0.11761438599468899,0.40441409796546207,0.21549544120763042,0.5104437174676835,0.7294819782993486,0.09151183334153144,-0.11606139354830924,-0.015263960281820876,-0.20535684147922426,0.3109617886613795,0.5543179672885432,0.5658228501536406,0.017159954782756635,0.2817249966773236,0.12073770899332412,0.012257260063912655,0.5246335628394952,0.08033397675563562,0.20526875930513008,0.1364918654468149,0.20526875930513008,0.19114137151061197,0.520458397451245,0.36680526298122623,0.5456696185517427,1.0,0.13054878294834907,-0.06135940716672779,-0.05950404974234073,-0.12012577335050821,0.36193286648998,0.5355193109868351,0.5477309746586386,0.08471142222558888,0.3001533373054337,0.10674671237234812,-0.016281556475993993,0.47749127077781717,0.04397974362152166,0.16006407800524028,0.03873359303090844,0.13785711567015504,-0.028682497016577515,0.47727848212400276,0.267679465740042,0.6048342904237213,0.9061098890323497,0.10524417602829493,-0.10607245759826751,-0.023888880352792484,-0.1422517466907469,0.35536385996150005,0.573297487074803,0.5869045049681646,0.057216971333042266,0.2913627039979972,0.12337765653061736,0.0036637980459251485,0.4834860790257011,0.04013375040136549
0.20402464525030942,-0.13204418359173695,0.4809872725652227,-0.3430720829649959,0.22459706976117463,0.03183834592423585,0.23213400662582534,-0.2549884260818617,0.9526401502783298,0.6282789927221244,0.7843735854700623,0.6123053917254568,0.5736493573512295,-0.072276451838715,-0.14146039067092417,0.5226915933850328,-0.009265381777111106,0.49021461770092933,0.38414992767686773,-0.07226097813152388,0.3611577822892897,0.47746768967360875,-0.02576739701857943,0.47746768967360875,-0.17831636804221998,0.21787833660493647,0.1872597337622127,0.2803959151472005,0.13054878294834907,1.0,0.658243398332009,0.8445677310640712,0.6768050478534562,0.5587001697179477,-0.0889146505179191,-0.1978003043892669,0.49869852396279285,0.028983901564852727,0.5327714221191882,0.40380200372976094,-0.12002345830081228,0.33237497666314403,0.21119231005657757,-0.13849562247519176,0.4633220870622189,-0.28998522953102907,0.1917065750396987,0.048361037720838836,0.20643421624498648,-0.10920066484201463,0.9586227999895003,0.6067285694924439,0.866856437705263,0.49786674071264525,0.5786333918403069,-0.09448820303145213,-0.14987629430670327,0.48033412180505053,0.005712961296520416,0.5364358632431994,0.40808179276175166,-0.04646624008202292,0.32483056901760776
-0.13892867888112367,-0.10252755839281881,0.10464404635577347,-0.5704401731173246,-0.15097471726240652,-0.2141964512231137,-0.34253829907730526,-0.30971116667532067,0.6101401492924646,0.9650636422451194,0.7042206231051105,0.5634061644244952,0.38206545669358905,-0.4823540626864089,-0.29563468094236317,0.4423887664826371,-0.38015146600866057,0.39577578036975075,0.13524556522381004,-0.3961094398960471,0.3618984991400389,0.1450883515330246,-0.044433712603788054,0.1450883515330246,-0.4659513557073792,-0.11937888193957165,-0.09733196134072308,-0.28088081771448764,-0.06135940716672779,0.658243398332009,1.0,0.7512238477370968,0.6823289664418548,0.369281526484383,-0.5050347741600753,-0.318765187987526,0.43653647630807024,-0.3330827377893122,0.4561776748851194,0.1592763438348744,-0.44019476243348427,0.37920549127609116,-0.059793872779495466,-0.06672536146967058,0.16006601877353094,-0.5337653859650775,-0.15281923227877503,-0.20301582893503975,-0.34467882801199023,-0.22697335207048497,0.6600346322755165,0.9609231368666952,0.725879235508141,0.5043691544858908,0.366532091123834,-0.4924205817347495,-0.2959875434909331,0.38961966327439357,-0.3746065819562109,0.4335831229436099,0.1369185085463872,-0.37025315815047444,0.36279993314067327
0.08430692896579416,0.0025766962828543153,0.46814852723029415,-0.38603660321511596,0.11404562325513844,-0.03402973903388628,0.0011264977324515885,-0.3257627487810665,0.8239986053372025,0.7106170152782058,0.9453916849190048,0.6758642780984007,0.4731394467607207,-0.34227503066008597,-0.2959634056732488,0.5267237793430873,-0.2589604355022926,0.5259432853537729,0.35747633105914983,-0.23853569229043517,0.4627340822587624,0.4540033654385897,0.12400985382245938,0.4540033654385897,-0.2654611922902611,0.08575044634832564,0.13415758333931843,0.06607862539889896,-0.05950404974234073,0.8445677310640712,0.7512238477370968,1.0,0.7699722984617325,0.4494774354707774,-0.32829507275077097,-0.34740285387108033,0.5056039733319968,-0.24520022966104982,0.5536595773708262,0.37704061220656104,-0.30424080993356745,0.43173804413337863,0.0713060562881463,0.032510196092307785,0.4779492025298052,-0.3702030762545027,0.053194504376762326,-0.00807329868270674,-0.021298961588648673,-0.2523024691199008,0.8379767510560293,0.6939943755391301,0.9725227513131282,0.6091295868705386,0.4655656671197767,-0.37452520635536274,-0.3098731171386855,0.46590773732241425,-0.25926621896873653,0.5419749823929857,0.3580352983813823,-0.21101431924143,0.42641599612647973
