Fp1,Fz,F3,F7,FT9,FC5,FC1,C3,T7,TP9,CP5,CP1,Pz,P3,P7,O1,Oz,P8,TP10,CP6,CP2,C4,T8,FT10,FC6,FC2,F4,F8,Fp2,AF7,AF3,AFz,F1,F5,FT7,FC3,FCz,C1,C5,TP7,CP3,P1,P5,PO7,PO3,POz,PO4,PO8,P6,P2,CPz,CP4,TP8,FC4,FT8,F6,F2,AF4,AF8,O2,P4,C6,C2
1.0,-0.2591525347506277,-0.14163384970598103,-0.03891509314954955,-0.213147984703987,0.5396902514624266,-0.1555865917794334,0.2501710893814919,-0.22732441981053697,0.8583225506851873,0.38220697412865745,0.13588185150101995,0.09285303193097204,-0.21548804859278506,0.43999204572736345,0.40140488170991695,-0.7142645969616838,0.6669863513061026,-0.4019492954662327,0.1567570431214077,0.20813672179978132,-0.3080476712368022,-0.3042018907172552,-0.3080476712368022,-0.07618906865772312,0.08446789510901842,0.39763143067041995,-0.4014932306864012,0.05118137727584866,-0.5571858924797345,0.42183156664937577,0.3716733011093529,-0.04625807604038039,0.062064610500323726,-0.40550552175689364,0.41477352561928865,0.10515416134871512,-0.7201952445754752,0.3876308803761558,-0.43854436523557355,0.1999568130490922,-0.4245155259566038,0.468172449001908,-0.39394458270301735,-0.17456552440626663,-0.4800823896125978,-0.38889017213755356,0.4621871882508065,-0.21682723355101932,0.16080890351302823,-0.32197636427376036,0.7529354080153545,0.09498990935659207,-0.012200002736589234,0.05396684781248456,-0.35167298118289303,-0.09238053697564497,0.10473874098015129,-0.763920364478141,0.4799743545223803,0.03659195866657384,0.28702474773985215,-0.25445200452533245
-0.2591525347506277,1.0,0.7229994845907084,0.7271520427887985,0.7350957376211615,-0.2914574423614968,0.5970722108918979,0.6916730476270196,0.2968982301030247,0.01118478624300109,0.4973401247891459,0.6251231995289322,0.5485403032419457,0.8629260116142103,0.2896870902890453,-0.4778551369013367,0.2049936438700937,0.39675277407862547,0.40863936280614993,0.5935498833068351,0.6344442731097831,0.30168834296150643,0.8421821118711345,0.30168834296150643,0.6464048294682996,0.7981517904093698,-0.4641734139333971,0.48760321359288333,0.8622668752463781,0.207634068511777,-0.180163128069457,0.30704726821327405,0.6002075419718694,0.6526986790356856,0.7604286969164109,0.2249010881490844,-0.29126816568446484,0.10649021436669052,0.25286655039665457,-0.019423533682688617,0.33962021378398327,0.44209304500229263,-0.7063434303109767,0.9138390660964888,0.18221384387076486,0.22958492664714356,0.5137534705212072,-0.5103001855696702,0.6067988379383131,0.4270807786560736,0.08417808375171959,-0.1942392366043838,0.21988513890425607,0.5897326847868033,0.1886868518411672,0.8732689816856802,-0.03557309461349496,-0.7497579812001545,-0.06539799121959916,0.1808328295507704,-0.32749705426036096,0.24173974919568136,0.3305594273358674
-0.14163384970598103,0.7229994845907084,1.0,0.5088309488722875,0.7722713095199648,-0.08728000617157045,0.763934060707969,0.7591448312670309,0.6942325929189203,0.03123025152914925,-0.058482174951845246,0.8743770018029349,0.5212989084577956,0.8081389204000259,0.2210000604681462,-0.845729238626874,0.40399598211961907,0.3666383563062405,-0.1844886707696885,0.5466455134721926,0.5194829450674074,0.6901483170382231,0.49694723296692456,0.6901483170382231,0.5771156662295394,0.734506006424386,-0.27423959101122597,0.4776979537989551,0.7468987570295803,0.49655597171405724,-0.21718000391619,-0.19286860665687003,0.5031689845991264,0.6977526773507294,0.5968246788022794,0.36916973864835734,-0.7238976246966722,0.2395897842393133,0.2654825148173438,-0.42024428022514465,0.37795114603538776,0.3383654198587184,-0.7400224483097181,0.6587595266194148,0.7721116847260019,0.07122321586027323,0.6351314052403831,-0.1936804599742504,0.7090038709821685,0.6672435821218271,0.6150814891000186,-0.14740975757129623,-0.4626472125458213,0.8067572251275026,0.18063282215466167,0.7432023964422932,0.07493265838112853,-0.8860989569568206,0.21538918081346212,0.25214488423310877,0.11683125052354935,0.37001069883414744,0.18885471869883663
-0.03891509314954955,0.7271520427887985,0.5088309488722875,1.0,0.6401791816845788,-0.45741336850220854,0.8208432990153396,0.7161510996979678,0.3237577000003936,0.07283421175698646,0.540578781136414,0.5211296731796278,0.23559180514640715,0.8224115540857229,0.503405721454152,-0.37899941589369923,0.2864853454619666,0.5567505081797157,0.39537367395244766,0.672407449911006,0.9123076882757679,0.13874759545015913,0.5824852039299708,0.13874759545015913,0.9121237890848917,0.49867286160822755,-0.5839368415243857,0.7686859887341035,0.8304693612121196,0.35299695928260383,-0.020008411591611423,0.2921358719574419,0.5169079591647096,0.3596966283525796,0.8205302715442138,0.5206941839072876,-0.22586774526372963,0.22662695273659994,0.47513598525031603,-0.1200864622059621,0.47331725461297236,0.7692496149622581,-0.6898473060165573,0.5514845765444228,0.1119314411513452,0.6534835676607972,0.396445456545389,-0.6058589257889684,0.833467165159411,0.6313385329739556,0.13917095789103648,-0.10622858077700374,0.212771209722521,0.4063448275729973,-0.1276958257790007,0.7813061296555807,0.19145424349071138,-0.3682905183152761,-0.15038085885992844,0.42190962717099667,0.06610392000773954,0.5475880426248593,0.6637324398640676
-0.213147984703987,0.7350957376211615,0.7722713095199648,0.6401791816845788,1.0,-0.40350319580309935,0.7534366016754893,0.7360267360484366,0.7565633877846037,-0.11481915191694807,0.19455152398948014,0.6896302327849411,0.19455881483546472,0.9136035015921302,0.16631702609013344,-0.7055625798570894,0.23647792516183969,0.22423686067493062,0.14742106941295693,0.4026600322884716,0.43703133026116703,0.3939928548676788,0.37530885676495335,0.3939928548676788,0.5621982867152922,0.5425181431474737,-0.7363493134923842,0.39053222411193944,0.6891340991738094,0.5562426273752822,-0.4822971806889186,-0.18162034845073596,0.27189526000652975,0.3595263492545933,0.6291830048497512,0.1009667383928266,-0.7026678014608763,0.06473449624514377,0.07881256087534746,0.012566325478305518,0.22685102058802442,0.4093501590787177,-0.5190290424391265,0.5475336101064199,0.4644108949761767,0.3162631537127409,0.845456907349549,-0.5867891844499569,0.6945605653422574,0.6882988897050488,0.5323389356966121,-0.3385279595054436,-0.09559829537107921,0.5179927797700284,-0.14100617526815892,0.8023111384347378,-0.009622406961435983,-0.6984495255266612,-0.005313165916658031,-0.04736191217228318,-0.1834753283069276,0.18312809426765989,0.19927443477795903
0.5396902514624266,-0.2914574423614968,-0.08728000617157045,-0.45741336850220854,-0.40350319580309935,1.0,-0.3585198497002769,-0.03944353282125779,-0.15069676043156932,0.5030006916517074,-0.11175473843733924,0.08536499195560472,0.16336007008260053,-0.45405732331178855,-0.06622358280499199,0.2601196073372548,-0.5353685286581054,0.20011044596201205,-0.5335051720905986,-0.19632165216617892,-0.26211139779938875,-0.36829887601485783,-0.37635574520124765,-0.36829887601485783,-0.40870712218269606,-0.11153068408549642,0.7869368817801775,-0.6007411599194183,-0.17622993796421893,-0.5210722614734594,0.10520712796596879,0.024465839615870903,-0.14419914735081207,0.21145143320624715,-0.615440909219494,0.13644271220006812,0.01509130556742457,-0.5403590250578456,0.19484138685189456,-0.2674424727031331,-0.018815206607602022,-0.4548834323631337,0.4627717702628904,-0.36883763706104955,-0.061026583417767725,-0.7899973303048936,-0.38511504634319577,0.941847331790731,-0.4828190872807858,-0.09687559479554586,-0.22129055146905166,0.5178166835957332,-0.15436193353530725,0.13104809764538095,0.33086037160119824,-0.43640051326688334,-0.3806330563161002,0.08717650519580102,-0.31743988265533063,0.3055964298590991,-0.07724604186255782,0.05361899975729005,-0.4660438899011055
-0.1555865917794334,0.5970722108918979,0.763934060707969,0.8208432990153396,0.7534366016754893,-0.3585198497002769,1.0,0.7826991537312804,0.7280067551320891,-0.03072565353961027,0.035370396479927076,0.7520384124545397,0.13219223034527397,0.8194105213092259,0.30513594943105,-0.790163158378204,0.5197411330450983,0.3904853799207612,-0.03835546513711644,0.6209807097007346,0.7524575733684367,0.46397431068795586,0.33963380409371147,0.46397431068795586,0.7943299797812348,0.46859309434658514,-0.4847697859237556,0.8043950523893142,0.7592453609985516,0.6649287099821941,-0.13844458775577348,-0.19869811748156732,0.49033259046582267,0.3189117928603481,0.7228943656752093,0.4408594961146919,-0.6556399944037491,0.4029652722602119,0.3977333123393884,-0.3112715514876946,0.5231267554515138,0.7683068921070706,-0.7798754833619953,0.4173717149145418,0.6079276152663047,0.5483427581584481,0.545986931209548,-0.42013938887503566,0.9720242053770172,0.8656323469245922,0.6199917117024526,-0.15502763472753306,-0.31259920053149876,0.6641568440746624,-0.20925805821071455,0.7573465196642195,0.1954128232027117,-0.5269439937159535,0.17111402663702077,0.3744909263935766,0.35427950717546997,0.6425393380765153,0.6045330232848968
0.2501710893814919,0.6916730476270196,0.7591448312670309,0.7161510996979678,0.7360267360484366,-0.03944353282125779,0.7826991537312804,1.0,0.5970844940248559,0.4736956833616908,0.38417755048733593,0.9345754124443256,0.36604641949796596,0.8021067306552486,0.5505164623254674,-0.6204269985465916,-0.04944097954470315,0.7594469053169612,-0.13610378204200546,0.8117073601865732,0.7240713586630911,0.3059928703182878,0.39245709781958055,0.3059928703182878,0.5573202704578636,0.6648882327029753,-0.27220640758705156,0.4153969578919294,0.9212934188277199,0.31475751087862314,0.07704507663989779,0.04168601483956182,0.6648976909856908,0.4236833153705667,0.560834455065749,0.42454948649704055,-0.5909165582374091,-0.174947401957632,0.6151230343839846,-0.31493961212878163,0.7326595031599902,0.4392710730443821,-0.48658827461332527,0.46428756894027995,0.4658968992388268,0.10454556578086917,0.34421759792779294,-0.2142011593944809,0.7598062060696962,0.8606275203278373,0.3883078921222313,0.2999477434303722,-0.043345017973067876,0.82325451169203,-0.015226279824237412,0.7410958322367583,0.12967097493850305,-0.742960431854573,-0.3569492784849209,0.5948466850735774,0.10532424376843645,0.7231219338902816,0.3963028212384976
-0.22732441981053697,0.2968982301030247,0.6942325929189203,0.3237577000003936,0.7565633877846037,-0.15069676043156932,0.7280067551320891,0.5970844940248559,1.0,-0.1953774340100321,-0.31734997205272497,0.6947363543127923,0.050775455187077656,0.6315054594240158,0.11306459126091588,-0.8807363136379112,0.32835990804712056,0.04650796405216022,-0.24903360538799005,0.2566010038753378,0.1636256371663074,0.4158017418854395,-0.10442089404908149,0.4158017418854395,0.2767082914281875,0.12257481881358176,-0.45014249363791664,0.3166314566786105,0.4192788672278116,0.7779658194873279,-0.473956644332378,-0.6506439939383002,0.14935811309032399,0.13623386336182355,0.34664791799691475,0.1260238403050643,-0.9326790469092634,0.16688249918568104,0.10336281533789098,-0.011035332096660959,0.3052705746784538,0.4387063324692926,-0.3747009348585647,0.10680851707551177,0.7504585683171453,0.2599319488863614,0.6402914368165342,-0.20044607982470947,0.6564033584653842,0.7728376178460861,0.884390952314643,-0.2594559941769225,-0.48369746348069664,0.5898345575583454,-0.1006660637215494,0.5390975482042015,0.21985945690361083,-0.5271199926362743,0.2164925297528522,0.0638440294748655,0.31711344635118843,0.34183161303190834,0.153306333893307
0.8583225506851873,0.01118478624300109,0.03123025152914925,0.07283421175698646,-0.11481915191694807,0.5030006916517074,-0.03072565353961027,0.4736956833616908,-0.1953774340100321,1.0,0.4316784283123742,0.3961773457700596,0.12360235651789972,-0.06080660155858299,0.4121077271487003,0.20810578613906802,-0.6768585408078931,0.8199535929417646,-0.46040499686921366,0.508569571095766,0.31507642686037374,-0.12087746192753876,0.0047633661059093375,-0.12087746192753876,-0.06242187714721355,0.3416140873455562,0.48819900903793867,-0.24238833964375772,0.3389528045034373,-0.4591538365460838,0.6636912713284903,0.3376188313455399,0.4070773193224963,0.07424213738227285,-0.16692324972842848,0.2443247718145771,0.1135014557294746,-0.6679092406321738,0.6466727491562868,-0.502717603188734,0.5613663504255667,-0.2591839076950178,0.2636524249446618,-0.09380186547108944,-0.046588326083683844,-0.5227631730064516,-0.41909071665987013,0.4245972783497611,-0.04128741955655209,0.24300099406539102,-0.25293098360025934,0.9389138240734656,0.13137302697039271,0.353915978570936,-0.03615093803870873,-0.0663234134201699,-0.12445319811779121,-0.20003080801547665,-0.7457865097113062,0.6873411501257228,-0.011332365819661986,0.5393444212637165,0.04347099153306346
0.38220697412865745,0.4973401247891459,-0.058482174951845246,0.540578781136414,0.19455152398948014,-0.11175473843733924,0.035370396479927076,0.38417755048733593,-0.31734997205272497,0.4316784283123742,1.0,0.08419140402735205,0.34732208333472236,0.3466244362301366,0.5909810059094385,0.367970771238681,-0.518680442958975,0.5939591683617551,0.5854299173691628,0.3846728981206932,0.5242895562341517,-0.43496458984100095,0.4499170572106124,-0.43496458984100095,0.33307492682518025,0.36756874057367017,-0.28741457569892415,0.0024928056770189594,0.49827459450109157,-0.43498294113973773,0.14746596292557637,0.8158397354510141,0.2580868684916326,0.24358757518054255,0.26984521508419745,0.29346218641637745,0.2983373944495742,-0.5087244196446452,0.2976831865919783,0.20671768002720636,0.21437104367377727,0.07287315665366884,0.025169792090869482,0.34736209449532496,-0.5864395151167416,0.0967913395711799,-0.09795896275962426,-0.3577841635475095,0.07842837627026562,0.09330362369714384,-0.6023962087983261,0.24835259365433582,0.8354483337558493,-0.03441358823032486,0.1653756384308521,0.29761791165640356,0.010106583547759137,-0.0929330057438499,-0.7778865235971539,0.27503752892702266,-0.4458594759480694,0.14312409853921784,0.11331261045248882
0.13588185150101995,0.6251231995289322,0.8743770018029349,0.5211296731796278,0.6896302327849411,0.08536499195560472,0.7520384124545397,0.9345754124443256,0.6947363543127923,0.3961773457700596,0.08419140402735205,1.0,0.40122307812827535,0.7326375412264352,0.39222041812440367,-0.7769565982988889,0.08108535914269985,0.6372598340559102,-0.35129943984198664,0.7563954454218813,0.5587101965303816,0.5031113858009973,0.352474577869425,0.5031113858009973,0.4362851345357297,0.6531996022090354,-0.10523340527689075,0.3748541660851077,0.8411379180238807,0.42202484180258787,0.05710593274896507,-0.19385200428983176,0.6794495299492737,0.48187714056605196,0.5028220547714236,0.35167765861192324,-0.696595423317417,-0.05641425350998307,0.5798302265201509,-0.42165480351670465,0.7142688714986742,0.3689923628197387,-0.5305953377671396,0.46931463888167285,0.7030931438335937,-0.03591694530291975,0.3775632468378832,-0.032996444532587925,0.7147195512079427,0.8114211904531572,0.5786798556655444,0.26897890416624165,-0.3213492593463406,0.9446500472159507,0.055564260100568,0.7083929630365,0.12074982672823159,-0.8528396957943586,-0.12369041687225796,0.5677794032051795,0.2002362477485731,0.6868227292391642,0.3232445862638329
0.09285303193097204,0.5485403032419457,0.5212989084577956,0.23559180514640715,0.19455881483546472,0.16336007008260053,0.13219223034527397,0.36604641949796596,0.050775455187077656,0.12360235651789972,0.34732208333472236,0.40122307812827535,1.0,0.4206080581796483,0.6187390569774143,-0.20224761245094958,-0.035536325108414445,0.4089793956422674,0.24300644761341178,0.33216244090414015,0.3725759975428688,0.18600980913810608,0.5243073397234235,0.18600980913810608,0.295173116237371,0.526711461583346,-0.006379284583539661,0.0703454205029553,0.49361147915685355,-0.13489888304856468,-0.07019503040368018,0.43566673941626793,0.32566463031777887,0.8683873507050054,0.27103857474340853,0.6197241791590545,-0.18371247588899003,-0.1061103919060235,0.16453698215834822,-0.07679706101619291,0.1501822139427988,-0.036600707097928564,-0.3757860262685538,0.580792073927911,0.14209669029084382,-0.12646164487005332,0.034907203326729454,0.004718174466125571,0.15410478256911292,0.1299406899952565,-0.07182617048523211,-0.02280683562652518,0.10672351897625497,0.37200043848435566,0.8863747436972326,0.351078738561387,0.35157354717964195,-0.5526968462399393,-0.1463861134611851,0.2949011321528039,0.013971776471957423,0.08340771496066748,-0.19854811971701036
-0.21548804859278506,0.8629260116142103,0.8081389204000259,0.8224115540857229,0.9136035015921302,-0.45405732331178855,0.8194105213092259,0.8021067306552486,0.6315054594240158,-0.06080660155858299,0.3466244362301366,0.7326375412264352,0.4206080581796483,1.0,0.4157564024323511,-0.6865861648863844,0.31370563392972817,0.422991844303718,0.2922567895547209,0.6358551171370853,0.6720819005810407,0.4274874087250235,0.6236910739263193,0.4274874087250235,0.7531250890389911,0.62454526594167,-0.6944176712975683,0.5976597784902261,0.8700264049721741,0.5575426274376339,-0.2806479415406951,0.007493835699800462,0.5160766986684782,0.5192485344596625,0.8442140143169071,0.34443887783336125,-0.5467769680254723,0.17758779915399592,0.31370366066014466,-0.03775271771628705,0.41295774902034027,0.5933715269266996,-0.7114381010497257,0.7289883234091586,0.42719390820234027,0.46846622842424007,0.705551253260012,-0.6329610721371792,0.8119595730129383,0.6629793708521301,0.44933640746655745,-0.2721169430370493,0.013603643188578044,0.5987657166785547,0.037424980919072454,0.9392090960964428,0.22358804835493687,-0.750381618359672,-0.016528619036911434,0.215369509407129,-0.04601562465649685,0.35933183888042897,0.4147361341767706
0.43999204572736345,0.2896870902890453,0.2210000604681462,0.503405721454152,0.16631702609013344,-0.06622358280499199,0.30513594943105,0.5505164623254674,0.11306459126091588,0.4121077271487003,0.5909810059094385,0.39222041812440367,0.6187390569774143,0.4157564024323511,1.0,-0.08928421223182467,-0.25826737489607554,0.7184178658692962,0.22937606094552324,0.5918590382817445,0.6125709317664103,-0.05807279291921948,0.22211088571126555,-0.05807279291921948,0.368559066985517,0.23611414314828388,-0.1840445133870768,0.21782950435135515,0.5575079153716512,-0.014769397633142913,0.24575107210768285,0.43819942684754415,0.39582609639393534,0.346579996964111,0.30164950873543667,0.7444335385959587,-0.13949250502255156,-0.28199386062389625,0.49863437715777553,-0.005334238920746883,0.5307392225694342,0.23695465698606732,-0.17136137002774846,0.17426543039354842,-0.0027265343295194335,0.23421908998723326,-0.2077904129181151,-0.18496175544825685,0.3831529763571046,0.4364344206216017,-0.03488448135846138,0.31937120129170443,0.3375468586826786,0.27496378797071386,0.4750839147177624,0.3061006926032843,0.6865070452315197,-0.25426156669546535,-0.5461786463304645,0.6209928568876462,0.36058929607674717,0.5288836925853673,0.17918607337647266
0.40140488170991695,-0.4778551369013367,-0.845729238626874,-0.37899941589369923,-0.7055625798570894,0.2601196073372548,-0.790163158378204,-0.6204269985465916,-0.8807363136379112,0.20810578613906802,0.367970771238681,-0.7769565982988889,-0.20224761245094958,-0.6865861648863844,-0.08928421223182467,1.0,-0.570794562167999,-0.08146636124231083,0.25347722636946884,-0.46207114124467097,-0.30240774152555755,-0.7150838852297695,-0.2304857363126648,-0.7150838852297695,-0.37637923161127457,-0.3946413069558127,0.3329497167259605,-0.5589757827557903,-0.5544931126434125,-0.800114722418264,0.24286437850058934,0.5648274207006743,-0.4557708310863991,-0.2846039693114223,-0.5425471110090496,-0.12984265784004584,0.8380230167390842,-0.4351965922381768,-0.17346212660775068,0.20251837772343687,-0.44580672096720175,-0.5124980544296637,0.688554265498145,-0.4139709493026269,-0.8845252162194357,-0.27581070320425166,-0.5648863576213404,0.2525691478546725,-0.780354335318949,-0.7155294178515239,-0.8800961557951635,0.23755245956865745,0.570496885712183,-0.7762144912667172,0.02979809043662146,-0.6696524437499126,-0.27038843842350874,0.7185109467527299,-0.4376859407204475,-0.15635053244829683,-0.39689956543447585,-0.43972530124402814,-0.34113255738680937
-0.7142645969616838,0.2049936438700937,0.40399598211961907,0.2864853454619666,0.23647792516183969,-0.5353685286581054,0.5197411330450983,-0.04944097954470315,0.32835990804712056,-0.6768585408078931,-0.518680442958975,0.08108535914269985,-0.035536325108414445,0.31370563392972817,-0.25826737489607554,-0.570794562167999,1.0,-0.36484053050239484,0.07897475940361803,0.0546878106396622,0.22234190530088813,0.6312952890889888,0.29983924279178853,0.6312952890889888,0.4971788036669806,0.11099447519791837,-0.30887997949526014,0.7670987682827136,0.09331063167778884,0.665776353383921,-0.20692006172565844,-0.3675830749772959,0.1324160352201902,0.1489781010805192,0.5309537236003016,0.08933340285601445,-0.24573454060650518,0.9780128817975001,-0.15644427023775132,-0.18752776770983826,-0.05813812598981751,0.5599719053182443,-0.7768176031294776,0.34762344943929374,0.5236644931406483,0.6073089621826234,0.4259167609106177,-0.38090438315668484,0.5454005216817516,0.13792460252565314,0.525654541166866,-0.6342183582179542,-0.5360373236244913,0.15827791835647462,-0.1318155969728888,0.3528799076650573,0.19873775378112804,-0.14710253306200372,0.8965392420878098,-0.16869641926199508,0.4024161793624171,0.04055802822808456,0.43512399985464695
0.6669863513061026,0.39675277407862547,0.3666383563062405,0.5567505081797157,0.22423686067493062,0.20011044596201205,0.3904853799207612,0.7594469053169612,0.04650796405216022,0.8199535929417646,0.5939591683617551,0.6372598340559102,0.4089793956422674,0.422991844303718,0.7184178658692962,-0.08146636124231083,-0.36484053050239484,1.0,-0.16116233551314263,0.8062577651954699,0.7246294297160284,0.05814815074930901,0.3595579705411852,0.05814815074930901,0.4462146933779968,0.5215973543729432,0.10965140215116238,0.20147633517257915,0.7386261377561929,-0.11812638021965959,0.5255499568796904,0.39134153692889484,0.6401936195984573,0.3834953390246354,0.3510384474798237,0.5979153180631299,-0.04282830678289229,-0.39418610656900643,0.8370628677715198,-0.4766378240715306,0.7265837338670881,0.19029820019444943,-0.187539613282049,0.2709300212974824,0.11034062433877863,-0.07357935485868411,-0.12123162780546948,0.06456165773764123,0.3959954402942232,0.4841173234796557,-0.054062417939188215,0.6777722252519852,0.1607230305338647,0.5393272369111684,0.09706630337976693,0.4022768069835836,0.1816047858249978,-0.44357452403369935,-0.6382088398941729,0.8516525677361209,0.11795577889424792,0.7186515114354645,0.3506594402548536
-0.4019492954662327,0.40863936280614993,-0.1844886707696885,0.39537367395244766,0.14742106941295693,-0.5335051720905986,-0.03835546513711644,-0.13610378204200546,-0.24903360538799005,-0.46040499686921366,0.5854299173691628,-0.35129943984198664,0.24300644761341178,0.2922567895547209,0.22937606094552324,0.25347722636946884,0.07897475940361803,-0.16116233551314263,1.0,-0.0749353908132073,0.1871303686312694,-0.35031779399471874,0.44338255484312306,-0.35031779399471874,0.3098617449462196,-0.012641906795976173,-0.6181344112699205,0.19927195394074299,0.12873485915263358,-0.06284306006135448,-0.3407718404771545,0.52856333678068,-0.07592617447790727,0.12949841304545673,0.38190445921998883,0.058018568416401683,0.31247019511124136,0.1132340588517061,-0.25118491955913563,0.6786849401414904,-0.2655543706913352,0.2888545216499555,-0.17394630374668524,0.39964553818558524,-0.5925889374209273,0.5509674595178216,0.1365403160920287,-0.6748583816922469,0.04056460907367038,-0.23450380244493893,-0.43062225830002127,-0.5395898223586513,0.7460235510336911,-0.3881433210892403,0.24697441966804815,0.2879904550576336,0.19125923936228192,0.15003982994590465,-0.08671290921279787,-0.2959629082978916,-0.37791664553203874,-0.3342308398153971,0.09863751780187699
0.1567570431214077,0.5935498833068351,0.5466455134721926,0.672407449911006,0.4026600322884716,-0.19632165216617892,0.6209807097007346,0.8117073601865732,0.2566010038753378,0.508569571095766,0.3846728981206932,0.7563954454218813,0.33216244090414015,0.6358551171370853,0.5918590382817445,-0.46207114124467097,0.0546878106396622,0.8062577651954699,-0.0749353908132073,1.0,0.741744718359496,0.4186053479485517,0.6048630449294942,0.4186053479485517,0.5186928604228456,0.6019881317051134,-0.08876237283310164,0.5714820268901769,0.8772760686552991,0.3131263721928004,0.5351116965413956,0.1234765532510232,0.9385180767112894,0.26920109158811506,0.701601723509015,0.36401021098085684,-0.16672261108833192,0.034089134696376075,0.8233139313516009,-0.3657762515846096,0.9191994753704327,0.5254314105385243,-0.5547543213184181,0.551123699757614,0.37718537470670077,0.23147820338573147,0.028856477136116564,-0.2498091510060672,0.7072541942685872,0.5628683812973122,0.2640439115570083,0.45814007531807727,0.04954750518363496,0.7651618942469547,-0.04775025522248957,0.7190897811938147,0.3722864732639438,-0.660680829885663,-0.24490850327071603,0.7835071025609657,0.26856947823351585,0.8265932382543706,0.7067934740672422
0.20813672179978132,0.6344442731097831,0.5194829450674074,0.9123076882757679,0.43703133026116703,-0.26211139779938875,0.7524575733684367,0.7240713586630911,0.1636256371663074,0.31507642686037374,0.5242895562341517,0.5587101965303816,0.3725759975428688,0.6720819005810407,0.6125709317664103,-0.30240774152555755,0.22234190530088813,0.7246294297160284,0.1871303686312694,0.741744718359496,1.0,0.20962824096947616,0.5700201486516859,0.20962824096947616,0.8797332480124989,0.623230052807473,-0.288236677426194,0.7370846953482468,0.8143960414375886,0.13939280305909435,0.23746376108528425,0.44088494591366284,0.5871634596596811,0.47681136654780426,0.6774855268358787,0.7060728951863637,-0.16201596196974904,0.17744779329960916,0.5638669947763078,-0.41650123658377064,0.5472254611262689,0.6008517922605003,-0.6879458356687332,0.5012315121993258,0.16152179412213022,0.44779859681315204,0.14856493817240665,-0.37259406476655266,0.7742425670713964,0.6257455003558916,0.03481065455381121,0.14326686816023806,0.09832844969182689,0.4689905511888314,0.008529475626305632,0.6083830406140721,0.20579166143346694,-0.3701844157488523,-0.20608319028428934,0.605371889695244,0.22118722037710925,0.6657847989237275,0.5918680121178668
-0.3080476712368022,0.30168834296150643,0.6901483170382231,0.13874759545015913,0.3939928548676788,-0.36829887601485783,0.46397431068795586,0.3059928703182878,0.4158017418854395,-0.12087746192753876,-0.43496458984100095,0.5031113858009973,0.18600980913810608,0.4274874087250235,-0.05807279291921948,-0.7150838852297695,0.6312952890889888,0.05814815074930901,-0.35031779399471874,0.4186053479485517,0.20962824096947616,1.0,0.40483167813155646,1.0,0.29476052523987745,0.5222596860840178,-0.12031491688410896,0.49135901308132346,0.32469001517775414,0.5791702113040444,0.13507841208186833,-0.40399654711883276,0.4552244813910477,0.27792286666696453,0.48664017298041556,0.03013160306234255,-0.39784930934624135,0.5576996083572946,0.09625387587656624,-0.529765707455424,0.2777032540689156,0.15028981118988344,-0.6511390324306952,0.4939552541869006,0.8424591978676439,0.11719925722663317,0.4201629103387499,-0.24065598663669796,0.5051340398723451,0.26684278808377815,0.6697284695569931,-0.13840775078548545,-0.6762494153924933,0.5329597718560719,-0.07451030267081542,0.44057147305069855,0.23714378704220446,-0.6766767833301708,0.5765938357772403,0.05539408621230758,0.3415481199630994,0.19969208715971176,0.270107462169995
-0.3042018907172552,0.8421821118711345,0.49694723296692456,0.5824852039299708,0.37530885676495335,-0.37635574520124765,0.33963380409371147,0.39245709781958055,-0.10442089404908149,0.0047633661059093375,0.4499170572106124,0.352474577869425,0.5243073397234235,0.6236910739263193,0.22211088571126555,-0.2304857363126648,0.29983924279178853,0.3595579705411852,0.44338255484312306,0.6048630449294942,0.5700201486516859,0.40483167813155646,1.0,0.40483167813155624,0.5878559958095864,0.7371848427613933,-0.25794241907826315,0.5262648505552955,0.693732495673393,0.10216421220278248,0.16852551672130472,0.4167113028878655,0.6866147082817787,0.5774876672850837,0.7880806237600939,0.16830401743988785,0.15495141154128766,0.29078153803465295,0.31205215769029004,-0.1319945053316536,0.3085691917982847,0.35939474763078727,-0.706411518827651,0.9606029194001907,0.06498543558960478,0.24979531772064317,0.27268214843889776,-0.48260863369942664,0.4185613748743965,0.026503286300389672,-0.101701183265623,-0.12079205005563945,0.241711252241873,0.4023506430097882,0.1922126814147957,0.734050232166785,0.06853360014827116,-0.6161480026805529,0.08181553184908756,0.22318518042054894,-0.2717436490207393,0.1538853532934095,0.4486477176864811
-0.3080476712368022,0.30168834296150643,0.6901483170382231,0.13874759545015913,0.3939928548676788,-0.36829887601485783,0.46397431068795586,0.3059928703182878,0.4158017418854395,-0.12087746192753876,-0.43496458984100095,0.5031113858009973,0.18600980913810608,0.4274874087250235,-0.05807279291921948,-0.7150838852297695,0.6312952890889888,0.05814815074930901,-0.35031779399471874,0.4186053479485517,0.20962824096947616,1.0,0.40483167813155624,1.0,0.29476052523987745,0.5222596860840178,-0.12031491688410896,0.49135901308132346,0.32469001517775414,0.5791702113040444,0.13507841208186833,-0.40399654711883276,0.4552244813910477,0.27792286666696453,0.48664017298041556,0.03013160306234255,-0.39784930934624135,0.5576996083572946,0.09625387587656624,-0.529765707455424,0.2777032540689156,0.15028981118988344,-0.6511390324306952,0.4939552541869006,0.8424591978676439,0.11719925722663317,0.4201629103387499,-0.24065598663669796,0.5051340398723451,0.26684278808377815,0.6697284695569931,-0.13840775078548545,-0.6762494153924933,0.5329597718560719,-0.07451030267081542,0.44057147305069855,0.23714378704220446,-0.6766767833301708,0.5765938357772403,0.05539408621230758,0.3415481199630994,0.19969208715971176,0.270107462169995
-0.07618906865772312,0.6464048294682996,0.5771156662295394,0.9121237890848917,0.5621982867152922,-0.40870712218269606,0.7943299797812348,0.5573202704578636,0.2767082914281875,-0.06242187714721355,0.33307492682518025,0.4362851345357297,0.295173116237371,0.7531250890389911,0.368559066985517,-0.37637923161127457,0.4971788036669806,0.4462146933779968,0.3098617449462196,0.5186928604228456,0.8797332480124989,0.29476052523987745,0.5878559958095864,0.29476052523987745,1.0,0.5032826504067563,-0.5062151690622628,0.8018852914858483,0.6993979555974298,0.3638099217587064,-0.08966212865609458,0.24187537525238628,0.37248451266549026,0.5291237957915228,0.7970743482376383,0.6326598621464967,-0.19796842780453627,0.4280246432989583,0.36683216796176515,-0.32600487006138434,0.25567777987951973,0.6861798544604648,-0.7822290977281326,0.5607287504053428,0.22865874040008669,0.6289498965143145,0.4960912708059847,-0.5092590965127372,0.7686955803909221,0.49912497552705976,0.18580790207863498,-0.26542114171465475,-0.04625560321543022,0.3127874657930469,-0.050637499892983266,0.6882818075795065,0.1380890092705483,-0.33733710072985906,0.10011221604598752,0.32887696615363154,0.11930263099534212,0.38781141834631994,0.5556536345213794
0.08446789510901842,0.7981517904093698,0.734506006424386,0.49867286160822755,0.5425181431474737,-0.11153068408549642,0.46859309434658514,0.6648882327029753,0.12257481881358176,0.3416140873455562,0.36756874057367017,0.6531996022090354,0.526711461583346,0.62454526594167,0.23611414314828388,-0.3946413069558127,0.11099447519791837,0.5215973543729432,-0.012641906795976173,0.6019881317051134,0.623230052807473,0.5222596860840178,0.7371848427613933,0.5222596860840178,0.5032826504067563,1.0,-0.11956161920497585,0.3552135073388701,0.7340482282053264,-0.051974566273827925,0.14414438237591687,0.3750259292825379,0.596388415409561,0.6637836574855543,0.4903096299945329,0.2512378140850757,-0.2539710185336679,0.014260521260936404,0.2328470685129221,-0.49264987303057045,0.34386209532589546,0.055847536234053204,-0.6154433688333812,0.7857532179385233,0.32828420177413065,-0.13730153988326496,0.31017990383693805,-0.2513967556425792,0.47437463840296695,0.40626192399873257,0.023100894531019926,0.13085569231287308,-0.05330019440030465,0.6203095889372605,0.13919739528809436,0.5765855673195692,-0.17363045236605837,-0.7772394236276526,-0.10013952812915831,0.23726956937986696,-0.21978555857764082,0.2807293199732816,0.1509265092334724
0.39763143067041995,-0.4641734139333971,-0.27423959101122597,-0.5839368415243857,-0.7363493134923842,0.7869368817801775,-0.4847697859237556,-0.27220640758705156,-0.45014249363791664,0.48819900903793867,-0.28741457569892415,-0.10523340527689075,-0.006379284583539661,-0.6944176712975683,-0.1840445133870768,0.3329497167259605,-0.30887997949526014,0.10965140215116238,-0.6181344112699205,-0.08876237283310164,-0.288236677426194,-0.12031491688410896,-0.25794241907826315,-0.12031491688410896,-0.5062151690622628,-0.11956161920497585,1.0,-0.4011088692464592,-0.32213581798104657,-0.5119313767109804,0.5623741503586787,0.022950912642042114,0.06664948269258272,-0.03541670523751633,-0.5758089777522366,-0.029115088474656454,0.33382283583962213,-0.21894373763868477,0.23149432208095713,-0.43549484815786876,0.10548934912946392,-0.4402358313510373,0.3500652765468732,-0.348983589173907,-0.032583198132482886,-0.7082630285675854,-0.6980656407622645,0.9060922209940541,-0.4992535512093624,-0.329645308972235,-0.2721722929412511,0.6467581703454088,-0.23831145549724408,0.08036030403910184,0.1687237932442883,-0.5665814264812028,-0.23846704267463473,0.19425882802634675,-0.058662301345933095,0.35849257907662635,0.16076106321563227,0.13837852341045762,-0.19731370468976062
-0.4014932306864012,0.48760321359288333,0.4776979537989551,0.7686859887341035,0.39053222411193944,-0.6007411599194183,0.8043950523893142,0.4153969578919294,0.3166314566786105,-0.24238833964375772,0.0024928056770189594,0.3748541660851077,0.0703454205029553,0.5976597784902261,0.21782950435135515,-0.5589757827557903,0.7670987682827136,0.20147633517257915,0.19927195394074299,0.5714820268901769,0.7370846953482468,0.49135901308132346,0.5262648505552955,0.49135901308132346,0.8018852914858483,0.3552135073388701,-0.4011088692464592,1.0,0.5706881201410225,0.5984330630877749,0.11175461257605322,-0.02894687466710574,0.5439742651700958,0.18936136285826483,0.8060458518080964,0.3741265708089941,-0.2063311729375951,0.7554015326161901,0.3266313340168465,-0.2605448963570468,0.4357663401426194,0.8505693053184802,-0.8950561809679549,0.49051091988955775,0.3945847307969121,0.7698257541199949,0.28076159295223296,-0.5421457909759272,0.8730215355103809,0.48455661648229026,0.38503406650151895,-0.25836188919920533,-0.19058673774637971,0.4065132900813809,-0.20672552405177078,0.637855877973265,0.33846594062276997,-0.27275556709672555,0.42838858648352807,0.31822985739074244,0.45073663044889023,0.5393294522908363,0.8109801479408433
0.05118137727584866,0.8622668752463781,0.7468987570295803,0.8304693612121196,0.6891340991738094,-0.17622993796421893,0.7592453609985516,0.9212934188277199,0.4192788672278116,0.3389528045034373,0.49827459450109157,0.8411379180238807,0.49361147915685355,0.8700264049721741,0.5575079153716512,-0.5544931126434125,0.09331063167778884,0.7386261377561929,0.12873485915263358,0.8772760686552991,0.8143960414375886,0.32469001517775414,0.693732495673393,0.32469001517775414,0.6993979555974298,0.7340482282053264,-0.32213581798104657,0.5706881201410225,1.0,0.3097242608534324,0.11943942196772171,0.20491568347713002,0.7942994783911179,0.5458992227716294,0.77728171266818,0.44565403489091554,-0.3686482686398519,0.0037084007081722857,0.64964482966091,-0.23893212379703127,0.714734016428942,0.5741022507753992,-0.6656639561235914,0.7191618379913549,0.34214009265628353,0.2570948978380483,0.34283623898581744,-0.3562688436775843,0.7759641064767908,0.6783461075219412,0.24884951370915373,0.16905868708141153,0.10985639724403526,0.7818610591323585,0.08503709514270634,0.8821355889072274,0.18124467019134047,-0.7635997316815306,-0.2489026826114362,0.6017083677776139,0.014744196241287724,0.6611780876678156,0.5451602081763536
-0.5571858924797345,0.207634068511777,0.49655597171405724,0.35299695928260383,0.5562426273752822,-0.5210722614734594,0.6649287099821941,0.31475751087862314,0.7779658194873279,-0.4591538365460838,-0.43498294113973773,0.42202484180258787,-0.13489888304856468,0.5575426274376339,-0.014769397633142913,-0.800114722418264,0.665776353383921,-0.11812638021965959,-0.06284306006135448,0.3131263721928004,0.13939280305909435,0.5791702113040444,0.10216421220278248,0.5791702113040444,0.3638099217587064,-0.051974566273827925,-0.5119313767109804,0.5984330630877749,0.3097242608534324,1.0,-0.24757991824212366,-0.7299550139375323,0.27944399969182177,-0.07958483661545088,0.6184737885838361,-0.015148168066325027,-0.5523214985222593,0.5957587242629029,0.16970700587676102,0.041884504221222786,0.3202239519653445,0.6746573697434327,-0.5344040479908887,0.21119093100997804,0.6981880990965574,0.6266531754970309,0.5886767197042823,-0.43355147729214305,0.6803211622446742,0.44913855225037774,0.8963830571012714,-0.4135318456730004,-0.4627413673049998,0.4063267242091086,-0.28594318762626886,0.6044988300737194,0.4389256747292536,-0.3809339766026104,0.5474177364734022,0.043980683529099514,0.4423513815337581,0.29617275856555497,0.529111355424734
0.42183156664937577,-0.180163128069457,-0.21718000391619,-0.020008411591611423,-0.4822971806889186,0.10520712796596879,-0.13844458775577348,0.07704507663989779,-0.473956644332378,0.6636912713284903,0.14746596292557637,0.05710593274896507,-0.07019503040368018,-0.2806479415406951,0.24575107210768285,0.24286437850058934,-0.20692006172565844,0.5255499568796904,-0.3407718404771545,0.5351116965413956,0.23746376108528425,0.13507841208186833,0.16852551672130472,0.13507841208186833,-0.08966212865609458,0.14414438237591687,0.5623741503586787,0.11175461257605322,0.11943942196772171,-0.24757991824212366,1.0,0.23337081124456804,0.5726701139318902,-0.2182097354064834,0.015221204317152988,0.06656354936579618,0.49417633511181025,-0.07840458552942252,0.6139303559417676,-0.47933469319742106,0.5985886403386694,-0.038143843527061745,0.03784081588746661,-0.03624400350643476,-0.03649641125756764,-0.16367354496789632,-0.6681583343016475,0.24643382888915127,-0.013991720755139,-0.10775265812773417,-0.22685739389854093,0.7975487667289423,0.058445165127454436,0.18859069235641654,-0.16749249941985211,-0.12927498275323188,0.18793651820866616,0.010109110312365745,-0.24559805473453053,0.647263272856284,0.31567268767751683,0.5359723420427193,0.43619078105999415
0.3716733011093529,0.30704726821327405,-0.19286860665687003,0.2921358719574419,-0.18162034845073596,0.024465839615870903,-0.19869811748156732,0.04168601483956182,-0.6506439939383002,0.3376188313455399,0.8158397354510141,-0.19385200428983176,0.43566673941626793,0.007493835699800462,0.43819942684754415,0.5648274207006743,-0.3675830749772959,0.39134153692889484,0.52856333678068,0.1234765532510232,0.44088494591366284,-0.40399654711883276,0.4167113028878655,-0.40399654711883276,0.24187537525238628,0.3750259292825379,0.022950912642042114,-0.02894687466710574,0.20491568347713002,-0.7299550139375323,0.23337081124456804,1.0,0.08055448099880214,0.3585907280727894,0.015120333488844753,0.3760314290831483,0.4947786039662911,-0.3170358156529661,0.03983837369045992,0.012276330088325306,-0.06733722138392571,-0.16460040305199006,-0.0035273417702179717,0.27863211913027275,-0.6631119377078762,-0.06537000406643584,-0.3577058676720263,-0.13524379177861817,-0.14684855709152603,-0.17416667489504412,-0.8386351678636899,0.19519364512961002,0.6889892370800635,-0.23265889523844013,0.3693283142854335,-0.0597602262399505,-0.08900164445187056,0.1261770708213279,-0.5417749788470237,0.1451262572230776,-0.3531174025718446,-0.04910396938324706,-0.09424465981418702
