Fp1,Fz,F3,F7,FT9,FC5,FC1,C3,T7,TP9,CP5,CP1,Pz,P3,P7,O1,Oz,P8,TP10,CP6,CP2,C4,T8,FT10,FC6,FC2,F4,F8,Fp2,AF7,AF3,AFz,F1,F5,FT7,FC3,FCz,C1,C5,TP7,CP3,P1,P5,PO7,PO3,POz,PO4,PO8,P6,P2,CPz,CP4,TP8,FC4,FT8,F6,F2,AF4,AF8,O2,P4,C6,C2
1.0,0.1524515769294925,0.0651132745610097,0.21542320864343786,-0.6230546944951693,0.42213176875822006,0.05332213629609937,-0.5896054280151924,0.24306770398457728,-0.10100623648558658,-0.3058763516179229,0.062438233820829143,0.037944288570638786,0.4932591374737656,0.7160803887478344,0.029038605968850256,0.34242570498819386,-0.348702343814953,-0.27538742514622316,0.12694016592206955,-0.00966286270721617,0.053666516105523525,0.12810172161811756,0.053666516105523525,0.19497665944465764,-0.5323223234283527,0.194576385357711,0.056097711794697074,-0.3040056301762283,0.09260674128314332,-0.017633876433815313,-0.21941835196909049,0.08755707599590035,0.2715600021677671,0.45454584819915816,0.6983198713067847,0.12229939308687984,0.3750023212901292,-0.31332351868944,-0.24352373532511315,0.06643445927033731,0.029107496861155154,0.7793386837030967,0.23154763169530038,0.06969988496765281,0.35781549338399343,-0.4404201217784021,0.3217950686112556,0.06678888885029297,-0.3314462216036462,0.21879270292474545,-0.06672513873857609,-0.22718592275806082,0.05456499544944284,0.106080071144817,0.4775764809353312,0.6303873419058993,0.23034736882453377,0.32464597774816306,-0.42480279061676396,-0.2162799451966916,0.0032249030522638468,0.09227319081140813
0.1524515769294925,1.0,0.4057274651192138,0.027798819531136748,-0.26946824474275816,0.04796966304562254,-0.07849285788242362,0.033819561714616274,0.5935563701136243,-0.11261931818618941,0.16783542411484811,0.25554688024743527,0.2850001534741757,-0.21872895368737807,0.12222911366571815,-0.01785408157627443,0.14621843031098675,0.3894950972984285,-0.3312305774001751,-0.13828439188994912,0.11476483824715748,0.42082949814324827,0.7057199916706629,0.42082949814324827,-0.006810786561715125,-0.13695320668776398,0.01074226124223386,-0.024540918602058148,-0.009958866804547837,0.5973276380997606,-0.08880859521447301,0.23228974352831497,0.13621424264595797,0.25496191237817667,-0.05897029930093146,0.1560236329017742,-0.047831406234872226,0.1925876218363825,0.31191247348631823,-0.35586856578877846,-0.08031060320883292,0.07980143883606387,0.26573835801495516,0.8155081206066664,0.4186477771270053,-0.005545052799706815,-0.17634960446867762,0.012244483433300616,-0.018387439747788475,0.058393730317172335,0.5795552666945045,-0.11944966285308732,0.2383423871501949,0.15877638492694457,0.27073094700642725,-0.1284340648497311,0.07392448332527142,0.03215944718856539,0.19837696580875694,0.3081793662519317,-0.3762874195719889,-0.05044680528180636,0.08108461599527603
0.0651132745610097,0.4057274651192138,1.0,-0.3231481228835295,-0.12916239126337295,0.0011984304824281824,-0.275773380820107,-0.205456745461692,0.5079361274105726,-0.054078037121807705,0.06789789693586655,0.24166435263049638,-0.043158382582033236,0.011261865704569924,-0.07964507283234741,-0.1735160469475697,0.4626810889380443,0.14129697732393393,-0.1768517336228775,-0.29413378982829236,0.2658760356249329,0.8491315929635302,0.22509541044552497,0.8491315929635302,-0.25325426555211944,-0.13626842737281109,-0.024058954232964003,-0.37119029092677697,-0.20247823046274055,0.3811852802900936,-0.04344950494890912,0.18683037853077156,0.055466928939558305,-0.05725761326946933,0.05349216390229308,-0.028550977405397186,-0.1811201133823605,0.4228911677331108,0.087946016912678,-0.20774694771831462,-0.2441756578676135,0.22080334723256032,0.12303701993713684,0.33948074654697946,0.8168274719599805,-0.16319355020907964,-0.14912518101794334,-0.016720033777175687,-0.21478462167319629,-0.09492628943535118,0.48259908411675706,-0.04386639051738975,0.11217033593839285,0.15324190184220204,-0.1556749769975234,-0.04847833090018195,-0.10689522690139885,-0.2799575919662149,0.4355403507280736,0.11647606395209853,-0.1885250375382063,-0.21061856968392073,0.23634263580123616
0.21542320864343786,0.027798819531136748,-0.3231481228835295,1.0,-0.01468635372178271,0.09752733124097779,0.5947860315629768,-0.4836212720141293,0.17104503512965796,0.0956191867221935,-0.3522318247386909,0.04169595752004161,-0.09552624188532674,0.1428904998477512,0.27002688151628174,0.56581605953252,-0.28947118395148835,-0.0737544159343493,0.026625300796619907,-0.023017061145413246,-0.04380547623377084,-0.22245426592958842,-0.019258546923768053,-0.22245426592958842,0.6255155224913521,0.024850512951927004,-0.013693674139981103,0.6219853036844573,-0.23148223788140665,0.11953304392647336,0.1751874045012511,-0.3494977414367608,0.08595412459547343,0.01595226030299129,0.16012994467204922,0.22656615882641498,0.54801572597841,-0.20445102265003562,-0.010760809938043597,0.10997368109986945,-0.04292096753900677,0.010557717580939254,0.17323689868502345,-0.0759503545889414,-0.2341166677099955,0.6186877993150685,0.08311514077366974,0.025668473312032956,0.5624222226301685,-0.36828739572863106,0.11950708903277929,0.10120426675867496,-0.40498244701287045,0.06523182352124514,0.06654192963856072,0.18014572494861597,0.16199809575817006,0.530051422868218,-0.3263380975339717,-0.08449183252061485,0.1295615509827247,-0.20491609863798074,-0.02332338917526296
-0.6230546944951693,-0.26946824474275816,-0.12916239126337295,-0.01468635372178271,1.0,0.17130680833981812,0.17000530694714655,0.52168238170805,-0.3687977777080537,0.5457513296211005,0.329898964795001,0.0480473738992025,0.16161654987129861,-0.2886302287601809,-0.29531479932095506,0.15851988170539538,-0.0018007765416023652,0.4569822108739274,0.6845552229662942,0.22727042644655757,0.3071284298218726,-0.07755517920193579,-0.1476202401870857,-0.07755517920193579,0.0219430363960615,0.9026355954655395,0.16040280874906473,0.20637149687102993,0.358278204231673,-0.19098504818053458,0.4079199966752293,0.2810375435864125,0.09805784712043826,0.030400859524883406,-0.12983627256621816,-0.2750321513577339,0.2241014832664894,0.04559955754623772,0.5374272383737526,0.6724820143976257,0.3399723788278277,0.2836622429543394,-0.29813382299392693,-0.26217951812464674,-0.061648695248090295,-0.036349164455496144,0.8897367449964119,0.12101772308975929,0.22944239067600222,0.44696651198437726,-0.3377948209028089,0.42856318220116174,0.2416947063783381,0.04914359837009546,0.16689115890971248,-0.2802174296151592,-0.25784614044285703,0.04784845403498534,0.0021595083205105717,0.505554314203139,0.656109194113817,0.3641035106768497,0.2144402441942832
0.42213176875822006,0.04796966304562254,0.0011984304824281824,0.09752733124097779,0.17130680833981812,1.0,-0.05934645816981682,-0.034398258055383574,-0.2550944517232052,0.5927807014701945,0.09818594302301618,0.412685216476221,0.07180231100877506,0.1302188683835472,0.6357970992132581,0.14031583378369822,0.43108549365011567,0.12677093090358116,0.2844022183037078,0.055127949730820705,0.35406972492563377,0.15016145100667586,0.2677565293217077,0.15016145100667586,0.34319511148664844,0.22951925445879226,0.6793670586710385,0.12406738168184002,0.22493381117974373,-0.16770875910809915,0.4156969332359592,0.13162361141768222,0.3687180577925485,0.17519897240327995,0.2622243745845349,0.6250353118632294,0.21880550760752607,0.48001429126948664,0.26404996516996715,0.3175873681062844,0.1772632841669289,0.38289306388129063,0.6195868605758089,0.2757411185994922,0.19756102441461665,0.3882283159219877,0.22329575057956205,0.8069868125677764,0.06213368923301454,0.23808682747811996,-0.2545883191169757,0.4911411432498285,0.07488269211084489,0.3515155305756685,0.13848794047002025,0.24916162290130542,0.6533375441742599,0.32729839139281064,0.4208585889276211,0.13718613981526626,0.3082967320993198,0.14549914899388514,0.3554440679439405
0.05332213629609937,-0.07849285788242362,-0.275773380820107,0.5947860315629768,0.17000530694714655,-0.05934645816981682,1.0,-0.31338552394424196,0.01988854809588075,-0.025954716253582755,-0.4830872897293617,-0.20822463560352336,0.19859253791329995,-0.08100862366468302,0.004610703656103146,0.39784767203932364,-0.17815159403382974,0.06608395406342805,0.07925743317333685,0.10167095609524258,0.03227202815411352,-0.28681864847889377,-0.3074672173636348,-0.28681864847889377,0.12920983920396042,0.06309329538474714,-0.2430019420523723,0.6607540633723962,-0.37312185179534385,-0.07038371775175216,0.03100551974472027,-0.4535408859767136,-0.13928051962796745,0.14269107825765712,-0.02993066758752348,-0.008303087166743566,0.39032588469843793,-0.16553385311518704,0.029201267575793062,0.08485463696898836,0.02520979397271568,0.02559724990297775,-0.01140440188810401,-0.2941366878162586,-0.3251922418398922,0.17989594487622573,0.12045366934943665,-0.23722433210313734,0.7662549596584447,-0.4036359864410853,-0.0803214781558649,-0.07276838600239902,-0.5354396932549528,-0.23721472773388558,0.2735853642428323,-0.1325727131977664,-0.10472601950432475,0.22313997443840883,-0.27345348834551286,-0.03003362254230763,0.1356638502410365,-0.1021110360796269,0.028929703669081513
-0.5896054280151924,0.033819561714616274,-0.205456745461692,-0.4836212720141293,0.52168238170805,-0.034398258055383574,-0.31338552394424196,1.0,-0.38766727990193633,0.07086697016021586,0.658455060524365,-0.14915075572661673,0.17225441773513062,-0.532456730849963,-0.40732951761484726,-0.2540809355013,-0.11814526269154758,0.4015850092923077,0.17871089383893118,0.08947750271351908,-0.08301572260826769,-0.19595150547937187,0.07899910444138662,-0.19595150547937187,-0.32579289077899687,0.4397701501939294,-0.019947325712297712,-0.2964181492282506,0.5087175642048399,-0.2507434807655739,-0.0686159160537191,0.4983396893983651,-0.10047521862087928,-0.06856631974177317,-0.41966795605858226,-0.40698357497363696,-0.24627963929779007,-0.10558121228817756,0.374105839554535,0.1247260085554151,0.16944235153123482,-0.14969427093594498,-0.43472108938881737,0.016974523918328842,-0.18165627427374267,-0.4923577604837732,0.35737640815800126,-0.09708483900692282,-0.3678579445703075,0.6014635809766506,-0.3703742320052525,-0.025138561903644604,0.5946774324343826,-0.17392782732880888,0.08422388968114143,-0.49887820716110437,-0.36921023019623406,-0.31349343016732945,-0.0865110995541662,0.42919868784342413,0.03127884866942382,0.2761447387836509,-0.2151423862349979
0.24306770398457728,0.5935563701136243,0.5079361274105726,0.17104503512965796,-0.3687977777080537,-0.2550944517232052,0.01988854809588075,-0.38766727990193633,1.0,-0.1844709632994431,-0.29608821676401953,0.0831057422550037,0.08563313261313686,0.30084791515155085,0.06030225131761371,0.055845930178371576,0.2186546620102627,-0.1141220219210799,-0.23185428075388861,-0.042238370805931964,0.03917959707220838,0.4682096758906626,0.39061275484678126,0.4682096758906626,0.03773297278341926,-0.28538641754094923,-0.16415745743109592,0.017646163440439618,-0.2657320863462205,0.8975774050554898,-0.03901479120350551,-0.11861010760253689,0.05336195158029033,0.1865227500281728,0.3097967919322111,0.11844544488068275,0.08163801991891584,0.24680987473718052,-0.12560051222834204,-0.22367694707102762,-0.019948425763409466,0.08030090657127986,0.21012865858703605,0.4682049992312681,0.42478023288382977,0.11696710776555692,-0.2689272035682394,-0.21108604507973497,0.07970141193015909,-0.24495961732114657,0.9613642614273905,-0.1413288990850535,-0.17744990035802854,0.05610171059990723,0.07405878156238081,0.21897301030473623,-0.004683468495903561,0.11956867057225733,0.24086913350777472,-0.19139441678018893,-0.2457460075341213,-0.021173423605526598,0.05685820062774277
-0.10100623648558658,-0.11261931818618941,-0.054078037121807705,0.0956191867221935,0.5457513296211005,0.5927807014701945,-0.025954716253582755,0.07086697016021586,-0.1844709632994431,1.0,0.25964178095021656,0.7339204528796269,0.07833794517309021,0.3003540750479595,0.4023050611588619,0.5392316502554086,0.46142708060732657,0.48973900541063775,0.7788394501697572,0.28759598530410496,0.705932199922087,0.3158584793162369,0.38256035870605765,0.3158584793162369,0.6085125736012387,0.747472792445853,0.7728717716396084,0.5262587019967039,0.6776487620519744,0.11306609897151881,0.903622057594629,0.4272827300882998,0.7647493506215154,0.23329726196475065,0.5038247730176546,0.46630667801414083,0.5858139293662961,0.5319588775290591,0.6632239098016675,0.860118170091358,0.4876760264476249,0.7847792442161646,0.45204211062911615,0.2648547729117665,0.35141242854280513,0.5734707176459904,0.7277833032049849,0.7464602825322005,0.43056759981817255,0.6646614484750438,-0.07346019333627668,0.948061974824085,0.27654452666479673,0.7343774280941506,0.18570412620490803,0.47074235237859013,0.5148846295113128,0.6617271437064377,0.4974153704889261,0.5438652018777255,0.8420413971011171,0.4403611166983991,0.7114054892551244
-0.3058763516179229,0.16783542411484811,0.06789789693586655,-0.3522318247386909,0.329898964795001,0.09818594302301618,-0.4830872897293617,0.658455060524365,-0.29608821676401953,0.25964178095021656,1.0,0.339341747733774,0.1592376520008714,-0.22260929008402539,-0.12713335379687193,-0.03593310050021396,0.16189511516432079,0.6695653404544434,0.23738384902835555,0.1669138238796139,0.2166827856623721,0.25252921199789397,0.3974537489630374,0.25252921199789397,0.12574685869079574,0.45297155201555084,0.29591272283292613,-0.12055309675194713,0.6385684424906581,-0.15224400577399672,0.23854640544334174,0.8648184778900634,0.3290140887218044,0.07678892555592817,-0.05688873147116117,-0.05787566823405991,0.01733333285664869,0.21166091206819457,0.6431166480558773,0.23715908692709559,0.2703334523106891,0.18341692100845855,-0.001831811570675815,0.3364762520609693,0.26871912253033164,-0.0029189896521551535,0.4163810783536107,0.1907252735140507,-0.2282783540880794,0.6618279424266922,-0.2102998375632887,0.22937846773209075,0.944337065040886,0.3010033255055765,0.10564477715746191,-0.11290115288039482,-0.07429433512768074,-0.0011327966279318005,0.1682426784331464,0.6670753117539726,0.17880758722182036,0.28465586779711677,0.13456801093135495
0.062438233820829143,0.25554688024743527,0.24166435263049638,0.04169595752004161,0.0480473738992025,0.412685216476221,-0.20822463560352336,-0.14915075572661673,0.0831057422550037,0.7339204528796269,0.339341747733774,1.0,0.1397454187647853,0.41330758405342893,0.4042691325089506,0.47507247344999354,0.5498684869681072,0.5710811546394905,0.3838530298835938,0.20304063384721294,0.7024598633335992,0.6400047735605418,0.6353293933882891,0.6400047735605418,0.6616091422255675,0.35569469464216424,0.7214184405642912,0.4182152464490498,0.5777112530527094,0.3228343333553978,0.7594226321906165,0.4832605357209783,0.8988034933932336,0.3067588518202694,0.5831674577410694,0.5183011154610133,0.5022583917754347,0.5825342747534603,0.6621823270351216,0.4737031987160413,0.3564238673372411,0.7873526191622525,0.587947936130754,0.5996800834500805,0.6738841266488048,0.6669311551345302,0.328922538119916,0.6634389361044852,0.3041369659477817,0.5181744905681026,0.1953438497800607,0.7500147898520868,0.365430918017463,0.9462042113846948,0.20420123873005544,0.6138342776399204,0.5446404962335158,0.6371426885590292,0.5692697016120453,0.5868152618123427,0.4682529937139057,0.2638159552622575,0.7481295366324837
0.037944288570638786,0.2850001534741757,-0.043158382582033236,-0.09552624188532674,0.16161654987129861,0.07180231100877506,0.19859253791329995,0.17225441773513062,0.08563313261313686,0.07833794517309021,0.1592376520008714,0.1397454187647853,1.0,0.12472503487480623,0.07281026546337899,0.12050295754525651,0.28105346007982573,0.42015898075706903,0.099770221436001,0.582672721553165,0.11292394995835463,0.06777015549002378,0.20130494892564713,0.06777015549002378,-0.00512042656005102,0.21033063797988147,0.1901832872909079,0.27667037992231724,0.15022478501705053,0.1680877302800493,0.2293668185436989,0.12177788788163381,0.20460034001261518,0.911983329481353,0.2521577642917072,0.1832130061203191,0.2396627370234725,0.3134939124254945,0.40613417622859294,0.10248323259362749,0.5877492387632103,0.16077754939880823,0.17116346709731847,0.25411623659579785,0.12791440494093143,0.11066078659248232,0.24823790066685142,0.15137396331198194,0.3477941928646922,0.20792788765229245,0.12270214082068782,0.09255282604529705,0.14366141709919633,0.14300235259341063,0.9619309229084518,0.11457238449789571,0.15440411041408797,0.15055723226233717,0.2929203802783478,0.3308420730229333,0.1110209928114989,0.5927215110587839,0.173541908186288
0.4932591374737656,-0.21872895368737807,0.011261865704569924,0.1428904998477512,-0.2886302287601809,0.1302188683835472,-0.08100862366468302,-0.532456730849963,0.30084791515155085,0.3003540750479595,-0.22260929008402539,0.41330758405342893,0.12472503487480623,1.0,0.5503239749673243,0.31716873683861924,0.5450662442449983,-0.2167129342262793,0.23798040656465616,0.5107561036347369,0.24224980311861816,0.2767333556493664,0.14910332182705488,0.2767333556493664,0.5088189444872218,-0.07836154027938881,0.413588182874683,0.31854953948816517,0.14037671010521066,0.36754322543129553,0.4951123969065394,-0.03540834292628937,0.5376520162516052,0.40581584376067115,0.9349522960632393,0.6377326382303455,0.4471625491330567,0.5612655210682158,-0.06952570191095499,0.3363207255333668,0.5390293551748135,0.4086841302598418,0.6210061479678123,0.09709384398227422,0.3115234824413274,0.6198111899306225,-0.002760473252074456,0.356513755132845,0.27912951960743865,0.015063880676601114,0.3994489928664416,0.3803531052192113,-0.13810915717261038,0.4907494904647806,0.19153846168152328,0.9328258946422493,0.6127144438820873,0.533320442304772,0.5141445485955582,-0.23470894973999815,0.3148433625472481,0.45645799111658336,0.3851512747721038
0.7160803887478344,0.12222911366571815,-0.07964507283234741,0.27002688151628174,-0.29531479932095506,0.6357970992132581,0.004610703656103146,-0.40732951761484726,0.06030225131761371,0.4023050611588619,-0.12713335379687193,0.4042691325089506,0.07281026546337899,0.5503239749673243,1.0,0.41833423717898705,0.5350505393213666,-0.06957855361358678,0.19745342562608886,0.1944290649840475,0.26872296199172857,0.143045015098539,0.33614851993507433,0.143045015098539,0.4761868046373308,-0.04391766655631981,0.5079872742456005,0.3220175720328567,0.11683923556948908,0.1485446890658355,0.38898722886116166,0.06862917711922814,0.4328182421071385,0.33147533227390175,0.5912267696974893,0.9607689244159299,0.38513338038221545,0.5939802906757756,0.06086127016570971,0.2460783375474838,0.2529100570973272,0.35066804644496746,0.8592193501968486,0.3542403598593324,0.19146520739030776,0.5498154216464678,-0.022408126713471553,0.627101951437064,0.2756804234208901,0.05871227549284937,0.13907702046312417,0.38880276075775994,-0.03565315270212474,0.40169287484708044,0.22388360900387483,0.6120653648350763,0.9055976730464669,0.5036851175614331,0.5428767967120977,-0.0950577387219638,0.2343384745930556,0.17932917239711946,0.36388338708394563
0.029038605968850256,-0.01785408157627443,-0.1735160469475697,0.56581605953252,0.15851988170539538,0.14031583378369822,0.39784767203932364,-0.2540809355013,0.055845930178371576,0.5392316502554086,-0.03593310050021396,0.47507247344999354,0.12050295754525651,0.31716873683861924,0.41833423717898705,1.0,0.11763197710092535,0.32348816757590976,0.44121460419789027,0.23808370111205385,0.3899756532891611,0.13460719344896338,0.23612299768417153,0.13460719344896338,0.689412912387561,0.37595471254301804,0.3354874359375826,0.7767374066404367,0.2849340881204244,0.17152445846188236,0.5943153977767055,0.14623321703352693,0.5079072376342048,0.2763493739001276,0.4369968304625452,0.4037788804373961,0.8956695064415712,0.19426514239910533,0.41668522544949066,0.5349532812678395,0.30100746486644,0.47286933462663333,0.3330644478471433,0.15747144956525236,0.14514113005556314,0.6458554144775291,0.3971495596637853,0.2790456476342202,0.743880949021787,0.18610344643175145,0.1063426638227652,0.5352510930071902,-0.04472500566979234,0.48722280462187517,0.2767886848707782,0.417801962493831,0.36269961247635507,0.7349965067610832,0.11510138177985887,0.3541578345399633,0.5262632209695185,0.14000700425002344,0.46316480181762193
0.34242570498819386,0.14621843031098675,0.4626810889380443,-0.28947118395148835,-0.0018007765416023652,0.43108549365011567,-0.17815159403382974,-0.11814526269154758,0.2186546620102627,0.46142708060732657,0.16189511516432079,0.5498684869681072,0.28105346007982573,0.5450662442449983,0.5350505393213666,0.11763197710092535,1.0,0.2545636603469407,0.3075351929318767,0.3236132795499722,0.4549790587298825,0.6547411100852426,0.29065104374139544,0.6547411100852426,0.12958709056481002,0.18406266375959482,0.4799591170612371,0.08523530453201904,0.23085204723268982,0.3360947181942082,0.46656362423365555,0.3432262288149965,0.48335365725884766,0.39246170006837744,0.6203492435519162,0.6180206636318659,0.18426850074972886,0.9821211532179006,0.31379121842405744,0.31621233130605747,0.422104042383361,0.5262233528023673,0.655248242898013,0.3738226351050086,0.6800212119432449,0.22795435425739785,0.18229094415863037,0.4781592599178277,0.14775850145579814,0.3210197499346603,0.305093588627025,0.41790303846373167,0.23292048485188854,0.44511038981369544,0.2780505387214009,0.4978346054436704,0.5440219293314631,0.18036832915328455,0.9666422659012067,0.19535699124624484,0.31018337901596127,0.4153482563285925,0.48547229538760184
-0.348702343814953,0.3894950972984285,0.14129697732393393,-0.0737544159343493,0.4569822108739274,0.12677093090358116,0.06608395406342805,0.4015850092923077,-0.1141220219210799,0.48973900541063775,0.6695653404544434,0.5710811546394905,0.42015898075706903,-0.2167129342262793,-0.06957855361358678,0.32348816757590976,0.2545636603469407,1.0,0.3372016868144513,0.2379607121652933,0.510848258098407,0.40840170658638464,0.5226607672533293,0.40840170658638464,0.29586477165428793,0.6184256565885181,0.3852119831427284,0.41681510026771207,0.6034585410567295,0.10732461640666396,0.531827099363476,0.7036253970444788,0.5582032617337469,0.3424447071835943,0.07308227111623476,0.022138282846736565,0.35399832637468054,0.3114561134987076,0.9630742375910116,0.37354800967880186,0.3734667291102461,0.49622500681050996,0.13244836425514808,0.4901499684354756,0.421497929370344,0.22585292644153165,0.5972494715264535,0.265383560487374,0.3845419567164787,0.6408983798602508,-0.046246685003214515,0.4807534768630182,0.629492492515641,0.5113054689677031,0.423614472431713,-0.041896162861139584,-0.006245846411195478,0.3154904833426819,0.2635115087619208,0.9643743140767114,0.37222065228802564,0.3534785857985975,0.4388149264642787
-0.27538742514622316,-0.3312305774001751,-0.1768517336228775,0.026625300796619907,0.6845552229662942,0.2844022183037078,0.07925743317333685,0.17871089383893118,-0.23185428075388861,0.7788394501697572,0.23738384902835555,0.3838530298835938,0.099770221436001,0.23798040656465616,0.19745342562608886,0.44121460419789027,0.3075351929318767,0.3372016868144513,1.0,0.4437682886977781,0.5476113786962928,0.06212807928326881,0.0459312184340501,0.06212807928326881,0.33323580450521734,0.8328869897643627,0.41191005528929864,0.4528885390424833,0.4911925227226306,0.0407927545917254,0.6711552235810124,0.3289385669602693,0.4554481073786406,0.1952446228089436,0.3605652756077893,0.2751883273041849,0.49773853144131347,0.3739360064118131,0.47754110467682487,0.9590154798776221,0.5493498245742665,0.5821693286191962,0.17264662234838268,-0.06773405705490539,0.08033764054498632,0.3109684141221396,0.8161934979198587,0.4053737785637498,0.4181179375818364,0.48753584051104126,-0.09275887389364885,0.6811460214656737,0.28258198762290326,0.407948893454929,0.18895591134293444,0.2917103907419613,0.2574775662641661,0.44839462943749986,0.3362809861770963,0.37521991039462627,0.9249242987493131,0.46553143014133336,0.5666405468086011
0.12694016592206955,-0.13828439188994912,-0.29413378982829236,-0.023017061145413246,0.22727042644655757,0.055127949730820705,0.10167095609524258,0.08947750271351908,-0.042238370805931964,0.28759598530410496,0.1669138238796139,0.20304063384721294,0.582672721553165,0.5107561036347369,0.1944290649840475,0.23808370111205385,0.3236132795499722,0.2379607121652933,0.4437682886977781,1.0,0.1807516598583247,-0.06431719098467299,0.08778398345332135,-0.06431719098467299,0.24853491635224118,0.3635553524593992,0.3694512321641519,0.42348197925442427,0.3396624939581069,0.13499330773820917,0.4806553777113216,0.20502775567431986,0.40107880022861503,0.6360833849266984,0.5774968682598458,0.3004510039851976,0.5208365832568267,0.369995327412748,0.31552476727493933,0.46758721771229905,0.9500721476875481,0.28146077104635586,0.3243707381260591,0.041754596509471394,0.011143741904570384,0.32995777001391524,0.446661324800631,0.2698320332424974,0.4122910384656563,0.32312459856654274,0.06782392167847218,0.33126041070766477,0.24124718114489777,0.28014671204393976,0.6529994929972728,0.47667751643920253,0.3285809862563048,0.4072320422976262,0.3327198078705816,0.23791323746764734,0.46542128191244864,0.8616214913808423,0.2620925511702541
-0.00966286270721617,0.11476483824715748,0.2658760356249329,-0.04380547623377084,0.3071284298218726,0.35406972492563377,0.03227202815411352,-0.08301572260826769,0.03917959707220838,0.705932199922087,0.2166827856623721,0.7024598633335992,0.11292394995835463,0.24224980311861816,0.26872296199172857,0.3899756532891611,0.4549790587298825,0.510848258098407,0.5476113786962928,0.1807516598583247,1.0,0.5063830726916023,0.46720906142901936,0.5063830726916023,0.40630451128353734,0.48125822876923524,0.554317283460576,0.392813654891928,0.41837329429610703,0.21595140750415712,0.6594662232009145,0.35894668228181326,0.656597819148027,0.21545688995487203,0.46841783521160607,0.40843301906104224,0.41006186752461615,0.5007109463479856,0.6177188060610144,0.5937575958430032,0.31762062167857086,0.9706933737542696,0.47121116197549523,0.41313187848937477,0.5465358731890816,0.44907941845694593,0.5077408733440372,0.5247855961859684,0.3774709564133275,0.43448922886813973,0.15262185544122306,0.674798574729793,0.26408357984838543,0.6707627482478817,0.14757538310154428,0.36090802229422436,0.4253113345720005,0.4194083221729427,0.4564091164527268,0.5201810398592043,0.5546940675869736,0.23261646332501545,0.9591641455310415
0.053666516105523525,0.42082949814324827,0.8491315929635302,-0.22245426592958842,-0.07755517920193579,0.15016145100667586,-0.28681864847889377,-0.19595150547937187,0.4682096758906626,0.3158584793162369,0.25252921199789397,0.6400047735605418,0.06777015549002378,0.2767333556493664,0.143045015098539,0.13460719344896338,0.6547411100852426,0.40840170658638464,0.06212807928326881,-0.06431719098467299,0.5063830726916023,1.0,0.5335278639619798,1.0,0.18348820292331386,0.08243689327909652,0.36735860061715114,-0.01639576775359623,0.20409480600227242,0.4994590058140385,0.3776588372774467,0.44431737449635805,0.5143008339447815,0.1277394223316154,0.39367758729895364,0.25033045218703187,0.15750289462257974,0.6424215878498637,0.41447582222800505,0.10217786086494883,0.06161904934462892,0.5402997943706118,0.37805114480190244,0.5701101868830346,0.9854271136173863,0.2118636522748419,0.05888397474859856,0.2873349970870161,0.04543224334246369,0.23011962323040686,0.5096604373396,0.3494964461691311,0.31180904877240284,0.5692621527418791,0.014425557480477446,0.2981491044543732,0.19127096475974067,0.14069421801749044,0.615617380121119,0.38584235115164806,0.09534751638661607,0.04317292975288837,0.49595292639697003
0.12810172161811756,0.7057199916706629,0.22509541044552497,-0.019258546923768053,-0.1476202401870857,0.2677565293217077,-0.3074672173636348,0.07899910444138662,0.39061275484678126,0.38256035870605765,0.3974537489630374,0.6353293933882891,0.20130494892564713,0.14910332182705488,0.33614851993507433,0.23612299768417153,0.29065104374139544,0.5226607672533293,0.0459312184340501,0.08778398345332135,0.46720906142901936,0.5335278639619798,1.0,0.5335278639619797,0.46532272452019124,0.11994193093388925,0.5584291192813675,0.2198748352265091,0.5640283897584848,0.5680152810944267,0.4488153167335388,0.5634348280255949,0.6662505800914803,0.3106975607371437,0.3850366629102289,0.4231434283191712,0.2606529716719229,0.3768707959657976,0.5746610728351388,0.12457492939631948,0.26323097137594853,0.5121946156898372,0.5062974854464029,0.9521757422055694,0.5633636630235584,0.4058005599500208,0.09508354105541517,0.46172991437783156,0.08900255545556622,0.5106149349250357,0.4661012036449981,0.4388355285319305,0.4937902697381267,0.6488764571203831,0.23235581345877823,0.3520673407318469,0.4270554860874113,0.493169470279864,0.35682529366148363,0.5048366068693834,0.05227258087682025,0.27325580303222746,0.44749907753335144
0.053666516105523525,0.42082949814324827,0.8491315929635302,-0.22245426592958842,-0.07755517920193579,0.15016145100667586,-0.28681864847889377,-0.19595150547937187,0.4682096758906626,0.3158584793162369,0.25252921199789397,0.6400047735605418,0.06777015549002378,0.2767333556493664,0.143045015098539,0.13460719344896338,0.6547411100852426,0.40840170658638464,0.06212807928326881,-0.06431719098467299,0.5063830726916023,1.0,0.5335278639619797,1.0,0.18348820292331386,0.08243689327909652,0.36735860061715114,-0.01639576775359623,0.20409480600227242,0.4994590058140385,0.3776588372774467,0.44431737449635805,0.5143008339447815,0.1277394223316154,0.39367758729895364,0.25033045218703187,0.15750289462257974,0.6424215878498637,0.41447582222800505,0.10217786086494883,0.06161904934462892,0.5402997943706118,0.37805114480190244,0.5701101868830346,0.9854271136173863,0.2118636522748419,0.05888397474859856,0.2873349970870161,0.04543224334246369,0.23011962323040686,0.5096604373396,0.3494964461691311,0.31180904877240284,0.5692621527418791,0.014425557480477446,0.2981491044543732,0.19127096475974067,0.14069421801749044,0.615617380121119,0.38584235115164806,0.09534751638661607,0.04317292975288837,0.49595292639697003
0.19497665944465764,-0.006810786561715125,-0.25325426555211944,0.6255155224913521,0.0219430363960615,0.34319511148664844,0.12920983920396042,-0.32579289077899687,0.03773297278341926,0.6085125736012387,0.12574685869079574,0.6616091422255675,-0.00512042656005102,0.5088189444872218,0.4761868046373308,0.689412912387561,0.12958709056481002,0.29586477165428793,0.33323580450521734,0.24853491635224118,0.40630451128353734,0.18348820292331386,0.46532272452019124,0.18348820292331386,1.0,0.2769585120304822,0.6176496185983328,0.7109615446248226,0.44865995326813163,0.19536040786189454,0.7253607837735182,0.21160320824970438,0.7507292319487269,0.21566421150935872,0.6301307960152635,0.5334104183823822,0.7360965339423711,0.22424264849989312,0.43399246080334186,0.4900084679921628,0.36062212417728245,0.5325599230259881,0.5213257566319668,0.32577144238727435,0.2052403551410591,0.9451206514477883,0.3135030615274679,0.5341884986814155,0.5296554277300572,0.2553879254833776,0.1033335825967609,0.6657739461871905,0.10399846908998601,0.7163878115343456,0.14416778982747064,0.6712372868069972,0.5391430234928223,0.8854833571588613,0.10984144834525006,0.30831265995752377,0.4651695729532816,0.20701584145255497,0.44315934834062154
-0.5323223234283527,-0.13695320668776398,-0.13626842737281109,0.024850512951927004,0.9026355954655395,0.22951925445879226,0.06309329538474714,0.4397701501939294,-0.28538641754094923,0.747472792445853,0.45297155201555084,0.35569469464216424,0.21033063797988147,-0.07836154027938881,-0.04391766655631981,0.37595471254301804,0.18406266375959482,0.6184256565885181,0.8328869897643627,0.3635553524593992,0.48125822876923524,0.08243689327909652,0.11994193093388925,0.08243689327909652,0.2769585120304822,1.0,0.3924403807245947,0.39387208969582954,0.5851806399252839,0.009852610983369025,0.6539730340650348,0.5038455632038595,0.4050526488132607,0.18986603578480182,0.11619954287332011,0.008495475184724207,0.4268705338777791,0.2565047548442132,0.7235874558737481,0.840029856669516,0.5069763938879329,0.4929248906476239,-0.03455844511806836,0.003917372660389526,0.109029651479997,0.20825103098436182,0.9786749354515613,0.3411250653637346,0.37081422454717283,0.6443321769581125,-0.17151465585425252,0.6671452364575688,0.4343915054767948,0.36241611828850445,0.27848560200519035,-0.0007181590925749145,0.02234312013594883,0.31058183214346047,0.21765251591901238,0.6707871550242039,0.8282184369328112,0.4994395357756564,0.42750725654137384
0.194576385357711,0.01074226124223386,-0.024058954232964003,-0.013693674139981103,0.16040280874906473,0.6793670586710385,-0.2430019420523723,-0.019947325712297712,-0.16415745743109592,0.7728717716396084,0.29591272283292613,0.7214184405642912,0.1901832872909079,0.413588182874683,0.5079872742456005,0.3354874359375826,0.4799591170612371,0.3852119831427284,0.41191005528929864,0.3694512321641519,0.554317283460576,0.36735860061715114,0.5584291192813675,0.36735860061715114,0.6176496185983328,0.3924403807245947,1.0,0.3658884103464224,0.7045273848054613,0.0885239214756557,0.8084327102033629,0.4735831762389091,0.8010048915678208,0.35510437805575457,0.592649439158066,0.5971080190503106,0.44555246958248323,0.536737602087397,0.5413580933112376,0.5296833928320166,0.5145133197634492,0.6621637217683948,0.6202573032413913,0.4813579050015605,0.4310585347788883,0.613239190187855,0.4012289457203401,0.9437261885372067,0.2590842525800255,0.6610436127266249,-0.04175373489819431,0.8483145895688269,0.37283927712923287,0.7913201897664734,0.28439625641930016,0.6127399088697657,0.7246086983307621,0.6037502508733592,0.514290817090721,0.45063921240719595,0.5370973301811631,0.49779080308777374,0.5939503418080262
0.056097711794697074,-0.024540918602058148,-0.37119029092677697,0.6219853036844573,0.20637149687102993,0.12406738168184002,0.6607540633723962,-0.2964181492282506,0.017646163440439618,0.5262587019967039,-0.12055309675194713,0.4182152464490498,0.27667037992231724,0.31854953948816517,0.3220175720328567,0.7767374066404367,0.08523530453201904,0.41681510026771207,0.4528885390424833,0.42348197925442427,0.392813654891928,-0.01639576775359623,0.2198748352265091,-0.01639576775359623,0.7109615446248226,0.39387208969582954,0.3658884103464224,1.0,0.2787255218477018,0.18787909286509166,0.6597798047786521,0.03474127107712735,0.5508005592713083,0.40975863834618115,0.47314138787951304,0.37988313772225285,0.8208293252790977,0.16147688132878008,0.48014022088030245,0.5518127439045478,0.46650995205490975,0.48759856249029004,0.3661484644028718,0.1340705986379303,-0.009388895332230904,0.703675819170916,0.4467805507068735,0.2881185626613409,0.9494013477591382,0.16457902117404602,0.06259308280038726,0.5561042806325894,-0.1065612728276018,0.44978838623501144,0.4420628808361918,0.438963189932374,0.35438829599222266,0.8191068160927734,0.06780225741535137,0.3847709676671191,0.5822926074894359,0.3095858658952364,0.4456204831473622
-0.3040056301762283,-0.009958866804547837,-0.20247823046274055,-0.23148223788140665,0.358278204231673,0.22493381117974373,-0.37312185179534385,0.5087175642048399,-0.2657320863462205,0.6776487620519744,0.6385684424906581,0.5777112530527094,0.15022478501705053,0.14037671010521066,0.11683923556948908,0.2849340881204244,0.23085204723268982,0.6034585410567295,0.4911925227226306,0.3396624939581069,0.41837329429610703,0.20409480600227242,0.5640283897584848,0.20409480600227242,0.44865995326813163,0.5851806399252839,0.7045273848054613,0.2787255218477018,1.0,0.06078565986011668,0.710414640332713,0.7711186533214709,0.7339933086344916,0.21621073574324504,0.34153780930979555,0.1975361046037084,0.32738333277978077,0.296057940566898,0.7078626520037609,0.5898410150011324,0.5283458517687175,0.49393119123421203,0.19766082584606415,0.402430790238682,0.23563638080526786,0.30754804591102686,0.54063831008681,0.5524964111493129,0.10755639333026575,0.9435255475904096,-0.12504666676720325,0.7346876721898362,0.6892881216231912,0.6672179366250762,0.19711481241245424,0.3513401334305405,0.2902955140571896,0.4676408020143507,0.2880736552732576,0.6621298699695377,0.5323063152491998,0.5673998283164583,0.3981127207116643
0.09260674128314332,0.5973276380997606,0.3811852802900936,0.11953304392647336,-0.19098504818053458,-0.16770875910809915,-0.07038371775175216,-0.2507434807655739,0.8975774050554898,0.11306609897151881,-0.15224400577399672,0.3228343333553978,0.1680877302800493,0.36754322543129553,0.1485446890658355,0.17152445846188236,0.3360947181942082,0.10732461640666396,0.0407927545917254,0.13499330773820917,0.21595140750415712,0.4994590058140385,0.5680152810944267,0.4994590058140385,0.19536040786189454,0.009852610983369025,0.0885239214756557,0.18787909286509166,0.06078565986011668,1.0,0.2435564923318512,0.09215234953140686,0.30568778039729855,0.29810972147853587,0.4289435668784012,0.22797097021194832,0.21292685475058237,0.37643305580968345,0.1379519102478525,0.06603085328876196,0.21289766533852694,0.28690469417888453,0.28664687717925175,0.610260720426166,0.4870762616970572,0.2483265173776301,0.004786049593316543,0.022749846771612355,0.1928979448200298,0.08509624550039717,0.9372925271551472,0.1670377473471604,0.006155968163396094,0.30847262670268816,0.21055325375408673,0.35888005292576514,0.1605190620124869,0.3305418534915796,0.40726154532659103,0.07511213011785896,0.04380622506122579,0.2226952937820205,0.23320469751962142
-0.017633876433815313,-0.08880859521447301,-0.04344950494890912,0.1751874045012511,0.4079199966752293,0.4156969332359592,0.03100551974472027,-0.0686159160537191,-0.03901479120350551,0.903622057594629,0.23854640544334174,0.7594226321906165,0.2293668185436989,0.4951123969065394,0.38898722886116166,0.5943153977767055,0.46656362423365555,0.531827099363476,0.6711552235810124,0.4806553777113216,0.6594662232009145,0.3776588372774467,0.4488153167335388,0.3776588372774467,0.7253607837735182,0.6539730340650348,0.8084327102033629,0.6597798047786521,0.710414640332713,0.2435564923318512,1.0,0.4710967693923303,0.8921960124357273,0.42155152296910664,0.7026229472582236,0.4887492857357009,0.7048367999079121,0.5481000457664308,0.6970083172641501,0.8080058865491796,0.6544558022871186,0.7832060415468934,0.5149595373642972,0.31717972193766714,0.4112513522701747,0.7309431553421852,0.6801877581085597,0.7151136485139938,0.5747608278630855,0.6434837245071401,0.08345436943139438,0.9622971151292694,0.2925854843982571,0.8331628763448364,0.3473929639841384,0.6613164230120974,0.5318180687908647,0.7783555876097088,0.4887647070090358,0.5629758677331096,0.8164857742517954,0.5952812146458935,0.6965302318028844
-0.21941835196909049,0.23228974352831497,0.18683037853077156,-0.3494977414367608,0.2810375435864125,0.13162361141768222,-0.4535408859767136,0.4983396893983651,-0.11861010760253689,0.4272827300882998,0.8648184778900634,0.4832605357209783,0.12177788788163381,-0.03540834292628937,0.06862917711922814,0.14623321703352693,0.3432262288149965,0.7036253970444788,0.3289385669602693,0.20502775567431986,0.35894668228181326,0.44431737449635805,0.5634348280255949,0.44431737449635805,0.21160320824970438,0.5038455632038595,0.4735831762389091,0.03474127107712735,0.7711186533214709,0.09215234953140686,0.4710967693923303,1.0,0.5403069080482505,0.1575302519576819,0.16703735847517467,0.12762585430268117,0.18418518318762775,0.4056778627804182,0.7234836309712136,0.38088634286283357,0.3637798323091767,0.36929053442367765,0.20887460613176648,0.48857174159132954,0.44784659610376215,0.11348831362445198,0.47750297756034105,0.35160283008815474,-0.03589654267587203,0.7820236535804651,0.00026720291471571525,0.4617482505421292,0.921842460425109,0.4945749332838296,0.12495554580671119,0.10601496968425862,0.10938121201804128,0.1734271950191782,0.36678686341728794,0.7135489833526691,0.35120896533835055,0.41149778776938006,0.320779137210776
