Fp1,Fz,F3,F7,FT9,FC5,FC1,C3,T7,TP9,CP5,CP1,Pz,P3,P7,O1,Oz,P8,TP10,CP6,CP2,C4,T8,FT10,FC6,FC2,F4,F8,Fp2,AF7,AF3,AFz,F1,F5,FT7,FC3,FCz,C1,C5,TP7,CP3,P1,P5,PO7,PO3,POz,PO4,PO8,P6,P2,CPz,CP4,TP8,FC4,FT8,F6,F2,AF4,AF8,O2,P4,C6,C2
1.0,0.7155898459095797,0.33594261056370844,0.6118454499420457,0.3275758153579697,0.5598171074876389,0.7199526431915163,0.49484305618310287,0.4411017046284257,0.5266755970066196,0.4107676027949198,0.6612984968751188,0.38780716864766085,0.6300098741765052,0.5683844583815637,0.7300183047796427,0.713318992131996,0.25273640901886424,0.3452268117111005,0.4247758784508962,0.501224442920551,-0.049737745568221345,0.3542938541706129,-0.049737745568221345,0.3147150584929155,-0.1898719192980995,-0.12596231366682542,0.14940974740124163,-0.032979341033955945,0.23474623650355636,0.07279786620604467,-0.09415813204743947,0.101090421868759,0.1361817808458944,0.4024732746857212,0.3718196796096536,0.19075830554363024,0.46301994478564396,0.1532453393974391,0.2660516549932315,0.30552793762275404,0.3830132700682852,0.8093482025415829,0.4522830389892388,0.24011169060554383,0.3564800552065138,-0.13134434558559951,0.17648778979706325,0.5363493730966626,-0.04322515676146689,0.28389400337460463,-0.060289427830534405,0.12540632382023215,0.27191610665955357,0.1917528098920235,0.26960452771004095,0.3520930829140744,0.16257268526108865,0.07987359517728024,-0.16206872709252776,0.12492623836437221,0.07947609034944615,0.0687059119085251
0.7155898459095797,1.0,0.4499870024336628,0.7371259782561466,0.24187287134979307,0.3490412853718519,0.6640230290201933,0.3670905226641779,0.41697168046206645,0.35912272218203023,0.1885970283972165,0.4020006075876954,0.09333889783334022,0.6304306529634616,0.2577549118645154,0.5519964960259576,0.5685461009093438,0.34907895891597635,0.29895177030842995,0.30904350032104816,0.3755917532100106,0.20543700188120667,0.6613782432174123,0.20543700188120667,0.5085916828175188,-0.10158017732930999,-0.19336381744522954,0.334258684283402,0.005565385317406767,0.40783693921375597,0.1057339645176538,-0.21569199681382048,0.03991079378712263,-0.09767562295079892,0.5046094380204226,0.1392805031106651,0.2167912421648478,0.4052697497879566,0.3616497551555958,0.252680355212873,0.2508186622047204,0.28029990975887803,0.62074886104849,0.7408853437076046,0.41584349769705625,0.5136449974431633,-0.0900469971919836,0.1542414774001093,0.6527533364786484,-0.023190377899149555,0.23244195293186198,0.038855986068965565,-0.031869404990237625,0.20413104897653997,-0.015814683893539364,0.40413235587666063,0.12702068770581834,0.1870835296142068,0.14951994611534047,0.09930325750127093,0.15359628751308302,0.07101553379409037,0.09601912397857688
0.33594261056370844,0.4499870024336628,1.0,0.2651346879525722,0.5004014136987595,0.456166935391728,0.2755019082763318,0.5310093707883641,0.15687320624195863,0.405127080364947,0.3365454357632551,0.3425236665600966,0.1636568109892453,0.2709413480352587,-0.04845801850593308,0.17525739601024293,0.5627186209033305,0.587922168202695,0.5962680359466128,0.07797087677362917,0.17213237387947533,0.7842926237739789,0.13105837110895205,0.7842926237739789,0.07965221488893466,0.29218283535886513,0.05977774626881175,-0.41364584621490774,0.31589811910813453,0.11716323364877582,0.16026454079899105,0.14977638398721646,0.03154032313394253,-0.0741063025633643,0.1928355841080409,-0.2345910282683712,-0.07909405294535894,0.4931556608357272,0.5857733272252272,0.5206381640552507,0.03296078539806852,0.04910524443333332,0.1774199825201208,0.20253565534380638,0.8952019302556309,0.11342198664820921,0.24775875961024563,0.2951675141489325,0.007756543158208627,0.26946089141082646,0.14050803392687589,0.18783855766038723,0.3305025298341233,0.16702571243662323,-0.018027910055005182,0.1195016550710775,-0.20693391087593532,-0.13820854690026343,0.32464252067500804,0.2911496783269965,0.48174007295743954,-0.032947361782590265,-0.15976104626765392
0.6118454499420457,0.7371259782561466,0.2651346879525722,1.0,0.3703888333762439,0.22446524555420633,0.6893674699204666,0.36902084817515113,0.3331097120152665,0.5831951826380992,0.12273033290310637,0.47309909403717443,0.30270095411243053,0.6387978482433245,0.465311575010428,0.5593718290639038,0.540348447985538,0.3397303786556615,0.46313796117033934,0.43508668770570835,0.40684440213863515,-0.10985684751454398,0.14037382111927577,-0.10985684751454398,0.8261381392320295,-0.11145732227687598,-0.2641605022387026,0.3611649111021864,-0.08358442964708025,0.15832318629122036,0.2769402618803888,-0.2950570061654457,-0.00913484861760462,0.10017502564494879,0.45616357143551817,0.3705413344802914,0.20912247638715425,0.3707435494277904,0.26378607435055274,0.42919329244893184,0.4206671208119019,0.22690348545621578,0.37469009430755623,0.41782333821065465,0.11434929871824343,0.8352576987309568,0.0581145785726875,-0.13800045045771925,0.6123588135274274,-0.03445142456450606,0.1405428936322736,0.24647498330946171,-0.14871094218982708,0.20972360380875424,0.06347076020006948,0.32346833725616303,0.2773351263749128,0.12342780873554321,0.08253371889061346,0.10493802290047083,0.31505240219314584,0.24975605431029885,0.12767921862257983
0.3275758153579697,0.24187287134979307,0.5004014136987595,0.3703888333762439,1.0,0.4398229406202784,0.515541847203347,0.5614197261389158,0.026347266987471658,0.6364025897050628,0.43453020497209366,0.4901616760724438,0.5272261156995467,0.3479944317365996,0.26616557942243046,0.2184211997707724,0.5451819768509132,0.45951800981527596,0.628131772856998,0.3880870450801395,0.32775746570801095,0.12756125686968003,-0.1539995879110633,0.12756125686968003,0.12535730926615718,0.6716642008047118,-0.01294519486535088,-0.10363005845347496,0.16031220857456502,-0.34127747499283273,0.27109171521539616,0.20733113912009632,-0.08375980595059998,0.4632020095853041,0.15434418431296806,0.08121449203848889,-0.14905487221964941,0.32259453269576877,0.350150244067637,0.5643469789592904,0.30111377147439805,0.2008994615281179,0.0555675834149632,0.1724143117023119,0.2937318937267063,0.11841116893369091,0.7878626200081742,0.013251567994992174,0.21841657974443796,0.19754461341835952,-0.3329729660752491,0.17223562344390486,0.3314319885811406,0.054386356193629276,0.3112754062757543,-0.004225849842222386,0.07035080605029681,-0.20502776391717034,0.0837272651188951,0.1583880503721172,0.4865640644685748,0.1918635349383136,0.01643809071156737
0.5598171074876389,0.3490412853718519,0.456166935391728,0.22446524555420633,0.4398229406202784,1.0,0.6213043878354395,0.6529958137466705,0.09846149079533563,0.3684889718625599,0.7116543818553601,0.3840151967401961,0.42331408662287184,0.26268880303614534,0.27110418403714337,0.4885208578153469,0.404470586089135,0.32975664504315455,0.234144430574234,0.04704530827761017,0.2842002026428305,0.22212635029465264,0.06321210497711571,0.22212635029465264,-0.1348802117340545,0.020860466152898202,0.49650257822970356,0.020096225537308287,0.29716583196126667,-0.11459886840902869,-0.019531518441089177,0.3876607020746718,-0.233680843467397,0.3619296549608081,0.03431956054887203,0.0578574426533547,0.0062884386984228685,0.17455097650498083,0.27760425003604017,0.17477897858223082,-0.0591220363147026,0.15700776422541557,0.30948352732289935,0.026162599045682144,0.42240769143157036,-0.043257015991401956,0.14029913358106808,0.6451683662082599,0.3552314392243184,0.28091786461052437,-0.024308265570635874,-0.11977124388385488,0.5910207294017437,-0.18758895868032374,0.25780003415873626,-0.10830536412634705,0.0759732041836753,-0.06262402453710732,-0.13046523351159056,-0.06514703438083348,0.11749314649739126,-0.20071521761550068,-0.04780015135820937
0.7199526431915163,0.6640230290201933,0.2755019082763318,0.6893674699204666,0.515541847203347,0.6213043878354395,1.0,0.5364621951723159,0.36950491160023524,0.5975519982577777,0.5929409033993505,0.6009415417436952,0.5216577219511281,0.5207962939883795,0.5365638319860099,0.6075007448513178,0.5167141852788313,0.39520056217833643,0.2678764716952095,0.28385449650829153,0.4194445927165001,-0.09607057845979783,0.13840499324157526,-0.09607057845979783,0.281231180560018,-0.016507169787761802,-0.027390184002596536,0.4461880584114277,-0.0049669783358714595,0.08961869027817283,0.13904100405073153,0.12993962037824597,-0.14467292994479988,0.3219060286448357,0.20463284816902025,0.3375972033373433,0.10664585057657179,0.20429733197315242,0.27786849418388165,0.19839442350364578,0.19468046648483453,0.2479422302480811,0.4075631231395755,0.35933712898331543,0.15774418286834457,0.32198729149395044,0.11433864441719993,0.1274173944895541,0.7747520411815912,0.01904385310487088,0.045343124255548685,-0.03127550153523893,0.2934956121730206,0.0009077206505701497,0.2026086220715154,0.005287834798708521,0.2617749091096065,-0.014445078770610678,-0.16157369023329318,0.010019778681379274,0.07487703745713299,-0.07016953097713498,0.049465273838343954
0.49484305618310287,0.3670905226641779,0.5310093707883641,0.36902084817515113,0.5614197261389158,0.6529958137466705,0.5364621951723159,1.0,0.22277362964001904,0.35888785679772794,0.49402901504520574,0.4532547248555194,0.5640973407201888,0.33412766027053376,0.061499682465751465,0.2508082630202022,0.3887521907732662,0.6430058917269714,0.6110896378487103,0.07701514466426593,0.28061382238474314,0.31606841267198205,-0.07101458719373689,0.31606841267198205,0.15136206371774066,0.13434549435797724,0.16645767085530788,-0.006607232151115256,0.6510633834529328,-0.05964642144174152,0.0018992289597103672,0.2823110274674894,-0.19543636340586487,0.35951061635326353,0.11673046381527226,-0.15269780137889025,-0.2014220991857108,0.184808620138003,0.5792041704302389,0.5535432821810312,0.011536301308930925,0.19385265108038705,0.19674664325625438,0.04105348637405277,0.4725057418730774,0.18726167427291418,0.2672828694136503,0.3916484777778724,0.31134453787117194,0.6703383326152044,0.05122716926889347,-0.23620297900450962,0.4110144317059038,0.0028841141071877935,0.3290894586894634,-0.03794496985763763,-0.21758008548355645,-0.10197830849739606,-0.2724615983838744,0.36753358994461355,0.426408915361206,-0.1774281121101833,-0.060886064924919034
0.4411017046284257,0.41697168046206645,0.15687320624195863,0.3331097120152665,0.026347266987471658,0.09846149079533563,0.36950491160023524,0.22277362964001904,1.0,0.12857238011485758,0.30010031325109354,0.6048724456776851,0.2044439555795516,0.627143290288233,0.2531329819098569,0.5433156190378848,0.45397119085659116,0.40553375649396567,0.06011130243938447,0.05533555624626356,0.26981172870232445,0.0695134862369715,0.16509305512424624,0.0695134862369715,0.17494098296003263,-0.09426572999868944,-0.19798656190115607,0.14979548244669752,0.0694445315029609,0.7825533046293287,0.008375952736871743,-0.023871203765530456,0.3766314316404791,0.06966500987404449,0.5815873576807284,0.19965028894533218,0.3899553004027031,0.4275117440179413,0.3466237266931643,-0.02615282181471025,0.07435976209830802,0.2871055024203847,0.4285128666441302,0.16668417908013577,0.19078681570339642,0.22998808659344547,-0.06876537850863526,-0.005481329537584937,0.35353195219095085,0.09308007870834363,0.7208400886261721,-0.04432447933325562,0.11966491993281508,0.4778813987226383,0.08292445790020714,0.49345117812088474,0.1585387016277216,0.3291690544874087,0.12170924842100254,0.16882171974770685,-0.16029102792302852,-0.038449995749599494,0.0893263494481601
0.5266755970066196,0.35912272218203023,0.405127080364947,0.5831951826380992,0.6364025897050628,0.3684889718625599,0.5975519982577777,0.35888785679772794,0.12857238011485758,1.0,0.5005722327952848,0.6763705714849048,0.4949852456889849,0.4263722801328491,0.6979670494546663,0.5263610524282776,0.6519871560768346,0.3436540237303921,0.5952294297359224,0.4696666050974752,0.48872018640191917,-0.05759083006540993,-0.08274403862731629,-0.05759083006540993,0.30768592482707674,0.19004544036898235,-0.08692824901812297,0.034376511306477515,-0.11508808750426947,-0.07463494292126961,0.7041068471021195,0.24725935019066028,0.19359444486912475,0.27792277109163877,0.21302926568936398,0.5576197630129075,0.20034484572710679,0.45381255264058146,0.2143551106352628,0.5472534210694693,0.40845893341350353,0.3033054168642728,0.2643528610381267,0.2155489782794658,0.15353295278338255,0.30493391325193003,0.37590382377625076,-0.034895751343778134,0.33919369497141844,-0.023101303096152995,-0.0016426269900363412,0.5335079815013922,0.30228353597672974,0.30721611156985934,0.15555605535801456,0.09753836127384441,0.5169951638852028,0.07137372768662371,0.31906082046269346,0.05513339807603592,0.4867687179557826,0.25223494848597455,0.19634904060546987
0.4107676027949198,0.1885970283972165,0.3365454357632551,0.12273033290310637,0.43453020497209366,0.7116543818553601,0.5929409033993505,0.49402901504520574,0.30010031325109354,0.5005722327952848,1.0,0.6195225741716842,0.541953990541289,0.19927383081844524,0.3827872413161854,0.5175506851378192,0.5090899121401082,0.4229202571680541,0.28288508898183967,-0.02792642797702009,0.1265218475347257,0.06110879171607594,-0.07959637553038271,0.06110879171607594,-0.2751869086590293,0.04239881208711425,0.22715225508465112,0.016152198793521044,0.17240579726877314,-0.010695902542194078,0.19136000537634243,0.7783534043442922,0.07193189459649577,0.4173811577837324,-0.0026853855770983545,0.18324080037259619,0.14531938960959517,0.33408959491216855,0.3029447621273898,0.23195502192789136,-0.13413064217963547,-0.003855036464223966,0.1560190545405454,-0.028186320011009312,0.20311820168631772,-0.16865276809374147,0.24878510200380946,0.301350075766045,0.29308037366559037,0.20730605626701024,-0.005027977230025988,-0.08137251699975756,0.8928538655252098,0.008752448689723765,0.25926072774652775,-0.17898689726092984,0.16180640689558481,0.007726203154605385,0.02315881087583334,0.054429863882777374,0.21346367627774326,-0.29385583984802444,-0.14382548023572195
0.6612984968751188,0.4020006075876954,0.3425236665600966,0.47309909403717443,0.4901616760724438,0.3840151967401961,0.6009415417436952,0.4532547248555194,0.6048724456776851,0.6763705714849048,0.6195225741716842,1.0,0.5670273426503212,0.46158263224361645,0.5903562951706726,0.7608876098929757,0.7672499475811297,0.5098905979645085,0.40133162664402955,0.14557068061840242,0.5057927727271563,-0.08516746517983488,0.017840255716981644,-0.08516746517983488,0.16683252298035567,0.062372037488297,-0.23250172802259114,0.025332230550519284,0.030379361974563646,0.2560548660394048,0.36923214199354476,0.19841507587776822,0.4736324647206696,0.25079723855502195,0.2933829249401803,0.41466585184839916,0.34738144672650817,0.6266204805654949,0.33971502802848863,0.3249619372831568,0.0877353041707989,0.38091081718539027,0.4883949453966205,0.10749285806098856,0.13670438088609216,0.20006714419759225,0.26709129857581543,-0.10004119125382997,0.2956732601047801,0.09667988662941353,0.3675767119295657,0.11216546437731742,0.35083795108974136,0.599634051538023,0.27083414621352464,0.17171520923627562,0.39399062431133147,0.24146450367853492,0.25996990285769,0.1156777986447756,0.22226582154679533,-0.05441636065040679,0.12365415384322152
0.38780716864766085,0.09333889783334022,0.1636568109892453,0.30270095411243053,0.5272261156995467,0.42331408662287184,0.5216577219511281,0.5640973407201888,0.2044439555795516,0.4949852456889849,0.541953990541289,0.5670273426503212,1.0,0.17710775800208164,0.3687817156338603,0.4057629274985788,0.4959385063001247,0.4878025732194539,0.4209162222756068,0.2349390341342456,0.32469664910654794,-0.13252846519683623,-0.39199767806115093,-0.13252846519683623,0.12374666796430517,0.28640141621691906,0.09963510305373938,0.20165675940210492,0.26941307969557676,-0.1153638659667478,0.2423685040467813,0.41512100903635646,0.09639974676843475,0.8274693265361164,0.0018587476954233903,0.2179713751530864,0.15875378009514304,0.35459577819841026,0.36816173031515614,0.38082268890123344,0.24773133378983647,0.24144218836197406,0.20948001853111736,-0.20802420579732522,0.04205274656051453,0.13520631122219176,0.42778285177846315,0.09729932632366764,0.37995756847412554,0.2940919196770837,0.10137998987633633,0.05303958266233478,0.49160821169147134,0.21936792929157437,0.7387114203596853,-0.0803542625339379,0.19781177754509427,0.15951983860412325,0.08534379925269299,0.22436619243889241,0.2895843939474883,0.12315137005710412,0.07193243635326645
0.6300098741765052,0.6304306529634616,0.2709413480352587,0.6387978482433245,0.3479944317365996,0.26268880303614534,0.5207962939883795,0.33412766027053376,0.627143290288233,0.4263722801328491,0.19927383081844524,0.46158263224361645,0.17710775800208164,1.0,0.5098808859749653,0.45829456706736627,0.6033981555621307,0.2948513004831937,0.35314576740597853,0.5148075895775233,0.5256858522516352,0.09937862369356486,0.2945815305051644,0.09937862369356486,0.4905369260487384,0.0520333808376673,-0.0991956087197833,0.19988708045231304,0.04503593899919086,0.5121971287581377,0.2711112826709303,-0.15859537222607428,0.18628244052290358,0.1436485948559388,0.9034473376644724,0.4461809496569155,0.16355273411644014,0.4291213687764753,0.25858324209749134,0.2944039489202523,0.48584939694592433,0.4453005289647086,0.5504617077036169,0.47916713975980285,0.3012545825840421,0.5474827510475097,0.11919774683882169,0.14236458025573664,0.5727941894058154,0.08051873718231721,0.27171506775588106,0.23163105950224697,0.02866741892342037,0.3582536178292344,0.12557077542075115,0.7630501681547136,0.37477885490795987,0.12056420409545274,0.22036234931983412,0.09954382581519712,0.18620109694481873,0.31461837036076873,0.2952338069202989
0.5683844583815637,0.2577549118645154,-0.04845801850593308,0.465311575010428,0.26616557942243046,0.27110418403714337,0.5365638319860099,0.061499682465751465,0.2531329819098569,0.6979670494546663,0.3827872413161854,0.5903562951706726,0.3687817156338603,0.5098808859749653,1.0,0.5261972087099895,0.5136746288301505,-0.004822864251773525,0.22240207946782492,0.40877274874185515,0.5384066851275163,-0.30813457264588423,-0.01030536606443943,-0.30813457264588423,0.19002862328343698,-0.09346654019466487,0.03292583657362754,0.289275629678724,-0.3200182913434879,0.1182800041045777,0.5344251193727465,0.05464378396470404,0.2687676020288488,0.2349011422976819,0.386467118675177,0.9421139071080622,0.2181011781255479,0.3551493058336409,-0.13295403870951186,0.20627081054123708,0.3706282229617174,0.4256636784478167,0.4705615098855869,0.15589497640710356,-0.1622609982437769,0.24115111411529955,0.03390837898624153,-0.021816430792492025,0.43755863470515555,-0.21414905136824403,0.09224217587048823,0.40039109861558114,0.17326134815449518,0.3740266384367819,0.10642524254703024,0.28105781415592285,0.9028582733664408,0.051571278457467166,0.298079373494843,-0.21369999033664988,0.18776105463243292,0.2119361876241363,0.32048289516467976
0.7300183047796427,0.5519964960259576,0.17525739601024293,0.5593718290639038,0.2184211997707724,0.4885208578153469,0.6075007448513178,0.2508082630202022,0.5433156190378848,0.5263610524282776,0.5175506851378192,0.7608876098929757,0.4057629274985788,0.45829456706736627,0.5261972087099895,1.0,0.652560398931069,0.25961857383715187,0.11375801650528959,0.19760200475735656,0.45152740350641424,-0.23601463826386007,0.2458468542916663,-0.23601463826386007,0.3161920445807962,-0.14179593129163617,-0.07018275647309669,0.16290063637810023,-0.1072252871240223,0.3318397081340827,0.22404550653476715,0.06948884230587214,0.37599829059176026,0.22652817960597627,0.3199837052766986,0.4048976563137705,0.7028534313826089,0.5135716207932057,0.17515840313307945,0.041140591922660015,0.15271549876364537,0.3487314929249027,0.5954585971474265,0.21157411272331683,0.04210457865186599,0.3852584638937301,0.010254672568301813,0.062127982176563984,0.412693769011136,-0.11011814977509911,0.45282486846166115,0.1165740705660003,0.22941283819269928,0.39915889716110614,0.3060182081756092,0.25246274547258335,0.4103561704692906,0.5577277174199319,0.21348036224686942,-0.09344358249249117,-0.04024066398391508,0.03996393759969236,0.16384884308657485
0.713318992131996,0.5685461009093438,0.5627186209033305,0.540348447985538,0.5451819768509132,0.404470586089135,0.5167141852788313,0.3887521907732662,0.45397119085659116,0.6519871560768346,0.5090899121401082,0.7672499475811297,0.4959385063001247,0.6033981555621307,0.5136746288301505,0.652560398931069,1.0,0.4454257283513419,0.5457227136550128,0.47513460261010654,0.3664217920647487,0.16145951969356273,0.16889278699782037,0.16145951969356273,0.2723788130017924,0.19844662292521117,-0.17514722934411384,-0.055745513849885825,-0.020520758473460646,0.20348284491981714,0.3362986049689733,0.09693012111264411,0.36397420067898184,0.2535972614986485,0.45082225946025206,0.33318391164411654,0.2578873634205404,0.8968156006821193,0.35008834356544816,0.4513473414483972,0.38468041911929146,0.1940651268757554,0.6093693298629785,0.3538481467958576,0.3946084864778748,0.33745447436607484,0.3115906430796832,0.04912883485641306,0.30805976409994357,0.02191123766005789,0.2379129315132833,0.2333856401525228,0.3402190627058888,0.5160317687129858,0.25171802911292146,0.3186677625895409,0.3782863623629656,0.12667856419302,0.5884915398159256,0.00017490605562138077,0.38105239546378306,0.23836093560736152,-0.08029608503003076
0.25273640901886424,0.34907895891597635,0.587922168202695,0.3397303786556615,0.45951800981527596,0.32975664504315455,0.39520056217833643,0.6430058917269714,0.40553375649396567,0.3436540237303921,0.4229202571680541,0.5098905979645085,0.4878025732194539,0.2948513004831937,-0.004822864251773525,0.25961857383715187,0.4454257283513419,1.0,0.5705517066081548,0.07457976814786106,0.16099753219774443,0.41777282272135075,-0.07660078531175793,0.41777282272135075,0.1638725519357303,0.3237668782176625,-0.02429258295420764,-0.12495766063636929,0.5356624175410387,0.23392421109997463,0.2124146494105863,0.2860260355487643,0.10742007267637275,0.26852725124289895,0.21301824061525207,-0.14057204983326188,0.03075394446452968,0.40276425831908635,0.953665052419007,0.5308943576721259,0.11420471711712821,0.11673778660027392,0.029816149382732044,0.055684326376726836,0.5477194106170348,0.15549180346425867,0.3891695562666404,0.13543927220835245,0.2097316469706453,0.5587187323577427,0.2885949516166742,0.08604226162113524,0.3526242838251633,0.25641181382733513,0.29375035147784556,0.11638969263907233,-0.20348977153902853,-0.005438411412798048,0.11837915946819015,0.7803005667680251,0.46207603616585835,-0.0017825692800986167,-0.07226962118619916
0.3452268117111005,0.29895177030842995,0.5962680359466128,0.46313796117033934,0.628131772856998,0.234144430574234,0.2678764716952095,0.6110896378487103,0.06011130243938447,0.5952294297359224,0.28288508898183967,0.40133162664402955,0.4209162222756068,0.35314576740597853,0.22240207946782492,0.11375801650528959,0.5457227136550128,0.5705517066081548,1.0,0.3211226179559889,0.20974790950764083,0.31385248253785525,-0.13345045349954415,0.31385248253785525,0.3357014953322713,0.29844613088266775,-0.0025669763147655785,-0.15058250404788862,0.33946025856604223,-0.18038220643225517,0.38331712297696785,0.20549726890649805,0.04627975686380214,0.2642870837489913,0.2873269015019626,0.09778973333539788,-0.12384528383965933,0.4805722881746886,0.5132517679613584,0.9835065912011431,0.2705829723424747,0.1052624590029862,0.16504267214732882,0.18961514407057364,0.4088219346342596,0.3225794174490075,0.4231272692238732,0.08785194600407178,0.14692978109568522,0.37305217221668935,-0.10771956129223807,0.29162786730655493,0.2948784595697267,0.23449552768582388,0.1713702054391375,0.1754665510298546,0.04975146203117418,-0.06710685749988617,0.26879601960683935,0.419686921060923,0.9187794676349944,0.16977695659856812,-0.03276777499372871
0.4247758784508962,0.30904350032104816,0.07797087677362917,0.43508668770570835,0.3880870450801395,0.04704530827761017,0.28385449650829153,0.07701514466426593,0.05533555624626356,0.4696666050974752,-0.02792642797702009,0.14557068061840242,0.2349390341342456,0.5148075895775233,0.40877274874185515,0.19760200475735656,0.47513460261010654,0.07457976814786106,0.3211226179559889,1.0,0.10812680666409581,-0.13810974849584592,0.19440918743260652,-0.13810974849584592,0.4826797533083532,0.37528206681921217,-0.06790703497010218,0.17550025030314365,-0.06343049059554215,-0.026393882334476367,0.40885755464335183,-0.143757008387251,0.10827976959453942,0.280165514384232,0.39544738058780116,0.4189588388974437,0.0938682557682171,0.41459041993752804,0.1013521047606209,0.274288866684498,0.9615500031787839,0.09502242339250846,0.3457269985144535,0.5407781343901277,0.03895758187498791,0.46604507486559393,0.30350448090475185,0.030017954491195514,0.4056293689255258,0.004938038537794607,0.04459541407158514,0.47012104974092994,-0.07898850096411608,0.21233168283874487,0.24666946556485836,0.365585752089579,0.43804981829551165,0.021929503836092545,0.3556411609120406,-0.06859533644017704,0.194739060637483,0.8520839031946744,-0.00037649396851491187
0.501224442920551,0.3755917532100106,0.17213237387947533,0.40684440213863515,0.32775746570801095,0.2842002026428305,0.4194445927165001,0.28061382238474314,0.26981172870232445,0.48872018640191917,0.1265218475347257,0.5057927727271563,0.32469664910654794,0.5256858522516352,0.5384066851275163,0.45152740350641424,0.3664217920647487,0.16099753219774443,0.20974790950764083,0.10812680666409581,1.0,0.040559865259644806,0.05234516271200555,0.040559865259644806,0.27429658261927503,0.06490201990841526,-0.01624103358841555,0.19101938617518813,-0.030367623038884704,0.29206051849521053,0.3145224900731641,-0.11711904674702336,0.19606311196190995,0.2653682086800721,0.4478226836987456,0.45830447347014175,0.17855662759389973,0.13955683143184533,0.08077102763157634,0.20629998973619032,0.12494336329236125,0.9245384505303907,0.4847158098933807,0.029876666759897107,0.20627221683617844,0.2380446223202746,0.15835111458169274,0.02093762815550899,0.37965536236633085,0.011819280780639858,0.1294635313005267,0.18518926525149257,-0.04420304426947579,0.39999624202964534,0.2724209890992534,0.43084464478766066,0.4275760935315475,0.2671169786660578,0.10819750193653899,0.06558292363690241,0.16695965743133606,0.044519769844293414,0.790615221354627
-0.049737745568221345,0.20543700188120667,0.7842926237739789,-0.10985684751454398,0.12756125686968003,0.22212635029465264,-0.09607057845979783,0.31606841267198205,0.0695134862369715,-0.05759083006540993,0.06110879171607594,-0.08516746517983488,-0.13252846519683623,0.09937862369356486,-0.30813457264588423,-0.23601463826386007,0.16145951969356273,0.41777282272135075,0.31385248253785525,-0.13810974849584592,0.040559865259644806,1.0,0.1373717351287087,1.0,-0.1571272940974333,0.2723888365322382,0.2256299163479198,-0.33231373668897,0.3987635070602224,0.27569740203866644,-0.0378188188707886,0.11667666274089837,-0.049878951680891875,-0.17826789844402383,0.17053364068644214,-0.37683528477802186,-0.23365128917336442,0.23403765018923758,0.5147078872918303,0.28884149783383717,-0.11591252756978979,0.06034628790255356,0.0034573249900620496,0.06371540700061064,0.9338783634797906,-0.11007033371571369,0.11151583156250934,0.4316302491531955,-0.12082997642539,0.37012092228318066,0.13235180989647877,0.04477302877390421,0.2287261659985745,0.04752715287763439,-0.16942049471775578,0.15765332452727274,-0.331651223396126,-0.21094574471183927,0.24596049641068263,0.33625394752052706,0.32826900369642803,-0.12520463073868365,-0.05821525801002355
0.3542938541706129,0.6613782432174123,0.13105837110895205,0.14037382111927577,-0.1539995879110633,0.06321210497711571,0.13840499324157526,-0.07101458719373689,0.16509305512424624,-0.08274403862731629,-0.07959637553038271,0.017840255716981644,-0.39199767806115093,0.2945815305051644,-0.01030536606443943,0.2458468542916663,0.16889278699782037,-0.07660078531175793,-0.13345045349954415,0.19440918743260652,0.05234516271200555,0.1373717351287087,1.0,0.13737173512870876,0.14547610360995591,-0.08012148634961139,-0.06371268493743414,0.23332216521833432,-0.013905151016388263,0.3906866918151426,0.03792936580040971,-0.2037290118367972,0.21527115378238293,-0.3889890941060215,0.3623090742279339,0.02639637549559756,0.24842273553882707,0.1717899718434711,0.0639133108986918,-0.14193819463287508,0.13372243246783094,0.12699987140038255,0.5364419834263654,0.8395063292323439,0.21116279635426372,0.14650439646421629,-0.22099185041848665,0.21810492240509116,0.3504994233902052,-0.0901564803251188,0.19278537684406472,0.0030186651879530865,-0.12090865131576711,0.17734661543904193,-0.12779108777370476,0.41052604583176827,0.09807543725658453,0.24940711125992127,0.18420628130171715,-0.045476313683216175,-0.13938541380056518,0.10241182824820107,0.06981256046759184
-0.049737745568221345,0.20543700188120667,0.7842926237739789,-0.10985684751454398,0.12756125686968003,0.22212635029465264,-0.09607057845979783,0.31606841267198205,0.0695134862369715,-0.05759083006540993,0.06110879171607594,-0.08516746517983488,-0.13252846519683623,0.09937862369356486,-0.30813457264588423,-0.23601463826386007,0.16145951969356273,0.41777282272135075,0.31385248253785525,-0.13810974849584592,0.040559865259644806,1.0,0.13737173512870876,1.0,-0.1571272940974333,0.2723888365322382,0.2256299163479198,-0.33231373668897,0.3987635070602224,0.27569740203866644,-0.0378188188707886,0.11667666274089837,-0.049878951680891875,-0.17826789844402383,0.17053364068644214,-0.37683528477802186,-0.23365128917336442,0.23403765018923758,0.5147078872918303,0.28884149783383717,-0.11591252756978979,0.06034628790255356,0.0034573249900620496,0.06371540700061064,0.9338783634797906,-0.11007033371571369,0.11151583156250934,0.4316302491531955,-0.12082997642539,0.37012092228318066,0.13235180989647877,0.04477302877390421,0.2287261659985745,0.04752715287763439,-0.16942049471775578,0.15765332452727274,-0.331651223396126,-0.21094574471183927,0.24596049641068263,0.33625394752052706,0.32826900369642803,-0.12520463073868365,-0.05821525801002355
0.3147150584929155,0.5085916828175188,0.07965221488893466,0.8261381392320295,0.12535730926615718,-0.1348802117340545,0.281231180560018,0.15136206371774066,0.17494098296003263,0.30768592482707674,-0.2751869086590293,0.16683252298035567,0.12374666796430517,0.4905369260487384,0.19002862328343698,0.3161920445807962,0.2723788130017924,0.1638725519357303,0.3357014953322713,0.4826797533083532,0.27429658261927503,-0.1571272940974333,0.14547610360995591,-0.1571272940974333,1.0,-0.045044651257732424,-0.2539783576451881,0.3256814151842961,0.05846004497067769,0.1630461428949402,0.31442967828505974,-0.43113076252314525,0.15254191764137906,0.043002186973171236,0.45642967154729686,0.24108265504313012,0.28946374409253056,0.24548521526300618,0.19003266602554894,0.340669458363717,0.5456005064202024,0.20330081708766415,0.2325483220216809,0.3467329987940744,-0.003028535049710925,0.9580592659560023,0.030918282587085403,-0.20934871507532532,0.44154374950937303,0.08027171232029823,0.2115484082030437,0.3764430301848195,-0.38799196931565033,0.3215063125388149,0.16705263813364282,0.4742172985106004,0.16602548506153467,0.3105759553381293,0.1352373792676559,0.20349248296810438,0.24814641470176407,0.5124512976258551,0.23575008864954122
-0.1898719192980995,-0.10158017732930999,0.29218283535886513,-0.11145732227687598,0.6716642008047118,0.020860466152898202,-0.016507169787761802,0.13434549435797724,-0.09426572999868944,0.19004544036898235,0.04239881208711425,0.062372037488297,0.28640141621691906,0.0520333808376673,-0.09346654019466487,-0.14179593129163617,0.19844662292521117,0.3237668782176625,0.29844613088266775,0.37528206681921217,0.06490201990841526,0.2723888365322382,-0.08012148634961139,0.2723888365322382,-0.045044651257732424,1.0,0.1816865899007217,-0.09857422903378862,0.278758428245751,-0.20338304056247816,0.2630683524251224,0.1783502467395753,0.14213248511806312,0.46307488536564373,0.10252974657987561,-0.0805707558692674,0.011153622189375817,0.2414970819573857,0.3770471126138571,0.2672786484906324,0.408321835801539,0.15758392424124748,-0.1311053202075045,0.10681338899291963,0.28254436403191674,-0.07098041556662966,0.8842066820209022,0.08378447643453753,0.009821374175564007,0.28986816810397914,-0.18010112726062932,0.34537534625253896,0.1975796694323553,0.16708011000272183,0.403549121776297,0.12298600334473289,-0.005344998917419032,-0.018771716005694994,0.31862901221273654,0.30993409937202565,0.2783274280370085,0.4629653667768043,0.09894000618423548
-0.12596231366682542,-0.19336381744522954,0.05977774626881175,-0.2641605022387026,-0.01294519486535088,0.49650257822970356,-0.027390184002596536,0.16645767085530788,-0.19798656190115607,-0.08692824901812297,0.22715225508465112,-0.23250172802259114,0.09963510305373938,-0.0991956087197833,0.03292583657362754,-0.07018275647309669,-0.17514722934411384,-0.02429258295420764,-0.0025669763147655785,-0.06790703497010218,-0.01624103358841555,0.2256299163479198,-0.06371268493743414,0.2256299163479198,-0.2539783576451881,0.1816865899007217,1.0,0.1395653709494337,0.49150759015690965,-0.19412990882508988,0.07044470365979241,0.37898051770148006,-0.06007426389746721,0.38864979358874824,-0.013994920267230083,0.1040669704634025,0.07518397178838523,-0.10557747312663886,0.09633732610328516,0.012207711257221822,-0.034117697082505054,0.08245929661298591,0.0077200913080693045,-0.20802392141121642,0.17566866497790273,-0.16434875222704098,0.13832844578283146,0.814938784549645,0.14972756534066164,0.44925348882706956,-0.053010977794304914,0.21559541563292772,0.45192228108726806,-0.15287709258821774,0.28841431818323326,0.029563763302660626,0.15984484007196442,0.0814059815118334,0.03161685835023172,0.0767281097074843,0.0753119255061961,0.03804597740899285,0.15869309829651138
0.14940974740124163,0.334258684283402,-0.41364584621490774,0.3611649111021864,-0.10363005845347496,0.020096225537308287,0.4461880584114277,-0.006607232151115256,0.14979548244669752,0.034376511306477515,0.016152198793521044,0.025332230550519284,0.20165675940210492,0.19988708045231304,0.289275629678724,0.16290063637810023,-0.055745513849885825,-0.12495766063636929,-0.15058250404788862,0.17550025030314365,0.19101938617518813,-0.33231373668897,0.23332216521833432,-0.33231373668897,0.3256814151842961,-0.09857422903378862,0.1395653709494337,1.0,-0.020652552830642722,0.1308186480505013,0.13052856125396214,-0.029593768356389896,0.01356740776621406,0.3382256840828473,0.1472753102451654,0.3749762060941595,0.22332520291716473,-0.08359226998300918,-0.08570835920560647,-0.12011286454711506,0.18448859944636933,0.2264407283824235,0.26658486865158443,0.3207255308615097,-0.3154971361387813,0.3240424614479051,-0.02389924416012457,0.11590013722403872,0.8135471687059601,0.04567759965897282,0.005300526835997476,0.0293133164069094,-0.026881032582339898,0.06930311008340534,0.18587811338085106,0.12694501049172532,0.36258621701790855,0.26889713483844735,-0.12392483594249103,-0.0558848658302552,-0.14720857600501663,0.08136620872573294,0.31399689968969474
-0.032979341033955945,0.005565385317406767,0.31589811910813453,-0.08358442964708025,0.16031220857456502,0.29716583196126667,-0.0049669783358714595,0.6510633834529328,0.0694445315029609,-0.11508808750426947,0.17240579726877314,0.030379361974563646,0.26941307969557676,0.04503593899919086,-0.3200182913434879,-0.1072252871240223,-0.020520758473460646,0.5356624175410387,0.33946025856604223,-0.06343049059554215,-0.030367623038884704,0.3987635070602224,-0.013905151016388263,0.3987635070602224,0.05846004497067769,0.278758428245751,0.49150759015690965,-0.020652552830642722,1.0,0.00863420493326082,0.07785033342316805,0.33178921611244333,0.12079758075714599,0.31181058124514216,0.09137931039358238,-0.30544185895841336,-0.0470137204726041,0.03172831215232336,0.6454232654900482,0.3339668429065246,-0.01722898246806602,0.07867900122830507,-0.03139292482441957,-0.10613095415705834,0.40586254586494414,0.0828516311871123,0.27968616988888917,0.5705447255891822,0.11504459470616148,0.9502345854617176,0.14069773435897534,-0.027792102152248453,0.360235429322674,0.13693815408741788,0.472435042101029,0.11609394044047396,-0.32692819981406224,0.12797717080861043,-0.12398616976310892,0.657241590433846,0.2975329829186497,0.004488913389793549,0.0401766179318144
0.23474623650355636,0.40783693921375597,0.11716323364877582,0.15832318629122036,-0.34127747499283273,-0.11459886840902869,0.08961869027817283,-0.05964642144174152,0.7825533046293287,-0.07463494292126961,-0.010695902542194078,0.2560548660394048,-0.1153638659667478,0.5121971287581377,0.1182800041045777,0.3318397081340827,0.20348284491981714,0.23392421109997463,-0.18038220643225517,-0.026393882334476367,0.29206051849521053,0.27569740203866644,0.3906866918151426,0.27569740203866644,0.1630461428949402,-0.20338304056247816,-0.19412990882508988,0.1308186480505013,0.00863420493326082,1.0,0.08237948100466405,-0.13588443854597743,0.4001969074438734,-0.2121203890870492,0.5988226524900194,0.1608006160400576,0.4084380569394811,0.25062257432222235,0.28221008800759956,-0.2115931245798781,0.060661829005047394,0.36865795996506334,0.3809190593545449,0.22063483330402286,0.3194726143023166,0.193193897839341,-0.3219124372441649,0.034760055334411996,0.2550962819858166,0.00385021264401153,0.761964027812178,0.060744096791732184,-0.08254250944229173,0.4572009242637927,-0.051742836452742295,0.6268072948801029,0.13911581266923584,0.3833406654988455,0.22481932568361493,0.21725748357109506,-0.2496229017539816,0.00429890965100055,0.27607438232871734
0.07279786620604467,0.1057339645176538,0.16026454079899105,0.2769402618803888,0.27109171521539616,-0.019531518441089177,0.13904100405073153,0.0018992289597103672,0.008375952736871743,0.7041068471021195,0.19136000537634243,0.36923214199354476,0.2423685040467813,0.2711112826709303,0.5344251193727465,0.22404550653476715,0.3362986049689733,0.2124146494105863,0.38331712297696785,0.40885755464335183,0.3145224900731641,-0.0378188188707886,0.03792936580040971,-0.0378188188707886,0.31442967828505974,0.2630683524251224,0.07044470365979241,0.13052856125396214,0.07785033342316805,0.08237948100466405,1.0,0.2688399557470909,0.5464976520916383,0.17752115950418837,0.3005761806171685,0.6103409773279029,0.3401899375672106,0.3547031781031223,0.22388053854807785,0.40179432571867946,0.4520765479586343,0.269212816739184,0.06729195631401678,0.17262471153402698,0.034091743600550936,0.2702597493954957,0.3686821727829689,0.02371906805368047,0.23039426837910726,0.16406856316590704,0.08778851322630478,0.8450240368323221,0.2084157604855063,0.5411077414253603,0.21941350621214065,0.35218988174905963,0.6098548992822518,0.27021182816954675,0.5305615556686204,0.29624215639000423,0.431740719115494,0.46406991958912885,0.3755716608429622
-0.09415813204743947,-0.21569199681382048,0.14977638398721646,-0.2950570061654457,0.20733113912009632,0.3876607020746718,0.12993962037824597,0.2823110274674894,-0.023871203765530456,0.24725935019066028,0.7783534043442922,0.19841507587776822,0.41512100903635646,-0.15859537222607428,0.05464378396470404,0.06948884230587214,0.09693012111264411,0.2860260355487643,0.20549726890649805,-0.143757008387251,-0.11711904674702336,0.11667666274089837,-0.2037290118367972,0.11667666274089837,-0.43113076252314525,0.1783502467395753,0.37898051770148006,-0.029593768356389896,0.33178921611244333,-0.13588443854597743,0.2688399557470909,1.0,0.09656500887000034,0.46013372370665073,-0.19830032512180895,-0.012522246745154182,0.08853016251942601,0.07383951279219587,0.2618853411183261,0.2231499886566825,-0.177539821483889,-0.1184858118228826,-0.19266625448334793,-0.20449526838437543,0.10226137805690971,-0.37792040620065315,0.30174002414106066,0.33319009262833565,0.058882569123023934,0.35604682110330144,-0.13364917092614312,0.01714964977224413,0.9265567458492378,-0.07777916542792207,0.31366149234922003,-0.2463693064478852,-0.020137188664862207,0.06962454931648539,0.03301913324052393,0.23340879241505755,0.2781199799695802,-0.21873773629595056,-0.06932304949799999
