Fp1,Fz,F3,F7,FT9,FC5,FC1,C3,T7,TP9,CP5,CP1,Pz,P3,P7,O1,Oz,P8,TP10,CP6,CP2,C4,T8,FT10,FC6,FC2,F4,F8,Fp2,AF7,AF3,AFz,F1,F5,FT7,FC3,FCz,C1,C5,TP7,CP3,P1,P5,PO7,PO3,POz,PO4,PO8,P6,P2,CPz,CP4,TP8,FC4,FT8,F6,F2,AF4,AF8,O2,P4,C6,C2
1.0,0.18929677230453545,-0.5899172573174118,0.3949571156620201,-0.3832800607038247,0.31067214488444883,0.6364210156433115,-0.02351284180521755,0.10759271556394172,-0.040386432176565665,0.008937418791623089,-0.1948161273675823,0.5152308717561208,0.6732475036059925,0.3420576187847644,-0.0126848436217211,0.0983164755061968,-0.625406201608805,0.07317078608759102,0.7086125435738726,-0.08506464679054176,-0.6266832175272931,0.15584670078353888,-0.6266832175272931,0.4693562350712155,-0.4624773312772787,0.14501833709764034,0.10397497044057469,-0.41423704557973706,-0.11579944387972672,-0.31786243646040985,-0.04061658080244713,-0.43665858559777093,0.34903042844508303,0.7187662411052225,0.45659257889182103,0.37604993141668464,0.03960916990587111,-0.6676961637199823,-0.22823674923334783,0.6718128630941338,-0.05281592531576733,0.8607554725992986,0.23980369755198466,-0.6150016740113353,0.5778228455842916,-0.47790677169046025,0.2520640503909972,0.6442482700718779,-0.25747377708323266,0.030793905456871478,-0.1991188472901068,-0.18740153967543474,-0.0195982946364007,0.4241036760025496,0.7060870840721066,0.627030420619756,0.5574349271676379,0.056873263418269315,-0.5516434573837796,-0.24597952220074074,0.44357367864470365,-0.09160149552131605
0.18929677230453545,1.0,0.36847520403484646,0.894262249493646,0.04437530412915564,0.6331289827058361,0.5370258298559176,0.3991152243241645,0.7304972437811708,0.3953887947268526,0.4009256994853283,0.3992657170347343,0.2264667967845559,0.05880862620676653,-0.02700282126386728,0.42954108661814694,-0.21352501563508489,0.26984191795084217,-0.20246070895240298,-0.013573467637093772,0.27819704797998734,0.2792713070223028,0.6726150608694628,0.2792713070223028,0.5697209550409502,-0.13847753497323495,0.26522306057329936,0.32419974038776905,-0.11923740705416003,0.40415999346568665,0.0524239023647239,0.07543882867003814,0.22473478916496756,0.06572708776054939,0.0903135230506899,-0.1495363084112887,0.27658101229621196,-0.34366312289797823,0.1856403237700961,-0.27514655751875944,-0.04490526654095439,0.05120262472323478,0.052628508282732425,0.7148168992620034,0.35218136953210233,0.6506016164381142,-0.12334038295818288,0.22390352706804256,0.39610465575145976,-0.11952232863113355,0.5068246004213065,0.09289588986494786,0.37929376292005273,0.49182380279034976,0.15369993435750448,0.12779497643793353,0.11823332908999461,0.5987712638051905,-0.23339772404324563,0.3779888060823749,-0.07623570993867224,-0.26283386305206563,0.15461458353177793
-0.5899172573174118,0.36847520403484646,1.0,0.021152524900494792,0.6434206249605933,0.1898669073892245,-0.20237043384744435,0.48407639425324417,0.3686387593333282,0.4017053301240088,0.5389435013068105,0.48211700060723695,-0.2689905708349139,-0.592588072808811,-0.4305994446954946,0.2969689958274144,-0.08931353427820309,0.7524089193946193,0.128587600727756,-0.740732659425146,0.34545542479983343,0.8902327947863617,0.11705704705563336,0.8902327947863617,-0.28239851108128156,0.5406238310835604,-0.022102986083853443,0.020651868457669934,0.4531787938687925,0.2887319377895831,0.26688613628452573,0.29208921000277993,0.42608666747242846,-0.20280307573275738,-0.6690636056668802,-0.6137931743973994,-0.04351606854301458,-0.14106874917099974,0.6940898626761727,0.2931773835977131,-0.7400497025610725,0.24212958037948185,-0.6577731818028397,0.09455330936792285,0.8578638201438231,-0.2646686636057388,0.5383744213161851,-0.08328846171145705,-0.42540403882557215,0.39863992007126187,0.3115984630029984,0.24000399811841827,0.5778962247766906,0.34595602849535645,-0.34247605116432844,-0.6021278169875751,-0.5553361344343534,-0.1117637718602268,-0.10816082376131639,0.7972543490718446,0.31320586031287484,-0.5903615707039217,0.2848844831602155
0.3949571156620201,0.894262249493646,0.021152524900494792,1.0,-0.24668629687904972,0.5328272021629152,0.6633144863517518,0.14641766083679889,0.6798372882370802,0.2914347983792109,0.1840260497574399,0.3073991505116869,0.27252274513407654,0.26707881910206493,0.20727987370874115,0.4312457370728222,-0.23984890924546648,0.05258248904733407,-0.3592600860896158,0.17132905137029286,0.15787614137011863,-0.011949726322870302,0.6737211154905198,-0.011949726322870302,0.7399622519565431,-0.43734925576717315,0.22302586307756714,0.4474308642657455,-0.42942146039595014,0.38965708845476077,-0.025163189689522917,-0.03701623777674268,0.11445592835634011,0.08900972333331489,0.2993257237470852,0.10515689905029309,0.38033228960788346,-0.341953263775647,0.0018369448351431082,-0.49637570162686523,0.128581587416423,-0.039185267229917733,0.31277300885191195,0.7269644310653528,0.1255546189571835,0.7988315679707538,-0.42291499202158617,0.21564043236000857,0.558177778839457,-0.43764055474475005,0.4431035708012698,0.03319558913766608,0.10360037852931896,0.4441442000873347,0.1910808933425263,0.3198035478723322,0.2800627350410291,0.658536310788703,-0.25851660885362027,0.12875046576392948,-0.3162241676473128,-0.15654911380920183,0.0050084195948095975
-0.3832800607038247,0.04437530412915564,0.6434206249605933,-0.24668629687904972,1.0,0.3666220602729419,-0.11795259250653085,0.6816933130079115,0.024614174748885862,0.6489154445834788,0.4152389756724908,0.31411704434110554,0.08993119620611374,-0.1931484935059328,-0.02324055376861866,-0.017020117000298936,0.4017918593823681,0.3699292585804379,0.5367428343811217,-0.3718611668950865,0.1614045091143046,0.49505239462820355,-0.3580117003665208,0.49505239462820355,-0.5939333967048145,0.8244749898761713,0.09581606106279107,-0.2021858019921323,0.6968684098702702,-0.04177924348669981,0.5041966124906632,0.0032062578891705524,0.18856928790615163,0.07920145585255459,-0.4017454395088149,-0.2556919815629922,-0.3504456763089442,0.3227363186976214,0.34262928309322843,0.737909949074809,-0.3039835965216943,0.16737365919276273,-0.5975501550296134,-0.33241490295744053,0.4291156274978372,-0.5211027740399348,0.8789995521939624,0.14041023505310227,-0.43153070365911217,0.6698521255977736,0.0446865946580298,0.5937335039876989,0.49698800367629664,0.14116561775296907,-0.030840874839363132,-0.2504347428851786,-0.10554955172217036,-0.2178602273237879,0.34626473266211194,0.4747546245646356,0.7210802934922244,0.05578472614960338,0.18669609631497666
0.31067214488444883,0.6331289827058361,0.1898669073892245,0.5328272021629152,0.3666220602729419,1.0,0.3354344663298774,0.7717602085635619,0.26481938329082944,0.7133028868486097,0.30120412148492537,0.16893037632118926,0.42519113273142944,0.19814609058619084,0.27886408056393774,-0.05015632058603864,0.20796602116868593,-0.11172979696556071,0.14539096532052911,0.06563251068619874,-0.03222723089249574,-0.011488251096779858,0.19261265914308304,-0.011488251096779858,0.1634232042406555,0.12650045382656466,0.5999315033501489,-0.040048540102473926,0.30975541352859604,-0.04711121084076082,0.3818593922853881,-0.09297854956297523,-0.09790238209453689,0.20291813404780626,0.13091479995024188,0.14714988752185476,-0.14778308057695683,0.016787657406721935,-0.17405425766165322,0.16244338774444428,0.09378111129065247,-0.1663231917914727,-0.016758362822871794,0.28513431675216044,-0.005854201201686504,0.2394836326976548,0.14394537193486567,0.6864789231582239,0.04460468142649061,0.3250813158900307,0.07391687146624978,0.5135298024063094,0.2535084299437523,0.20577020726818582,0.1990365513019839,0.270779420346285,0.4250952900004059,0.367779362945804,0.12638071138359383,0.12248099488217509,0.324956219122427,0.2314163837608865,0.0033809176124020308
0.6364210156433115,0.5370258298559176,-0.20237043384744435,0.6633144863517518,-0.11795259250653085,0.3354344663298774,1.0,0.08860045047522275,0.6227765758365761,0.21054828827830627,0.2747339874397123,0.332048657478049,0.5918559352649612,0.6736894653048995,0.44820019471989664,0.4772275816016452,0.1263528213424509,-0.15315758227076132,0.024844618465940476,0.5707710488839381,0.2144298404725747,-0.2613091416228905,0.32160429873632385,-0.2613091416228905,0.5586449275450299,-0.2689638460961354,-0.055798433723539535,0.5892593172057436,-0.4649940931683011,0.39427881666553244,-0.19762479791129148,0.02380540244018503,-0.02015742904026732,0.3887363300111707,0.5583760142266008,0.32304241849885285,0.4531997098026934,0.03724515909058585,-0.21210641461795257,-0.20487147068698372,0.5551533780688909,0.15081655251565312,0.5801302287076212,0.38005646390734643,-0.08558208762129414,0.6678557425815782,-0.32388542088105815,0.030465635803002374,0.8457359405653445,-0.3318099488920663,0.49474513133684545,-0.05147825825653099,0.1003803483168366,0.3964247208362919,0.5028167049938242,0.6267042493417878,0.4689728729445652,0.5344985089625043,0.06642378960436213,-0.11060860063741525,-0.1932709465981814,0.19395542447020994,0.09766424377751286
-0.02351284180521755,0.3991152243241645,0.48407639425324417,0.14641766083679889,0.6816933130079115,0.7717602085635619,0.08860045047522275,1.0,0.06561260942293999,0.7356450619416216,0.24780130072322765,0.38898895377082265,0.23667968479217882,0.0637236400513377,-0.02037302321490558,0.03115116885849182,0.48980304572450895,0.19105340237762744,0.4826749499759063,-0.10636597581745152,0.09872609003883061,0.21362073013759153,-0.20745349691334072,0.21362073013759153,-0.32174470260449517,0.41236073174431104,0.19020840793120064,-0.2076990166149644,0.5974784329490711,-0.13402672759731485,0.42276868798778866,-0.15614122272116032,0.12253100990806705,0.11406045605131669,-0.15356395851170043,-0.24652124193716346,-0.21981644739822723,0.29077576543873174,0.10004299425871127,0.5298592386921397,-0.07499401792297136,0.0029499978104145733,-0.3629379368274182,-0.17490233600971997,0.2796307168823644,-0.2242342047787476,0.48210070809967703,0.2569464485657751,-0.20776974237290563,0.6849127346190661,-0.012554708190092643,0.4873236507819598,0.25549297926581177,0.21499608755666638,0.0004285890177317143,0.011016510958093162,0.03142728028671405,-0.019499604284622427,0.32352048402140393,0.343191827928026,0.6051719379809042,0.1521779237713737,0.2263122353931862
0.10759271556394172,0.7304972437811708,0.3686387593333282,0.6798372882370802,0.024614174748885862,0.26481938329082944,0.6227765758365761,0.06561260942293999,1.0,0.21491052169215435,0.6117099258584644,0.4327191749968455,0.2908056566274593,0.05156342624702998,0.08555024595773886,0.5583990138324784,-0.3632212382895887,0.41546860143099823,-0.21745393137455984,-0.15085150457219465,0.2905960758291846,0.4135422125056787,0.7214771254086221,0.4135422125056787,0.6150902417614378,-0.05800957715464042,0.10688134023889852,0.6279442421452252,-0.2282386626130658,0.8280718027312209,-0.026380103910410947,0.2782330331355215,0.346948381353131,0.19273769018912068,0.07898458734113852,-0.08786987512661937,0.3952078566155137,-0.36934767526462786,0.3456297246910065,-0.26957682097254737,-0.15596409777807915,0.14112336090112745,0.17261359636542045,0.7248738886621267,0.45937243340696265,0.6308478156333841,-0.09696588513571915,0.08032641838185908,0.43986437919344157,-0.23987628525752488,0.8751870946395811,0.05689182361470911,0.5258097151837873,0.5200869707049127,0.29698662731702447,0.14197961883945528,0.11082500511013434,0.5131490863079945,-0.29082715334306575,0.46671942143671413,-0.1949938357264871,-0.36049566786826914,0.09824994177627158
-0.040386432176565665,0.3953887947268526,0.4017053301240088,0.2914347983792109,0.6489154445834788,0.7133028868486097,0.21054828827830627,0.7356450619416216,0.21491052169215435,1.0,0.2529812406614913,0.38573993367244724,0.22251530548300294,0.12542626120708805,0.31267565413145826,0.15482191274145105,0.36122974867665547,0.2361075569620858,0.395532490182531,-0.11834292456278858,0.10136653859936848,0.27466138302490745,-0.07833104272349588,0.27466138302490745,-0.1447377920590259,0.3582727537173017,0.2258977824840118,-0.03775908894013114,0.435024806102496,0.03289560720688226,0.7491213205369384,-0.15160612062928452,0.31663122103228075,0.0349777454629486,-0.04371962516976075,0.018690419411885345,-0.1361702711553795,0.23588733518794822,0.20890841920669387,0.5132782721771377,-0.06271698055704222,0.013598804038575727,-0.28621107964431336,-0.04571950932626239,0.32788913951300913,-0.08693161232007025,0.4769274352968601,0.358436218520099,-0.0946963548881652,0.3874833963162544,0.20115696978965839,0.8076384231441491,0.3253628718094753,0.4259636684479188,0.04050661663199573,0.12843445389477356,0.17546705906571222,0.18135420758573864,0.312441020520831,0.4209627912747332,0.5558549598561308,0.18626881758899894,0.13102734725165288
0.008937418791623089,0.4009256994853283,0.5389435013068105,0.1840260497574399,0.4152389756724908,0.30120412148492537,0.2747339874397123,0.24780130072322765,0.6117099258584644,0.2529812406614913,1.0,0.21328488107135318,0.29053780675692714,-0.2939338992936555,-0.14002337998829742,0.28861951994809354,-0.10694219015825278,0.30584466366117496,0.21409110746034268,-0.2800729257480738,0.3621341040661907,0.5075013459813178,0.407989075683267,0.5075013459813178,0.16130070942910554,0.3057174511500132,0.17993079878771628,0.1886957270728707,0.18491383633447114,0.42363384839514867,0.05340398558373877,0.7293709434396562,0.08585361763550664,0.23896516370610404,-0.2595595814784287,-0.2372376527874663,0.1242629062960358,-0.10873462505543904,0.21691199136539296,0.17689139309432375,-0.2646415219750122,0.3102791307221467,0.01147191606252725,0.4374698213169879,0.3770930868592568,0.1862977590860956,0.26732543861481867,0.17215232202117003,0.08491409465294228,0.1222637846720901,0.48677307661516755,0.10669152947587905,0.8443595354455273,0.3033103687160278,0.20504194412593665,-0.1768826405035762,0.016893796175650653,0.2906657972222869,-0.07610803537327931,0.4501020006814853,0.14077693855366422,-0.31511277777531277,0.17173240083406005
-0.1948161273675823,0.3992657170347343,0.48211700060723695,0.3073991505116869,0.31411704434110554,0.16893037632118926,0.332048657478049,0.38898895377082265,0.4327191749968455,0.38573993367244724,0.21328488107135318,1.0,0.10096779315689962,0.06271538543032247,0.05737065640455612,0.5181356984174408,0.21041143448269645,0.4868328989852809,0.08830176149446027,-0.17516804308150855,0.3370904196610743,0.39631368124062294,-0.012200940346773251,0.39631368124062294,-0.06732011669918879,0.12290890895432688,-0.3653955194400547,0.5973804708453994,0.028944986994112434,0.47089935767952373,0.029948262432347748,0.058369358456368634,0.43232047967780324,0.11254755809149687,-0.22550961346019283,-0.28284413835438793,0.24685120192552423,0.15723877442606066,0.5376190351140455,0.10075434908709419,-0.17009123309630872,0.225631753195857,-0.26597437604377966,-0.030501090868085393,0.605699098010832,0.015288836657956474,0.11459037575674444,-0.350407869366954,0.14518210971168818,0.043704618790900235,0.3709652737767605,0.09533982304289675,0.14720239530603563,0.6052238633067988,-0.03385166732682754,-0.09433653693215499,-0.3042324704845321,-0.09646901266315407,0.04455117795103317,0.5973522678648446,0.026105462483321518,-0.2205856382682138,0.23881460344915512
0.5152308717561208,0.2264667967845559,-0.2689905708349139,0.27252274513407654,0.08993119620611374,0.42519113273142944,0.5918559352649612,0.23667968479217882,0.2908056566274593,0.22251530548300294,0.29053780675692714,0.10096779315689962,1.0,0.5518214630550506,0.6078423669232228,0.07152434647276308,0.4247446935509108,-0.25692688247632894,0.2971586891983703,0.4783423890485921,-0.1251574812032782,-0.3436106503751795,0.06731465950109766,-0.3436106503751795,0.24704254749668808,-0.029597224158039944,0.19913201761651692,0.24526138412977472,0.02683122880288077,0.19506189195358073,0.07381436741630425,-0.10487521244090386,-0.10281734986315996,0.899669789849781,0.47600298185737305,0.39053648763978693,0.20086692042093796,0.41108714058611756,-0.28612271061880457,0.20138413019509763,0.5009699916222458,-0.07726450751032525,0.43478292969483273,0.12546883863166713,-0.2553402869932934,0.28901188352761237,0.01731194355796041,0.27204551712891045,0.49465498044512035,0.07465420634928252,0.2679574400392725,0.25711314747255054,0.22693868243727802,0.23741598356809743,0.884628363196604,0.5769987869222117,0.6686788287445923,0.24867951744232075,0.4527498728543523,-0.08182481527248164,0.23015341904357414,0.4830236088141507,-0.10824026481139742
0.6732475036059925,0.05880862620676653,-0.592588072808811,0.26707881910206493,-0.1931484935059328,0.19814609058619084,0.6736894653048995,0.0637236400513377,0.05156342624702998,0.12542626120708805,-0.2939338992936555,0.06271538543032247,0.5518214630550506,1.0,0.6079330654338011,0.22186119846371613,0.364422673550535,-0.4693948222406297,0.17548844133703956,0.769249866229585,-0.03466071485833973,-0.662209002236312,-0.14946773192006227,-0.662209002236312,0.24106886954836593,-0.2625783804572298,-0.1451010977377161,0.28584212166150813,-0.2962579560254457,0.007021065665059957,-0.07861016780687477,-0.3898284894883998,-0.12534716825100353,0.38853205381530637,0.8360146584497423,0.5788709135638022,0.36741038237731083,0.2799177629950937,-0.4769493246993937,0.01331044544981698,0.8108172076477616,0.022009258913778647,0.620224357560076,-0.10480107431488431,-0.41780845508993053,0.34395843648697266,-0.30140764328546366,0.014824705909569587,0.6141085326605783,-0.14565130201094423,0.11009817155845271,0.00876509574276032,-0.3377221287737141,0.15790947815838846,0.5644677299744485,0.8951748239094438,0.6186074569993392,0.3259369577526536,0.3076262830125095,-0.4450557042254808,0.002481748650849227,0.6973223078377077,0.043376578806836805
0.3420576187847644,-0.02700282126386728,-0.4305994446954946,0.20727987370874115,-0.02324055376861866,0.27886408056393774,0.44820019471989664,-0.02037302321490558,0.08555024595773886,0.31267565413145826,-0.14002337998829742,0.05737065640455612,0.6078423669232228,0.6079330654338011,1.0,0.011072851130352512,0.2963958993474809,-0.36361017262091944,0.02996415675172643,0.4205233402791168,-0.20019336115133662,-0.4234947796414547,-0.09367613541221904,-0.4234947796414547,0.19819864883010466,-0.13147230795038956,0.24600903044440753,0.3222356281700301,-0.11542342677689926,0.19202408557049233,0.22739097851428208,-0.3310245695340241,-0.045444559898600724,0.5512325905274299,0.48913466358244784,0.8429591678000861,0.06940019888384823,0.3071331002034431,-0.25168928445054073,0.07720745209336531,0.4749725986390378,-0.14701105939296924,0.339357436420212,-0.03210902407466472,-0.26853109395237695,0.19988163883306512,-0.0992314227242527,0.3939875280454215,0.33618837033097265,-0.14466164399048906,0.11078994361169942,0.4209505242560415,-0.14271589095927598,0.20063676981652226,0.5697383092390077,0.5900981954843871,0.7192580326723383,0.2139575973697799,0.3526987811149037,-0.18554214648476186,0.051722727845689924,0.536052596146907,-0.15919698369187535
-0.0126848436217211,0.42954108661814694,0.2969689958274144,0.4312457370728222,-0.017020117000298936,-0.05015632058603864,0.4772275816016452,0.03115116885849182,0.5583990138324784,0.15482191274145105,0.28861951994809354,0.5181356984174408,0.07152434647276308,0.22186119846371613,0.011072851130352512,1.0,0.03127140649167872,0.41984664172498315,0.08422515185308267,-0.00446542444098591,0.4532886258111448,0.24653215774894188,0.28657758853406057,0.24653215774894188,0.28811595628845194,-0.16314015313072608,-0.45995532991433835,0.4953537091368408,-0.2894044601512346,0.4870173292377757,-0.03224214835355128,0.2659777667995043,0.4441052087846987,0.020612033585777154,0.03246462416199042,-0.15384791030883627,0.7560856418034292,-0.009381665255835881,0.3067777711334925,-0.09281350919579125,-0.0133419313730706,0.3947838314203577,0.18637299748329045,0.25544845566763236,0.5926648852051037,0.34404513953425303,-0.14444064743958815,-0.44693404929043495,0.4236833644558554,-0.28083115844196904,0.5856165769340169,-0.11352281813768746,0.20016986048385832,0.6398099692215067,0.12363112739462453,0.12074664348232744,-0.12776420121282903,0.33747086278885574,0.04010960545541919,0.30074866858576976,-0.14354663318942038,-0.29634193821981575,0.34352011339863764
0.0983164755061968,-0.21352501563508489,-0.08931353427820309,-0.23984890924546648,0.4017918593823681,0.20796602116868593,0.1263528213424509,0.48980304572450895,-0.3632212382895887,0.36122974867665547,-0.10694219015825278,0.21041143448269645,0.4247446935509108,0.364422673550535,0.2963958993474809,0.03127140649167872,1.0,-0.08865731161347332,0.7455349626181271,0.320923485545949,0.0371117827103362,-0.24772201609992384,-0.5725738321424617,-0.24772201609992384,-0.38775955806726586,0.21185734040545603,-0.17280968002119357,-0.08497463314923942,0.3397485710845347,-0.3916708397960277,0.2720166737821388,-0.26686209381407733,0.03957214155972835,0.3940453814881951,0.11112545276583477,0.0048343814696629244,-0.03115009555799487,0.9368959218221181,-0.144211142481885,0.6510182111249581,0.36505902297572324,0.1467919877466457,-0.026742025739050542,-0.573233248336816,-0.06732179672532355,-0.3225403007759596,0.3417227122154337,-0.1415506450591021,0.06301792475977783,0.36284635232395984,-0.27707695124582554,0.31968181528177936,-0.051016414086143845,0.1707144965641191,0.24890963917042427,0.2244110871189607,0.20222071283029247,-0.26888446734929317,0.8948445118647461,-0.07088815099976066,0.587905767582628,0.50097293379203,0.2191039750443858
-0.625406201608805,0.26984191795084217,0.7524089193946193,0.05258248904733407,0.3699292585804379,-0.11172979696556071,-0.15315758227076132,0.19105340237762744,0.41546860143099823,0.2361075569620858,0.30584466366117496,0.4868328989852809,-0.25692688247632894,-0.4693948222406297,-0.36361017262091944,0.41984664172498315,-0.08865731161347332,1.0,0.08854591437777011,-0.6030744603725192,0.45137698180476604,0.8119955794139908,0.22795468093252583,0.8119955794139908,-0.06772939290944648,0.3308119143321894,-0.25415266529173736,0.19560360785579953,0.3029105513561191,0.4448657142356484,0.2939255865244763,0.1724087856137008,0.7494947124630456,-0.18470008560304357,-0.46837348029330866,-0.6267813264527042,0.13816359220782676,-0.0021794729372810063,0.9189600441639354,0.22908902036132273,-0.5960850187279734,0.3483708068282085,-0.547941526339134,0.1333814552228599,0.8634769005101312,-0.1140124022991049,0.4089379044395308,-0.34125560252030446,-0.19279593568065584,0.14167966306826674,0.4629402747010996,0.1916003368490043,0.4709875770807346,0.47989216032027815,-0.2258184767822097,-0.41899249727574056,-0.5542306739173026,-0.10865652451854298,-0.01489166909815505,0.8729115545087498,0.24789858363068537,-0.5088645419006502,0.3997761450365137
0.07317078608759102,-0.20246070895240298,0.128587600727756,-0.3592600860896158,0.5367428343811217,0.14539096532052911,0.024844618465940476,0.4826749499759063,-0.21745393137455984,0.395532490182531,0.21409110746034268,0.08830176149446027,0.2971586891983703,0.17548844133703956,0.02996415675172643,0.08422515185308267,0.7455349626181271,0.08854591437777011,1.0,0.22019643435609637,0.3120886497258007,0.02848128668200885,-0.4581690474107623,0.02848128668200885,-0.3990757939805485,0.3649406752346831,-0.165138671441633,-0.27542582802146853,0.559754517596777,-0.2696517709130739,0.36182931038814226,-0.00990962640203854,0.16976394674321302,0.29613011677644874,0.03603940775652666,-0.15761628063661687,0.03113851752854925,0.7632654387973238,-0.0012398066619074607,0.881807063930728,0.2642777518587697,0.440368854322191,-0.00042051632406344666,-0.47775528912823684,0.08839933784781157,-0.31860784766148115,0.574179014321662,-0.12178056732671146,0.033544743172132956,0.49776502218529806,-0.03523644655697242,0.35472237941006124,0.3275477416248011,0.20371992244135861,0.2383052034066813,0.1796216067064962,0.15618280841079304,-0.055811519395518434,0.7650948959173107,0.11098521774395642,0.7474240602461805,0.4146559056311995,0.4736538123567475
0.7086125435738726,-0.013573467637093772,-0.740732659425146,0.17132905137029286,-0.3718611668950865,0.06563251068619874,0.5707710488839381,-0.10636597581745152,-0.15085150457219465,-0.11834292456278858,-0.2800729257480738,-0.17516804308150855,0.4783423890485921,0.769249866229585,0.4205233402791168,-0.00446542444098591,0.320923485545949,-0.6030744603725192,0.22019643435609637,1.0,0.03119306458664322,-0.7615788259187914,-0.1120219213408328,-0.7615788259187914,0.293522621784792,-0.3650928725052101,-0.12514401348917728,0.037688404011784575,-0.2988300713508019,-0.1922577195545644,-0.22978015575079577,-0.24954254741187765,-0.2525574110499321,0.3666867062840316,0.7730853130733106,0.531605719915405,0.2128119087531502,0.29219528041569803,-0.6052405399639085,-0.01909953903909872,0.982260066622704,0.08512899649651068,0.6676976368886129,-0.08226716383347371,-0.6342741812552674,0.3764485309755765,-0.34564617062231173,-0.012272279224716654,0.7622697388846926,-0.19103944474228743,-0.0953944014027707,-0.1787850974781332,-0.29959747317495644,0.012617395160620052,0.524079575514262,0.7515370517521914,0.6161027217583757,0.3345827506558681,0.2905832580744796,-0.6040007827234587,-0.04205850096368371,0.6681879137041767,0.11934061817561539
-0.08506464679054176,0.27819704797998734,0.34545542479983343,0.15787614137011863,0.1614045091143046,-0.03222723089249574,0.2144298404725747,0.09872609003883061,0.2905960758291846,0.10136653859936848,0.3621341040661907,0.3370904196610743,-0.1251574812032782,-0.03466071485833973,-0.20019336115133662,0.4532886258111448,0.0371117827103362,0.45137698180476604,0.3120886497258007,0.03119306458664322,1.0,0.3668560568037532,0.20573000328494764,0.3668560568037532,0.23486060018253896,0.016393775181535536,-0.21712513116184712,0.25996796812027956,0.18524384524887277,0.2138027444526426,0.07169979061709603,0.2890301972135346,0.45430569033191703,-0.09487528578489057,0.019781272798858832,-0.21275918804695762,0.41632555134198995,0.0697999315270919,0.39070261158462144,0.23707434996707935,0.05272539980078624,0.9506110109013393,0.05009871111772338,0.15934264068325468,0.4834497578422502,0.27214370522862236,0.07755584695451911,-0.3041389786450344,0.2906300969377557,-0.14278401523714498,0.29561554305152077,-0.08159229835416898,0.4897136697277852,0.5464065478493237,-0.03159834357038459,0.06274259167801899,-0.06502438552140666,0.3236864515205266,0.041413622722243006,0.4452538413385386,0.23913808447683763,-0.061202801744600716,0.9156404787638309
-0.6266832175272931,0.2792713070223028,0.8902327947863617,-0.011949726322870302,0.49505239462820355,-0.011488251096779858,-0.2613091416228905,0.21362073013759153,0.4135422125056787,0.27466138302490745,0.5075013459813178,0.39631368124062294,-0.3436106503751795,-0.662209002236312,-0.4234947796414547,0.24653215774894188,-0.24772201609992384,0.8119955794139908,0.02848128668200885,-0.7615788259187914,0.3668560568037532,1.0,0.3055181390191132,1.0,-0.12185769010044498,0.5174647613741844,-0.029099890039710228,0.1453993205410121,0.3879862885381381,0.4263716464249986,0.2672845849678776,0.3362249228371345,0.5466946136968485,-0.21035160714589674,-0.6132508955072101,-0.587683160403774,-0.017551738772472666,-0.18007689267622834,0.8197376931366759,0.22482322674403313,-0.7405421833372986,0.2670871521993582,-0.5718066631065135,0.23756982469682875,0.8418422020284496,-0.16387271254287825,0.5103626559887541,-0.10972325181155387,-0.3577089030877987,0.21508367911096704,0.4729047840433902,0.21306484390430513,0.6559686565474993,0.33723965910477716,-0.28133668064879114,-0.5778629357691256,-0.5183809443486197,-0.015700961271009922,-0.13965312369782343,0.8529912366151388,0.23589613204849774,-0.584119287566541,0.2908014695846913
0.15584670078353888,0.6726150608694628,0.11705704705563336,0.6737211154905198,-0.3580117003665208,0.19261265914308304,0.32160429873632385,-0.20745349691334072,0.7214771254086221,-0.07833104272349588,0.407989075683267,-0.012200940346773251,0.06731465950109766,-0.14946773192006227,-0.09367613541221904,0.28657758853406057,-0.5725738321424617,0.22795468093252583,-0.4581690474107623,-0.1120219213408328,0.20573000328494764,0.3055181390191132,1.0,0.3055181390191132,0.8547179844276079,-0.2713651607802545,0.3265480775546811,0.4143803868927518,-0.2903914220133372,0.5421289482910399,-0.07378014491987765,0.34426023359643776,0.1859528724151661,-0.007807385054369391,0.16679710406877207,-0.07080085529733657,0.3542727338237244,-0.5250534637966203,0.1695808116050242,-0.5282101969705721,-0.1208114759965233,0.03497770993838475,0.2956594900274228,0.9786976118692204,0.21202475912728314,0.7906968712341219,-0.32184719824136143,0.25965337382473175,0.3949892798707102,-0.4210083432870749,0.6395997463877003,-0.1102819704066892,0.44007290936922244,0.3196351056374127,0.1964496982629512,0.10481133143678192,0.1607183073792237,0.6352007397712046,-0.38079567292743544,0.265725409384973,-0.33520006331276436,-0.3289813737260523,0.07249147444698036
-0.6266832175272931,0.2792713070223028,0.8902327947863617,-0.011949726322870302,0.49505239462820355,-0.011488251096779858,-0.2613091416228905,0.21362073013759153,0.4135422125056787,0.27466138302490745,0.5075013459813178,0.39631368124062294,-0.3436106503751795,-0.662209002236312,-0.4234947796414547,0.24653215774894188,-0.24772201609992384,0.8119955794139908,0.02848128668200885,-0.7615788259187914,0.3668560568037532,1.0,0.3055181390191132,1.0,-0.12185769010044498,0.5174647613741844,-0.029099890039710228,0.1453993205410121,0.3879862885381381,0.4263716464249986,0.2672845849678776,0.3362249228371345,0.5466946136968485,-0.21035160714589674,-0.6132508955072101,-0.587683160403774,-0.017551738772472666,-0.18007689267622834,0.8197376931366759,0.22482322674403313,-0.7405421833372986,0.2670871521993582,-0.5718066631065135,0.23756982469682875,0.8418422020284496,-0.16387271254287825,0.5103626559887541,-0.10972325181155387,-0.3577089030877987,0.21508367911096704,0.4729047840433902,0.21306484390430513,0.6559686565474993,0.33723965910477716,-0.28133668064879114,-0.5778629357691256,-0.5183809443486197,-0.015700961271009922,-0.13965312369782343,0.8529912366151388,0.23589613204849774,-0.584119287566541,0.2908014695846913
0.4693562350712155,0.5697209550409502,-0.28239851108128156,0.7399622519565431,-0.5939333967048145,0.1634232042406555,0.5586449275450299,-0.32174470260449517,0.6150902417614378,-0.1447377920590259,0.16130070942910554,-0.06732011669918879,0.24704254749668808,0.24106886954836593,0.19819864883010466,0.28811595628845194,-0.38775955806726586,-0.06772939290944648,-0.3990757939805485,0.293522621784792,0.23486060018253896,-0.12185769010044498,0.8547179844276079,-0.12185769010044498,1.0,-0.5732831541725022,0.2798720078036533,0.4946010360229166,-0.4758183454742038,0.4291000092646659,-0.14952979101772937,0.12144926379833958,0.09348426759355158,0.13259093658490878,0.5160452013777505,0.2455459534665119,0.500191756771777,-0.35041784915594837,-0.12038030663811243,-0.5763461775137376,0.27479178972706514,0.11736741668194595,0.6290217620469082,0.8508299240893573,-0.08734544548095331,0.9551404530217588,-0.5819870858880263,0.21832569001941343,0.6840980989220353,-0.6138758519302475,0.5272874247793599,-0.16854199306964265,0.16274679288967253,0.3444939875079085,0.3561014821186603,0.45675076754296096,0.45641934814148877,0.7218694362593367,-0.24675038273204317,-0.05635531901384789,-0.40452047502788574,-0.030088161149824235,0.12664036805347081
-0.4624773312772787,-0.13847753497323495,0.5406238310835604,-0.43734925576717315,0.8244749898761713,0.12650045382656466,-0.2689638460961354,0.41236073174431104,-0.05800957715464042,0.3582727537173017,0.3057174511500132,0.12290890895432688,-0.029597224158039944,-0.2625783804572298,-0.13147230795038956,-0.16314015313072608,0.21185734040545603,0.3308119143321894,0.3649406752346831,-0.3650928725052101,0.016393775181535536,0.5174647613741844,-0.2713651607802545,0.5174647613741844,-0.5732831541725022,1.0,0.005093301742382145,-0.15093926866400484,0.6334740148948049,0.01701884205358321,0.3706408571546334,0.057873123074683494,0.15474736609161013,0.04831934227400452,-0.33760598513619317,-0.25119438701504904,-0.40515170020666497,0.21225267137911347,0.35125135635910254,0.6428858541696902,-0.2822440147381776,0.04947176233592265,-0.5936559400782522,-0.27989210120123464,0.3355020271746013,-0.567148671391664,0.8517643249862191,0.0908023179871004,-0.46125686718382497,0.63681657845277,0.07475118678641761,0.4634632701184622,0.46136399439181536,-0.0022035033911019064,0.012322012035748505,-0.2826147338216213,-0.16209666481649604,-0.2918510301978211,0.2707642113425161,0.3806688675514285,0.6373705370478,0.10300759174361228,0.09139430799039319
0.14501833709764034,0.26522306057329936,-0.022102986083853443,0.22302586307756714,0.09581606106279107,0.5999315033501489,-0.055798433723539535,0.19020840793120064,0.10688134023889852,0.2258977824840118,0.17993079878771628,-0.3653955194400547,0.19913201761651692,-0.1451010977377161,0.24600903044440753,-0.45995532991433835,-0.17280968002119357,-0.25415266529173736,-0.165138671441633,-0.12514401348917728,-0.21712513116184712,-0.029099890039710228,0.3265480775546811,-0.029099890039710228,0.2798720078036533,0.005093301742382145,1.0,-0.19322656672675664,0.2984877760986591,-0.10971913620589974,0.2809050919922202,-0.07242164498646513,-0.2550667024861315,0.10767233827227306,0.03151073985105698,0.31663379950440157,-0.3377739460072112,-0.21722575825312676,-0.26861069679016997,-0.05037205336147782,-0.0983835420816077,-0.2753904401000095,0.006423756885294161,0.40613276059266396,-0.23412558617266363,0.23921503627190185,0.0901389832532587,0.9109219025187304,-0.16910355492064613,0.13518065644534094,-0.038994112285303806,0.3655246615259633,0.2358687768131368,-0.18035595606805374,0.13596943987144786,0.08687733375652232,0.4941885911073908,0.28121408513493606,-0.0697586789170896,-0.0836576120543106,0.13784733774988175,0.10516901384511998,-0.2131485075884429
0.10397497044057469,0.32419974038776905,0.020651868457669934,0.4474308642657455,-0.2021858019921323,-0.040048540102473926,0.5892593172057436,-0.2076990166149644,0.6279442421452252,-0.03775908894013114,0.1886957270728707,0.5973804708453994,0.24526138412977472,0.28584212166150813,0.3222356281700301,0.4953537091368408,-0.08497463314923942,0.19560360785579953,-0.27542582802146853,0.037688404011784575,0.25996796812027956,0.1453993205410121,0.4143803868927518,0.1453993205410121,0.4946010360229166,-0.15093926866400484,-0.19322656672675664,1.0,-0.42280420988271034,0.6606044830354025,-0.2246128008397092,0.16978620090453364,0.22893384117882445,0.24504994384842568,0.19099404650732235,0.10612284001976331,0.44488797685581805,-0.03528401455805969,0.2783884917771731,-0.3302490332841573,0.06899628172835319,0.18874879425239766,0.26077998599016206,0.3929808728177496,0.2726147894798486,0.4777047974142641,-0.34835504631839714,-0.19526876618242406,0.4897940088614494,-0.53163710291903,0.5709226499612877,-0.13262158814769975,0.09419141914884259,0.47171562908521847,0.271861341924546,0.23121364648320897,0.06313655863618782,0.18031770127252386,-0.07549500181052038,0.24794498236449225,-0.3564773813061124,-0.11789582210056222,0.10303274081950074
-0.41423704557973706,-0.11923740705416003,0.4531787938687925,-0.42942146039595014,0.6968684098702702,0.30975541352859604,-0.4649940931683011,0.5974784329490711,-0.2282386626130658,0.435024806102496,0.18491383633447114,0.028944986994112434,0.02683122880288077,-0.2962579560254457,-0.11542342677689926,-0.2894044601512346,0.3397485710845347,0.3029105513561191,0.559754517596777,-0.2988300713508019,0.18524384524887277,0.3879862885381381,-0.2903914220133372,0.3879862885381381,-0.4758183454742038,0.6334740148948049,0.2984877760986591,-0.42280420988271034,1.0,-0.18396979058429694,0.625130278806929,-0.1004044348076184,0.26154400569916997,0.08043441421445674,-0.27581270105937206,-0.20592811911770714,-0.3800335039231475,0.3265801660067866,0.25960933176933454,0.7981192472270641,-0.22480906472123716,0.20351850840273852,-0.5296920250381221,-0.33597662119384664,0.2932965041891685,-0.514541920016007,0.7557719863406682,0.2817713483994052,-0.5135715325559627,0.7192516982031855,-0.07765915486726965,0.5715491790704963,0.43712697152582003,0.09620392985930565,0.018794736623154965,-0.16711774654419911,0.015998540447516064,-0.2352398190764235,0.3893893062429252,0.41463302600778784,0.8515123641077598,0.23297337932373863,0.365085496064529
-0.11579944387972672,0.40415999346568665,0.2887319377895831,0.38965708845476077,-0.04177924348669981,-0.04711121084076082,0.39427881666553244,-0.13402672759731485,0.8280718027312209,0.03289560720688226,0.42363384839514867,0.47089935767952373,0.19506189195358073,0.007021065665059957,0.19202408557049233,0.4870173292377757,-0.3916708397960277,0.4448657142356484,-0.2696517709130739,-0.1922577195545644,0.2138027444526426,0.4263716464249986,0.5421289482910399,0.4263716464249986,0.4291000092646659,0.01701884205358321,-0.10971913620589974,0.6606044830354025,-0.18396979058429694,1.0,-0.06770748132489326,0.22156642406378763,0.4632969630133951,0.2579106617616789,0.033652297757875385,0.05032913931841622,0.3365129709260038,-0.3048043396444352,0.47851565152891895,-0.2059932453191608,-0.17447922009128777,0.1259311262677324,0.0735068029381414,0.5068773373297141,0.5129358950881502,0.4004346286436124,-0.0722700886328912,-0.0772038542598196,0.3108837160873977,-0.23621387188963766,0.8399330925016578,0.018755394929692453,0.4143907431775224,0.4947301576225434,0.3077506966041709,0.08728162768323447,0.045961026548496625,0.30067104567498426,-0.26248930552943417,0.5304377211996385,-0.21359135632049103,-0.2918730237200137,0.07230382578761435
-0.31786243646040985,0.0524239023647239,0.26688613628452573,-0.025163189689522917,0.5041966124906632,0.3818593922853881,-0.19762479791129148,0.42276868798778866,-0.026380103910410947,0.7491213205369384,0.05340398558373877,0.029948262432347748,0.07381436741630425,-0.07861016780687477,0.22739097851428208,-0.03224214835355128,0.2720166737821388,0.2939255865244763,0.36182931038814226,-0.22978015575079577,0.07169979061709603,0.2672845849678776,-0.07378014491987765,0.2672845849678776,-0.14952979101772937,0.3706408571546334,0.2809050919922202,-0.2246128008397092,0.625130278806929,-0.06770748132489326,1.0,-0.25006726293419346,0.43013985764759444,-0.0190358835224758,-0.05658397752738969,-0.0023289296802794478,-0.20157003024451137,0.2619248437812906,0.24652140697362265,0.5847507888990195,-0.15094534536955395,0.045728370477091954,-0.37822135484850683,-0.11841184824293122,0.30176564208362633,-0.24967227603381725,0.5470570975083776,0.34493064309007704,-0.29122492195230515,0.3501455593626783,0.10928166117744934,0.86812660172001,0.3166302648885776,0.29792133475488336,0.05605318075327758,0.05379580773110385,0.16537014778425405,-0.03359579910607527,0.3843205222419115,0.3896182201178898,0.6955959992836528,0.25881665022453426,0.17195865183479417
-0.04061658080244713,0.07543882867003814,0.29208921000277993,-0.03701623777674268,0.0032062578891705524,-0.09297854956297523,0.02380540244018503,-0.15614122272116032,0.2782330331355215,-0.15160612062928452,0.7293709434396562,0.058369358456368634,-0.10487521244090386,-0.3898284894883998,-0.3310245695340241,0.2659777667995043,-0.26686209381407733,0.1724087856137008,-0.00990962640203854,-0.24954254741187765,0.2890301972135346,0.3362249228371345,0.34426023359643776,0.3362249228371345,0.12144926379833958,0.057873123074683494,-0.07242164498646513,0.16978620090453364,-0.1004044348076184,0.22156642406378763,-0.25006726293419346,1.0,-0.015618377393904388,-0.11438682021150991,-0.29679463777269677,-0.25527348080295953,0.16880942485679032,-0.2076796799178591,0.14542669749132744,-0.10665727116449546,-0.2438354918886607,0.26224269143214524,0.0895669282539344,0.34934100125499457,0.2029707190117795,0.11128091981932581,-0.08218817961932222,-0.0453073476462465,0.026663492550632772,-0.12883803325346224,0.19312993455546765,-0.2873074803908137,0.4858663873126382,0.13882207071395333,-0.10831093857254152,-0.3058706015191058,-0.25639122291736116,0.14047163365225454,-0.2606103392683483,0.20531658239412784,-0.244178371628707,-0.4288451546635955,0.08655979877004616
