Fp1,Fz,F3,F7,FT9,FC5,FC1,C3,T7,TP9,CP5,CP1,Pz,P3,P7,O1,Oz,P8,TP10,CP6,CP2,C4,T8,FT10,FC6,FC2,F4,F8,Fp2,AF7,AF3,AFz,F1,F5,FT7,FC3,FCz,C1,C5,TP7,CP3,P1,P5,PO7,PO3,POz,PO4,PO8,P6,P2,CPz,CP4,TP8,FC4,FT8,F6,F2,AF4,AF8,O2,P4,C6,C2
1.0,0.5975105935259089,-0.12191447296666105,0.7511433181246491,-0.1548244515760354,0.5290261279463156,0.8072091322149729,0.003345750226805657,0.4502762266190114,-0.1473747482114208,0.14758945528819037,0.18598938618292404,0.8946018514531959,0.6913907214080551,0.7291242906845412,0.38604146905174624,0.2735135450920969,-0.3313569798691559,-0.2904463853975531,0.5843450291942777,-0.12253116189464762,-0.37535444622715697,0.3895884223525023,-0.37535444622715697,0.5460199501407034,-0.33445780027158895,0.32140770655434747,0.5138762604833661,-0.24447046504970804,0.23815508229499133,-0.36687256333602736,0.10219576155766776,0.07388738734415158,0.7802273847962543,0.6808471949450869,0.5642252459377248,0.3964540477140379,0.20260782998603738,-0.5306050044294998,-0.4395787319713628,0.6234595501870452,-0.339310166337159,0.7707923012081833,0.21838695795597787,-0.46708241082980534,0.37982680664353224,-0.425476498194679,0.06447436035839964,0.6127084313144147,-0.48459086239955634,0.2159800827968174,-0.5921217394253844,-0.07787602280120513,-0.3374217102922995,0.8014483826898604,0.5839663286850245,0.5642740493282732,0.16145725444773182,0.1763014401008878,-0.4108717661194457,-0.349362194394792,0.5697279572409247,-0.1575497559348409
0.5975105935259089,1.0,0.4376558468711716,0.9504439121173536,-0.00973462160461954,0.19912307970423174,0.6329019890999237,-0.08828640024566571,0.8426066802446267,-0.10644765975997106,0.49206314144131125,0.5598916242661373,0.4887722079283048,0.139373932747791,0.26081016558596476,0.6867496300204757,-0.26850644209076296,0.3113651359300748,-0.32164044639049255,-0.003225650008703164,0.09257580713461612,0.28016885991568086,0.8558911366432951,0.28016885991568086,0.7656240623300392,-0.22644747351664832,-0.05378047880587454,0.5322634020969302,-0.35979385402907627,0.6407365086499244,-0.4865285674502714,0.40260051154355647,0.3648835239754529,0.2761532527414363,0.10004199252800035,0.19529903690857997,0.5972743891709399,-0.36215876413119014,0.12272347674687961,-0.4882298254518335,0.044445090633918945,-0.07596694357337787,0.3267594293885417,0.6998520515794039,0.19580055421196846,0.6020576485190656,-0.34279354558984854,-0.32140491648683656,0.3827718322155764,-0.553978287930907,0.6585223016257606,-0.47570872398310077,0.38355064611949624,0.0614226800239996,0.3492728093992526,0.06864365206071986,0.08053831340885906,0.3928266700637548,-0.38027875634894476,0.18528875671684983,-0.3724363270564031,-0.16988999235397312,0.19928141003866748
-0.12191447296666105,0.4376558468711716,1.0,0.29054854934276053,0.7504472777179875,0.013041914913607318,-0.0376099523769728,0.5400486255560883,0.5103995302608902,0.4808427847132868,0.5712572747732122,0.6110979168555305,-0.18403412878157233,-0.3296994385552613,-0.3762322708965479,0.40294436627004926,0.03047569636757706,0.8877788799587559,0.4919435825080445,-0.39154533738244107,0.6084387696552531,0.9217446680996577,0.22302422045902373,0.9217446680996577,-0.0438767202455298,0.6146626525012451,-0.1991232901086246,0.06008854074322328,0.3721282668294732,0.51690776065394,0.19887177961886468,0.5213599237317226,0.5260183143554136,-0.3097481475819944,-0.5482940957617488,-0.34832734640595225,0.21617965824707028,-0.029175748986223295,0.7518371077955246,0.3186530690260583,-0.612389392853197,0.5316687654182892,-0.5992267667620143,0.09456899363580518,0.8349831467033598,-0.17978515947321053,0.5450938143898457,-0.45206263385085316,-0.35753752530459476,0.23354505812010184,0.4699778366354349,0.16505805414073343,0.36734399914693155,0.3344869257106489,-0.33839953151863106,-0.6357600219154406,-0.5110236192958669,-0.03972871303146996,-0.03569133430533762,0.8303986035671591,0.4937277641440296,-0.575173872296548,0.6795682301561513
0.7511433181246491,0.9504439121173536,0.29054854934276053,1.0,-0.07838087574612278,0.3589776705451391,0.7253247992289777,-0.08575827504792952,0.8096113443049977,-0.12133216413049856,0.4191663894372523,0.46440186134726386,0.6663217303644671,0.34248264603997175,0.4445091735149634,0.6492387476605963,-0.1528244361196825,0.11204972650664154,-0.3650479810634271,0.2010987296964944,-0.06000263926287025,0.0855645260214903,0.7812489442492202,0.0855645260214903,0.7994411430571507,-0.31364979936856247,0.08774766358018833,0.5822046156302738,-0.4063962189661782,0.588893888204069,-0.5039378506285872,0.3165151471791694,0.30184855507906977,0.46289401120631696,0.30837225557672976,0.32813924064004757,0.6230943717835277,-0.25665404420053367,-0.08142143978739494,-0.534991666956739,0.21233879443490974,-0.2568024786651497,0.49609695459452274,0.6172952538266431,-0.004701718357189472,0.6229830507815044,-0.4278244098854365,-0.18321838385637065,0.48198140337739087,-0.6115992026981175,0.6261161759918331,-0.5487194139671139,0.2831425892675107,-0.10826331920807723,0.5596151729737826,0.2359538777448064,0.27621044590992255,0.35252854960973345,-0.26733521231291824,0.01212512367363075,-0.4193596417599989,0.04529998889209564,0.016237518094523166
-0.1548244515760354,-0.00973462160461954,0.7504472777179875,-0.07838087574612278,1.0,0.2509528211810282,-0.25011075089209295,0.875474193635948,0.014012817393764303,0.7847367229577272,0.44992319192860725,0.31546169569626115,-0.10510405537946839,-0.1210953770829793,-0.251144654393908,-0.07587949278282237,0.5339496911370486,0.5811937639993427,0.8555435501821921,-0.020019631654583304,0.6717447040245138,0.639823797986202,-0.3299738742405468,0.639823797986202,-0.5166906554882901,0.9220466973061445,0.0895678732235282,-0.21815372426748375,0.7855759352640319,0.04312435502281879,0.604483293960826,0.3167184387910861,0.22049505545168888,-0.11657209398677176,-0.33818521759312226,-0.26207362795182354,-0.17798752537729678,0.5113812567395448,0.44227688167288504,0.6896685924871866,-0.4746510681440275,0.5729617766791115,-0.705552300749526,-0.48425974403270466,0.4993495028113962,-0.6899510164077007,0.8799811526915978,-0.1845240634636406,-0.5829798785705965,0.6388766405355633,-0.09515690066970654,0.38659954599770646,0.12614653998932193,0.07725894458245235,-0.2253122543594048,-0.4405091190419649,-0.35534186749369967,-0.44062447690201784,0.49682339769000966,0.5834806027832283,0.8692252663167186,-0.14115448936453698,0.5740994557494731
0.5290261279463156,0.19912307970423174,0.013041914913607318,0.3589776705451391,0.2509528211810282,1.0,0.14772636407365758,0.5139804019785171,-0.055326132092424436,0.29304980122776686,0.0996131133823424,-0.0649809104519155,0.6651994802309263,0.5601451918920223,0.7339804443746166,0.009515103147153077,0.509548344277124,-0.33700793550816954,0.21787458927923903,0.677588100494738,-0.1319419935486267,-0.21531517185517055,-0.13836856237043563,-0.21531517185517055,-0.010714991407966282,0.09627510774180639,0.794264789606618,-0.10540332257496546,0.2736449769250024,-0.25903793846443424,0.015480048256872927,-0.19483893357750395,-0.08820357389964509,0.5364760840668271,0.5175802214907524,0.5205746727802529,0.1486370480384916,0.4681318724003712,-0.48514181913278004,0.04377229019040639,0.22256767287027654,-0.3435899656562674,0.2200536636409655,-0.31207503940394893,-0.3979076933039041,-0.1567064683855989,0.04357594559282508,0.5683786371283296,-0.11786412307772523,0.1354165929717487,-0.24745012884361794,-0.06141824455966264,-0.10501257429678937,-0.48368605120362873,0.601245151071867,0.4422214181354156,0.6717476086265292,-0.3088825527040947,0.45304596128768154,-0.2281831513525468,0.20273309212200497,0.5677871283957917,-0.32454863084551483
0.8072091322149729,0.6329019890999237,-0.0376099523769728,0.7253247992289777,-0.25011075089209295,0.14772636407365758,1.0,-0.17848841428705506,0.5637058809437729,-0.3100975768723448,0.03939156723148515,0.409670160399756,0.6336270798443492,0.6047184972819567,0.37981374452010047,0.6331876503304773,0.1379515041379953,-0.13962196899584822,-0.34565323405590126,0.4451565448950352,-0.0016979842175250217,-0.25167074174244586,0.5164172729608136,-0.25167074174244586,0.5849185740972884,-0.4383549987812369,-0.12677921004503057,0.817229955871885,-0.5112232769842706,0.4384959516022282,-0.5590688509162437,0.10876178215916812,0.32410746998110174,0.5185933746861502,0.5166492545375506,0.2921455493987893,0.6860979872751712,0.028769453141891776,-0.3298129696910059,-0.46796858628005217,0.6449417418506892,-0.1373854328059538,0.6814514823592553,0.35533878384849826,-0.18434419323708742,0.4309542724024165,-0.5211850947086178,-0.3696681061500076,0.878381906898929,-0.7096633196837568,0.3935314510923125,-0.7837716104111504,-0.1721242867826086,-0.0738506827991761,0.5222511861822398,0.41342227490645445,0.2264733989055692,0.42014725644913725,0.036898817577791065,-0.27960986519039255,-0.44389585143221016,0.3408792687915739,0.08988300685919966
0.003345750226805657,-0.08828640024566571,0.5400486255560883,-0.08575827504792952,0.875474193635948,0.5139804019785171,-0.17848841428705506,1.0,-0.1383393475799567,0.7813250398642009,0.2755892297820534,0.1767783529811308,0.08087481078142725,0.12313090086270057,-0.0005571576583664043,-0.14753202252229322,0.6922485073914395,0.2999094460922912,0.7980075276217432,0.26388311357788696,0.543588194615913,0.38986523515092913,-0.45421654288251095,0.38986523515092913,-0.5896150422337476,0.7977041901848577,0.2961751063440243,-0.2666355892324049,0.8293769712276887,-0.17804879323592762,0.5386927437846497,0.08959095344147626,0.10961396081814671,0.025913299143660903,-0.10959953174439693,-0.09050088053975174,-0.14398561611902763,0.6538333154567976,0.14172007658132116,0.5927683265002519,-0.2657058690182124,0.4132094928849527,-0.5140886843045924,-0.6302016517280373,0.22060668645784323,-0.7403527237837001,0.7517468548146014,0.03640802808410329,-0.5116745634101268,0.7115069030097058,-0.26704018540935975,0.3569526645940323,-0.054408330972751225,-0.13896948995774813,-0.04085197022839364,-0.2751779374494104,-0.11343998757823143,-0.5917994638026779,0.6336379573926092,0.2989440902707808,0.7893061311123334,0.1427410065789644,0.348202116593964
0.4502762266190114,0.8426066802446267,0.5103995302608902,0.8096113443049977,0.014012817393764303,-0.055326132092424436,0.5637058809437729,-0.1383393475799567,1.0,-0.0667551790297788,0.5185012932524927,0.5393503288925067,0.3106083275858183,-0.025950180958709032,0.03644221611932917,0.6527492578893945,-0.37850293141573566,0.48777204856314293,-0.3201229816496679,-0.24688245166503672,0.0901513761045314,0.44758935770407826,0.8479351714718368,0.44758935770407826,0.7585937788197379,-0.16110720489726998,-0.22323343609238458,0.6161304693453968,-0.3544473777423141,0.9019196935468691,-0.3564554946488157,0.6169401899763034,0.36783697209848015,0.16917879080010217,-0.060539075804556926,0.041906630185000196,0.5094580884421408,-0.4476386637667598,0.353040544317346,-0.479906899468085,-0.1148070278210048,-0.003963047066737371,0.25311007082789766,0.7356961870326882,0.3784215818446508,0.628062655348153,-0.2829027569209657,-0.4655872961958912,0.3612138975916446,-0.5562409022311838,0.9057011714521451,-0.37825180737912384,0.39225402889970923,0.18501150969496952,0.19303051229594517,-0.13326486966806153,-0.07887735429517165,0.455145896441205,-0.470530385841371,0.3534550656545356,-0.3662861222023362,-0.38807914778727853,0.2697771042324582
-0.1473747482114208,-0.10644765975997106,0.4808427847132868,-0.12133216413049856,0.7847367229577272,0.29304980122776686,-0.3100975768723448,0.7813250398642009,-0.0667551790297788,1.0,0.39614143094099535,0.0844287273508888,-0.0803668674206785,-0.18328537151098565,-0.15416968401700845,-0.17861016158443335,0.3618220743467344,0.37621911115385315,0.6446352039899121,0.05504432794954403,0.4665760663083131,0.442431665238234,-0.32502946499570246,0.442431665238234,-0.4351842344667545,0.7333404963394375,0.1444588919082425,-0.2760063246360142,0.6972375081413082,-0.0858769210045771,0.7770793720528667,0.2622457673261148,0.0010715021719064726,-0.05651576659412185,-0.33023917839664296,-0.2959933239998923,-0.23599850134743827,0.3644925873583866,0.28412052044138464,0.531195970511133,-0.3678166478857064,0.4215570005245204,-0.5390034819724515,-0.41553289192225956,0.24207518663201005,-0.5503296756521828,0.6865183218034442,-0.001356619661457682,-0.5588817928274163,0.6314145342202979,-0.1234223863618769,0.6796146607597426,0.16432680278154227,-0.11543538367412547,-0.1672001277095665,-0.40745416552846264,-0.239916738981098,-0.5603462480870606,0.30848024559581916,0.36874715119166773,0.6391133418876981,-0.08886783676200163,0.3179462298447054
0.14758945528819037,0.49206314144131125,0.5712572747732122,0.4191663894372523,0.44992319192860725,0.0996131133823424,0.03939156723148515,0.2755892297820534,0.5185012932524927,0.39614143094099535,1.0,0.29104852074503373,0.09133198499705851,-0.3192698318063566,-0.089257983372044,0.14765698603977878,-0.11380831814845084,0.5860057642555104,0.07295974289460143,-0.13069810623976394,0.4518038431951438,0.5729815188056915,0.4241018220515507,0.5729815188056915,0.28838802757680965,0.40425096025698454,0.036768274857129704,0.03955583865772287,0.19493193272667575,0.4450214096519089,0.16598157239768754,0.8208416579594777,0.17748400434275022,0.07827280515048173,-0.38519535147612355,-0.12344516723680449,0.18928452656871864,-0.10850436054256571,0.38133246751863764,-0.09019769021452928,-0.3186691597245058,0.3732493512839829,-0.2381721950361677,0.3304043789958114,0.32447373411246855,0.130610103929579,0.2848117940992058,-0.22214742644837387,-0.1856287696637452,0.02232647430880997,0.40836187937021995,0.05502697443155854,0.8123208311999957,-0.002860204801968798,-0.05385418653912079,-0.2926885655463535,-0.23365104640988288,-0.1555253267146723,-0.17799017044020424,0.37055913886199576,0.09788642147082958,-0.3234427722805425,0.49540059790090996
0.18598938618292404,0.5598916242661373,0.6110979168555305,0.46440186134726386,0.31546169569626115,-0.0649809104519155,0.409670160399756,0.1767783529811308,0.5393503288925067,0.0844287273508888,0.29104852074503373,1.0,0.03648676846506731,0.093395316175058,-0.21476716474070245,0.7166379884452128,0.06535365208358132,0.5906133103354876,0.16036456058534557,-0.1447660653923847,0.3753020992739919,0.5024553002398379,0.36047847027475816,0.5024553002398379,0.19009067710628164,0.17678393201346798,-0.2584063155870257,0.40914096571664416,-0.0023999554861184433,0.5753933643250116,-0.2470285939008361,0.24867456015266257,0.6830558150647076,-0.09332264084309679,-0.07906452312979188,-0.25288943740349734,0.439867813369386,-0.0535590580705089,0.4738543099667138,0.04736246771361494,-0.12236033864933644,0.30927924450790967,-0.13391711673027734,0.24698419730038243,0.6053787767789679,0.03467061560258395,0.12389126798425422,-0.517114158655223,0.21546713295113998,-0.1566955060278887,0.4996999917996138,-0.2920492064367243,0.1498793419212668,0.6189140949805215,-0.10122956239974432,-0.22570768557345008,-0.39862922321073624,0.14022564528352136,-0.03772042657833115,0.5193480221003606,0.12248869856907289,-0.3014340976773335,0.5203584598787765
0.8946018514531959,0.4887722079283048,-0.18403412878157233,0.6663217303644671,-0.10510405537946839,0.6651994802309263,0.6336270798443492,0.08087481078142725,0.3106083275858183,-0.0803668674206785,0.09133198499705851,0.03648676846506731,1.0,0.7342743859339873,0.8602867904799766,0.1807079076621938,0.34872361255250783,-0.44890318428400594,-0.1912225632813054,0.6883977421267583,-0.25922035941163685,-0.4192819532303385,0.2742844672272071,-0.4192819532303385,0.4614776431181912,-0.2579915487446005,0.5796220313215896,0.4216689169191398,-0.1335644457449349,0.12013594539518596,-0.2842703712298934,0.03774043904668062,-0.07599474779983373,0.9157484737393469,0.7750806761266616,0.7211445503126883,0.2488888351810886,0.318423818811206,-0.6398387566756397,-0.3628961121977063,0.5318842026631505,-0.4743568052250003,0.7161699114976723,0.07804638571208093,-0.5564884963560147,0.26057644725444495,-0.3627762487062125,0.283588236056079,0.4171880374777915,-0.3534879897220675,0.03483733507909186,-0.5038305009608466,-0.14628354177462188,-0.41875223165240166,0.9382769040277623,0.7098582777344697,0.7245710494102988,0.05184576617555651,0.28584201376415563,-0.4889186351163158,-0.23476905287116798,0.6920135000841621,-0.33628552266404105
0.6913907214080551,0.139373932747791,-0.3296994385552613,0.34248264603997175,-0.1210953770829793,0.5601451918920223,0.6047184972819567,0.12313090086270057,-0.025950180958709032,-0.18328537151098565,-0.3192698318063566,0.093395316175058,0.7342743859339873,1.0,0.6398355968001552,0.14819124257608107,0.6132013124023031,-0.5958752055339309,-0.023931027606459893,0.7912007472320556,-0.26637423807774646,-0.5804908458694883,-0.11259430893151148,-0.5804908458694883,0.08084859801564936,-0.22946273509753723,0.39690757627792445,0.3906221123816716,-0.10402264108131523,-0.1214296478859332,-0.38563350760681614,-0.33618517019815936,0.03376143746892517,0.6605666982655068,0.9202918415636183,0.5357222060280736,0.2552172817662337,0.5412346602921949,-0.6884850665131355,-0.1069205812446709,0.7164767178101813,-0.43758047853180887,0.5895192446197568,-0.26840462558846423,-0.5232566385695236,-0.057444228190294995,-0.2658729389475796,0.21794633195709448,0.48768236359290307,-0.22359718070083826,-0.20245240099799677,-0.5140758478903116,-0.5346395665001872,-0.29444854651194047,0.726627585851877,0.7485872331157418,0.598477556830504,0.009355312104893189,0.5758088806649634,-0.5430277436573566,-0.05259796860740256,0.8283444622462587,-0.3770149245920904
0.7291242906845412,0.26081016558596476,-0.3762322708965479,0.4445091735149634,-0.251144654393908,0.7339804443746166,0.37981374452010047,-0.0005571576583664043,0.03644221611932917,-0.15416968401700845,-0.089257983372044,-0.21476716474070245,0.8602867904799766,0.6398355968001552,1.0,0.009284831255194515,0.2812556515831539,-0.6308426994339172,-0.22069798834690146,0.6869747288647562,-0.46970620886215597,-0.5429290089670209,0.12629069210348243,-0.5429290089670209,0.3491816673770539,-0.3529139201695797,0.7012225861926198,0.14654924229192423,-0.10254711143182477,-0.13912231242617507,-0.22230526100665957,-0.17638651148503198,-0.2656268004161518,0.8001673348230401,0.7601837739974426,0.8925086065079112,0.1332638484187315,0.2781184190948732,-0.7344239440541883,-0.32269563331258,0.5136751893611751,-0.6264570456991274,0.6986952280119426,0.0012819216880988044,-0.6839752083442032,0.24873597126448402,-0.4183888347036021,0.5700557650051136,0.2561681558250071,-0.24237141022744643,-0.1546096993358744,-0.33023321572096787,-0.21588732158483365,-0.4392773314229264,0.840926115196606,0.747051287812927,0.8965133560652426,0.013807371946999073,0.23634195838954358,-0.5440465875198214,-0.25581715868206495,0.7123605586693583,-0.5666448302434547
0.38604146905174624,0.6867496300204757,0.40294436627004926,0.6492387476605963,-0.07587949278282237,0.009515103147153077,0.6331876503304773,-0.14753202252229322,0.6527492578893945,-0.17861016158443335,0.14765698603977878,0.7166379884452128,0.1807079076621938,0.14819124257608107,0.009284831255194515,1.0,-0.1983893441642999,0.36784945187748574,-0.25781446429566335,-0.058243303531677844,0.05371825471218127,0.26769102291809155,0.6032460588634042,0.26769102291809155,0.536284676420843,-0.2464307978178496,-0.22020293272377886,0.6313266326547723,-0.39391827190138157,0.6293045094676956,-0.47857278936521447,0.1917373313671395,0.6193186301796528,0.05029611477877947,0.020308656054532522,-0.08485128974727425,0.7609713905819182,-0.30498778275397875,0.28549441379507395,-0.31250529373862945,0.17413089527049955,0.045999538664215134,0.26098858296333494,0.5517799199315908,0.3863719597213822,0.4658167706224292,-0.290276299834172,-0.329958142939271,0.5422430504056,-0.5174165925169713,0.6720942593142899,-0.428723356657498,0.09880238560654343,0.4165174455876841,0.09127096452448788,-0.04481226095626509,-0.1340786892960245,0.3941196032328954,-0.29014069897144235,0.2968723054650204,-0.2848884088249617,-0.2502038176487892,0.2566707490008613
0.2735135450920969,-0.26850644209076296,0.03047569636757706,-0.1528244361196825,0.5339496911370486,0.509548344277124,0.1379515041379953,0.6922485073914395,-0.37850293141573566,0.3618220743467344,-0.11380831814845084,0.06535365208358132,0.34872361255250783,0.6132013124023031,0.2812556515831539,-0.1983893441642999,1.0,-0.2036972066536857,0.683574714726493,0.6570500544087746,0.28412028901456066,-0.1743529213019035,-0.6173410658073606,-0.1743529213019035,-0.5596397461799463,0.4865048084903744,0.38601131810765693,-0.016551308952292135,0.5859091169826695,-0.3317423951200489,0.29977216346817304,-0.181357210165022,0.05583478292285096,0.39375592918087177,0.4341489830012753,0.2317574878500992,-0.10983357569481766,0.9754782363450795,-0.3403652226159765,0.5526896645150968,0.3039430640127362,0.15843125798996724,-0.08620596325657917,-0.8053951811941531,-0.19471977572704374,-0.7340364333269894,0.45453141114452533,0.11988910045756251,-0.07140104172346345,0.4356479130383782,-0.5476674007789833,-0.06408372284694258,-0.48079904622618314,-0.19812116736300872,0.2594436828893128,0.28506482881282974,0.19621978518810088,-0.4051265075007484,0.9763617823886176,-0.14149308980963737,0.6639098467266119,0.6701636383931479,0.13103339537224143
-0.3313569798691559,0.3113651359300748,0.8877788799587559,0.11204972650664154,0.5811937639993427,-0.33700793550816954,-0.13962196899584822,0.2999094460922912,0.48777204856314293,0.37621911115385315,0.5860057642555104,0.5906133103354876,-0.44890318428400594,-0.5958752055339309,-0.6308426994339172,0.36784945187748574,-0.2036972066536857,1.0,0.3540835621344376,-0.6185659664655582,0.6405169995710668,0.9508120788516966,0.2730175498114865,0.9508120788516966,-0.0028136570848029487,0.5185696519670203,-0.41858697113650856,0.06092266029854756,0.2595933375011646,0.5882275560376851,0.2147911840524802,0.6093364926696568,0.4526777348067664,-0.474775845440674,-0.7544787645262475,-0.5279759347263775,0.11956464176029241,-0.22444565001099853,0.9132061935153915,0.25326817420036063,-0.6747891387437517,0.6808524043197074,-0.6452118399765437,0.23080954010457505,0.9043938554393777,-0.08063172527319809,0.4635860710592929,-0.5883510842302185,-0.3026416135580375,0.1745626107672592,0.5243016307694921,0.21136816360120741,0.481967310398815,0.5374325477251248,-0.5879213930378756,-0.7761010391131544,-0.7267480368863966,0.04909387297635417,-0.24350125389922228,0.8831671667968839,0.35981449857733566,-0.7863912451973113,0.7921449046488352
-0.2904463853975531,-0.32164044639049255,0.4919435825080445,-0.3650479810634271,0.8555435501821921,0.21787458927923903,-0.34565323405590126,0.7980075276217432,-0.3201229816496679,0.6446352039899121,0.07295974289460143,0.16036456058534557,-0.1912225632813054,-0.023931027606459893,-0.22069798834690146,-0.25781446429566335,0.683574714726493,0.3540835621344376,1.0,0.05958338671320737,0.5424296295184978,0.41875299948410993,-0.5989994925492866,0.41875299948410993,-0.7239794240649627,0.8377201106927092,0.16488354322359244,-0.24122870393527418,0.7906834082772244,-0.2025952361111612,0.5994296038475395,0.025216945881107726,0.17811784094671362,-0.13927295720433697,-0.21768569916369157,-0.1796337017011878,-0.3393992782976781,0.6951798869811882,0.292288890226675,0.9200965502757746,-0.38710249679906794,0.5046355819627442,-0.6841111907275733,-0.7378097459014673,0.37521507833444395,-0.864562117334581,0.8090190318844428,-0.0668406452378182,-0.576237419024483,0.7138080312110869,-0.3937780082633417,0.3767612200383439,-0.24853395419369737,0.10943669648565843,-0.30391014995412613,-0.3155137425344327,-0.2938141915887794,-0.38388061899902476,0.6780796819819402,0.4577597607480513,0.973002854815479,0.034815094861011135,0.4532004596556169
0.5843450291942777,-0.003225650008703164,-0.39154533738244107,0.2010987296964944,-0.020019631654583304,0.677588100494738,0.4451565448950352,0.26388311357788696,-0.24688245166503672,0.05504432794954403,-0.13069810623976394,-0.1447660653923847,0.6883977421267583,0.7912007472320556,0.6869747288647562,-0.058243303531677844,0.6570500544087746,-0.6185659664655582,0.05958338671320737,1.0,-0.11340188175257948,-0.6098998630174277,-0.23346647045442676,-0.6098998630174277,-0.03257221124688029,-0.08313073285576822,0.5359220593166308,0.196974312901657,0.03250383581104063,-0.36646138118967986,-0.11206853419961613,-0.28942370751836516,-0.21150589540380715,0.6833952229775114,0.7335908575567962,0.512379836121692,0.21751516341999377,0.6139903415438543,-0.8057936617199151,-0.03488009271792951,0.731677743388673,-0.2836606856479649,0.4608678467190447,-0.3970221909458732,-0.6843357643782773,-0.18486566917057223,-0.13743435436423718,0.3351909704658549,0.35880869702396984,-0.07644402267759424,-0.44024211375538563,-0.34947475456974014,-0.39043801884181206,-0.5022894661521022,0.663285271566823,0.6498993691810943,0.631177164017739,-0.1810613559637661,0.606675095163122,-0.6497518410580702,0.006548924714173886,0.8970321063178852,-0.3048003302126356
-0.12253116189464762,0.09257580713461612,0.6084387696552531,-0.06000263926287025,0.6717447040245138,-0.1319419935486267,-0.0016979842175250217,0.543588194615913,0.0901513761045314,0.4665760663083131,0.4518038431951438,0.3753020992739919,-0.25922035941163685,-0.26637423807774646,-0.46970620886215597,0.05371825471218127,0.28412028901456066,0.6405169995710668,0.5424296295184978,-0.11340188175257948,1.0,0.5654776592349785,-0.10982358367964301,0.5654776592349785,-0.33994358627377447,0.6470242492715452,-0.29562954036173494,-0.044181456738707665,0.46181844547358525,0.08735387747250414,0.3490118140552008,0.3933452658208233,0.22563931418192804,-0.28687994544687284,-0.5090804699588867,-0.45707099420978187,-0.03578186109107166,0.26189357366529464,0.4307218981701969,0.4210551580807365,-0.24741768782253748,0.8954225989425563,-0.5506400187872165,-0.2289494132732945,0.47245923839349335,-0.4474760217524498,0.6363750078279937,-0.5502149354470002,-0.19895349701591558,0.3537811604095787,-0.04327072764999737,0.1263204984462044,0.20519339815133406,0.1537752530021882,-0.45275304164951297,-0.5588130609656803,-0.6225387078030414,-0.21322616205069406,0.23667975737976657,0.4315651364633151,0.5125659507781326,-0.23995159417369483,0.8852467438719852
-0.37535444622715697,0.28016885991568086,0.9217446680996577,0.0855645260214903,0.639823797986202,-0.21531517185517055,-0.25167074174244586,0.38986523515092913,0.44758935770407826,0.442431665238234,0.5729815188056915,0.5024553002398379,-0.4192819532303385,-0.5804908458694883,-0.5429290089670209,0.26769102291809155,-0.1743529213019035,0.9508120788516966,0.41875299948410993,-0.6098998630174277,0.5654776592349785,1.0,0.23224484641254795,1.0,-0.0652752413768263,0.5934054928804156,-0.2831218727499337,-0.02782015525196373,0.3615096171957194,0.533449494111789,0.2710676340041823,0.6046850643443368,0.45473339718628053,-0.4806463709385249,-0.734036451505174,-0.44039786283392757,0.0784797548874899,-0.18316248345272654,0.883926629442537,0.29271384899163694,-0.7687723728968926,0.5867093549724043,-0.6965270694178574,0.17067740810174828,0.917902862823855,-0.1422757673773951,0.5333625796648861,-0.4524586167642782,-0.4676223104354023,0.2817249724234877,0.47929866079155586,0.32300606153672495,0.46746084555448564,0.467549590051638,-0.5629632943700643,-0.7643467138714645,-0.6193678635225973,-0.016113875643264972,-0.215287052264406,0.9006289298441281,0.43363049033458484,-0.7615767692238278,0.6722454321888203
0.3895884223525023,0.8558911366432951,0.22302422045902373,0.7812489442492202,-0.3299738742405468,-0.13836856237043563,0.5164172729608136,-0.45421654288251095,0.8479351714718368,-0.32502946499570246,0.4241018220515507,0.36047847027475816,0.2742844672272071,-0.11259430893151148,0.12629069210348243,0.6032460588634042,-0.6173410658073606,0.2730175498114865,-0.5989994925492866,-0.23346647045442676,-0.10982358367964301,0.23224484641254795,1.0,0.23224484641254795,0.9050295231966305,-0.42101593894789946,-0.21146551504056654,0.5767731238107333,-0.5602785439134832,0.735752946000628,-0.5199921188576487,0.4868506555134286,0.2747064863813802,0.16429800041302736,-0.041684878358381756,0.13957888125841472,0.5468072486723672,-0.6539278385587148,0.18658657315405083,-0.6735595423065623,-0.0011049480555323497,-0.1451498418772128,0.4077521327550106,0.9419775448512924,0.18229212738395084,0.8370809202649921,-0.5438337032928906,-0.32731182871581116,0.44972225401974725,-0.6781901410757093,0.7833935920023245,-0.4319750036523269,0.4537382310032124,0.14430257349032546,0.18450784759417543,0.00679146788107504,0.021021871162874954,0.5516039035800637,-0.6974915393487626,0.1415946215981639,-0.6491423865485084,-0.35708656340391476,0.09287484874420306
-0.37535444622715697,0.28016885991568086,0.9217446680996577,0.0855645260214903,0.639823797986202,-0.21531517185517055,-0.25167074174244586,0.38986523515092913,0.44758935770407826,0.442431665238234,0.5729815188056915,0.5024553002398379,-0.4192819532303385,-0.5804908458694883,-0.5429290089670209,0.26769102291809155,-0.1743529213019035,0.9508120788516966,0.41875299948410993,-0.6098998630174277,0.5654776592349785,1.0,0.23224484641254795,1.0,-0.0652752413768263,0.5934054928804156,-0.2831218727499337,-0.02782015525196373,0.3615096171957194,0.533449494111789,0.2710676340041823,0.6046850643443368,0.45473339718628053,-0.4806463709385249,-0.734036451505174,-0.44039786283392757,0.0784797548874899,-0.18316248345272654,0.883926629442537,0.29271384899163694,-0.7687723728968926,0.5867093549724043,-0.6965270694178574,0.17067740810174828,0.917902862823855,-0.1422757673773951,0.5333625796648861,-0.4524586167642782,-0.4676223104354023,0.2817249724234877,0.47929866079155586,0.32300606153672495,0.46746084555448564,0.467549590051638,-0.5629632943700643,-0.7643467138714645,-0.6193678635225973,-0.016113875643264972,-0.215287052264406,0.9006289298441281,0.43363049033458484,-0.7615767692238278,0.6722454321888203
0.5460199501407034,0.7656240623300392,-0.0438767202455298,0.7994411430571507,-0.5166906554882901,-0.010714991407966282,0.5849185740972884,-0.5896150422337476,0.7585937788197379,-0.4351842344667545,0.28838802757680965,0.19009067710628164,0.4614776431181912,0.08084859801564936,0.3491816673770539,0.536284676420843,-0.5596397461799463,-0.0028136570848029487,-0.7239794240649627,-0.03257221124688029,-0.33994358627377447,-0.0652752413768263,0.9050295231966305,-0.0652752413768263,1.0,-0.6235240063857733,-0.03213329154011328,0.6008567362733793,-0.7023068064521124,0.6391927528257151,-0.5908949684757122,0.36472479028701876,0.0905010635518227,0.38194190825649654,0.20315082856585995,0.3181602888168759,0.4918170011281458,-0.5854769037414165,-0.06829522936587339,-0.7674876417549958,0.21424162566193083,-0.3783526185945075,0.6534102305062335,0.8761692440255203,-0.10521346387179394,0.93330006476101,-0.7269030185106194,-0.11337154888206231,0.59550713470698,-0.8125952521976881,0.701522117187283,-0.5209248492679861,0.3413496878884089,-0.03085440158137236,0.43898405364641,0.25786616106096905,0.2823086422284465,0.5486193149269875,-0.6128277518212167,-0.09371643033981239,-0.7614645973292166,-0.10380393824950569,-0.1492484866510313
-0.33445780027158895,-0.22644747351664832,0.6146626525012451,-0.31364979936856247,0.9220466973061445,0.09627510774180639,-0.4383549987812369,0.7977041901848577,-0.16110720489726998,0.7333404963394375,0.40425096025698454,0.17678393201346798,-0.2579915487446005,-0.22946273509753723,-0.3529139201695797,-0.2464307978178496,0.4865048084903744,0.5185696519670203,0.8377201106927092,-0.08313073285576822,0.6470242492715452,0.5934054928804156,-0.42101593894789946,0.5934054928804156,-0.6235240063857733,1.0,0.11232719165486112,-0.303015501496872,0.8762126545278911,-0.05283815281645317,0.679410146946536,0.3556944860535673,0.15556786051646088,-0.1849898156760413,-0.41658063554632674,-0.3447771051801986,-0.3506373126236827,0.512600388432694,0.44768972720204087,0.7503551151891543,-0.48613431906184296,0.6169677862360906,-0.75512327395536,-0.5154540834408762,0.46487373407403837,-0.7382531398494672,0.9574519405694281,-0.07187172782455335,-0.6614245583943439,0.791423359795792,-0.19873332046627504,0.5087781856409316,0.13875315525974907,0.1171904985412064,-0.34604691177172225,-0.4896372690319574,-0.4361168187483298,-0.523303288114115,0.4710255778691002,0.5113758618469997,0.8711071611696718,-0.13849198463997772,0.5355227935695215
0.32140770655434747,-0.05378047880587454,-0.1991232901086246,0.08774766358018833,0.0895678732235282,0.794264789606618,-0.12677921004503057,0.2961751063440243,-0.22323343609238458,0.1444588919082425,0.036768274857129704,-0.2584063155870257,0.5796220313215896,0.39690757627792445,0.7012225861926198,-0.22020293272377886,0.38601131810765693,-0.41858697113650856,0.16488354322359244,0.5359220593166308,-0.29562954036173494,-0.2831218727499337,-0.21146551504056654,-0.2831218727499337,-0.03213329154011328,0.11232719165486112,1.0,-0.19276134633781453,0.3282372836693354,-0.2833268039304147,0.09883440799985932,-0.09195547823158529,-0.2608640356868221,0.5917852942412579,0.48653615099281833,0.5910672938042781,-0.1832624110771322,0.44551539930864964,-0.4851016701087623,0.09878170751757263,0.16323280287493935,-0.37957930754404495,0.2249380718312978,-0.3013550458530724,-0.467193612061545,-0.12285051861117832,0.05980883069328966,0.8275445397619317,-0.23680990855323886,0.23553529089502803,-0.35979063465929256,0.05234548322471851,-0.09593844241489395,-0.33158229413937107,0.5604368771003363,0.48822397237499426,0.6481526427479113,-0.3103970751704522,0.378559542636128,-0.3241193811481359,0.18267166180884725,0.5553036854508234,-0.4416068782196921
0.5138762604833661,0.5322634020969302,0.06008854074322328,0.5822046156302738,-0.21815372426748375,-0.10540332257496546,0.817229955871885,-0.2666355892324049,0.6161304693453968,-0.2760063246360142,0.03955583865772287,0.40914096571664416,0.4216689169191398,0.3906221123816716,0.14654924229192423,0.6313266326547723,-0.016551308952292135,0.06092266029854756,-0.24122870393527418,0.196974312901657,-0.044181456738707665,-0.02782015525196373,0.5767731238107333,-0.02782015525196373,0.6008567362733793,-0.303015501496872,-0.19276134633781453,1.0,-0.46032490546813626,0.649907638779069,-0.4731127903523924,0.3184055185368516,0.4126680941998927,0.42653231913886464,0.31299953633328786,0.14746214731034868,0.554973826041123,-0.0617757797636752,-0.027496669068347857,-0.29691576881801857,0.388277161368304,-0.04302765270386659,0.529274580514397,0.44575587437964714,0.081522536250541,0.43407883284457616,-0.43261822589972876,-0.41989593439529627,0.7701345117655995,-0.626822863260829,0.5344942008351189,-0.6264888862444492,-0.19217214474838293,0.17540805285765013,0.3256955444063862,0.23548602429563825,0.038041444326195675,0.5420527210986323,-0.08631090589039964,-0.02896039145675443,-0.3400678117767256,0.1277824651363891,0.14788828023229358
-0.24447046504970804,-0.35979385402907627,0.3721282668294732,-0.4063962189661782,0.7855759352640319,0.2736449769250024,-0.5112232769842706,0.8293769712276887,-0.3544473777423141,0.6972375081413082,0.19493193272667575,-0.0023999554861184433,-0.1335644457449349,-0.10402264108131523,-0.10254711143182477,-0.39391827190138157,0.5859091169826695,0.2595933375011646,0.7906834082772244,0.03250383581104063,0.46181844547358525,0.3615096171957194,-0.5602785439134832,0.3615096171957194,-0.7023068064521124,0.8762126545278911,0.3282372836693354,-0.46032490546813626,1.0,-0.25115479029298615,0.7310158541579439,0.12932586184968317,-0.044414680641191195,-0.03468256765034609,-0.21647710141287257,-0.09529451942106713,-0.5130003555595157,0.6313827767881214,0.24229094032334056,0.700002405415908,-0.3740338800299527,0.47149998786872344,-0.5900125675867574,-0.6366076635486837,0.21517788891429074,-0.7655596666907446,0.856711956766156,0.20993416556460384,-0.7069286562019965,0.9281718663979256,-0.4035801563705555,0.5864142752648999,-0.008876340739228964,0.02607627644264136,-0.21312385937695055,-0.31173552558281054,-0.1909858504802721,-0.6331134151008423,0.5752931138258232,0.34187168079432406,0.8293559406818802,0.06555526806029782,0.3058536758209992
0.23815508229499133,0.6407365086499244,0.51690776065394,0.588893888204069,0.04312435502281879,-0.25903793846443424,0.4384959516022282,-0.17804879323592762,0.9019196935468691,-0.0858769210045771,0.4450214096519089,0.5753933643250116,0.12013594539518596,-0.1214296478859332,-0.13912231242617507,0.6293045094676956,-0.3317423951200489,0.5882275560376851,-0.2025952361111612,-0.36646138118967986,0.08735387747250414,0.533449494111789,0.735752946000628,0.533449494111789,0.6391927528257151,-0.05283815281645317,-0.2833268039304147,0.649907638779069,-0.25115479029298615,1.0,-0.24292853961854288,0.6766673593230539,0.45048289429977145,0.09996756841910436,-0.15420501783164808,-0.037596974157570295,0.43361673247843185,-0.3601178210927237,0.5224618944924567,-0.30563981788829625,-0.1749956994137171,0.1271091661585766,0.12475006326893531,0.6614929639358343,0.5400466089347004,0.5270156588320081,-0.17339824542876783,-0.4946818953503529,0.32568614424669473,-0.44185737053728863,0.9009302626897862,-0.2890758741089479,0.3250628732878732,0.39476184963963534,0.019612852224118158,-0.20706873252265656,-0.23048263194172322,0.5027880702356459,-0.39380678566330873,0.5110570105711552,-0.23050116692047976,-0.47101870268471674,0.36115879429304093
-0.36687256333602736,-0.4865285674502714,0.19887177961886468,-0.5039378506285872,0.604483293960826,0.015480048256872927,-0.5590688509162437,0.5386927437846497,-0.3564554946488157,0.7770793720528667,0.16598157239768754,-0.2470285939008361,-0.2842703712298934,-0.38563350760681614,-0.22230526100665957,-0.47857278936521447,0.29977216346817304,0.2147911840524802,0.5994296038475395,-0.11206853419961613,0.3490118140552008,0.2710676340041823,-0.5199921188576487,0.2710676340041823,-0.5908949684757122,0.679410146946536,0.09883440799985932,-0.4731127903523924,0.7310158541579439,-0.24292853961854288,1.0,0.1434166350496389,-0.1567239448490463,-0.11613780787927895,-0.4135185457487013,-0.24081466950706085,-0.5272555013359534,0.3783018820966808,0.23432059103754163,0.5960392586549607,-0.3751543495283208,0.4156165124938849,-0.537987593290707,-0.5053311606475512,0.11915516907841223,-0.5803004175449786,0.7159930204006038,0.10252659327217915,-0.6430698155557425,0.7097861985706222,-0.32566859704279644,0.7533375383108092,0.030841840974181904,-0.10550110561115056,-0.3098967138508083,-0.4035894000900063,-0.2646189548985886,-0.54036074641048,0.30547976175476277,0.27952319570226924,0.6157171573132324,-0.09658836434630073,0.22843229226733397
0.10219576155766776,0.40260051154355647,0.5213599237317226,0.3165151471791694,0.3167184387910861,-0.19483893357750395,0.10876178215916812,0.08959095344147626,0.6169401899763034,0.2622457673261148,0.8208416579594777,0.24867456015266257,0.03774043904668062,-0.33618517019815936,-0.17638651148503198,0.1917373313671395,-0.181357210165022,0.6093364926696568,0.025216945881107726,-0.28942370751836516,0.3933452658208233,0.6046850643443368,0.4868506555134286,0.6046850643443368,0.36472479028701876,0.3556944860535673,-0.09195547823158529,0.3184055185368516,0.12932586184968317,0.6766673593230539,0.1434166350496389,1.0,0.20407802488249088,0.09702877445802563,-0.392341552641098,-0.11265868266974041,0.09428153272344166,-0.12334744933056155,0.48740642404272705,-0.09493514122276026,-0.29146612127530674,0.406585740242905,-0.1256210337467053,0.41827441318396874,0.4312789508398587,0.2322975691934376,0.20763874645744743,-0.31901317959619585,-0.03702333889335335,-0.05125790123418121,0.553615921546703,0.04634269424029891,0.6058893690759667,0.17165331592493793,-0.10538052974484917,-0.3094558004819446,-0.3091649649294954,0.04772729738937716,-0.22013859209561978,0.41608905733453794,0.04447149676272404,-0.3665111140560581,0.5281064050664072
