Fp1,Fz,F3,F7,FT9,FC5,FC1,C3,T7,TP9,CP5,CP1,Pz,P3,P7,O1,Oz,P8,TP10,CP6,CP2,C4,T8,FT10,FC6,FC2,F4,F8,Fp2,AF7,AF3,AFz,F1,F5,FT7,FC3,FCz,C1,C5,TP7,CP3,P1,P5,PO7,PO3,POz,PO4,PO8,P6,P2,CPz,CP4,TP8,FC4,FT8,F6,F2,AF4,AF8,O2,P4,C6,C2
1.0,-0.15874974306962628,-0.28279047623490033,0.14535402597299488,0.1547294632533692,0.5686865574106804,0.5457640248136214,-0.13522978827722126,-0.007538914181665693,0.19773308134388462,0.18426029553588674,0.10018947800899537,0.004333816136593504,-0.34369946641434357,-0.00034292529284135517,0.20151176974624804,0.18484958104279206,0.07254537910158541,0.16820738303732713,-0.07512788845450173,-0.34055854251010353,-0.06556013904817334,-0.27116212803829476,-0.06556013904817334,0.07977835734357369,-0.2359666088174408,0.5535634167449796,0.5502610406801889,-0.2688379825844856,0.0586522424816783,0.12837091627832264,0.12691851038546978,0.050160225900359304,0.010952886890266092,-0.3129935871821669,0.0252262435006746,0.2595446340061081,0.18275643620357415,0.0892808221446184,0.3292058386028919,-0.008546509944944429,-0.28958495670772855,0.9295940754903765,-0.37493558180806286,-0.060928312575020564,0.17929272530676948,0.1508879295969204,0.5850514422500936,0.5211284095158414,-0.20454058386722926,0.006966169116974021,0.10669812205650991,0.3423992693330616,0.064548340337974,0.12250172283974507,-0.30870887663826974,0.022288260454660116,0.24926095188932273,0.2402011784466922,0.09062144815888558,0.292220300697681,0.06545356934169734,-0.2060831140022877
-0.15874974306962628,1.0,0.4205450752208907,0.09877349107933807,0.2753390906991918,-0.2692731394344098,-0.1919208464131523,0.5410895067051342,0.30573892294850735,-0.5105044747284363,-0.11509199543769343,0.3239058765510195,0.1846448300839414,0.44828403195984995,-0.04846520347029508,-0.06669364715246762,-0.4106950209448702,0.13237916366359143,-0.1838529001626009,-0.3080108518632219,-0.06136503467675519,0.4262286788454491,0.7826010739631494,0.4262286788454491,-0.16347172285244796,0.30717687770632723,-0.39617229926689806,-0.20205170382971374,0.45445345473698634,0.18167098463383732,-0.4185206847029568,-0.12532130676566405,0.27705050082573945,0.12955487824764045,0.460232859804467,-0.004018075442581147,-0.10074504521780006,-0.3495790577190915,0.0690705329428114,-0.26225192643649736,-0.23766921533569912,-0.06579357117158904,-0.06290769275218756,0.8644616087247076,0.47740419164249703,-0.09971814852877257,0.22831423645641713,-0.3849719829251993,-0.023851283975164537,0.4947077369607209,0.26319358859550823,-0.39970993019077483,-0.11271235850275299,0.35137131459670934,0.21869773980313384,0.45776300199443987,-0.09129862491499723,-0.12002707108002673,-0.2717764112713111,0.09566435846810616,-0.21802331886275422,-0.1700970313088529,-0.10770528526103802
-0.28279047623490033,0.4205450752208907,1.0,0.44206253998731526,0.23726537504101416,-0.3510924135586031,-0.22887836155402835,0.23815410343764373,-0.1147188138386024,-0.3356489734746023,-0.2452826336405433,-0.2906840151564853,0.3007459929373132,0.6952075442604146,0.19486615374993163,-0.3808994576501376,-0.22184396310413593,0.1423918494058778,-0.16653993801295522,0.16059397655012833,0.20561828172776409,0.7970354119016514,0.5868025536593374,0.7970354119016514,0.35802584452426395,0.34507616694679655,-0.3056252858296004,-0.3086283307326553,0.254445946738153,-0.05849388359106002,-0.18326494084302836,-0.2570283795331259,-0.24869430711750812,0.22809575123021647,0.7226539218172036,0.3542945085292919,-0.3103378661360838,-0.18911619100091723,0.06905948194601144,-0.2721874872185202,0.24289030479428683,0.22068696386413567,-0.18477261564293412,0.4860852492712911,0.8385073685530452,0.38891878471214436,0.21667835036462996,-0.3103757662083724,-0.1467870964755388,0.2775687226991379,0.02427268277660846,-0.18186603301616833,-0.22342574544261104,-0.21753876369989078,0.2553949367591731,0.6975945012266438,0.2664802773647333,-0.3434331200270208,-0.0712772663249633,0.12088565784685439,-0.14473107973113844,0.3612124620410733,0.20815157669197154
0.14535402597299488,0.09877349107933807,0.44206253998731526,1.0,0.31382440289631813,-0.09489066102387622,0.13573930442706225,0.16380927110955973,-0.19326816177485878,0.06984605570923165,-0.17701609434710489,-0.4206400902708296,-0.004362182083521805,0.020711182520675078,-0.18204837482139902,-0.18473015310151453,-0.17764198464729616,0.1581701522732276,0.07157330097849128,0.33016242201696,0.0481690880330562,0.2841979606646148,0.22990519957910463,0.2841979606646148,0.8570218504593043,0.09410951489134912,-0.05919527168098025,0.09245277911708065,0.07518179912569403,-0.24486797378879602,0.1546445392189117,-0.12718695344061043,-0.3588516714726571,-0.021642987185281834,0.09612898616292502,-0.06444234011183667,-0.10019942753324657,-0.11411384531454025,0.1910558857620832,-0.01944232007560229,0.4398903489785927,0.04966521626171823,0.2759633514127465,0.12257341243184812,0.38090436123710425,0.8046918356941237,0.26489592905878684,-0.05712671971211843,0.1387862095396703,0.11846372324040774,-0.1608802964757113,0.12584490443157548,0.027639430187271972,-0.35508942366412494,0.003828536586030003,0.08598595165518252,-0.11570614522171041,-0.18747506680479017,-0.05199802694418902,0.1561219428487329,0.215221854677573,0.4954554851498798,0.12849029627585287
0.1547294632533692,0.2753390906991918,0.23726537504101416,0.31382440289631813,1.0,-0.05293979437147687,0.3916139423652139,0.4673624986096398,0.1517818724948695,-0.10494476669387315,0.048094102498776686,0.1598085546454411,-0.030259182515380113,0.28299134529273234,-0.06785324474440692,-0.10617657662525336,0.011909888919852151,0.09193202814236714,0.26948430875299667,-0.1624450868162938,-0.0269991595344327,0.38083164585506896,0.21862688559004043,0.38083164585506896,0.25844079572960055,0.5507035671638679,-0.09337270528024941,0.39845734265434435,0.47941547749642277,0.23927039536418204,-0.015348332682816957,0.026779109023882218,0.183755035118584,0.011399293641513262,0.3176486620535913,-0.04077967555156847,-0.1550873337079909,0.03892206487460786,0.024389047332228034,0.3369001354268657,-0.025324322203157463,-0.1132354675153841,0.1376294448264239,0.16066087674340226,0.4359310957580523,0.29225998844567846,0.7443319288880956,-0.06219241398627159,0.4564913182139212,0.5172806398442346,0.2744936413533468,0.05264302073939016,-0.012982204090374351,0.18625520587588607,0.041752041551037636,0.36015627712224396,0.062199110565182514,-0.17860835695335786,0.08386435092740817,0.1493390537155389,0.4135746863039277,0.11626840443287727,-0.009795235166186345
0.5686865574106804,-0.2692731394344098,-0.3510924135586031,-0.09489066102387622,-0.05293979437147687,1.0,0.6440941282473098,-0.22828098437431107,0.32511073002874935,-0.1093174297829144,0.3657811744440959,0.2550248183449728,0.21495229211460073,-0.4146543239435853,0.10062137375231221,0.5213022023500629,0.38698346310654924,0.2503934208299389,0.001346735583445144,-0.41270437320777237,-0.3226265445733235,-0.14106295129820778,-0.38533430723376094,-0.14106295129820778,-0.22464898310898956,-0.2558956738316203,0.9417502231512329,0.6202515457472166,-0.3348223776923801,0.30843492241166853,-0.12744840570980884,0.2427355988771002,0.23785230380394393,0.25634377617189347,-0.3622179120431636,0.17082563916415194,0.49823117959467567,0.37089684730609107,0.27379800687988776,0.04103775713466115,-0.39292958277357615,-0.2339293119797445,0.5778263733395721,-0.3708612362708091,-0.19841956070535857,-0.15555764650147816,-0.07006673078838714,0.8822378830625214,0.5966988744773779,-0.2842289937511667,0.18727828269658944,-0.17860264155301217,0.3555854226040671,0.2147408341852095,0.31278490860194785,-0.3955038914000324,0.206983550795477,0.561522550210608,0.3921330269384511,0.21429445729658841,0.08684931332464746,-0.319654774232998,-0.11038462629835027
0.5457640248136214,-0.1919208464131523,-0.22887836155402835,0.13573930442706225,0.3916139423652139,0.6440941282473098,1.0,0.12215053283168222,0.188780368045167,0.09044928828832387,0.12145914946095035,0.1303051127202074,-0.08969777166438421,-0.409109404126209,0.18829693235541667,0.09383967938494599,0.5214966511920454,0.4981637499269364,0.3677585411679831,-0.2432139101012913,-0.39724145156303176,0.021932685713200097,-0.2580185273542393,0.021932685713200097,0.0550637481226169,0.08045271340814338,0.5749883009214354,0.9710400463056106,0.031626945945973706,0.2798926801648387,0.1278743546385378,0.0987957984455166,0.14109843962550317,0.012638577214704606,-0.34275618931707663,0.18105458417320516,0.0808962363641582,0.5264444953170277,0.47748829826424616,0.4714428868449528,-0.11408848008923168,-0.4234494506711582,0.5668468938705602,-0.2820897489833573,-0.010334156723858035,0.14782093755080628,0.29336707085778607,0.5831951736535886,0.9502278743647411,0.10145166939229865,0.14138074591525376,0.14968996973194026,0.15660410200305816,0.16653456218986679,0.05815082086345637,-0.32849305628271097,0.20530664439979304,0.16490481476711602,0.5577824254058874,0.47053155481848946,0.5315349874632961,-0.013340968092506547,-0.192559643180668
-0.13522978827722126,0.5410895067051342,0.23815410343764373,0.16380927110955973,0.4673624986096398,-0.22828098437431107,0.12215053283168222,1.0,0.3036088341141725,-0.21514122165218705,-0.10702563058254473,0.2643215850354676,-0.18482836414950568,0.32037241325153487,-0.09738951149353875,-0.5241215138135682,-0.07804203111144498,0.06114552121792098,0.031631536465315704,-0.2026127440081186,-0.3059740778727978,0.25240780760942777,0.4012524693087852,0.25240780760942777,-0.015897158102634184,0.39606378996328084,-0.28171560132731044,0.052649332677448576,0.9534336644739286,0.3100305258952036,-0.11210376257620354,-0.04274614446000964,0.22399892973306842,-0.14934740448595632,0.3779923881073019,0.006322683672266047,-0.4943680582383717,-0.005559493311388379,0.028736098909535067,0.030849645098177694,-0.08769508493050863,-0.30340862232972465,-0.00581643103675094,0.3277868151287711,0.3123506860518848,0.031046439023091458,0.36692423258593554,-0.34905585604807576,0.1938220775531348,0.9367479778783576,0.3382064652527567,-0.07788343821062313,-0.266133410418833,0.25391874887968496,-0.10064046313188171,0.3657581799141161,0.011497162408544256,-0.5006679755979534,0.0355093880819376,0.062283222367596626,0.12081905224254309,-0.025670989172978703,-0.2743710374995944
-0.007538914181665693,0.30573892294850735,-0.1147188138386024,-0.19326816177485878,0.1517818724948695,0.32511073002874935,0.188780368045167,0.3036088341141725,1.0,0.008167087526770173,0.4096738631059258,0.49988355861194905,0.3625320922546203,0.03982272284590466,0.06064290441677731,0.2092304489758433,0.039740322767895554,0.11067265771576063,-0.14162393031518622,-0.3445752211630277,0.1458405657033207,0.08234694972597208,0.06153549995795253,0.08234694972597208,-0.27433670629983103,0.08437580234461213,0.2346826480058563,0.18250456435850537,0.2643041324995983,0.9212461942290658,0.025398725130175083,0.3986263304489785,0.48734426600505926,0.3820991883344474,0.06426772584909365,0.07467996629817475,0.19958017433455139,0.05187587978251056,0.12820696450341032,-0.03657189167525152,-0.34437575545143634,0.1589188685107887,0.021154265348235078,0.10813810654226041,0.12468975385900061,-0.19053671808122688,-0.04694519582561126,0.1865791240069328,0.31950983139557854,0.28530171692953543,0.8934541908887365,0.0034384476137134883,0.32617074273532976,0.48098495746728964,0.4119833029161796,0.057694501923036115,0.1660401604114167,0.2122716797085522,0.07515376259761786,0.0811349664156635,0.02437988908036351,-0.29438592801730756,0.17532395196303907
0.19773308134388462,-0.5105044747284363,-0.3356489734746023,0.06984605570923165,-0.10494476669387315,-0.1093174297829144,0.09044928828832387,-0.21514122165218705,0.008167087526770173,1.0,0.23164139561746966,-0.18257443106988272,-0.002400508499297209,-0.2791969408518566,0.11916686380874812,-0.15864617292370867,0.11087276366044735,-0.15341335030740316,0.22240749235035137,0.47659051260346086,0.27296258869244716,-0.29413256645033864,-0.43054223982236184,-0.29413256645033864,0.3689330732609947,-0.014790011309114072,0.01423920405336557,0.13560655518148862,-0.14130810431757634,0.08268478011214592,0.9022206567108203,0.30406441377384685,-0.13263861398777255,0.005273271561726879,-0.2728796814272599,0.024721327241395575,-0.08120177708086061,0.09269601037902038,-0.10030771832876144,0.35797649377690804,0.41865224635427517,0.2052104148319842,0.14342669019623655,-0.47710828304636343,-0.2733970610889438,0.35852990918173683,0.06762296340584431,0.0376628909147431,0.04236525138200336,-0.13564432945581692,-0.007625676658044121,0.9035053872825636,0.41712591940036314,-0.14009239437101742,-0.01255276604605673,-0.21064137002686445,0.14976544363104258,-0.09891155962471468,0.05953471798690517,-0.09300337741313938,0.3490326676397935,0.4272535808387748,0.28064392472189287
0.18426029553588674,-0.11509199543769343,-0.2452826336405433,-0.17701609434710489,0.048094102498776686,0.3657811744440959,0.12145914946095035,-0.10702563058254473,0.4096738631059258,0.23164139561746966,1.0,0.2151491772672565,0.4446380137073873,-0.0757612359331778,0.2704317772039389,0.3999860513431935,-0.08277000173220905,-0.025732060938727798,-0.11369548499036734,-0.2696738768822193,0.03794305503026597,-0.09412381541289429,-0.3431543741600382,-0.09412381541289429,-0.11085662271197069,-0.016358515789865427,0.40718237668414364,0.1433062347939776,-0.10391424605257032,0.3618515347717184,0.18502745946455104,0.906912871341281,0.2200646212733987,0.47534915541964823,-0.0657207802751961,0.2562824200199251,0.4457943140378797,-0.09719725368021488,0.023025776337306153,-0.018184576535252305,-0.35147367685990255,0.023455866488556246,0.208174261617311,-0.26095554951001104,-0.062394654698545125,-0.1641923345530496,0.01945059585728599,0.4022024090856384,0.18348592920029508,-0.059823176874707396,0.34012077022881887,0.22541477936903404,0.8114932469257515,0.2531493203819312,0.44271264999364557,-0.05549590183532775,0.3731723589947219,0.48047801979782645,-0.062987973594621,-0.05279000339419742,0.04111259255306604,-0.2604034326193162,0.038656600939021
0.10018947800899537,0.3239058765510195,-0.2906840151564853,-0.4206400902708296,0.1598085546454411,0.2550248183449728,0.1303051127202074,0.2643215850354676,0.49988355861194905,-0.18257443106988272,0.2151491772672565,1.0,0.2723803092216805,-0.08850561669259004,-0.07640680582376627,0.25767725709013245,-0.2132617311805452,0.12440185740495656,-0.06809786639391129,-0.4967707851199778,-0.1782448348029083,-0.032670231083955205,0.20572998157657316,-0.032670231083955205,-0.4980031751976978,0.01031795918866596,0.15147174232879798,0.15231311389080074,0.2106884104238812,0.4208396934661525,-0.15435810332774144,0.25334835712220416,0.9346778668136694,0.307917783349484,-0.09336073936522823,-0.28902995194576303,0.17229920923277414,-0.24042495777130968,0.07887433766895027,0.08462244210626718,-0.5490649330000448,-0.13460542529746183,0.07024591447799912,0.14207771565447372,-0.041425672392152814,-0.4166682430595737,0.0498155023050376,0.04178390583262772,0.1551859398029143,0.17651285831021185,0.3422226973515984,-0.19675864539231144,0.10144207393504595,0.9358323774018505,0.2933075856474497,-0.09477514575708637,-0.23247542165228416,0.18926360257749003,-0.20010458044320198,0.052379263335779816,-0.03352552089497358,-0.4969928168361802,-0.1015289336509523
0.004333816136593504,0.1846448300839414,0.3007459929373132,-0.004362182083521805,-0.030259182515380113,0.21495229211460073,-0.08969777166438421,-0.18482836414950568,0.3625320922546203,-0.002400508499297209,0.4446380137073873,0.2723803092216805,1.0,0.23411534904233042,0.4743084289251196,0.3712339804235617,-0.06511236684016145,0.049396381148026865,-0.23414814287494728,-0.039587511236300735,0.23807243584267918,0.2755470574563275,0.15473724325715388,0.2755470574563275,0.05182785277583443,-0.009925926065624393,0.2860681650083961,-0.09031988029562127,-0.18696521893687332,0.3013895978763211,0.03874439274783162,0.4776970358271125,0.34655140750378527,0.9747762730960102,0.25748406510978306,0.393504905608963,0.44348948921143794,-0.08079774971903561,-0.006103868185283912,-0.22132467450668764,-0.10230201595770476,0.2874732996569402,0.06677512075378948,0.20528775572514352,0.3414852774608234,0.09557647261937902,0.03884594096846341,0.24236934817728198,0.0070612581470455345,-0.13602014343667596,0.22763835376276992,0.04905333604220324,0.4750480522162956,0.3544877283887743,0.9560208807372955,0.2861009309903349,0.46372019077290455,0.41571055893152203,0.03878822913621259,-0.034829366671659034,-0.14342543370910776,0.012168400021849105,0.30491956310055107
-0.34369946641434357,0.44828403195984995,0.6952075442604146,0.020711182520675078,0.28299134529273234,-0.4146543239435853,-0.409109404126209,0.32037241325153487,0.03982272284590466,-0.2791969408518566,-0.0757612359331778,-0.08850561669259004,0.23411534904233042,1.0,0.1020077709892149,-0.24563696490725392,-0.1625441278413055,-0.26243352866736785,-0.24007620467722582,-0.10005687757342693,0.00636226192000963,0.7587353672726505,0.44209401516913754,0.7587353672726505,0.021073446990568977,0.4890736527274823,-0.3481428563742257,-0.42970282559282547,0.3896725184415117,0.07754350778814842,-0.2312962404543096,-0.1282695899399164,-0.12614975068172227,0.17032533684981216,0.9719623410599751,0.22029747841031794,-0.22908615689036255,-0.13846774475232929,-0.37498796098566406,-0.33729122376028303,-0.06754804009824049,-0.035870986313279,-0.3442599689671305,0.4111716497079616,0.7508910658529556,0.026662462527363043,0.34006032559132404,-0.40208551576488144,-0.24294680924852868,0.37720932294810255,0.16444205227457784,-0.1712665071003652,-0.16614446189841772,-0.11923155663214395,0.19355509255358072,0.9336795929554087,0.32101680107989505,-0.2696736293728791,-0.10447965234167754,-0.31224552440069736,-0.3221333296256264,0.04925791470038479,-0.10350017928961829
-0.00034292529284135517,-0.04846520347029508,0.19486615374993163,-0.18204837482139902,-0.06785324474440692,0.10062137375231221,0.18829693235541667,-0.09738951149353875,0.06064290441677731,0.11916686380874812,0.2704317772039389,-0.07640680582376627,0.4743084289251196,0.1020077709892149,1.0,0.004778669697294821,0.2618475868188666,0.11687780284587707,0.02265087017443889,0.10645816323707931,-0.10734205842075546,0.2579030919600895,-0.10896823642573965,0.2579030919600895,-0.035441408526676446,0.13943082139702054,0.1969776899910814,0.17307482368902957,0.00937068540062013,0.155146033517086,0.1666309475821485,0.29587171164365067,-0.041973882814068435,0.5312140867804342,0.09473609871630598,0.8600051860939594,0.04758316434816278,0.2555144089876343,-0.0377424207735924,0.029540295127389656,0.09380026628271011,-0.1264322894907763,-0.016709367929175586,-0.0022498776490623255,0.19103569459165917,-0.026793675078129617,0.03552979972058821,0.23808711814568803,0.23445759523315465,-0.0017258491149347666,0.05230343146201452,0.22503829096042796,0.3201423302263553,0.062157694600445866,0.4655080349301483,0.13010608818871458,0.7301981006069544,0.07882365134211673,0.33184543271721423,-0.017953676110194227,0.04873509421089866,0.19381779275650993,-0.08322175900107706
0.20151176974624804,-0.06669364715246762,-0.3808994576501376,-0.18473015310151453,-0.10617657662525336,0.5213022023500629,0.09383967938494599,-0.5241215138135682,0.2092304489758433,-0.15864617292370867,0.3999860513431935,0.25767725709013245,0.3712339804235617,-0.24563696490725392,0.004778669697294821,1.0,0.18257203881228612,0.050381921121752674,0.1160827505477934,-0.22437185673181123,0.07087560165375363,-0.15091504838786127,-0.14162857626605338,-0.15091504838786127,-0.14241222181797325,-0.1346488966131368,0.5232890893311325,0.14743380015578528,-0.5249472347853492,0.10629679164645917,-0.15128120298279832,0.37026717279560273,0.3058340843529292,0.40508840989814526,-0.23677015200304224,-0.10217250997768584,0.9220843606149256,0.1314964273575949,0.05530515497992895,0.023691652486476113,-0.3412519206254893,0.04120739206630464,0.14872719863868988,-0.004270425608458445,-0.18181836333768261,-0.18065880451542368,-0.14050396963080458,0.5393465606745032,0.14514865991969572,-0.46833000812079756,0.07243964243959602,-0.15703955491485364,0.42181878393265854,0.29820621481877835,0.38798119161121825,-0.22237217795044378,-0.019237003970039846,0.9169390059685422,0.1378859744896524,0.01941496164863344,0.012473012623855398,-0.29113178950365104,0.04721679616016228
0.18484958104279206,-0.4106950209448702,-0.22184396310413593,-0.17764198464729616,0.011909888919852151,0.38698346310654924,0.5214966511920454,-0.07804203111144498,0.039740322767895554,0.11087276366044735,-0.08277000173220905,-0.2132617311805452,-0.06511236684016145,-0.1625441278413055,0.2618475868188666,0.18257203881228612,1.0,-0.03253096838891275,0.41620292859742264,0.1843220589024276,-0.1302497863152526,-0.1405634800067709,-0.3578010822215405,-0.1405634800067709,0.006689465841669852,0.11062843767037611,0.43813884136965564,0.4584071978744979,-0.03014380532246387,0.1633346097452103,0.12888955657075518,-0.07617985348894452,-0.1730874898557319,-0.0037979203081238825,-0.12135202586076883,0.3045458025710241,0.21708711861277505,0.9857143990005712,-0.007476193808885429,0.3954140791532633,0.18487463991673575,-0.19612980570004346,0.1731962293966782,-0.30993929841310824,-0.16896944381565884,0.06404228152335519,0.09382206773998675,0.5137967220532783,0.47954660661041076,0.03233007961886103,0.00601073057853486,0.22422900264767787,-0.09208130267016587,-0.15758421955662347,0.04340717707143603,-0.11880819441406336,0.3900843286081339,0.2867560400310196,0.9514034398598022,0.12233424457404866,0.3750591303781353,0.22751317220907422,-0.07611606373176161
0.07254537910158541,0.13237916366359143,0.1423918494058778,0.1581701522732276,0.09193202814236714,0.2503934208299389,0.4981637499269364,0.06114552121792098,0.11067265771576063,-0.15341335030740316,-0.025732060938727798,0.12440185740495656,0.049396381148026865,-0.26243352866736785,0.11687780284587707,0.050381921121752674,-0.03253096838891275,1.0,0.3253491564665953,-0.17920045828165834,-0.006514020582702323,0.23643066486693534,0.2659194411012936,0.23643066486693534,0.020807405210090668,0.046877940844368075,0.19399313267872906,0.47187575739689647,0.003930144822907396,0.20808185741489793,0.06103586184663247,-0.004316070040751601,0.2659823139484326,0.13108355392971988,-0.16107797303255475,0.08849759952718812,0.07902862514868196,-0.01957201915726254,0.9314411664580963,0.2543759374715462,-0.061921114758868065,-0.005164718387613568,0.15257237242976643,0.14291151322172188,0.19630988092867868,0.06341051443664122,-0.03701359906095939,0.13241933535319006,0.4621795661837432,0.030114476861028333,0.16826748458134738,-0.04995835235342852,-0.008702147083518828,0.22757116198963814,0.1534940866029514,-0.14620025381474672,0.015067728882862863,0.07913313394721103,0.07709882467278704,0.8764204192064655,0.3750650036548504,-0.031282087873598825,0.1352061898565171
0.16820738303732713,-0.1838529001626009,-0.16653993801295522,0.07157330097849128,0.26948430875299667,0.001346735583445144,0.3677585411679831,0.031631536465315704,-0.14162393031518622,0.22240749235035137,-0.11369548499036734,-0.06809786639391129,-0.23414814287494728,-0.24007620467722582,0.02265087017443889,0.1160827505477934,0.41620292859742264,0.3253491564665953,1.0,0.38806260450204805,0.02259947753133588,-0.0878309999349064,-0.10680770383676987,-0.0878309999349064,0.24452437746551858,0.31060117273914856,0.11174171148540106,0.39829057816134206,0.15248722220998437,0.027631642078946975,0.4588942901077073,-0.05813471724723426,0.13125288870719323,-0.1369220212185468,-0.1390973489017566,-0.060181679414573606,0.10314134879217025,0.40501106999775033,0.30695726804229473,0.8871800660284409,0.42774763139268057,-0.08051270136306249,0.19105794692234765,-0.16082839747853064,-0.059658089197139,0.25401331205414773,0.0745437274751265,0.1597570674453535,0.29731563037602354,0.17132673643442675,-0.01862421545694458,0.44461004731119275,-0.03012939682112067,0.07301579907325946,-0.10050480947532817,-0.04942145801979174,0.03716310190810543,0.14078880682504286,0.4244599920253848,0.4611026856107048,0.8968717245637374,0.45117290949951844,0.07535150732321769
-0.07512788845450173,-0.3080108518632219,0.16059397655012833,0.33016242201696,-0.1624450868162938,-0.41270437320777237,-0.2432139101012913,-0.2026127440081186,-0.3445752211630277,0.47659051260346086,-0.2696738768822193,-0.4967707851199778,-0.039587511236300735,-0.10005687757342693,0.10645816323707931,-0.22437185673181123,0.1843220589024276,-0.17920045828165834,0.38806260450204805,1.0,0.4632581742586466,-0.11543596667080055,-0.010328899193949373,-0.11543596667080055,0.6305417390648234,0.0607414208136343,-0.24822117888463613,-0.28655845664313767,-0.08086035715687391,-0.2619931120785067,0.5796542556724673,-0.1747717324081791,-0.37116193712014617,-0.07163398186063172,-0.07806124402810846,0.09723613970794294,-0.09419334091890942,0.19476950661341602,-0.1207093289108177,0.36226366258837295,0.9516021337256719,0.3688611027062263,-0.02503814953864153,-0.12141091748057392,-0.039362034730661154,0.5670455879538806,-0.07840534216944864,-0.15094210859490556,-0.33122304812495995,-0.09313445932517725,-0.2781035736948253,0.575677076951691,-0.021289398341723872,-0.37079906395490664,-0.0752641430608406,-0.044400031343506605,0.011806400564995243,-0.1334819428997903,0.1735937969340577,0.0379811514132989,0.3382000761481204,0.8793552321863349,0.39210860794821756
-0.34055854251010353,-0.06136503467675519,0.20561828172776409,0.0481690880330562,-0.0269991595344327,-0.3226265445733235,-0.39724145156303176,-0.3059740778727978,0.1458405657033207,0.27296258869244716,0.03794305503026597,-0.1782448348029083,0.23807243584267918,0.00636226192000963,-0.10734205842075546,0.07087560165375363,-0.1302497863152526,-0.006514020582702323,0.02259947753133588,0.4632581742586466,1.0,-0.06977778438958841,0.19104930426197028,-0.06977778438958841,0.24764023998230514,0.06834300611078178,-0.29634282812895385,-0.41773643154679774,-0.19416627614162757,0.1680239805495414,0.34816222280153447,0.060433926864434794,-0.05075771551613017,0.16091467660205103,0.026799302835493737,-0.05923220785150529,0.1441889410330914,-0.14700279835229227,0.08796890484018678,0.03484198168651506,0.38543003486733546,0.9486841139820185,-0.35358912740246035,0.14686482089088637,0.012856128285357855,0.25642240746429723,-0.09069256585660396,-0.17712634518443945,-0.3826657629601419,-0.14646391881763407,0.21539789716037538,0.3233959173473349,0.1375982936769677,-0.07459976406673008,0.16643277349800895,0.0759538058443131,-0.038085245139400516,0.08567183471428684,-0.12749859553107007,0.20364360513384588,0.0780397224908212,0.37320261987421327,0.9037111636707509
-0.06556013904817334,0.4262286788454491,0.7970354119016514,0.2841979606646148,0.38083164585506896,-0.14106295129820778,0.021932685713200097,0.25240780760942777,0.08234694972597208,-0.29413256645033864,-0.09412381541289429,-0.032670231083955205,0.2755470574563275,0.7587353672726505,0.2579030919600895,-0.15091504838786127,-0.1405634800067709,0.23643066486693534,-0.0878309999349064,-0.11543596667080055,-0.06977778438958841,1.0,0.531054797516492,1.0,0.2089417375699136,0.4557193066380139,-0.10313999897506515,-0.023665212137165992,0.268934936362629,0.16255541093096268,-0.15510845158803507,-0.10463472127282634,-0.0383719916346454,0.2607102743780708,0.7635569749254725,0.32160629859697576,-0.13706466033224213,-0.12526772311069465,0.08373819548011417,-0.1674144751753898,-0.03267911879013214,-0.11615655308926903,-0.05273623209580485,0.3932541331590361,0.9459777050465307,0.23597250677155357,0.33731500216665544,-0.1748396834647618,0.16262298823506427,0.2642871160355801,0.2124423542711055,-0.1634906733596772,-0.06468816660986378,-0.007993129328446038,0.27612844668212067,0.7185399580764869,0.3094103861714454,-0.17007998954095035,-0.021540832956058412,0.08402083178342491,-0.10261562525499027,0.13384429800361264,-0.10133904633000196
-0.27116212803829476,0.7826010739631494,0.5868025536593374,0.22990519957910463,0.21862688559004043,-0.38533430723376094,-0.2580185273542393,0.4012524693087852,0.06153549995795253,-0.43054223982236184,-0.3431543741600382,0.20572998157657316,0.15473724325715388,0.44209401516913754,-0.10896823642573965,-0.14162857626605338,-0.3578010822215405,0.2659194411012936,-0.10680770383676987,-0.010328899193949373,0.19104930426197028,0.531054797516492,1.0,0.531054797516492,0.11611436177130416,0.3984868845459808,-0.4192720898243159,-0.3202359445215808,0.3643060360759365,0.03512687627886975,-0.20957120752114938,-0.28809823015288427,0.2321359817387945,0.10157860562488344,0.4958742665189824,-0.08340774365645312,-0.1024746112801489,-0.31500085441663034,0.19365698221067765,-0.215949265656674,0.027076965753304327,0.15324982006726476,-0.17144153144798221,0.8778096129584961,0.576545820274908,0.19169540493809117,0.27563994953283905,-0.4107295377586346,-0.14715797899098282,0.4133702076628884,0.09147918534208058,-0.25292014946402874,-0.24777345184071672,0.28966311316194204,0.18471878405649586,0.47944738663246134,-0.12524605799196636,-0.15011312901357696,-0.20547878429495506,0.31361453349439805,-0.14613395388003048,0.1155897418080248,0.15951045835614808
-0.06556013904817334,0.4262286788454491,0.7970354119016514,0.2841979606646148,0.38083164585506896,-0.14106295129820778,0.021932685713200097,0.25240780760942777,0.08234694972597208,-0.29413256645033864,-0.09412381541289429,-0.032670231083955205,0.2755470574563275,0.7587353672726505,0.2579030919600895,-0.15091504838786127,-0.1405634800067709,0.23643066486693534,-0.0878309999349064,-0.11543596667080055,-0.06977778438958841,1.0,0.531054797516492,1.0,0.2089417375699136,0.4557193066380139,-0.10313999897506515,-0.023665212137165992,0.268934936362629,0.16255541093096268,-0.15510845158803507,-0.10463472127282634,-0.0383719916346454,0.2607102743780708,0.7635569749254725,0.32160629859697576,-0.13706466033224213,-0.12526772311069465,0.08373819548011417,-0.1674144751753898,-0.03267911879013214,-0.11615655308926903,-0.05273623209580485,0.3932541331590361,0.9459777050465307,0.23597250677155357,0.33731500216665544,-0.1748396834647618,0.16262298823506427,0.2642871160355801,0.2124423542711055,-0.1634906733596772,-0.06468816660986378,-0.007993129328446038,0.27612844668212067,0.7185399580764869,0.3094103861714454,-0.17007998954095035,-0.021540832956058412,0.08402083178342491,-0.10261562525499027,0.13384429800361264,-0.10133904633000196
0.07977835734357369,-0.16347172285244796,0.35802584452426395,0.8570218504593043,0.25844079572960055,-0.22464898310898956,0.0550637481226169,-0.015897158102634184,-0.27433670629983103,0.3689330732609947,-0.11085662271197069,-0.4980031751976978,0.05182785277583443,0.021073446990568977,-0.035441408526676446,-0.14241222181797325,0.006689465841669852,0.020807405210090668,0.24452437746551858,0.6305417390648234,0.24764023998230514,0.2089417375699136,0.11611436177130416,0.2089417375699136,1.0,0.20841334984992385,-0.0746293942456149,0.026768497371929347,0.0035762682143497425,-0.23563077952006728,0.4636708467334972,-0.020761939933901668,-0.38460189790078664,0.053738665646506006,0.0870601566918424,0.0014827192881403067,-0.04012585150632967,0.031344833315162954,0.025896365774047997,0.197299148548135,0.6763829447045563,0.15955288356223934,0.186903376758851,-0.0029433478389623876,0.3084146324349707,0.9324073655062504,0.2924710566075121,-0.03397589256251007,0.04449034170302143,0.05926894999738599,-0.20217619856527305,0.4679306945592474,0.11103100123563484,-0.3696887142733575,0.02900221507058538,0.10639399945078414,0.040519688520317024,-0.12070708377193995,0.08532485146691687,0.0957663808726594,0.37880767960003386,0.728200358668521,0.28094826728734823
-0.2359666088174408,0.30717687770632723,0.34507616694679655,0.09410951489134912,0.5507035671638679,-0.2558956738316203,0.08045271340814338,0.39606378996328084,0.08437580234461213,-0.014790011309114072,-0.016358515789865427,0.01031795918866596,-0.009925926065624393,0.4890736527274823,0.13943082139702054,-0.1346488966131368,0.11062843767037611,0.046877940844368075,0.31060117273914856,0.0607414208136343,0.06834300611078178,0.4557193066380139,0.3984868845459808,0.4557193066380139,0.20841334984992385,1.0,-0.1759256020285652,0.08073739265609936,0.4865352628312907,0.2480874337587402,0.19077636281443905,0.04940199568103514,0.15326382904751112,0.02907586970328683,0.5357298886000278,0.2843436276119376,-0.12702795046961027,0.14260760339387682,-0.053816711211323615,0.15715375152872507,0.15191979413164075,-0.06982101932432025,-0.20050520094174107,0.3936335086957669,0.519508356716924,0.30433899271654646,0.7228388582839766,-0.09872727629290398,0.20881070637488905,0.5533148556072395,0.277016419923296,0.24709569106862225,-0.003266095871600544,0.21135272440877156,0.06530652783865494,0.6292496482612453,0.39557749828745115,-0.12083541394042514,0.1412383610216783,0.15707726470066322,0.28435668956915305,0.30708078333208744,0.06328225556821718
0.5535634167449796,-0.39617229926689806,-0.3056252858296004,-0.05919527168098025,-0.09337270528024941,0.9417502231512329,0.5749883009214354,-0.28171560132731044,0.2346826480058563,0.01423920405336557,0.40718237668414364,0.15147174232879798,0.2860681650083961,-0.3481428563742257,0.1969776899910814,0.5232890893311325,0.43813884136965564,0.19399313267872906,0.11174171148540106,-0.24822117888463613,-0.29634282812895385,-0.10313999897506515,-0.4192720898243159,-0.10313999897506515,-0.0746293942456149,-0.1759256020285652,1.0,0.5599643003284044,-0.335610178996505,0.2704102422608806,0.05457534537339578,0.3231226436244611,0.19511908229382577,0.3446369773512654,-0.27091641710774317,0.2518889498904172,0.535971388911279,0.4105340091668311,0.1862832064145298,0.11296934272748312,-0.253453490197465,-0.2237237172076587,0.5756822783609611,-0.43374767351697247,-0.14191229319971033,-0.00386739641740126,-0.06289988147434449,0.9377961636916019,0.5362484409632842,-0.273784763495006,0.14869404410551523,-0.008327749183978439,0.434655480162002,0.1623300906696447,0.3863917737073323,-0.28125787130983476,0.36173719655530345,0.6005185289741164,0.45512840326849496,0.16480551262299364,0.19176737171152794,-0.14233015021524567,-0.07188586760563372
0.5502610406801889,-0.20205170382971374,-0.3086283307326553,0.09245277911708065,0.39845734265434435,0.6202515457472166,0.9710400463056106,0.052649332677448576,0.18250456435850537,0.13560655518148862,0.1433062347939776,0.15231311389080074,-0.09031988029562127,-0.42970282559282547,0.17307482368902957,0.14743380015578528,0.4584071978744979,0.47187575739689647,0.39829057816134206,-0.28655845664313767,-0.41773643154679774,-0.023665212137165992,-0.3202359445215808,-0.023665212137165992,0.026768497371929347,0.08073739265609936,0.5599643003284044,1.0,-0.02987543993338564,0.27322609301077155,0.1459223267423524,0.140654829343185,0.18424209406321365,0.018621799860275907,-0.3856364222325654,0.13039087754200138,0.07623135199555287,0.4493620091145805,0.43463496396857426,0.4856004370674597,-0.1642976304218923,-0.4451508015835816,0.5547453740467153,-0.2884815795045243,-0.06121438766344698,0.10953172608431641,0.288554824712405,0.5598453286004582,0.9300351921336166,0.029612644568949333,0.14856263766339595,0.15437348435117063,0.17347083557161042,0.1847071655804021,0.04032926300425408,-0.3456933277177503,0.18913726374310003,0.16933717442531632,0.47054776056795816,0.4169316011856429,0.5426773082421745,-0.08210567777539698,-0.23516380946921325
-0.2688379825844856,0.45445345473698634,0.254445946738153,0.07518179912569403,0.47941547749642277,-0.3348223776923801,0.031626945945973706,0.9534336644739286,0.2643041324995983,-0.14130810431757634,-0.10391424605257032,0.2106884104238812,-0.18696521893687332,0.3896725184415117,0.00937068540062013,-0.5249472347853492,-0.03014380532246387,0.003930144822907396,0.15248722220998437,-0.08086035715687391,-0.19416627614162757,0.268934936362629,0.3643060360759365,0.268934936362629,0.0035762682143497425,0.4865352628312907,-0.335610178996505,-0.02987543993338564,1.0,0.31272055759814377,0.0016856462361816732,-0.038542246154653466,0.20073385498429616,-0.137717617491982,0.44757211256536283,0.07190837507158887,-0.5100353167970695,0.028200683892730467,-0.06158451253621046,0.12718900958067153,0.0073940713091848525,-0.22697142703654402,-0.15896224541317297,0.29746696495408625,0.30898762824974735,0.02544846613877277,0.34388030997079505,-0.39565753629973516,0.09956825419474516,0.9622504561069898,0.3368428650159637,0.0444404600947236,-0.259293478886967,0.22357852360003372,-0.11821016731083897,0.45010536889807773,0.10455405339503873,-0.5106033295852764,0.064941493434467,0.01763310002948668,0.20055638847997706,0.07027278045952587,-0.19799026824633476
0.0586522424816783,0.18167098463383732,-0.05849388359106002,-0.24486797378879602,0.23927039536418204,0.30843492241166853,0.2798926801648387,0.3100305258952036,0.9212461942290658,0.08268478011214592,0.3618515347717184,0.4208396934661525,0.3013895978763211,0.07754350778814842,0.155146033517086,0.10629679164645917,0.1633346097452103,0.20808185741489793,0.027631642078946975,-0.2619931120785067,0.1680239805495414,0.16255541093096268,0.03512687627886975,0.16255541093096268,-0.23563077952006728,0.2480874337587402,0.2704102422608806,0.27322609301077155,0.31272055759814377,1.0,0.14927079789366168,0.3673066418276192,0.4705476746439103,0.3543577684830083,0.12202181808508394,0.20484892369188146,0.13100611102068765,0.1591087387238891,0.1888971345741359,0.13437175029690762,-0.21744243058744953,0.16304745818095626,0.051399123757706194,0.022768919230925257,0.2130414356494123,-0.1098492323608847,0.06509403458783675,0.23035082703558438,0.39185955140346124,0.3404568483335564,0.9519767210584363,0.12199710550184382,0.24991530600642148,0.44987063648063697,0.3882140460559494,0.1456841343563803,0.3152314630379441,0.12658818418575987,0.19788840798259388,0.20843669338583562,0.19871970761307772,-0.1483343638865323,0.20831477918941088
0.12837091627832264,-0.4185206847029568,-0.18326494084302836,0.1546445392189117,-0.015348332682816957,-0.12744840570980884,0.1278743546385378,-0.11210376257620354,0.025398725130175083,0.9022206567108203,0.18502745946455104,-0.15435810332774144,0.03874439274783162,-0.2312962404543096,0.1666309475821485,-0.15128120298279832,0.12888955657075518,0.06103586184663247,0.4588942901077073,0.5796542556724673,0.34816222280153447,-0.15510845158803507,-0.20957120752114938,-0.15510845158803507,0.4636708467334972,0.19077636281443905,0.05457534537339578,0.1459223267423524,0.0016856462361816732,0.14927079789366168,1.0,0.28669641817145314,-0.005547263956819017,0.0720225279911628,-0.1558594877396298,0.08465206995997271,-0.032458002584523075,0.12531875207174298,0.08081992113572638,0.5040858434497534,0.5417342457042874,0.2670038720562274,0.13194029065812554,-0.334364698426582,-0.10416913166413815,0.4919459223133207,0.09901695090108092,0.08672191284547541,0.09280659294665143,0.02689016198758139,0.07451819209656117,0.9570333731180327,0.4349644054823373,-0.024130643308405014,0.08318230357261519,-0.0706139348430573,0.2365064662611367,-0.03339139542846586,0.13911073415688632,0.16209030299114488,0.5690215126041052,0.6015946805607219,0.40888762501304976
