Fp1,Fz,F3,F7,FT9,FC5,FC1,C3,T7,TP9,CP5,CP1,Pz,P3,P7,O1,Oz,P8,TP10,CP6,CP2,C4,T8,FT10,FC6,FC2,F4,F8,Fp2,AF7,AF3,AFz,F1,F5,FT7,FC3,FCz,C1,C5,TP7,CP3,P1,P5,PO7,PO3,POz,PO4,PO8,P6,P2,CPz,CP4,TP8,FC4,FT8,F6,F2,AF4,AF8,O2,P4,C6,C2
1.0,0.14641028179638949,-0.6487251740424317,0.10760382177712652,0.18951705228627505,-0.5865539745199637,0.03214257751605877,0.2827408685291973,-0.11256725821197267,0.6064745616769953,-0.038490308138658,-0.03915133398183568,0.036703313967332854,-0.28493547721643114,0.6366053130468422,0.015542965531265383,0.1332311173355137,-0.09404506717305226,0.27242499329309083,0.4414190753816031,-0.2712042483138816,-0.49058245666473627,0.10803099742409886,-0.49058245666473627,0.1900301063579141,0.07557424101256872,-0.5526285409462697,0.21557550589158989,0.2638701762821147,-0.2845035208908384,0.5453241843826478,-0.029483470329774348,-0.04977091614000932,-0.07927962650693907,-0.3508796503532174,0.6683258403414633,-0.009666348766213063,0.19993035739523674,-0.08762062285747288,0.3099846455249692,0.45100363797821513,-0.3354196018903534,0.8147138350643182,0.1399956589054732,-0.6031234183162684,0.1304969280181059,0.09552601739518825,-0.5693223808148278,0.11929203681104078,0.26428966044753793,0.05037140764240898,0.5190101695910101,0.005105382534497136,0.010614657063341228,0.12736748423220737,-0.33657396015305513,0.6722688183067607,0.045601171516661855,0.18961491040245754,-0.035489729878251726,0.3607057985910719,0.3520538269466406,-0.37939871251686075
0.14641028179638949,1.0,-0.1286905292434014,-0.36885173270326593,0.8033363422392122,-0.43678382438980584,-0.07202659964297775,0.019804802536332555,0.1250936041302705,0.10666716608712569,-0.4079105403555717,0.15270071950439004,0.16586031467035997,0.31432829408276236,-0.19783965655488273,-0.6516917256251473,0.029132605708091654,-0.19388617693934096,0.17817048516872971,0.3585871706268241,-0.4183011453880002,-0.18954937332585717,0.6200206842724955,-0.18954937332585717,-0.3741104946489446,0.6324560008315089,-0.43799438066539503,-0.20871418104425513,-0.04957678108538347,0.08486955995866838,0.07768992233223744,-0.3818856538710328,0.19339984821092604,-0.009284169088888348,0.22396672106121965,-0.1949199447001522,-0.6622173052421828,-0.025158330823350145,-0.24177337167780424,0.2706073837295202,0.41002212816834704,-0.4523468619898474,0.08690509594833189,0.8865254793203201,-0.1164084658221555,-0.3636086029342084,0.6712869942389149,-0.4310885064130837,-0.17425608302734985,-0.024357827356465748,0.07554989169841154,0.10529423474117575,-0.4185801081030147,0.1883056703471485,0.03755722995167572,0.21673926706748695,-0.15297363190942734,-0.6129413447012962,0.0656614655822029,-0.25101854504679716,0.26705745069953524,0.4137988093535776,-0.39794827664538907
-0.6487251740424317,-0.1286905292434014,1.0,-0.12837635797081626,-0.23569125561775947,0.6366329937109677,-0.23717751828593212,-0.3182036760840933,0.3306210198311452,-0.6196796403007648,0.16340356003152115,0.1020642989004378,-0.09763190591235227,0.705834642379174,-0.5817494135447324,0.18916845844656438,-0.07045112246832445,0.2558947754221682,0.023250360513627017,-0.44486325979214336,0.18596125675604885,0.8002624870384544,-0.008903245510879005,0.8002624870384544,-0.150234713574556,-0.18020012389035134,0.6350893389494667,-0.35266315048560104,-0.2393711287363238,0.45842713944008806,-0.5739270167680153,0.1266049079406564,0.11429625825948345,0.07937727319756802,0.7306930685485817,-0.5973587017451775,0.21932561626293626,-0.02513766930758083,0.2771086078475329,-0.02667276020218804,-0.5063209205389759,0.1980676962443928,-0.4718945302788553,-0.08742740191475679,0.9174996698070059,-0.1258237216991265,-0.04513262452945291,0.5946554682460495,-0.21376034139721756,-0.2939517320943362,0.07075911445150569,-0.5844696588506937,0.16386684604600854,0.1156827915660901,-0.2930660905094781,0.725334759349994,-0.5976397998377104,0.13581933006769747,-0.02277639117746618,0.24846764117210254,-0.09855776272434734,-0.3758588289640058,0.28181458925679653
0.10760382177712652,-0.36885173270326593,-0.12837635797081626,1.0,-0.2525453561480118,-0.08633702134256929,0.24275672661599124,0.5254866115572798,-0.12185799919370528,0.11231140097872234,0.3063751370367996,-0.11508972565801408,0.2666508617157905,-0.19046627865497012,0.239158157171963,0.16426467767756714,0.5060733655982329,0.011545060144021676,-0.38190776388085185,-0.12662404268115524,0.34892937744781033,-0.09767990782186509,-0.41965549318271794,-0.09767990782186509,0.9313569627620927,-0.38226713976103643,-0.07024664294342378,0.1459889629216279,0.47063691304399685,-0.18863950412485764,0.14262474406499817,0.23092491701717907,-0.1479402553391565,0.12490238442721052,-0.11206757063106654,0.23038441834025797,0.1048333582478647,0.4694611508257197,0.016785580902826582,-0.2978091565832913,-0.12710951489213326,0.273967324669484,0.1389226961558833,-0.3878668459053251,-0.15426708351309665,0.9724270122327635,-0.1815528180516326,-0.10628516808931521,0.12965957410049977,0.5467704122478582,-0.06177431844057758,0.14955730859460867,0.28761100338408274,-0.14110970504291562,0.32124257022125374,-0.15075973704453036,0.206668548219141,0.10967248515620105,0.4117313950876821,-0.00394902199447034,-0.3202948364707367,-0.11975845194609691,0.2247151659395879
0.18951705228627505,0.8033363422392122,-0.23569125561775947,-0.2525453561480118,1.0,-0.3800411769574729,-0.056442323941203965,-0.009951757140808346,0.07671864209841253,0.07948718250284292,-0.3700826750992617,0.10186047476668318,0.29821056798822415,0.07940313301092752,-0.009152667239612285,-0.6449177712023425,0.09795552346699135,-0.1564343507776712,0.11050080008445867,0.28027457075045353,-0.28262932149002545,-0.19839527134006918,0.5567395654892642,-0.19839527134006918,-0.26687687478749367,0.8005380854350717,-0.4164084568227914,-0.1711306188080809,-0.12336541771625589,-0.12642417864038694,0.060259647385454536,-0.3834162686079747,0.11906009059926823,0.04609064542839879,-0.04328777112347204,0.005081713487337731,-0.6692418674418246,0.03247448829895632,-0.1858282984439473,0.20298629750715302,0.31699234360767664,-0.36559594956315156,0.04896308420095818,0.8127378264312254,-0.28677177548614974,-0.27992358184930516,0.9149102140476719,-0.41666215850136756,-0.15215317169891868,-0.04884434004601619,0.04242375181174594,0.029493947794759005,-0.3814132345808362,0.10672924523091665,0.20747291299346593,-0.012683596803148735,0.052385034433475676,-0.6461121820078876,0.09296128609441129,-0.1775979667161,0.20641340050605153,0.32343903833807686,-0.34517304158162526
-0.5865539745199637,-0.43678382438980584,0.6366329937109677,-0.08633702134256929,-0.3800411769574729,1.0,0.023987058041869676,-0.365880812635906,0.35178236692336146,-0.651207923648041,0.3974871350047694,0.2783629240057184,0.026520333754251484,0.22525386386246626,-0.5572186864117563,0.2980895999778205,-0.2701223985854724,0.4146339417288403,-0.11119048125480127,-0.824359616767786,0.5000083298694111,0.5239726316877784,-0.21635538744888716,0.5239726316877784,-0.2296447462087236,-0.31103492306317104,0.9526322244793108,-0.14772943470844377,-0.36628884421468205,0.40129259008193613,-0.648184012697369,0.23714917532847143,0.2244239518587109,0.0928958212915886,0.24144913149017683,-0.5676242538748867,0.3621049533755927,-0.19757510807583561,0.3651296236635328,-0.11701860955341327,-0.8366845811801298,0.5797221776475313,-0.6030156021461125,-0.252054498113139,0.5886307153853253,-0.1548485000231006,-0.22247771020860893,0.980679673276609,-0.1314628920192796,-0.3232697181673017,0.31190951241637527,-0.6703894238799722,0.36559146952894295,0.2379418566583168,-0.06084338278648189,0.23032777122021672,-0.5359835069195032,0.26877186733199665,-0.2068580283214256,0.38257342032355196,-0.0924815860408027,-0.7678926559378787,0.6005683385479589
0.03214257751605877,-0.07202659964297775,-0.23717751828593212,0.24275672661599124,-0.056442323941203965,0.023987058041869676,1.0,0.02792520017941952,-0.5646651333698586,-0.19111332654434204,0.7317724120861373,0.5902458452819536,0.18696878057880267,-0.3566398208437066,-0.1579773575685845,0.036449462043415835,-0.03293603631338666,0.5113505808224136,-0.7052036136554369,-0.24269142726732443,0.33588007748474497,0.01073217839792569,0.06521920646543873,0.01073217839792569,0.22420369217516795,-0.12251417865998979,0.15908383684162472,0.8234209325340212,0.09645037905885756,-0.40915117926281586,-0.17555702649082197,0.7045222070098728,0.5524472258478714,0.22021456831762082,-0.30208320508459746,-0.16198477126321098,0.041225868997264575,-0.029828051008519187,0.5589012320019914,-0.7079472432290951,-0.2652334376156602,0.2626168335804485,-0.03185543946498781,-0.019626718015392806,-0.07766502395883676,0.2876788887373902,-0.0064348268736467255,0.047575543302903506,0.8760845902383513,0.008837207035865182,-0.33282429420701914,-0.2011532352362087,0.7134369228408636,0.45752081679302087,0.36218908642001546,-0.3067083988926386,-0.12017158474889382,-0.017244635093931357,-0.048519603482876685,0.5386385886789318,-0.6338578484713651,-0.3177482221562618,0.2847380334465958
0.2827408685291973,0.019804802536332555,-0.3182036760840933,0.5254866115572798,-0.009951757140808346,-0.365880812635906,0.02792520017941952,1.0,-0.09368371076539826,0.3407293980195657,-0.07453927339019915,-0.09731809291460823,0.13192121952681654,-0.2455640079613183,0.26528411406119007,-0.04267100159189122,0.4464640928790583,-0.1153193785103744,-0.04749801663615151,0.10990133223971722,-0.24083965524876533,-0.39935268294346093,-0.23240072099598544,-0.39935268294346093,0.5091493843284045,-0.057096473305381555,-0.403121683345348,0.02267865099001425,0.9202273243923209,-0.22945116672784485,0.30080944535170334,-0.13124014655362098,-0.09138418962633407,-0.1680745501706155,-0.20960930696068308,0.2617130272477957,-0.10893460973307653,0.4266300947588961,-0.21578863911975069,0.03364243613001618,0.14833350322147518,-0.28921897416826187,0.1864099296597209,-0.022635939359697807,-0.30583941260337755,0.5098584509071189,-0.10805271432726306,-0.39567191266595997,-0.06801877024304837,0.9839163715572097,0.026601567688458866,0.32166610211861973,-0.09906839500944269,-0.07436751830356982,0.08844405122275881,-0.22456013624021845,0.24015036399786877,-0.05216855805061645,0.4132877226117352,-0.18172772309559282,0.07502408094599954,0.11178598538074322,-0.31289790611740964
-0.11256725821197267,0.1250936041302705,0.3306210198311452,-0.12185799919370528,0.07671864209841253,0.35178236692336146,-0.5646651333698586,-0.09368371076539826,1.0,-0.07091340165040104,-0.3907631209322085,-0.18002012416700353,-0.03258492799073212,0.37631674609889143,-0.147149579215259,0.03593433296052877,0.0038506487535600216,-0.255511800470961,0.3312618550773461,-0.21070757241572982,0.13337005731293344,0.04870718034587958,-0.01204339706550261,0.04870718034587958,-0.1900276147153186,0.04480862197513938,0.2300031749770692,-0.6027406496447894,-0.25129117601514844,0.7248923217899778,-0.12551866574191262,-0.4660619095705934,-0.23757974864145134,-0.12144542907626174,0.2505035944905056,-0.16832617019472193,0.02176426288452106,-0.03377524040160325,-0.3298646141283594,0.3835957812570215,-0.18643640134711376,0.20233110006774474,-0.07091075490248733,0.12712107087254654,0.15348404060875218,-0.2129224560896711,0.05163960281354601,0.3298430488116658,-0.7150385673944305,-0.10390238982978102,0.8765880490935585,-0.12002016391359056,-0.4043672842303345,-0.15886817320606275,-0.22793544200954036,0.16563823031365438,-0.13305600721595479,0.019453577147181565,-0.013847496662294125,-0.3322849763753541,0.37851192341543494,-0.18614109283406058,0.19995004262826757
0.6064745616769953,0.10666716608712569,-0.6196796403007648,0.11231140097872234,0.07948718250284292,-0.651207923648041,-0.19111332654434204,0.3407293980195657,-0.07091340165040104,1.0,-0.5167432989761522,-0.531599270484277,-0.07254905996259635,-0.41758407561025424,0.7678785900573546,0.1379285068997405,0.17495878926693073,-0.4174069538398493,0.3720147826116603,0.6975567466613626,-0.2116815175796599,-0.6276242976566726,0.06229104578550863,-0.6276242976566726,0.19585138007682085,0.13954341304923118,-0.6412853821954368,0.020859488810777416,0.2555577614205011,-0.1759179190889037,0.9761955364502707,-0.4896374980378358,-0.5307153566932405,-0.08893996792407441,-0.40888195232397584,0.7264772859436186,0.05511469985720365,0.11384320398375714,-0.44295792116731864,0.39130970899757606,0.749826299873782,-0.2515855219501548,0.6405725911705527,0.04877467407115994,-0.7150726814964604,0.15908758212267002,-0.03588347525500756,-0.6226631316437978,-0.04435630265738077,0.3374094509202164,0.07582696197749704,0.9654386490364586,-0.4952627186530911,-0.515302344815059,0.04875474676375644,-0.40609706440947385,0.7247461015780285,0.14050815343333156,0.11230917721550578,-0.4039690835101281,0.4148987827955937,0.6106796145415081,-0.3074537191557066
-0.038490308138658,-0.4079105403555717,0.16340356003152115,0.3063751370367996,-0.3700826750992617,0.3974871350047694,0.7317724120861373,-0.07453927339019915,-0.3907631209322085,-0.5167432989761522,1.0,0.6855424506810314,0.10976407608888342,-0.10193306916239125,-0.3140778495849121,0.2326683124819138,-0.091213333035505,0.6251626368619627,-0.5947814495128627,-0.5599177877731726,0.4115239573787575,0.37420342409183266,-0.1308463046170079,0.37420342409183266,0.2592305796738619,-0.42680445074297807,0.5116803263560282,0.5532208906141135,0.044079350364938694,-0.17879541776569685,-0.5012901876141476,0.9323843173894156,0.6564783110339858,0.14988171180535464,-0.03767473222212431,-0.2927299204097783,0.27164498065057424,0.028208632019641345,0.6621520719959448,-0.6103150961934114,-0.6346810510551791,0.3747522626356956,-0.1331585009976027,-0.29389898551247423,0.31619169161468735,0.3098614290259945,-0.2157913489749096,0.3982953097858942,0.6455023458909057,-0.07151421861874876,-0.2991829450460525,-0.5271564928387595,0.9831556420673718,0.627704902441203,0.1602704250877067,-0.029871055684313183,-0.279391297503703,0.17464746723171284,0.0020809841491033648,0.6556314734265937,-0.5735625508488632,-0.5991268795986063,0.39048483049355476
-0.03915133398183568,0.15270071950439004,0.1020642989004378,-0.11508972565801408,0.10186047476668318,0.2783629240057184,0.5902458452819536,-0.09731809291460823,-0.18002012416700353,-0.531599270484277,0.6855424506810314,1.0,0.1420902109952611,0.051681982917815464,-0.5106788178833179,-0.1316835050299047,-0.17605706037599766,0.42447049937517817,-0.4497683853530728,-0.4352836497538951,0.08775557458333078,0.17724900965222665,0.32207637983091353,0.17724900965222665,-0.23368825047116135,-0.04355463607277795,0.32411535085896676,0.2389978867296102,-0.0299417309023073,-0.15603430982075742,-0.5661505458379692,0.582256512863755,0.9735510888058453,0.039472831634430376,0.026817307366480414,-0.49191461645106593,-0.10743684668008435,-0.07626473093164415,0.4232294128160323,-0.4339938197944291,-0.4827659219462019,0.08681630945859073,-0.21705954779034844,0.2954202058401733,0.21667856020520998,-0.1637575453289614,0.1412420350730386,0.27027602550158925,0.39210322929165453,-0.11481673950064245,-0.17428806742162523,-0.5859623763731487,0.6549811636216425,0.9608387377774681,0.08729821047992799,-0.010863707114786366,-0.4220417355331948,-0.13992562320249557,-0.04271768303450948,0.3892749589439265,-0.365661255588091,-0.45468552211572927,0.10581786024995286
0.036703313967332854,0.16586031467035997,-0.09763190591235227,0.2666508617157905,0.29821056798822415,0.026520333754251484,0.18696878057880267,0.13192121952681654,-0.03258492799073212,-0.07254905996259635,0.10976407608888342,0.1420902109952611,1.0,-0.018765648912740785,-0.2489033029110604,-0.26352687192852375,-0.2085681816423979,0.4253253359538394,0.005834886152605981,-0.04325596390586013,0.37144824143794486,-0.05473766035913412,0.10301387474549419,-0.05473766035913412,0.2259781694685463,0.3151054790778962,-0.022453231590346824,-0.021410333475267728,0.07626691756239569,-0.05724972436604949,-0.1348871677118233,0.001440873531434611,0.07577755112897058,0.6781835161970063,-0.06779035142984298,-0.21405702162124546,-0.3101970715174814,-0.22019001843540484,0.31314363195751393,0.06451686904951369,-0.06636341919330466,0.35047879830512274,-0.05595099489797833,0.2198027610239026,-0.005703071844972132,0.282614623681725,0.2989810071707019,-0.004422022049171383,0.04886918778343796,0.1000832188977594,-0.030675270938260363,-0.10525364725701797,0.05057845068970766,0.11076823192161105,0.8177965087132515,-0.0713396255035746,-0.2204653796631365,-0.2847747702610879,-0.287512583858842,0.26424443601908887,0.07438678163133139,-0.016649949354494587,0.3228966943965096
-0.28493547721643114,0.31432829408276236,0.705834642379174,-0.19046627865497012,0.07940313301092752,0.22525386386246626,-0.3566398208437066,-0.2455640079613183,0.37631674609889143,-0.41758407561025424,-0.10193306916239125,0.051681982917815464,-0.018765648912740785,1.0,-0.49279550794351656,-0.16267873820333162,0.12254765817298481,0.12152455262892659,0.20645966812265518,-0.0829003991131417,-0.13026745394144257,0.5416331418925925,0.17629012060513397,0.5416331418925925,-0.15424531010690373,0.1310273442225803,0.233680776354776,-0.4156617166510072,-0.2021401753727968,0.47742416053932996,-0.4086042571890472,-0.06441934378976291,0.10391573910930657,0.04573890838671336,0.9697549124477309,-0.4923240990451473,-0.11590302627142432,0.18235437827903747,0.18104730207923403,0.1813133788523651,-0.11034256542562804,-0.12459904927299761,-0.07916277366608082,0.2433301260868651,0.7330742597108584,-0.17419885597210466,0.16995295229877777,0.21154398331671342,-0.3363181630839242,-0.2144413933788622,0.08622351077412412,-0.39062167268685694,-0.09197436792054701,0.1069319490947516,-0.16356726945904213,0.9383628859197766,-0.5307031870014958,-0.14351157734025186,0.17466820993455592,0.12773975661640613,0.07821664922712508,-0.007158983574233412,-0.034392139393029465
0.6366053130468422,-0.19783965655488273,-0.5817494135447324,0.239158157171963,-0.009152667239612285,-0.5572186864117563,-0.1579773575685845,0.26528411406119007,-0.147149579215259,0.7678785900573546,-0.3140778495849121,-0.5106788178833179,-0.2489033029110604,-0.49279550794351656,1.0,0.28357784336738295,0.31568053027426335,-0.4978391086223539,0.23698077550184585,0.5160282755487763,-0.2541109189514398,-0.4719917997770845,-0.10512482767594165,-0.4719917997770845,0.3361532285643012,-0.015321057288247673,-0.5329090637044603,0.14680951994504526,0.21837421714760044,-0.3283366151782241,0.8041867741956377,-0.2765530916637218,-0.5194384721208746,-0.12503871584318998,-0.4758763539707423,0.9813436590222918,0.21430914117806998,0.28326251091007987,-0.4148347475040976,0.23516384524898093,0.5197374310210096,-0.29806279659333174,0.6111377138917948,-0.2084298447348435,-0.6961738059787858,0.2610239032217198,-0.07096612471257575,-0.5360247125902837,0.06763202299084024,0.26590514024580025,-0.010377056271159053,0.7443251815990279,-0.2647687237482199,-0.5197464159097671,-0.026822684111529018,-0.4293514181666138,0.9783712458041148,0.277017075011549,0.260505205906839,-0.352040930073612,0.25340612390829065,0.4152511282746516,-0.3458319268031939
0.015542965531265383,-0.6516917256251473,0.18916845844656438,0.16426467767756714,-0.6449177712023425,0.2980895999778205,0.036449462043415835,-0.04267100159189122,0.03593433296052877,0.1379285068997405,0.2326683124819138,-0.1316835050299047,-0.26352687192852375,-0.16267873820333162,0.28357784336738295,1.0,0.04859947578070608,0.17823326244379595,0.05577318209759932,-0.17018096678034217,0.3022501903860154,0.10594068724254083,-0.3039542065569348,0.10594068724254083,0.22466242541464282,-0.39894085227621806,0.3788466439441139,0.23398139440773041,-0.033343370152650376,0.09794077693749084,0.1540812107566764,0.23112326283752832,-0.13820456657574032,-0.15421373334683786,-0.0786540180525851,0.22888567982811345,0.9743980913917564,0.0827984854883682,0.18848995556540737,-0.07747000153154819,-0.22337236664450197,0.28148786672786663,0.1408943088935882,-0.5763549626479756,0.09250641828885588,0.1754150601584688,-0.5883841613247812,0.34877081672786464,0.15679872104657985,-0.03602744953222928,0.11709351676877973,0.1167909160401577,0.26251917630075405,-0.17549520084729162,-0.22092109738351004,-0.09848035698089004,0.2609974546128841,0.9687644370049292,0.0020087016664698133,0.207795822833895,-0.017661859969814345,-0.24870481578756318,0.3252534941743094
0.1332311173355137,0.029132605708091654,-0.07045112246832445,0.5060733655982329,0.09795552346699135,-0.2701223985854724,-0.03293603631338666,0.4464640928790583,0.0038506487535600216,0.17495878926693073,-0.091213333035505,-0.17605706037599766,-0.2085681816423979,0.12254765817298481,0.31568053027426335,0.04859947578070608,1.0,-0.2792285905982346,-0.22402057314469656,0.12737599601857913,-0.2904354981821551,-0.005715182083079206,-0.22959298763851715,-0.005715182083079206,0.5401592801695589,0.021135875934280082,-0.23742949656458187,0.02324306979378121,0.3575718953850939,-0.029940528363969293,0.20150946404643533,-0.0871599218557899,-0.12854902205740695,-0.4712851042431409,0.15219991332733568,0.2837644674756198,0.024373147755604844,0.9557842480344393,-0.22510394439948458,-0.19688213833587,0.13103702905970263,-0.3726482487075791,0.29425674540801133,-0.1113244549829695,-0.13207157850291182,0.48947454072604785,0.1586823682648111,-0.258169683940021,-0.06067965405169058,0.4687913176930366,-0.013622461180413247,0.20502655013157356,-0.08316105163102931,-0.19590928572631194,-0.1775942080410704,0.14305065982397977,0.2726010882558652,0.024311674152081162,0.9292164007326432,-0.271944416630903,-0.2083074362668608,0.12064418449674348,-0.3644896031675403
-0.09404506717305226,-0.19388617693934096,0.2558947754221682,0.011545060144021676,-0.1564343507776712,0.4146339417288403,0.5113505808224136,-0.1153193785103744,-0.255511800470961,-0.4174069538398493,0.6251626368619627,0.42447049937517817,0.4253253359538394,0.12152455262892659,-0.4978391086223539,0.17823326244379595,-0.2792285905982346,1.0,-0.129944147600367,-0.39976460710285766,0.5088306305866575,0.40904574327369164,0.03680199947125424,0.40904574327369164,0.026823109336793518,-0.012542406090437387,0.4821295734365476,0.4491491398097646,0.02767248519635111,-0.03003579490084919,-0.4595613676018682,0.5974387014127099,0.4088030194254296,0.34033666659867756,0.12886606537389456,-0.46758097384171715,0.2260238277559921,-0.18345805029864298,0.9400859974562675,-0.19278576823459787,-0.432868385108319,0.4424696215773719,-0.10807218601375536,-0.04568012040967792,0.4695535654809131,0.07871248151007697,-0.03080981471712535,0.3963454486429238,0.4792513749267536,-0.1066215731907406,-0.1917479181155795,-0.4482413341025216,0.6087533301554373,0.3609911294567569,0.31760211394925336,0.13336861145138731,-0.4818936348764492,0.15031872342083738,-0.27338503022341654,0.9207210408114862,-0.17563139269629194,-0.38701086045548716,0.4737425133101236
0.27242499329309083,0.17817048516872971,0.023250360513627017,-0.38190776388085185,0.11050080008445867,-0.11119048125480127,-0.7052036136554369,-0.04749801663615151,0.3312618550773461,0.3720147826116603,-0.5947814495128627,-0.4497683853530728,0.005834886152605981,0.20645966812265518,0.23698077550184585,0.05577318209759932,-0.22402057314469656,-0.129944147600367,1.0,0.41103772011956263,-0.16153312013508875,-0.04704080902918601,0.198605537931686,-0.04704080902918601,-0.31420729921439333,0.2669804631856507,-0.17533224120893035,-0.45154514970409304,-0.05055020647836037,0.32957167762109807,0.34376937343391306,-0.5233796998801624,-0.3883311447243744,0.00042813938389915966,0.14814411701011637,0.23873422960522525,0.06690231792247853,-0.1622027966808691,-0.17746970509286442,0.9581598950589808,0.43030064440631804,-0.1550560654683114,0.2702883095127051,0.23541205967035578,-0.0144961251280819,-0.37522458805238457,0.035946401025565775,-0.09854854993756887,-0.494484620376673,-0.008584482507577734,0.19449709428650525,0.3666211666644447,-0.5358067091822353,-0.335952684290142,-0.15267596292651522,0.18719618287252915,0.23998976889556659,0.14932632114616592,-0.1851154801671296,-0.13196130737960735,0.9248724811914485,0.4775558578370227,-0.18555156344013066
0.4414190753816031,0.3585871706268241,-0.44486325979214336,-0.12662404268115524,0.28027457075045353,-0.824359616767786,-0.24269142726732443,0.10990133223971722,-0.21070757241572982,0.6975567466613626,-0.5599177877731726,-0.4352836497538951,-0.04325596390586013,-0.0829003991131417,0.5160282755487763,-0.17018096678034217,0.12737599601857913,-0.39976460710285766,0.41103772011956263,1.0,-0.39219351857307494,-0.34891510853481567,0.3026970362453071,-0.34891510853481567,0.06420170534455305,0.36574578541521746,-0.7580918414057172,-0.030177114410800374,0.12304914704825654,-0.14419277308268325,0.7077151585715887,-0.3663405218874194,-0.3601318061858838,0.006141753232093765,-0.10595693416777255,0.5057631328158965,-0.20817391366955065,0.08768424190452928,-0.34712281191151956,0.34686959370709053,0.9774567330770669,-0.46513568662166427,0.6184933783661656,0.2385474761632102,-0.44434700364147095,-0.06476684172929555,0.20732118038681027,-0.7855019456871598,-0.001877113483346588,0.10086463481568066,-0.31026762318549195,0.7234749727932929,-0.5278285484541286,-0.39151344910951663,-0.02272554583591561,-0.08355637640590935,0.4751308932238138,-0.15776863882235337,0.08814316704546518,-0.3662793851412005,0.2896331914978471,0.959191137937487,-0.5249017708031789
-0.2712042483138816,-0.4183011453880002,0.18596125675604885,0.34892937744781033,-0.28262932149002545,0.5000083298694111,0.33588007748474497,-0.24083965524876533,0.13337005731293344,-0.2116815175796599,0.4115239573787575,0.08775557458333078,0.37144824143794486,-0.13026745394144257,-0.2541109189514398,0.3022501903860154,-0.2904354981821551,0.5088306305866575,-0.16153312013508875,-0.39219351857307494,1.0,0.23039518122833866,-0.10080702335627902,0.23039518122833866,0.2495098912094379,-0.17525993275455545,0.513709756536649,0.20660462200607788,-0.2349670799020539,0.18388916868129643,-0.19781988030120218,0.350612250605283,0.014481810195491687,0.4612161476469219,-0.10572533656304146,-0.27042973319961294,0.30203583628955305,-0.2954640427633251,0.48916326285260164,-0.18193919542386128,-0.3997533694472947,0.959478212899177,-0.17724849620133903,-0.25336229185435183,0.19705871341259534,0.3327284504491473,-0.18294915544982732,0.5010409623840354,0.2415454477973739,-0.21337050017944587,0.16221167341182785,-0.1839978216741548,0.3829143659743288,0.011729256593343772,0.39410517085271973,-0.15899247901080552,-0.2438129786107883,0.23959868383805416,-0.37874645622229386,0.4768196088913534,-0.1977329282014318,-0.36767070301794935,0.934071516938739
-0.49058245666473627,-0.18954937332585717,0.8002624870384544,-0.09767990782186509,-0.19839527134006918,0.5239726316877784,0.01073217839792569,-0.39935268294346093,0.04870718034587958,-0.6276242976566726,0.37420342409183266,0.17724900965222665,-0.05473766035913412,0.5416331418925925,-0.4719917997770845,0.10594068724254083,-0.005715182083079206,0.40904574327369164,-0.04704080902918601,-0.34891510853481567,0.23039518122833866,1.0,-0.08158670530926942,1.0,-0.05753064999847863,-0.19108282757285489,0.5656960715910926,0.012104146903679485,-0.26566476317942567,0.32867398505991025,-0.5735062775189083,0.4303759104728363,0.22045254903811054,0.0865507175599336,0.5753408999878875,-0.46691032310077707,0.18681602186112597,0.06410464583000236,0.4806004085771425,-0.14384692998054568,-0.45400469973404034,0.21180130519834958,-0.33462952431782866,-0.17726463406797158,0.8603950319649901,-0.0779007166624925,0.0824788091900476,0.5105366859035911,0.10251083270762515,-0.3744263663432619,-0.14179015715001822,-0.5736963097811528,0.3922216016654221,0.16660856113012035,-0.2159494207164638,0.610688319801033,-0.47468810779889986,0.040432439340367006,0.040941178006391674,0.423688755904699,-0.21719853249009746,-0.3367471757397823,0.2559497988618726
0.10803099742409886,0.6200206842724955,-0.008903245510879005,-0.41965549318271794,0.5567395654892642,-0.21635538744888716,0.06521920646543873,-0.23240072099598544,-0.01204339706550261,0.06229104578550863,-0.1308463046170079,0.32207637983091353,0.10301387474549419,0.17629012060513397,-0.10512482767594165,-0.3039542065569348,-0.22959298763851715,0.03680199947125424,0.198605537931686,0.3026970362453071,-0.10080702335627902,-0.08158670530926942,1.0,-0.08158670530926942,-0.4357398037950194,0.4671578790622523,-0.16427020284104893,-0.09429442791433584,-0.15659640698555613,0.04812551091598493,0.045095882082810144,-0.12707952889692187,0.3196799938743346,0.24510684023261783,0.11167393319258045,-0.12088784503679657,-0.3440348293445865,-0.26122956937707936,0.07033588676769194,0.22391212042553352,0.2731508010405512,-0.16323019517364454,0.12036811779587464,0.8324696383743376,-0.03412782285082615,-0.40231670246407014,0.47073766153587415,-0.2314134350597768,0.1504137101018658,-0.25927257457042535,-0.1296946752856458,0.03287495956743842,-0.15000512944025945,0.3070012113686065,0.02679263769995356,0.1436955158408491,-0.07414174370144884,-0.31131683534824506,-0.24311462923433352,0.08418484803075833,0.18099038420312297,0.3105323142925867,-0.17213870530572373
-0.49058245666473627,-0.18954937332585717,0.8002624870384544,-0.09767990782186509,-0.19839527134006918,0.5239726316877784,0.01073217839792569,-0.39935268294346093,0.04870718034587958,-0.6276242976566726,0.37420342409183266,0.17724900965222665,-0.05473766035913412,0.5416331418925925,-0.4719917997770845,0.10594068724254083,-0.005715182083079206,0.40904574327369164,-0.04704080902918601,-0.34891510853481567,0.23039518122833866,1.0,-0.08158670530926942,1.0,-0.05753064999847863,-0.19108282757285489,0.5656960715910926,0.012104146903679485,-0.26566476317942567,0.32867398505991025,-0.5735062775189083,0.4303759104728363,0.22045254903811054,0.0865507175599336,0.5753408999878875,-0.46691032310077707,0.18681602186112597,0.06410464583000236,0.4806004085771425,-0.14384692998054568,-0.45400469973404034,0.21180130519834958,-0.33462952431782866,-0.17726463406797158,0.8603950319649901,-0.0779007166624925,0.0824788091900476,0.5105366859035911,0.10251083270762515,-0.3744263663432619,-0.14179015715001822,-0.5736963097811528,0.3922216016654221,0.16660856113012035,-0.2159494207164638,0.610688319801033,-0.47468810779889986,0.040432439340367006,0.040941178006391674,0.423688755904699,-0.21719853249009746,-0.3367471757397823,0.2559497988618726
0.1900301063579141,-0.3741104946489446,-0.150234713574556,0.9313569627620927,-0.26687687478749367,-0.2296447462087236,0.22420369217516795,0.5091493843284045,-0.1900276147153186,0.19585138007682085,0.2592305796738619,-0.23368825047116135,0.2259781694685463,-0.15424531010690373,0.3361532285643012,0.22466242541464282,0.5401592801695589,0.026823109336793518,-0.31420729921439333,0.06420170534455305,0.2495098912094379,-0.05753064999847863,-0.4357398037950194,-0.05753064999847863,1.0,-0.29118118783754504,-0.1467862179834151,0.25682246771835004,0.4926960219364278,-0.14665312693628843,0.2320036119903797,0.2726697794882885,-0.2369594859455087,0.12820403879484307,-0.08217351835219644,0.337112333864142,0.1728513105520669,0.5194820701980827,0.08130563326661559,-0.29672025931094087,0.029054752355042568,0.14508563127856314,0.3288551235596467,-0.4493100753569353,-0.1382466673339793,0.9519379836969837,-0.19879769433179614,-0.23321283166555798,0.20933174716843944,0.5194211055719692,-0.14848654199942504,0.22932090641216105,0.2713536048737125,-0.2585754860190636,0.30397790776835637,-0.10134814950391392,0.28181595913701357,0.17289424314439666,0.4338557794786201,0.04418800433293521,-0.3415662362564996,0.03319577059732625,0.09915839214103694
0.07557424101256872,0.6324560008315089,-0.18020012389035134,-0.38226713976103643,0.8005380854350717,-0.31103492306317104,-0.12251417865998979,-0.057096473305381555,0.04480862197513938,0.13954341304923118,-0.42680445074297807,-0.04355463607277795,0.3151054790778962,0.1310273442225803,-0.015321057288247673,-0.39894085227621806,0.021135875934280082,-0.012542406090437387,0.2669804631856507,0.36574578541521746,-0.17525993275455545,-0.19108282757285489,0.4671578790622523,-0.19108282757285489,-0.29118118783754504,1.0,-0.29307954103716377,-0.11261512495843304,-0.14732565208653206,-0.002755980305185717,0.12979810602786856,-0.3903379187251751,0.003500395289598213,0.0988538164791668,0.034972551597680354,-0.009094379977981923,-0.41271954746156725,0.014320735229087595,-0.03532279014309364,0.24566629678981028,0.39387018742466,-0.2527103028767204,0.11416301568282777,0.624658311929433,-0.17178430023582353,-0.35465946463526565,0.7047192482723376,-0.3054296862450357,-0.12116467493921053,-0.08458889048668759,-0.02873268678977061,0.10750942535469188,-0.43394364155852966,-0.0410565667347744,0.2879018524637572,0.06406177925835325,0.0016965747404273292,-0.36911803073059035,0.009024514868639961,-0.04789127992297028,0.2394942799745352,0.41381650998330705,-0.20184872259410588
-0.5526285409462697,-0.43799438066539503,0.6350893389494667,-0.07024664294342378,-0.4164084568227914,0.9526322244793108,0.15908383684162472,-0.403121683345348,0.2300031749770692,-0.6412853821954368,0.5116803263560282,0.32411535085896676,-0.022453231590346824,0.233680776354776,-0.5329090637044603,0.3788466439441139,-0.23742949656458187,0.4821295734365476,-0.17533224120893035,-0.7580918414057172,0.513709756536649,0.5656960715910926,-0.16427020284104893,0.5656960715910926,-0.1467862179834151,-0.29307954103716377,1.0,0.0017414301701767186,-0.35176340575432025,0.41363047436646766,-0.6147607113717942,0.38896066699722015,0.28931824959138613,0.12850537101393092,0.2685237200105063,-0.5447331525521049,0.44668731129186223,-0.1363078193301764,0.47013072936026645,-0.21247843070088368,-0.7933706901100773,0.5580547858342396,-0.47905428304319486,-0.2686465287843091,0.6137630608806381,-0.11018279267599268,-0.23812547402350892,0.9547973173770078,0.04657121506506423,-0.3601451182852193,0.18217027519163165,-0.6489198376986682,0.4950670674690665,0.2760156816989429,-0.07045568493706245,0.26724580797172026,-0.5203709007479383,0.3417273229093725,-0.15025646599839118,0.4912317001139085,-0.20535661724399523,-0.7103023323408647,0.5925525642661764
0.21557550589158989,-0.20871418104425513,-0.35266315048560104,0.1459889629216279,-0.1711306188080809,-0.14772943470844377,0.8234209325340212,0.02267865099001425,-0.6027406496447894,0.020859488810777416,0.5532208906141135,0.2389978867296102,-0.021410333475267728,-0.4156617166510072,0.14680951994504526,0.23398139440773041,0.02324306979378121,0.4491491398097646,-0.45154514970409304,-0.030177114410800374,0.20660462200607788,0.012104146903679485,-0.09429442791433584,0.012104146903679485,0.25682246771835004,-0.11261512495843304,0.0017414301701767186,1.0,0.09182998670257837,-0.3714765496302827,0.04637681645809997,0.6591968291313319,0.24689068715332807,0.04755642818379676,-0.34073028214950163,0.14488516117812553,0.26586767822958696,0.040660152969984646,0.5434950382335392,-0.5481883721807329,-0.0615702019583349,0.09658753529550922,0.22940257521850743,-0.212658569465827,-0.15494432086224938,0.22909967364743264,-0.14840024833012402,-0.10465715567214015,0.864591844411835,-0.004765416474905836,-0.2971574782175411,0.026479499927970995,0.5811715229043408,0.1147251677713826,0.24165140724508422,-0.305632836557882,0.1471324418466073,0.21311724815106145,-0.030580233202794505,0.5447358518993585,-0.4804642029275282,-0.14255546555475057,0.13669333638380143
0.2638701762821147,-0.04957678108538347,-0.2393711287363238,0.47063691304399685,-0.12336541771625589,-0.36628884421468205,0.09645037905885756,0.9202273243923209,-0.25129117601514844,0.2555577614205011,0.044079350364938694,-0.0299417309023073,0.07626691756239569,-0.2021401753727968,0.21837421714760044,-0.033343370152650376,0.3575718953850939,0.02767248519635111,-0.05055020647836037,0.12304914704825654,-0.2349670799020539,-0.26566476317942567,-0.15659640698555613,-0.26566476317942567,0.4926960219364278,-0.14732565208653206,-0.35176340575432025,0.09182998670257837,1.0,-0.26026916771264136,0.23476517463642438,0.015520850442939169,-0.01786121274503182,-0.06583189085413815,-0.149654547586309,0.24726726613186198,-0.084936770558273,0.3697915074432695,-0.03648552872870528,0.0032227980815902053,0.1415173132657905,-0.27986298233873413,0.22612742405352929,-0.07243729476645451,-0.16005850242888883,0.5065107832487532,-0.18275293131453313,-0.39622525723881646,0.1003654778000881,0.9181794688109051,-0.1828595892806257,0.2682462719275089,0.039178310864945755,0.005374497925026567,0.03288052129616744,-0.15580077665831873,0.19925723262955847,-0.03156381377987324,0.3461253589825269,-0.012611781483520747,0.004578018535450159,0.12669254363390767,-0.32439674139381874
-0.2845035208908384,0.08486955995866838,0.45842713944008806,-0.18863950412485764,-0.12642417864038694,0.40129259008193613,-0.40915117926281586,-0.22945116672784485,0.7248923217899778,-0.1759179190889037,-0.17879541776569685,-0.15603430982075742,-0.05724972436604949,0.47742416053932996,-0.3283366151782241,0.09794077693749084,-0.029940528363969293,-0.03003579490084919,0.32957167762109807,-0.14419277308268325,0.18388916868129643,0.32867398505991025,0.04812551091598493,0.32867398505991025,-0.14665312693628843,-0.002755980305185717,0.41363047436646766,-0.3714765496302827,-0.26026916771264136,1.0,-0.1888303895626776,-0.1472198500287017,-0.1345129924254048,-0.0928363161031685,0.4418372356497047,-0.34369806052671364,0.1288609882344898,-0.004711479176009744,-0.06490969507599041,0.3044183415326278,-0.16809575388724385,0.21084802505497965,-0.036492696845675576,0.04563670997611789,0.4170263862439779,-0.20131409575290535,-0.09653119776560251,0.41679457726834185,-0.43160990169083036,-0.2142735056523011,0.5569568083808923,-0.13771641456281047,-0.16890650480726327,-0.11756994700074491,-0.27451351878875413,0.41943949649126694,-0.35118107138356763,0.10657214627130426,-0.012473456990750623,-0.0782113616761486,0.25626959853750336,-0.0997331642261302,0.212883568138175
0.5453241843826478,0.07768992233223744,-0.5739270167680153,0.14262474406499817,0.060259647385454536,-0.648184012697369,-0.17555702649082197,0.30080944535170334,-0.12551866574191262,0.9761955364502707,-0.5012901876141476,-0.5661505458379692,-0.1348871677118233,-0.4086042571890472,0.8041867741956377,0.1540812107566764,0.20150946404643533,-0.4595613676018682,0.34376937343391306,0.7077151585715887,-0.19781988030120218,-0.5735062775189083,0.045095882082810144,-0.5735062775189083,0.2320036119903797,0.12979810602786856,-0.6147607113717942,0.04637681645809997,0.23476517463642438,-0.1888303895626776,1.0,-0.4660396670850656,-0.5556243789173573,-0.06013264243131548,-0.3721246429977305,0.7681662412389613,0.07629139689602368,0.15099220889604065,-0.4488466460122507,0.35912164744880953,0.7615999483619028,-0.2546544332299053,0.6306559108059442,0.010332770812488859,-0.6884842927916549,0.19719494935535978,-0.03535988159567696,-0.6180482805091287,-0.002391773165620229,0.31131398400429755,0.004993186687051083,0.9811134638838789,-0.46944296032930977,-0.5613477857683263,0.04350767568301934,-0.3609153457555659,0.7642734400419434,0.15530391868371304,0.15784925196469154,-0.39444936780534123,0.3702965898255776,0.6388350198314923,-0.3016653798334858
