Fp1,Fz,F3,F7,FT9,FC5,FC1,C3,T7,TP9,CP5,CP1,Pz,P3,P7,O1,Oz,P8,TP10,CP6,CP2,C4,T8,FT10,FC6,FC2,F4,F8,Fp2,AF7,AF3,AFz,F1,F5,FT7,FC3,FCz,C1,C5,TP7,CP3,P1,P5,PO7,PO3,POz,PO4,PO8,P6,P2,CPz,CP4,TP8,FC4,FT8,F6,F2,AF4,AF8,O2,P4,C6,C2
1.0,0.6135763872052699,0.4018643254768228,0.47344630437531143,-0.04105907817328661,-0.07035409180145799,-0.07844093846668833,0.2620746560063947,0.3937964514386222,0.060632027006954706,0.1617547854693922,0.13083082219388978,-0.048919577396586776,0.3944890862429049,0.37397643166710753,0.1444228473314282,0.18939660603547684,-0.3035235766290339,-0.13244775610920378,0.583450776020611,0.2828609737356662,0.33415660926787066,0.5608927108696772,0.33415660926787066,0.12589381951000955,0.008511975517369545,-0.1188525416750553,-0.12967396615056315,0.4835664896093751,0.33060807404838494,0.0301907899435033,0.11640749363101495,0.07290354734844925,-0.15114621659642985,0.210776225547412,0.22130841402755297,0.17512953196695602,0.2401573531766984,-0.30097103460813285,0.008917630511196288,0.5410121742309099,0.24394971688487482,0.6339919988788862,0.6315478309256618,0.35599032092114447,0.41173998602494166,-0.003925435264820194,-0.028709800522489736,-0.11417212643122158,0.3324094958017127,0.27692199111302757,0.1586535648005345,0.3031359165885231,0.11618233503944099,0.028217843597824026,0.43408991123874857,0.42420341286649854,0.1576874278248765,0.2937586416528658,-0.3335276493126801,-0.04916335830061972,0.43545208977717254,0.26297197077975754
0.6135763872052699,1.0,0.19540878998452177,0.20786017124772974,-0.02780438119785433,-0.20107527050009513,-0.11318560891914098,0.18358355148584493,0.24944654492783994,0.23249025672228193,0.31395983600990973,0.21048934747517534,0.13716036846177634,0.44269447617693825,0.304748405291156,0.1250152093341835,0.31562059726005703,-0.06019129246829555,0.00980409835720404,0.2851153098202872,0.13571228002867644,0.02446010599604207,0.7551185382400109,0.02446010599604207,0.1044270838287334,0.0723258930399616,-0.363965873096145,-0.13734187494281558,0.33799724531823394,0.11529589949209147,0.012358849653857593,0.27928585251510374,0.18328625606645993,0.003847990301591965,0.28034748914664176,0.3595070805803951,-0.037288849424877424,0.35892644553870845,-0.13365234168382556,0.18421613706915185,0.25529552881788814,0.12256785089547347,0.44482150499523043,0.6998758026518079,0.15575246725103656,0.11338361026735172,-0.012485927471720186,-0.2797679176082691,-0.11929598133220576,0.17251538238885505,0.24782924919795987,0.18847907812410394,0.4694474194198688,0.2053152677859936,0.16227503939558213,0.44458111448251686,0.3114328833274568,0.08954246304595241,0.3971458953075152,-0.07025850566400003,0.03134897682300018,0.1768310215340056,0.26032274637463265
0.4018643254768228,0.19540878998452177,1.0,0.4521974372143388,-0.11395773153471787,-0.15099019468388652,0.06515709537777588,0.29888487616716175,0.3770163394621189,0.18666191039976116,-0.24772889095670658,0.24025443670246063,0.04901596054299687,0.5712209391116697,0.3117139562433477,-0.13467003310865172,-0.06498210068449063,-0.006522555645460464,0.22387537178892225,0.4518606818614537,0.3136247578770389,0.8332939893241987,0.2813808796668557,0.8332939893241987,0.41870361534788963,-0.12179620571850845,-0.15435650906346998,-0.07517690236320007,0.3466793676929051,0.45143347699519404,0.1354889397965304,-0.27963785061306967,0.2638480489735058,0.03755715216488978,0.4615827422732448,0.048698004037141036,-0.048725667327499826,-0.06956988092381923,-0.06805389716134323,0.07080035558722544,0.3884149803774301,0.25722826297309953,0.32616868273648536,0.3284970791154147,0.8055361998985626,0.518635715304792,-0.11730780027293593,-0.08857355213652192,-0.060648906928222446,0.44753241293676665,0.31393110807763003,0.16199586567885715,-0.07829262935011883,0.31362157225691484,0.08203504526601248,0.4064752758075808,0.3587278763311829,-0.1361155991532489,0.030308341778259945,-0.146383528877809,0.21540595423308878,0.3130315446956407,0.28185580061871696
0.47344630437531143,0.20786017124772974,0.4521974372143388,1.0,0.237466723144602,0.14047636717331705,0.5339780225432388,0.4196353335250412,0.3419012075255333,0.07302963425891282,-0.06806472099741985,0.32097764877170537,0.11446808246921862,0.3443151404268473,0.351567950617944,0.25534672640179035,-0.008113757961801681,0.31485738990252166,0.2783159564945477,0.3505800219858698,0.21135257407173635,0.47982491272504213,0.1786376918285527,0.47982491272504213,0.7995558721635815,0.18773042221636949,0.08430709925815359,0.39946705501411467,0.4677228167433051,0.21521067928525728,-0.046110840370387034,-0.15196743858095205,0.31493128022038935,0.14313428556921248,0.27373896579484974,0.25640484416735104,0.27642717094563096,0.04030877058734149,0.1871524217912669,0.1078323739204716,0.37499159393235115,0.1674407251011934,0.32698831416919455,0.22859398734325392,0.5145041493679886,0.8899608124714966,0.20409189500420463,0.1698405011764384,0.43982704630889474,0.475172399681223,0.2514715299796674,0.1314067876404508,0.015225284501529766,0.3632370495014632,0.2992705141748188,0.34925315575458443,0.2919582276830709,0.22157846711926318,0.07988132231951407,0.2173413244804028,0.4520374317575769,0.3513232561896498,0.04781859171781304
-0.04105907817328661,-0.02780438119785433,-0.11395773153471787,0.237466723144602,1.0,0.6581591753215875,0.16996178310272347,0.5669526366158929,-0.18061533547879796,0.48633930056571445,0.36845028131985597,0.03653445380290392,0.4711569159453589,-0.016132708263834682,0.35495344650262806,0.5098550992367572,0.40392828022880617,0.32007152525232363,0.2940682964921881,0.25142263392299863,0.2214731671770432,0.14084168531402783,-0.2187528851714478,0.14084168531402783,0.16163508563417323,0.8939683152651725,0.7021196494793911,0.23912368549102872,0.32135414825699005,-0.23527396038652995,0.41784830228032194,0.3670231861142226,0.11691053693545922,0.3788748936513648,-0.08931610827753658,0.5182436336287254,0.4514899751021399,0.42810077337298225,0.5942393930648873,0.22137222246536808,0.3483488710156304,0.18933345393490084,-0.17855112193110148,-0.17796033040574272,0.12038788144395106,0.17183423908716072,0.9676213670595513,0.7016516741187526,0.33400972771426585,0.5301617277800625,-0.17901697316006104,0.43972178660325845,0.3799777155514149,0.1270185379107102,0.5911144624504568,0.12401694937301776,0.34717730494907756,0.5219380739611428,0.43159745669429983,0.5234161319876427,0.49259530475394664,0.35139945740860795,0.14809939535621983
-0.07035409180145799,-0.20107527050009513,-0.15099019468388652,0.14047636717331705,0.6581591753215875,1.0,0.0012463116433382318,0.6052351782032537,-0.14883736089199523,0.35299648984188375,0.2516477109879327,-0.26287702249002237,0.2952249565536743,-0.2140123125961637,0.3320632481307139,0.6264730174949119,0.276217838593685,0.21905904881387306,0.23613199041357247,0.23748610183962143,0.17956701686929183,0.020542770206621958,-0.5551248795899753,0.020542770206621958,0.05723612600377041,0.6047803896226807,0.9213683707809889,0.03143313876567862,0.3647838864146965,-0.11534911720039531,0.27233666476707485,0.24245150694067363,-0.04426663941205742,0.1418709729153476,-0.279892537152706,0.47602625743885313,0.5694620139956578,0.3012627775501985,0.4902705693223332,0.2882866149903618,0.27797903378146843,0.17789336784601395,-0.10609916176545818,-0.4155831048078224,0.01467883648051332,0.06828977382853747,0.6418948055275802,0.9155608448274382,0.12689660749670986,0.5142906682911007,-0.25669609296210183,0.2824398285122969,0.14228823636258395,-0.1831932290924814,0.41197304673302765,-0.09447025484096325,0.36816039527424915,0.5735267366963143,0.33880071433418624,0.42842362872644324,0.35078224299491106,0.3408915207942934,0.12313945319283859
-0.07844093846668833,-0.11318560891914098,0.06515709537777588,0.5339780225432388,0.16996178310272347,0.0012463116433382318,1.0,0.09024425085340099,0.12333945441947394,-0.19163431888989235,-0.23461105418292902,0.49564640787449055,0.004123697686324424,0.06310945642956038,-0.07155247806603704,-0.1555127881626405,-0.04056015222074034,0.47686624577453257,0.4577971003684869,-0.15229311996583147,-0.3000717044133921,0.14560134259003626,0.004220529691926091,0.14560134259003626,0.5069593874762108,0.014703587461666069,-0.030055624198565115,0.9274730368458295,0.012379084967055693,0.04919473264641061,-0.26717408380976354,-0.2731156141464049,0.5344381633607411,0.0640446027418468,0.10884006253393823,-0.09893588897175747,-0.0743954438606454,-0.0655051937062299,0.17068750563247348,0.3301083254049018,-0.07977505700367744,-0.2623005003514521,-0.032263877539359005,0.04667907759588135,0.17297577319768861,0.5090666206368794,0.10959540651223311,-0.02805075528170296,0.9068534612339643,0.115629125869108,0.10432303683279998,-0.12177951624417696,-0.2649123805209064,0.47051541396269997,0.04290468874042731,0.015273093273516647,-0.24822884558718336,-0.1250625203524111,-0.054973762878355745,0.3153551560980989,0.3786732216676866,-0.136294763913206,-0.34173644818041055
0.2620746560063947,0.18358355148584493,0.29888487616716175,0.4196353335250412,0.5669526366158929,0.6052351782032537,0.09024425085340099,1.0,0.13580221450680577,0.45201515392266967,0.4332146120661757,-0.02136577391543632,0.32178808760191563,0.10075160973574955,0.46873142794009076,0.6110409155774722,0.3508667937426741,0.04880521937554375,0.37860584219639154,0.5772026077651261,0.20523306962814575,0.41541037513944706,-0.07292577951416447,0.41541037513944706,0.27183780574274263,0.5327858449869542,0.5431293598435541,0.11267548268610089,0.7292614508421684,0.0972778325101523,0.34512841266873023,0.4063998823504098,0.023637909144719797,0.19736050047946185,-0.01659759217208397,0.4650735913515203,0.5505079842508013,0.3795452812121462,0.22842923444758878,0.39455695866899215,0.5887049509604794,0.26091924963028806,0.15238343767765863,0.00576651048715328,0.47520724274944526,0.38039405286869105,0.5319700599202748,0.595688062886198,0.22008183806913065,0.9423603969209284,0.060100718745559605,0.47805301902793096,0.39609353828101257,0.030513895610294616,0.4932557652672828,0.21680519040420834,0.49985282773463596,0.5998338581025673,0.4308703916620811,0.2436357616020388,0.43641727656554946,0.5601770064529613,0.16783310575597615
0.3937964514386222,0.24944654492783994,0.3770163394621189,0.3419012075255333,-0.18061533547879796,-0.14883736089199523,0.12333945441947394,0.13580221450680577,1.0,-0.020850287112053677,0.030358894665432616,0.2815625079555139,-0.35384603088686656,0.5956892506761025,0.06813828512019054,-0.05192999772979282,-0.2411303527002092,0.19962726622260846,0.23819179929174522,0.3081515921686868,0.15097854412414285,0.29595071111599985,0.38013626315375443,0.29595071111599985,0.21980266975363086,-0.293093019637709,-0.16387251148140083,0.06286532537912243,0.20742103404356538,0.8863217432440472,-0.007089578884038303,-0.020213448186197407,0.2427233512954382,-0.35673016402008617,0.5758579579142158,-0.03214185046697987,-0.04666832334500259,-0.21810206333630042,-0.054138870131480464,0.2140814632846987,0.27746088234600075,0.10608077365017857,0.5859955193996131,0.39618244118788604,0.4570870080042833,0.30165877359521887,-0.2358664349562712,-0.09861111720524945,0.04872122089885886,0.20825088558944843,0.9385732544587698,0.16997178686172743,0.1240828782508194,0.46235286537638454,-0.17008132878934085,0.557014006772737,0.259707411525218,-0.006209609674119574,-0.013610625950512796,0.07072849455015588,0.1308975169478555,0.18770180391336816,0.11264746394581544
0.060632027006954706,0.23249025672228193,0.18666191039976116,0.07302963425891282,0.48633930056571445,0.35299648984188375,-0.19163431888989235,0.45201515392266967,-0.020850287112053677,1.0,0.2052782720476028,-0.15649339263339698,0.27433381467375817,0.2202262935331968,0.47570792423440134,0.3424781882100127,0.1862176163613391,0.015101081289495723,0.36301417799936114,0.3119073363121289,0.21067532612610196,0.2600373830681172,-0.04016807953364112,0.2600373830681172,0.05597893349423038,0.3760296471963279,0.3969808982143503,-0.16607694574713563,0.21892877374027117,-0.13499483611946184,0.8411026751051096,0.17793397793088192,-0.18271285001310295,0.2536503988181633,0.15550187062860807,0.5889720726686704,0.22307540311274746,0.17354021659107774,0.49907431231925486,0.2650758788350242,0.36006196920606914,0.18742337991993185,-0.029415794417459003,-0.07199440380143364,0.30481165610133815,0.08047420006943032,0.49684685764862685,0.43522460332215834,-0.10689344189569373,0.395735197084948,0.025340887402230856,0.797575459535963,0.27736553831394434,-0.10265459126728728,0.3577902263098757,0.3419663037099269,0.4678812673090118,0.3236652585473052,0.25368407602520343,0.2704731473034916,0.4220014592572832,0.38985182503844446,0.1396091404774191
0.1617547854693922,0.31395983600990973,-0.24772889095670658,-0.06806472099741985,0.36845028131985597,0.2516477109879327,-0.23461105418292902,0.4332146120661757,0.030358894665432616,0.2052782720476028,1.0,-0.1145430130616035,0.0944980679284052,-0.11303092462738328,0.08912711560397515,0.48418654417905477,0.19732914067552412,-0.10955093899432349,0.04651368992685869,0.0817705789187715,-0.0008795274799627652,-0.2203597446912195,0.20978982027902593,-0.2203597446912195,-0.3384550739284386,0.3901329998700648,0.17484522867027585,-0.11190519808847792,0.24852362258960514,-0.15089453644043935,0.034941409644559496,0.960908764854991,-0.1881557121814954,-0.024531092586042,-0.2270391647066094,0.20782802418406543,0.45156829945990073,0.2609314949787243,-0.03821365211240384,0.112136027245939,0.09277065915738006,0.08309526318978155,-0.08510443614713961,0.28283369455368607,-0.14105166864225344,-0.30720566656980175,0.3118431900201119,0.17574471143652964,-0.09352431639242202,0.2812287185176203,-0.005483066239636837,0.17951136080066127,0.9149613183030717,-0.0370251689061472,0.23146350809318608,0.052425795106974454,0.19442549943056892,0.4331139299176541,0.2285001213308052,0.06512476413912625,0.20758838865811058,0.11134788500003973,0.10560017277419535
0.13083082219388978,0.21048934747517534,0.24025443670246063,0.32097764877170537,0.03653445380290392,-0.26287702249002237,0.49564640787449055,-0.02136577391543632,0.2815625079555139,-0.15649339263339698,-0.1145430130616035,1.0,-0.002328185817343646,0.3092743259275343,0.14975663231611983,-0.5470825570533032,-0.03604428963771402,0.2677853979002662,0.18136643055179907,0.13658147102875226,-0.00653585547912286,0.2016198764820828,0.3200328636341236,0.2016198764820828,0.40870845987392135,-0.06011962811936023,-0.22855105315129579,0.5205292817775029,0.1722523158518767,0.29834294756127455,-0.22410663675452125,-0.10975596007065154,0.7157285186236102,0.058919971655301336,0.23446079050054414,0.10018659203586391,-0.5090587225260461,-0.06279533050911612,0.10128469979002268,0.07587727522666593,0.16011885721152053,-0.04159973380215382,0.06188287503013454,0.3208774366628385,0.3068923426165872,0.3633795548229766,0.0009566989462707812,-0.22653069749921678,0.48408337241204275,0.0931041146929208,0.30873694581982575,-0.10872671406871706,0.004377983067594666,0.8757225073027345,0.0182295075916971,0.29920309122025646,0.09633533928972421,-0.4966560148559061,0.13556263797611576,0.16667374398390794,0.12965445120945926,0.08356896616883118,-0.028262092481781843
-0.048919577396586776,0.13716036846177634,0.04901596054299687,0.11446808246921862,0.4711569159453589,0.2952249565536743,0.004123697686324424,0.32178808760191563,-0.35384603088686656,0.27433381467375817,0.0944980679284052,-0.002328185817343646,1.0,-0.07616159814883112,0.452994715724378,0.3006253984538515,0.2638001601507597,0.0363759240760277,0.013742298042071052,0.17645729003154634,0.2463957636866269,0.16169898837923766,-0.054133917995380976,0.16169898837923766,0.20246166562177798,0.5227954851785414,0.25261957431458565,-0.004669627704147037,0.11569281215774817,-0.35257065801605214,0.1284325093631741,0.11892625950246336,-0.017560404206544263,0.8476795662655244,-0.16255688349369218,0.47957226091796795,0.1742296288925601,0.32006754842123614,0.19405129287210307,-0.16132596893577503,0.27129981759007954,0.23481459485653064,-0.1949230399447783,-0.13029036694400717,0.10489945237053133,0.11361490389864183,0.4409473031763123,0.31258398042821234,0.026972423469742844,0.27655049699205575,-0.3186110575600132,0.13817573411093592,0.1343783181257406,-0.057088853728012444,0.8722838130407263,0.04059468500178754,0.31758210652475,0.2944005976369334,0.18637122978588946,0.11343066278727358,0.1834752281635582,0.29777486859584096,0.35441003835497886
0.3944890862429049,0.44269447617693825,0.5712209391116697,0.3443151404268473,-0.016132708263834682,-0.2140123125961637,0.06310945642956038,0.10075160973574955,0.5956892506761025,0.2202262935331968,-0.11303092462738328,0.3092743259275343,-0.07616159814883112,1.0,0.2721287425623884,0.0013135865949012034,0.03806842114421346,0.14645145004452484,0.20909000743935538,0.38731979127156135,0.2658579322738777,0.4481273442809528,0.5862060250360873,0.4481273442809528,0.33272979234379957,0.013537275380512989,-0.18060573317130443,0.0031241557684910655,0.37525841460551945,0.49320675252146395,0.23587149994614792,-0.10075171813535433,0.2552869622125383,-0.045463386116275276,0.9533557743317512,0.14238901461513923,-0.03414277104643123,0.0823520356389858,0.06309359239786702,0.13301911935108054,0.3926051207311596,0.1922447564965763,0.7551367780119354,0.5085914298089121,0.5598572109418012,0.4127911172752352,-0.037740138148040406,-0.12728967674675584,0.01314073597317199,0.2730445210816191,0.6209074418726069,0.30281719688961,0.1247356198070969,0.4675359394790104,0.06363982001014858,0.880455602378242,0.33908035248441365,0.0459039677354989,0.17141393872598348,0.03682394842471689,0.14664257405078623,0.2920717535618711,0.3235508718844077
0.37397643166710753,0.304748405291156,0.3117139562433477,0.351567950617944,0.35495344650262806,0.3320632481307139,-0.07155247806603704,0.46873142794009076,0.06813828512019054,0.47570792423440134,0.08912711560397515,0.14975663231611983,0.452994715724378,0.2721287425623884,1.0,0.30029258543478127,0.002319574086915618,-0.1457202894112899,-0.02251497419635192,0.5354881601303791,0.4033324925353993,0.4123505037947962,0.10621599830210883,0.4123505037947962,0.1693629579494672,0.32612438971159674,0.36088997382493626,-0.04998357329193008,0.3924291652358473,0.04395845230425632,0.40783005394911126,0.0940226110091314,0.0716617413604178,0.4631541225964808,0.15163497772159532,0.8534595804834008,0.1631289884537776,0.0423416990459407,0.11622751510630436,-0.0033592696882468235,0.6285547999968909,0.365941417728854,0.24307580658750777,-0.0044317317276680165,0.379431743546926,0.3663374371320732,0.4061035348674479,0.4581710834201143,-0.01619516073668245,0.4838058804180904,-0.007393021696633018,0.46242777726393425,0.2262160064577428,0.04449829034538218,0.545743867577604,0.4346698281226076,0.8829142280474134,0.32137700965428795,0.170364625691161,0.029991149274219496,0.11369558961189975,0.7182529815173698,0.3441218728207973
0.1444228473314282,0.1250152093341835,-0.13467003310865172,0.25534672640179035,0.5098550992367572,0.6264730174949119,-0.1555127881626405,0.6110409155774722,-0.05192999772979282,0.3424781882100127,0.48418654417905477,-0.5470825570533032,0.3006253984538515,0.0013135865949012034,0.30029258543478127,1.0,0.38344586909356626,0.1318060479001825,0.12476468035160933,0.22557749070497227,0.20745975417484064,0.029227903310198287,-0.08004333153209117,0.029227903310198287,0.026943119899971574,0.5570147064119007,0.554611013858409,-0.17336419246370094,0.4399001197088837,-0.1916896374330476,0.3007073833240715,0.4512864868645378,-0.37792316774438667,0.19090940105077747,-0.014262690815859147,0.41009882011322885,0.9015246928241468,0.44393861478662744,0.26082217142192715,0.15166238061017057,0.2762429793512738,0.24445629591684856,0.21561655498797844,-0.06503892335219517,0.03878118151946718,0.10669179448703567,0.49593984904468813,0.6086186539724727,-0.06443634045446953,0.5122241667192909,-0.14203079102544966,0.3783998096814138,0.44770906367400715,-0.4078239675576298,0.5145638259407683,0.1272929637450824,0.36944607056085715,0.9576215333489633,0.3347834809108123,0.2866534451653033,0.3422301440327681,0.2830243504915076,0.1659589567828817
0.18939660603547684,0.31562059726005703,-0.06498210068449063,-0.008113757961801681,0.40392828022880617,0.276217838593685,-0.04056015222074034,0.3508667937426741,-0.2411303527002092,0.1862176163613391,0.19732914067552412,-0.03604428963771402,0.2638001601507597,0.03806842114421346,0.002319574086915618,0.38344586909356626,1.0,0.17943178427046388,0.26117003130844085,0.37843476626567574,0.177190025448205,0.10494053930117672,0.15187285633153574,0.10494053930117672,-0.0026544244544814263,0.5079806493070569,0.24447675527707174,0.032702671319792966,0.3930241438368076,-0.11499226419154174,0.13811950257404587,0.22373608424894253,0.041526828309545856,0.10707891186608491,-0.03098239542042673,0.14033624028188324,0.2782604703919552,0.9608914448568457,0.1939769085117093,0.2650413171765451,0.36660682695246516,0.1734106325744353,0.1028821549576953,0.1215643744061107,0.1800106501610267,0.07610446561148053,0.47996139510320496,0.2625458574483623,0.19423071214935572,0.41217627947964797,-0.24721488359871732,0.2558381732865218,0.31415017428646835,0.038439149595880864,0.34758802704718716,0.13216897418420287,0.19386354668458747,0.4180577115391866,0.9170242332067685,0.32057676886441727,0.28131909692020374,0.1482453521667856,0.22304605415832238
-0.3035235766290339,-0.06019129246829555,-0.006522555645460464,0.31485738990252166,0.32007152525232363,0.21905904881387306,0.47686624577453257,0.04880521937554375,0.19962726622260846,0.015101081289495723,-0.10955093899432349,0.2677853979002662,0.0363759240760277,0.14645145004452484,-0.1457202894112899,0.1318060479001825,0.17943178427046388,1.0,0.5468591920141258,-0.13484532166588553,0.030196292795683827,0.19430613767715704,-0.02416860045306399,0.19430613767715704,0.4195051894491559,0.22396411598985003,0.2119502753690996,0.4225898277685094,-0.008847446181008174,0.19777582913342293,-0.041380443691866074,-0.13631653876574548,0.39687862206527674,0.10096553662795191,0.2330512117840928,0.07914846393060966,0.1363320204927769,0.13836365219013919,0.7195822571642901,0.3904969100720085,-0.06590987116771757,0.02557988413148154,-0.01053204990699823,0.001362638154348103,0.2702531292399319,0.2973070709592138,0.2877329817823455,0.24144023340597215,0.4897316656819926,0.10105824608223259,0.2328640161099834,0.14837669429532588,-0.044733383078840505,0.5037010897844192,0.2610919903723408,0.1525637385377168,-0.060448951686833834,0.1556194254871523,0.234992822126011,0.8820708117237166,0.6176533156361163,-0.1364378869819304,-0.04988100375025091
-0.13244775610920378,0.00980409835720404,0.22387537178892225,0.2783159564945477,0.2940682964921881,0.23613199041357247,0.4577971003684869,0.37860584219639154,0.23819179929174522,0.36301417799936114,0.04651368992685869,0.18136643055179907,0.013742298042071052,0.20909000743935538,-0.02251497419635192,0.12476468035160933,0.26117003130844085,0.5468591920141258,1.0,0.07955091943243743,-0.2573098690006785,0.2601508019567587,-0.05553904295947069,0.2601508019567587,0.29281418649706564,0.08890203784465858,0.20853674755132287,0.43861662694766,0.1507207690120281,0.17259659318145643,0.25001175121237457,-0.004507653982958394,0.1926886599453184,-0.04692984144663268,0.19269047374738002,-0.0034096855984962772,0.12006138052513998,0.1741557943960297,0.4217243479102787,0.769709836252426,0.11130891650720287,-0.249724716149495,-0.036996181068746685,0.03925240595331634,0.48428584625201865,0.25559843076152383,0.28448085606427015,0.2397579394252089,0.5529745499260248,0.4048914359542951,0.26041430801340515,0.482886750077856,0.048177301192259187,0.4021244860949359,0.1923394960407429,0.26365068166039524,0.028914501158028964,0.110824342374805,0.33066277630014285,0.6214122609415933,0.8449076125127133,0.09958742347700034,-0.22288765123776436
0.583450776020611,0.2851153098202872,0.4518606818614537,0.3505800219858698,0.25142263392299863,0.23748610183962143,-0.15229311996583147,0.5772026077651261,0.3081515921686868,0.3119073363121289,0.0817705789187715,0.13658147102875226,0.17645729003154634,0.38731979127156135,0.5354881601303791,0.22557749070497227,0.37843476626567574,-0.13484532166588553,0.07955091943243743,1.0,0.47015530880467077,0.5800379199602692,0.17751003567267148,0.5800379199602692,0.1671150241895925,0.35876110009052536,0.29838086571273315,-0.13156690670081014,0.5714884456148155,0.4318577868163363,0.3802486923948917,0.07408405032591751,0.04230810149528743,0.18309796384934435,0.24774373702642452,0.4005822576473471,0.18041455014122024,0.42036095648373045,0.011792043864086612,0.019031396788588763,0.960752702027562,0.450182644467639,0.41780974580199015,0.19387862449125112,0.6228325776763276,0.46597636357637784,0.28756389130376553,0.3586303369566896,-0.04080240577781961,0.6687724827950413,0.285970285165522,0.5105567858524973,0.250187280774226,0.1536336786394768,0.38861053968253517,0.539678969812765,0.6977007445312362,0.31160627632263777,0.5374678580995355,0.008152122047387654,0.20200162973732064,0.8806233823011169,0.40692481669529346
0.2828609737356662,0.13571228002867644,0.3136247578770389,0.21135257407173635,0.2214731671770432,0.17956701686929183,-0.3000717044133921,0.20523306962814575,0.15097854412414285,0.21067532612610196,-0.0008795274799627652,-0.00653585547912286,0.2463957636866269,0.2658579322738777,0.4033324925353993,0.20745975417484064,0.177190025448205,0.030196292795683827,-0.2573098690006785,0.47015530880467077,1.0,0.5025200433340998,0.21098110289213415,0.5025200433340998,0.2795249123499333,0.3136234098565635,0.29047859257132697,-0.22822857651305156,0.2820880226694542,0.3018941391626852,0.1445579249679959,0.030996731429997947,0.19636637471984816,0.3702890227221254,0.21514101595783836,0.4283206991335184,0.2341124191566839,0.22900860727560146,0.07990812373634867,-0.25768411822033727,0.5379755836643206,0.9611683589305674,0.23732815294866808,0.13853033500364245,0.3740263152705514,0.36058605349935713,0.27301833661666514,0.32976748141643625,-0.25676341924414753,0.3524421793627144,0.15497894910583762,0.15879877822187866,0.24687635233975447,0.10618878853725727,0.32256538970284404,0.35345235077240045,0.5139783003750588,0.2968523469936385,0.27238360740388706,-0.024348038823442063,-0.04933139868419655,0.35992729127622086,0.8291544877333586
0.33415660926787066,0.02446010599604207,0.8332939893241987,0.47982491272504213,0.14084168531402783,0.020542770206621958,0.14560134259003626,0.41541037513944706,0.29595071111599985,0.2600373830681172,-0.2203597446912195,0.2016198764820828,0.16169898837923766,0.4481273442809528,0.4123505037947962,0.029227903310198287,0.10494053930117672,0.19430613767715704,0.2601508019567587,0.5800379199602692,0.5025200433340998,1.0,0.2006788045058103,1.0,0.4166720448717326,0.112459636323134,0.14335568572294916,0.10593662247780886,0.3263259195065283,0.4367175051854778,0.30386066352169677,-0.21512710978065294,0.24850375344950523,0.27620580739197764,0.4033710195470722,0.2407509157480993,0.12733311942019665,0.08703812099010157,0.18814224375293104,0.10969029397034911,0.6029414469396837,0.48821262427556567,0.31676726193672705,0.17865880806226986,0.9198000439071669,0.637112985054641,0.17222850111137178,0.2270776509542739,0.13966849791998878,0.5870405674233261,0.25356086171289943,0.39328225483469575,-0.006129249062501326,0.32571621425226815,0.31139082880666846,0.467076578307006,0.4815978345322403,0.1274890373845497,0.2028027494426086,0.13537333117816572,0.31926149405119203,0.4776583627512196,0.39860347904896337
0.5608927108696772,0.7551185382400109,0.2813808796668557,0.1786376918285527,-0.2187528851714478,-0.5551248795899753,0.004220529691926091,-0.07292577951416447,0.38013626315375443,-0.04016807953364112,0.20978982027902593,0.3200328636341236,-0.054133917995380976,0.5862060250360873,0.10621599830210883,-0.08004333153209117,0.15187285633153574,-0.02416860045306399,-0.05553904295947069,0.17751003567267148,0.21098110289213415,0.2006788045058103,1.0,0.20067880450581035,0.08690055903791287,-0.10483139436150389,-0.5333403248596535,0.03363566013591123,0.18842312274486925,0.27688442684136816,-0.11341141490286802,0.22984045192113955,0.24578371723938255,0.005522816468417202,0.5059630534823817,0.08757919007460606,-0.07639031844404422,0.21679136294971102,-0.2891969586298046,0.04316748152976982,0.20331275985288577,0.2354951638178544,0.5476255112929551,0.8579648548957718,0.28561767394788257,0.20749421710446592,-0.19056449068628944,-0.4727548488636138,-0.011554894079613352,0.05104796765206069,0.42656101988969664,0.07803753879639042,0.4361041121628068,0.4008897744508592,0.021739727622564833,0.6052223807617585,0.13564321445022004,-0.00340360725500015,0.20716540034844913,-0.17022099515124658,-0.05469842616279078,0.03138342785252227,0.3289754453827176
0.33415660926787066,0.02446010599604207,0.8332939893241987,0.47982491272504213,0.14084168531402783,0.020542770206621958,0.14560134259003626,0.41541037513944706,0.29595071111599985,0.2600373830681172,-0.2203597446912195,0.2016198764820828,0.16169898837923766,0.4481273442809528,0.4123505037947962,0.029227903310198287,0.10494053930117672,0.19430613767715704,0.2601508019567587,0.5800379199602692,0.5025200433340998,1.0,0.20067880450581035,1.0,0.4166720448717326,0.112459636323134,0.14335568572294916,0.10593662247780886,0.3263259195065283,0.4367175051854778,0.30386066352169677,-0.21512710978065294,0.24850375344950523,0.27620580739197764,0.4033710195470722,0.2407509157480993,0.12733311942019665,0.08703812099010157,0.18814224375293104,0.10969029397034911,0.6029414469396837,0.48821262427556567,0.31676726193672705,0.17865880806226986,0.9198000439071669,0.637112985054641,0.17222850111137178,0.2270776509542739,0.13966849791998878,0.5870405674233261,0.25356086171289943,0.39328225483469575,-0.006129249062501326,0.32571621425226815,0.31139082880666846,0.467076578307006,0.4815978345322403,0.1274890373845497,0.2028027494426086,0.13537333117816572,0.31926149405119203,0.4776583627512196,0.39860347904896337
0.12589381951000955,0.1044270838287334,0.41870361534788963,0.7995558721635815,0.16163508563417323,0.05723612600377041,0.5069593874762108,0.27183780574274263,0.21980266975363086,0.05597893349423038,-0.3384550739284386,0.40870845987392135,0.20246166562177798,0.33272979234379957,0.1693629579494672,0.026943119899971574,-0.0026544244544814263,0.4195051894491559,0.29281418649706564,0.1671150241895925,0.2795249123499333,0.4166720448717326,0.08690055903791287,0.4166720448717326,1.0,0.12309307239196787,0.006398357375741559,0.4062143784441033,0.34526071317366686,0.17488308082938636,-0.06460984620984639,-0.34914474840818543,0.4090430294205509,0.2666985642610406,0.3196926215126547,0.19027391859974818,0.014948925706802497,0.02997430714994845,0.29288343340227685,0.08149315190915482,0.20223918188200016,0.2399111846540168,0.19451351566022237,0.08547775802876739,0.45233068082235506,0.8270480148232006,0.1353262362033675,0.07009835116755916,0.4352493795743715,0.36895398007956526,0.24265476418927978,0.04037121959002517,-0.21964574372722792,0.4254628066452776,0.26388071127919865,0.27951352967994986,0.09209296299778293,0.013581270974067522,0.06388484770640819,0.2973674987474297,0.3392975107602569,0.15253821985681695,0.174991763889376
0.008511975517369545,0.0723258930399616,-0.12179620571850845,0.18773042221636949,0.8939683152651725,0.6047803896226807,0.014703587461666069,0.5327858449869542,-0.293093019637709,0.3760296471963279,0.3901329998700648,-0.06011962811936023,0.5227954851785414,0.013537275380512989,0.32612438971159674,0.5570147064119007,0.5079806493070569,0.22396411598985003,0.08890203784465858,0.35876110009052536,0.3136234098565635,0.112459636323134,-0.10483139436150389,0.112459636323134,0.12309307239196787,1.0,0.633562114143438,0.08649324312646021,0.38190092934081216,-0.28042289187159986,0.29901960756409823,0.4279767465550945,-0.0018711461864500158,0.49262016903043965,-0.07825920908587385,0.47475290155077554,0.5008707350801973,0.6105679056696143,0.44048256109754885,0.009663320025397942,0.4441333303880018,0.31565845471038884,-0.11866117384585634,-0.07084077910267678,0.06652674604582672,0.18176155413912626,0.8883456051698423,0.6358723851990894,0.19622019407145216,0.5172934182464475,-0.27016495227769804,0.3301023414362272,0.411908935397242,0.014530601927860673,0.6702523186502269,0.15126033599303393,0.3536122772542371,0.5933814872342736,0.5153121276622176,0.4147833160065358,0.365061425720884,0.4067142331808607,0.3325236437443477
-0.1188525416750553,-0.363965873096145,-0.15435650906346998,0.08430709925815359,0.7021196494793911,0.9213683707809889,-0.030055624198565115,0.5431293598435541,-0.16387251148140083,0.3969808982143503,0.17484522867027585,-0.22855105315129579,0.25261957431458565,-0.18060573317130443,0.36088997382493626,0.554611013858409,0.24447675527707174,0.2119502753690996,0.20853674755132287,0.29838086571273315,0.29047859257132697,0.14335568572294916,-0.5333403248596535,0.14335568572294916,0.006398357375741559,0.633562114143438,1.0,0.06703025519677136,0.3101270589327188,-0.08343027275388604,0.42542625684834684,0.19834672151715685,-0.06070765457103522,0.2286015281666435,-0.207999144516144,0.4904105657954859,0.555168999327979,0.26286417495228687,0.5469996726938072,0.23284852182142815,0.38286343481427787,0.29048665965996906,-0.10623598077676097,-0.45775222225014683,0.11057574604047901,0.11921583369986119,0.7128604537078937,0.9765637758978082,0.14492847899223782,0.5202148959849283,-0.22957446090248113,0.4078799945507771,0.11264557951002908,-0.12076919506244335,0.41763979127496376,0.014152646078209678,0.3962565972769449,0.5768227325704914,0.3213962187251063,0.44344875888753,0.3420357614818588,0.4207414661225817,0.16401727391004647
-0.12967396615056315,-0.13734187494281558,-0.07517690236320007,0.39946705501411467,0.23912368549102872,0.03143313876567862,0.9274730368458295,0.11267548268610089,0.06286532537912243,-0.16607694574713563,-0.11190519808847792,0.5205292817775029,-0.004669627704147037,0.0031241557684910655,-0.04998357329193008,-0.17336419246370094,0.032702671319792966,0.4225898277685094,0.43861662694766,-0.13156690670081014,-0.22822857651305156,0.10593662247780886,0.03363566013591123,0.10593662247780886,0.4062143784441033,0.08649324312646021,0.06703025519677136,1.0,-0.04192737285802614,0.02238962333367129,-0.22661044075032083,-0.10952430699196913,0.5529683040233521,0.10160045166736542,0.04686283427687013,-0.017682435615142458,-0.11402335026262582,0.010562236656364892,0.1853794546285116,0.3713633099232996,-0.0329519136832165,-0.1779534943738303,-0.06393813272887355,0.00491130822786272,0.15867444279534018,0.4298988627494381,0.19998313084075423,0.04683119322767595,0.9626758794193934,0.1431041893285749,0.06834868503589314,-0.05890759099758445,-0.14209311330444205,0.5123202141533788,0.05073769140661523,0.061470783015329655,-0.20771514115881648,-0.10133709164062381,0.05148724708155561,0.34868070408955054,0.32429730426344683,-0.10571830603555543,-0.2588408936032831
0.4835664896093751,0.33799724531823394,0.3466793676929051,0.4677228167433051,0.32135414825699005,0.3647838864146965,0.012379084967055693,0.7292614508421684,0.20742103404356538,0.21892877374027117,0.24852362258960514,0.1722523158518767,0.11569281215774817,0.37525841460551945,0.3924291652358473,0.4399001197088837,0.3930241438368076,-0.008847446181008174,0.1507207690120281,0.5714884456148155,0.2820880226694542,0.3263259195065283,0.18842312274486925,0.3263259195065283,0.34526071317366686,0.38190092934081216,0.3101270589327188,-0.04192737285802614,1.0,0.18231542019368643,0.15511152045559934,0.2538225740405886,0.148877214342224,-0.01857994607194097,0.26172311149444455,0.3310761598788667,0.4202115659093638,0.4362797222401511,0.05708474064421035,0.21913180607076813,0.5677257531379771,0.30317982464773285,0.45155313813858167,0.25387228661936584,0.382198122300921,0.49783877025493956,0.331662899826934,0.36512862574593363,0.07926761764725268,0.8123858573929726,0.15049728420990985,0.24625454985890885,0.3130980799317223,0.1990357504401684,0.24931121450666616,0.35988154416801776,0.43582042668254184,0.41749958470479553,0.4383534624745833,0.05218065318834351,0.18049952655819043,0.45773513520741427,0.2496994096944027
0.33060807404838494,0.11529589949209147,0.45143347699519404,0.21521067928525728,-0.23527396038652995,-0.11534911720039531,0.04919473264641061,0.0972778325101523,0.8863217432440472,-0.13499483611946184,-0.15089453644043935,0.29834294756127455,-0.35257065801605214,0.49320675252146395,0.04395845230425632,-0.1916896374330476,-0.11499226419154174,0.19777582913342293,0.17259659318145643,0.4318577868163363,0.3018941391626852,0.4367175051854778,0.27688442684136816,0.4367175051854778,0.17488308082938636,-0.28042289187159986,-0.08343027275388604,0.02238962333367129,0.18231542019368643,1.0,-0.05095319387556199,-0.14831015671333092,0.27984523944372547,-0.3045754152718264,0.4754781510756966,-0.07238877684607563,-0.15359543216690036,-0.10857207616412977,-0.09698192601920953,0.13764823003990723,0.3815102205178402,0.26477694263875384,0.4921190141912102,0.30149283670842547,0.5367965445281411,0.3104194657046448,-0.22953489616459788,-0.02277260696312315,0.021647140664067564,0.2431696892679421,0.8064504842232336,0.11105680601569247,-0.012763474530922985,0.47325541431789947,-0.19453127261894199,0.44398381294229783,0.30222917495574353,-0.0998480958755137,0.1332619513828648,0.06513194088754598,0.06610736269479019,0.24536545463524104,0.27679287068186786
0.0301907899435033,0.012358849653857593,0.1354889397965304,-0.046110840370387034,0.41784830228032194,0.27233666476707485,-0.26717408380976354,0.34512841266873023,-0.007089578884038303,0.8411026751051096,0.034941409644559496,-0.22410663675452125,0.1284325093631741,0.23587149994614792,0.40783005394911126,0.3007073833240715,0.13811950257404587,-0.041380443691866074,0.25001175121237457,0.3802486923948917,0.1445579249679959,0.30386066352169677,-0.11341141490286802,0.30386066352169677,-0.06460984620984639,0.29901960756409823,0.42542625684834684,-0.22661044075032083,0.15511152045559934,-0.05095319387556199,1.0,0.06990807428966629,-0.3210169694148492,0.1849241371080676,0.24975275160161625,0.5095667455952664,0.22416796249990034,0.10178013153101652,0.4976555070630634,0.1698344931252412,0.42188989292807244,0.12547981271663705,0.10426936148944706,-0.16554230886628563,0.32960755296525834,0.01937259771359457,0.44288766684830844,0.45869962824523985,-0.16087444920926242,0.345933861753084,0.04747277498516907,0.8948068068841526,0.1310076787594257,-0.15996299935941952,0.25569665236486494,0.37932226211814196,0.4371079874932822,0.34319159854263676,0.1918751538240448,0.24529514186325402,0.2637119354414821,0.5041562310926686,0.09185297639860691
0.11640749363101495,0.27928585251510374,-0.27963785061306967,-0.15196743858095205,0.3670231861142226,0.24245150694067363,-0.2731156141464049,0.4063998823504098,-0.020213448186197407,0.17793397793088192,0.960908764854991,-0.10975596007065154,0.11892625950246336,-0.10075171813535433,0.0940226110091314,0.4512864868645378,0.22373608424894253,-0.13631653876574548,-0.004507653982958394,0.07408405032591751,0.030996731429997947,-0.21512710978065294,0.22984045192113955,-0.21512710978065294,-0.34914474840818543,0.4279767465550945,0.19834672151715685,-0.10952430699196913,0.2538225740405886,-0.14831015671333092,0.06990807428966629,1.0,-0.21221063942522334,0.041796093627674565,-0.19573098255471186,0.24491892765105688,0.42859269925337945,0.3183581990942323,-0.05681094141093657,0.047136031844542514,0.10980666585830727,0.13561732634711193,-0.06104844425419124,0.2789200311977163,-0.14847349728146297,-0.3266089466977858,0.33662244443120876,0.21043020068791882,-0.08611486728622877,0.29372041275595134,-0.03670394848722371,0.20135242667814618,0.8957486989536353,-0.031211153928906783,0.24060540618132537,0.0752396215062945,0.20511241612561187,0.44180574975365794,0.2601058322534508,0.06382565090289428,0.11808392322592563,0.11242509198272974,0.23994224483366725
