Fp1,Fz,F3,F7,FT9,FC5,FC1,C3,T7,TP9,CP5,CP1,Pz,P3,P7,O1,Oz,P8,TP10,CP6,CP2,C4,T8,FT10,FC6,FC2,F4,F8,Fp2,AF7,AF3,AFz,F1,F5,FT7,FC3,FCz,C1,C5,TP7,CP3,P1,P5,PO7,PO3,POz,PO4,PO8,P6,P2,CPz,CP4,TP8,FC4,FT8,F6,F2,AF4,AF8,O2,P4,C6,C2
1.0,0.6204117144427469,0.47304361787181537,0.33498962574748453,-0.08818355590145446,-0.07307900901322537,-0.10461033516087749,0.04213209329441908,0.11514898062745797,0.08480726191928539,0.0599458408106719,0.30949496246427366,0.3946362761096486,0.48000596226486125,0.046075326681453345,0.12418160827362072,0.3985462544380455,-0.26623200207456166,0.28943430215970906,-0.11655090571386825,0.566866137711854,0.4337404389968049,0.2471208841767746,0.4337404389968049,0.3833458152427436,-0.1744369826428115,-0.2830581093215182,-0.12348321045798812,-0.031167113122325465,0.04151293847230624,-0.16872791369666637,-0.07530715157316911,0.20886699778106907,0.28031410270181273,0.3185343334498347,-0.0020450622264423387,0.04424633076106718,0.30448025870466927,-0.4178277791294352,0.21364733779816333,-0.13450805843135333,0.4995817078247194,0.7945450244575434,0.4577955224851479,0.31872800859526984,0.374644762885347,-0.3043243108275808,-0.1474384705934892,-0.1910214597558379,0.02310496568716189,-0.08483988863469051,0.02141294969700104,-0.10294845144868284,0.2375604576230732,0.21812562518796566,0.3555872966867803,0.12232439693610829,0.05831302177628273,0.3774332419653648,-0.33392286767515494,0.17796376813497086,-0.06464766640560353,0.5193778937538627
0.6204117144427469,1.0,0.11818259444128996,0.5878674368103568,0.33936690396598373,-0.06203300548921676,0.3816419124980321,-0.07128052949826373,-0.058015073818154676,0.3954995387430359,0.07705068541664832,0.5847096542198984,0.5927875563789771,0.5182222764152178,0.43392577172104035,0.4495642688130877,0.16434710107643524,-0.1063146574582833,0.07281306374478023,-0.1996106890091748,0.5972918031102468,0.10841195603504732,0.49530844296051313,0.10841195603504732,0.621785327452315,0.1987653008372433,-0.239212448333568,0.30114090210979183,-0.17115514443960608,-0.041160013251032114,0.13335611490894048,-0.025755781714228577,0.5316014061089593,0.499587851547143,0.3773079604902143,0.4567654415731998,0.2949993796226955,0.05862113184234525,-0.12801562332373065,-0.07700961335319395,0.007502162188029279,0.5271962669121061,0.5893980290539198,0.8085519923723596,-0.11026268453155069,0.6384001351052814,0.18978202321387191,-0.1479501029135514,0.2978773803413832,-0.11397585973541777,-0.25025443554285515,0.2947590403320547,-0.18040960619989646,0.5332330943479243,0.4780578367978574,0.5040490519501768,0.48157154725094464,0.3798175671213353,0.07525155321878899,-0.1558333686791698,-0.1102580141832854,-0.23505390028029957,0.543988944334747
0.47304361787181537,0.11818259444128996,1.0,-0.07420656363071125,-0.46093943896167355,-0.2070199722494305,-0.4858942553150171,-0.004621251588150959,0.24304306918837743,-0.09430322442872682,-0.06630599103093307,-0.05934174441139775,-0.24082720546393668,0.2828658082357609,-0.22484332126651552,-0.5017747086520069,0.5636415009743903,0.08852745679156587,0.33705710773588404,-0.14718892296327565,0.5185795586818117,0.933049600678721,0.15356749580815685,0.933049600678721,0.002977936380273575,-0.5386299105646024,-0.36481284146473203,-0.5238062205913545,-0.004651069495556282,0.18234384828873426,-0.180422978661415,-0.21009575659954532,-0.10640031200250963,-0.29482919728227547,0.22186286224525534,-0.3334823794147659,-0.5844105603875505,0.44154443258554266,-0.10263429080122066,0.380738024085717,-0.540600449180239,0.4854039115323437,0.301835563711131,-0.032923521247953016,0.7347538744327021,-0.12543887102213067,-0.5910344894081951,-0.27754368599865903,-0.6525930383257925,0.0952777752813974,0.17163242955298927,-0.04635212825699011,-0.15206794307287638,-0.05995707900528325,-0.35740618157299003,0.1719913578462039,-0.23484141694311192,-0.5360256687367824,0.4986492258751918,-0.018042590894824653,0.34511863552434113,-0.12695950172997467,0.45063396670649913
0.33498962574748453,0.5878674368103568,-0.07420656363071125,1.0,0.5691664931408861,0.25981411388478315,0.4958903335462369,0.10878341025745078,-0.0737574141020316,0.2154304431923768,-0.032412178916220835,0.33964155615885516,0.37629355866503966,0.07159488665426413,0.4255041860096682,0.4049670222755883,-0.15221692799650832,0.037603388120218316,-0.31387495107632607,0.13028178164985585,0.2310831990110405,-0.15027651768871247,0.12254113942512956,-0.15027651768871247,0.9289119309427047,0.3408602611276446,-0.04196645029929715,0.49329822669357154,-0.03948492660086068,-0.2016782232559473,-0.048972283085371285,-0.16399854411840561,0.2807630975717591,0.20163221461633557,-0.17321692856439452,0.382914542601272,0.29006972526536956,-0.30045820815070146,0.0599702852676335,-0.2877537022636772,0.24737101109251217,0.14534748196932096,0.07564455007530996,0.3448982636882738,-0.12549890277621725,0.8883348520841295,0.3877539724152342,0.020759201593393783,0.46950113348057465,-0.01059583516558922,-0.32314567057348154,0.03738191189403401,-0.20506395229399685,0.2529855669341005,0.2739662209828269,0.034784002236687886,0.37362886641655624,0.3488467118938254,-0.30345070478582525,-0.015267873336101998,-0.2665101982151424,-0.060929801512414866,0.17737068231534103
-0.08818355590145446,0.33936690396598373,-0.46093943896167355,0.5691664931408861,1.0,0.5812846658267751,0.7769746610458342,0.3712824809080512,-0.13929715433689088,0.36319455594207595,0.3586866100278964,0.2652832204457495,0.49614816787011934,-0.1130155604828231,0.4685111960057565,0.5185236505204628,-0.2408793750363179,0.045304610509930836,-0.17004665195100188,0.26250098322313964,-0.15408206922089682,-0.45020049844035104,-0.1047713873520774,-0.45020049844035104,0.4151295626461578,0.8862076617030187,0.4800968103068024,0.7609569109019898,0.3340440106373761,-0.1412969310567309,0.21522618246281605,0.33764181134722315,0.23365354303107627,0.4313175084117481,-0.23614982891964292,0.4972508910781071,0.43770462093261786,-0.27504222468154754,0.24350586483619122,-0.18785141493546104,0.5205179137948862,-0.17277680470645684,-0.14852403614990284,0.26886665754191835,-0.49663003111849935,0.4888973154812951,0.860515028908357,0.48405768218528733,0.7932219221699153,0.3251483093703728,-0.3193118520703192,0.19260010169852004,0.1588082245754923,0.19831021921854794,0.4900311704380821,-0.004019654644529555,0.3903222360281623,0.546627801430949,-0.3002704478562514,0.06253697810604081,-0.185885304386611,0.18017588655038733,-0.1364300357135827
-0.07307900901322537,-0.06203300548921676,-0.2070199722494305,0.25981411388478315,0.5812846658267751,1.0,0.46708786884706593,0.7955983401717164,0.522060880925053,0.3865199593964194,0.5267576457214354,0.19290282341018494,0.3477395315567911,-0.1334182498857864,0.38992834050746694,0.19695558262732749,0.15402599812273787,0.5532257522472419,0.20708899955793142,0.5679004491529616,-0.11856383342882,-0.19244397943683947,-0.19584108597121694,-0.19244397943683947,0.15081189518955654,0.6351439419011025,0.8812419527485049,0.552987294431845,0.7043063424003222,0.4132730414583486,0.254253903364755,0.5443502136561137,0.05541635895325948,0.25525629893676427,-0.23319355073987194,0.3184278424116711,0.14673719569504107,0.12615822892446554,0.6214794342377659,0.31394663636586356,0.537904709207636,-0.1453631823688553,-0.1455353609446575,-0.09639794707837579,-0.061776997544880835,0.13461203246888523,0.3839562164019843,0.8883515126267671,0.4259240562057188,0.696949136726585,0.28197989874068696,0.31116938948313816,0.4089563145096657,0.09862459153067747,0.25778870203812154,-0.14281913566826743,0.2795333730084238,0.27600722937671357,0.1043288302903105,0.5779716785931599,0.33032122612141,0.5796750022665438,-0.10548189717862994
-0.10461033516087749,0.3816419124980321,-0.4858942553150171,0.4958903335462369,0.7769746610458342,0.46708786884706593,1.0,0.2786736510682799,-0.04353240172204054,0.3956714562070976,0.15545596378904614,0.42626083918860663,0.5658935285280953,-0.07240765086742432,0.532579726297875,0.37870659663179407,-0.31457421216322534,0.19651143704056107,-0.046293415164954825,0.10011573795972446,0.0169056548686298,-0.5307566604428677,-0.03703466486172928,-0.5307566604428677,0.41643918466636914,0.7044762126631269,0.39569989803199823,0.9614271830863536,0.15474095829750695,-0.06202500995903976,0.22969266223440415,0.19355685065833425,0.3786687883428203,0.528975756049248,-0.17221320458649741,0.556940930315918,0.34596618668365536,-0.37313354746022337,0.3624713645193809,-0.17469790068579294,0.4234518756094221,0.01686009595992308,-0.04878167988666214,0.3243269178867234,-0.6125188176905648,0.46815885791881395,0.6751083680966398,0.3706059297192513,0.9382977256359616,0.07212048461605797,-0.15964154061462155,0.23949478464060878,-0.026499994517217594,0.34399887355509007,0.5343389149859917,-0.007286795327092328,0.4403426637201098,0.39678740392913964,-0.42221385993388966,0.24175977336932153,-0.18267935486607123,0.023023113792095914,0.030642830211517164
0.04213209329441908,-0.07128052949826373,-0.004621251588150959,0.10878341025745078,0.3712824809080512,0.7955983401717164,0.2786736510682799,1.0,0.5108163186693223,0.4095521718863474,0.5744995616519405,0.12065785728082042,0.1742955221437959,-0.014712470228524399,0.1688981939415418,0.06581677060029321,0.38724004539585793,0.4753000927196684,0.4424327276716778,0.5824055252502917,-0.005917415542396926,0.0021674992493852414,-0.20245524431195094,0.0021674992493852414,0.020548450765258245,0.4231033283461968,0.7800120517779655,0.3423665444277239,0.9410290133865804,0.47451407521736616,0.25579272983558216,0.5459574013829516,-0.057998238206502996,0.10100984076946336,-0.09020563418594163,0.14145609385472194,0.012744536868885926,0.33691788834565306,0.499515803627865,0.5266876192467271,0.4284520096109176,-0.06175806785340011,0.03019560329329654,-0.12999574287227225,0.17434794736295128,-0.005686916301809392,0.24299153090977876,0.8014128354241833,0.23065813179676334,0.8675359257729004,0.30823957852144085,0.34030544445646654,0.4824782066485134,0.03245512372840049,0.1112456577955777,-0.04947052801684565,0.18428652566319287,0.11518208924370632,0.33339590305783795,0.48788404910278904,0.5082853235894431,0.6007710695040636,-0.029974570805046303
0.11514898062745797,-0.058015073818154676,0.24304306918837743,-0.0737574141020316,-0.13929715433689088,0.522060880925053,-0.04353240172204054,0.5108163186693223,1.0,0.4659052105159651,0.39962808415232953,0.2908889498488887,0.13889282639793263,0.01959144451713573,0.32840688224123,-0.0930472337962063,0.6030117880318078,0.6421725040072699,0.40383233423164844,0.2968336131374226,0.19507809038843085,0.2461418086408531,0.16837579356503443,0.2461418086408531,-0.11098316480865773,0.033069482059975806,0.4769603729876477,0.05355491396190697,0.4453007947131025,0.8929646412077876,0.32887316448402654,0.42044396537778067,0.18477056480345486,0.11168393953252516,0.019459855583115592,0.2188435441599472,-0.14416007054364985,0.5772834697957038,0.5520032104165503,0.6024062598616329,0.07315753823330941,0.20372591527671127,0.13882264697491123,0.040811453884397386,0.42355515476413974,-0.04988351370709195,-0.31634869267813964,0.5807208231581239,-0.10014466906004496,0.49356536089788206,0.841951845812179,0.45810961055995447,0.34015733836997347,0.24960138571298987,0.10834896571539937,-0.03855224531479519,0.2406927395586841,-0.015347955189241997,0.5333864241314176,0.6367214606472131,0.6483415009223371,0.4134555440430434,0.2099916508356453
0.08480726191928539,0.3954995387430359,-0.09430322442872682,0.2154304431923768,0.36319455594207595,0.3865199593964194,0.3956714562070976,0.4095521718863474,0.4659052105159651,1.0,0.37179044437071773,0.6595552852241591,0.6065697412662673,0.25276904094779346,0.5591319736011968,0.40270355841779887,0.4151127148750641,0.2641564374797807,0.3301367456198649,0.15225006075890468,0.14436313301853326,-0.07933680778202044,0.25694615703661183,-0.07933680778202044,0.1826984764453192,0.4932477872176848,0.410223260393103,0.41998933809366445,0.32529544965454876,0.5536755382425986,0.8598948401558649,0.41224234492776873,0.5630169821678248,0.6442456665353924,0.23257665051192578,0.5891726743935445,0.2952217229001847,0.3970196518979618,0.40498824031907527,0.38126664956110967,0.19229737514813297,0.14366383956696263,0.275783545900846,0.5256459099942504,-0.07566147031030765,0.3046034814964872,0.25995684777834976,0.4761146183994252,0.38158568806845516,0.3563866582688924,0.31684119778250525,0.916809418720471,0.2348971443256242,0.6298117500953659,0.5960198332125614,0.32116834754992857,0.5382942070039821,0.4985157880030074,0.3699975767243775,0.3113500298423742,0.4099324709552194,0.22516735217794198,0.17295987790770856
0.0599458408106719,0.07705068541664832,-0.06630599103093307,-0.032412178916220835,0.3586866100278964,0.5267576457214354,0.15545596378904614,0.5744995616519405,0.39962808415232953,0.37179044437071773,1.0,0.3416638453121027,0.24683910195633738,0.32629557188166486,0.34336219880431895,0.323107175715356,0.4581120765051712,0.2313886922704891,0.6076754381403534,0.599538236196879,0.008133412466410575,0.05464340896662941,0.2952727703820352,0.05464340896662941,-0.07447495938524812,0.3954412273663244,0.5706767114110399,0.21276224311699446,0.6374345923170089,0.4625882214009286,0.29093263070250175,0.944263361930248,0.2040390951529144,0.25645279310283364,0.30566850241677507,0.3292701855494506,0.28119944853146406,0.5166405960102614,0.34761800780082164,0.6533550280909144,0.569658750733409,0.036590701817741295,0.24740083943566057,0.27304058901618544,0.2806547565477375,0.06843394768507272,0.3847036483363126,0.7116140640507483,0.236380826234323,0.6251224793064633,0.38291766319684784,0.36833380475339933,0.9099926641557603,0.2698284960261045,0.3213555890720664,0.3657850490839938,0.41705471869939476,0.34973692443038246,0.427429893136293,0.30200829411159497,0.627853744413164,0.7021927029895545,0.06016615390219848
0.30949496246427366,0.5847096542198984,-0.05934174441139775,0.33964155615885516,0.2652832204457495,0.19290282341018494,0.42626083918860663,0.12065785728082042,0.2908889498488887,0.6595552852241591,0.3416638453121027,1.0,0.6953626351080419,0.32627484186075006,0.7137303465526345,0.3333950480254042,0.19215374902509214,0.15707689879591372,0.3088610689588735,-0.028595016222311937,0.4016704834037738,-0.03126852286999904,0.5782914044388928,-0.03126852286999904,0.4400192391561428,0.336711433844326,0.15430292753569894,0.43125962376876054,0.03074335534701007,0.3725178489532347,0.5127714093343771,0.3430942644292407,0.9176736917080841,0.6903365916435423,0.250661313886159,0.7477878934356365,0.2749494227726548,0.20198770267231164,0.16056627793760922,0.37177947933332484,0.12792296811799556,0.4679422104578278,0.539727561901282,0.7649373661113914,-0.011748006128318327,0.5727590841076805,0.2714733839023654,0.2599239443057611,0.443436861286623,0.006347606444307568,0.2868923314782391,0.6561543929832856,0.194368543544488,0.9397371044845388,0.7230679770487235,0.3513244288613395,0.7798224139560563,0.3946591592287779,0.19959203031083245,0.20216470482294077,0.3830930639763098,0.05500520702960509,0.48221492513895675
0.3946362761096486,0.5927875563789771,-0.24082720546393668,0.37629355866503966,0.49614816787011934,0.3477395315567911,0.5658935285280953,0.1742955221437959,0.13889282639793263,0.6065697412662673,0.24683910195633738,0.6953626351080419,1.0,0.34130909115620733,0.5718772956821867,0.44291078292085745,0.13742554997687695,-0.0056279960554541,0.19514875641378526,-0.08633024159899805,0.26539177302146566,-0.25110762410651816,0.1414298665385595,-0.25110762410651816,0.38423184318896825,0.5778802948645752,0.2744980190185163,0.5619616885600499,0.08124050416766278,0.19784807038633312,0.4460550383879932,0.31206084132723544,0.6182907851475442,0.9516989926963964,0.2573442175159972,0.6469451108930566,0.38453104438920305,0.14213529876301573,0.07342374823690027,0.13675790264138826,0.21793135889914428,0.2733772293254005,0.5204272432679544,0.6479203890208926,-0.35474006293345195,0.5249329718929454,0.3950372264945544,0.33522001463488893,0.5217200731867933,0.11469823122122719,0.021339188091502526,0.549583580121989,0.014597024863866532,0.6193292427742414,0.9310689737909905,0.3794224493904959,0.5842945203320348,0.4924962824831494,0.09629148030278073,0.03850770811283086,0.14110701910227252,0.024698077486451864,0.32116088351901223
0.48000596226486125,0.5182222764152178,0.2828658082357609,0.07159488665426413,-0.1130155604828231,-0.1334182498857864,-0.07240765086742432,-0.014712470228524399,0.01959144451713573,0.25276904094779346,0.32629557188166486,0.32627484186075006,0.34130909115620733,1.0,0.2409797822614788,0.3463082459800948,0.49267165863779777,-0.1126499296195242,0.4372686559048547,0.02979792923077473,0.38572880541536336,0.2793870667883589,0.6106352501147103,0.2793870667883589,0.20238716799565898,-0.07804515854799844,-0.10668927702540656,-0.07856506754264492,-0.005857004911520981,0.07951241049661444,0.2655380422953321,0.28720784795276105,0.2586916192539855,0.3629184959061222,0.9411510154348985,0.23680727690479053,0.30729479471553717,0.4858339589602482,-0.05838667231901549,0.33617710896357683,0.06867353662438899,0.37636451205086724,0.695610718851682,0.6186627543194224,0.29909250101316465,0.27294629204325194,-0.09414052882799478,-0.023274713779441417,-0.10128747623144131,0.07604706622948991,0.07964505403302106,0.3328343640934952,0.23682033859459198,0.3416178703447423,0.27128726349889054,0.9482744423455346,0.3176052884005456,0.3075242866588071,0.48467615171119904,-0.05684731510764575,0.24916512506865335,0.15082481297742628,0.3697936183013817
0.046075326681453345,0.43392577172104035,-0.22484332126651552,0.4255041860096682,0.4685111960057565,0.38992834050746694,0.532579726297875,0.1688981939415418,0.32840688224123,0.5591319736011968,0.34336219880431895,0.7137303465526345,0.5718772956821867,0.2409797822614788,1.0,0.49007241178831534,0.08205209502869605,0.35897614147830115,0.01594045370737144,0.04989998921592308,0.17962964949990812,-0.1797454444348332,0.5603092892133731,-0.1797454444348332,0.4537738144866843,0.5942584425152835,0.3816963341157125,0.5995970884509257,0.10666242072241067,0.3328890525071722,0.5263994839412663,0.3699148152716589,0.7408515134021615,0.5852815188999584,0.17189112509200205,0.910733052985536,0.45927570810946156,0.0860364739621841,0.4179516182957772,0.16129453023965712,0.31211494569223636,0.22966648270134649,0.2642547206779662,0.6455760277660729,-0.09224616097730823,0.6171504303463162,0.39116592940351264,0.45658024417867493,0.550269530585146,0.15518870733275275,0.36527756058921607,0.5821564881546938,0.21158242343791137,0.7406533698037038,0.5973641480395234,0.2989661960913519,0.8556396302470378,0.5672657184945389,0.09364747221067085,0.41935984579658303,0.19640243129835663,0.156445036116458,0.22788600069121673
0.12418160827362072,0.4495642688130877,-0.5017747086520069,0.4049670222755883,0.5185236505204628,0.19695558262732749,0.37870659663179407,0.06581677060029321,-0.0930472337962063,0.40270355841779887,0.323107175715356,0.3333950480254042,0.44291078292085745,0.3463082459800948,0.49007241178831534,1.0,-0.04506836015527498,-0.14617292273544183,-0.0002794935540212878,0.36453036734802147,-0.09617288918514721,-0.40520166338838326,0.4032417813921288,-0.40520166338838326,0.39263989480792694,0.5308962965565639,0.19145206932707937,0.39534189711446815,0.039708687711433,-0.06978585838031391,0.3221061137938049,0.31652992601109975,0.2813841787137262,0.46338545156194266,0.2835793648046695,0.5271978034541013,0.9340543753877026,-0.034123256997046145,0.029028547981838095,-0.09519151150272638,0.7144798973576078,-0.09849331440661625,0.2633006084875862,0.6078665457645454,-0.24908555472458616,0.5473270755286277,0.5160913753835684,0.2646734341645568,0.537867439337725,0.11358795475027023,-0.14708887241515572,0.29505627594490313,0.28622263140572635,0.3211926789402301,0.4919432219026955,0.4045618841854362,0.5483710818108214,0.952637991019641,-0.032118373493942365,-0.07259884640448833,-0.0803917516063437,0.4100201234030545,-0.0963481740652931
0.3985462544380455,0.16434710107643524,0.5636415009743903,-0.15221692799650832,-0.2408793750363179,0.15402599812273787,-0.31457421216322534,0.38724004539585793,0.6030117880318078,0.4151127148750641,0.4581120765051712,0.19215374902509214,0.13742554997687695,0.49267165863779777,0.08205209502869605,-0.04506836015527498,1.0,0.28724513253006256,0.6530402782279028,0.2049910537988943,0.44757505127948977,0.6150168565068128,0.22359896230406678,0.6150168565068128,-0.10265830617804965,-0.07657803764358691,0.14940859823010025,-0.2382753297012785,0.4072458614288507,0.698914633975728,0.3826923858087865,0.45200474807914515,0.12764926663538168,0.1374362785626317,0.5209438605851631,0.06723463699548408,-0.08324044944680495,0.9661896726238246,0.23339760782706845,0.7756074855689357,-0.05851073951980679,0.43820306150438393,0.4693017180717455,0.28200361507318217,0.5727483868819518,-0.0444499518885467,-0.36529116916177834,0.32236696981992,-0.37897390295478195,0.523704423523527,0.4524150481243291,0.504383342764628,0.3221396007148182,0.24168895071156074,0.07718335530360645,0.4956511074217134,0.16746457969865786,0.04063318162418664,0.921792571895372,0.3210568213379467,0.7839973656813897,0.3811514930501305,0.4517081874140098
-0.26623200207456166,-0.1063146574582833,0.08852745679156587,0.037603388120218316,0.045304610509930836,0.5532257522472419,0.19651143704056107,0.4753000927196684,0.6421725040072699,0.2641564374797807,0.2313886922704891,0.15707689879591372,-0.0056279960554541,-0.1126499296195242,0.35897614147830115,-0.14617292273544183,0.28724513253006256,1.0,0.2766244759177684,0.3293311812246909,0.17483954765757762,0.059080713261401796,0.08890220905356694,0.059080713261401796,0.037833806549948765,0.16525319942000813,0.504925257527663,0.24082200128601017,0.3635145213622342,0.5880508440511429,0.23256227859013429,0.2733406214285368,0.07505572604357054,-0.08097634109470477,-0.10835841532712812,0.21845667009616312,-0.16624747131063466,0.2237875574361422,0.9181135882109577,0.3940789861279239,0.19154831625120694,0.15252823726679354,-0.20561599221624385,-0.10344474135248577,0.12132116900099187,-0.025367915112608296,-0.062307012916675085,0.5290457187874839,0.10833911837089412,0.35530656682265177,0.5652096748144391,0.2936324561001534,0.16432410813071752,0.13420467013324425,-0.022077643549287644,-0.15843113802206,0.1764392792051099,-0.07008577563508513,0.1602754312936211,0.956254842588062,0.41805302440805125,0.35103249017532917,0.13623889263902228
0.28943430215970906,0.07281306374478023,0.33705710773588404,-0.31387495107632607,-0.17004665195100188,0.20708899955793142,-0.046293415164954825,0.4424327276716778,0.40383233423164844,0.3301367456198649,0.6076754381403534,0.3088610689588735,0.19514875641378526,0.4372686559048547,0.01594045370737144,-0.0002794935540212878,0.6530402782279028,0.2766244759177684,1.0,0.3435939452089436,0.2766041955454093,0.38208362735769774,0.1951909442588411,0.38208362735769774,-0.18053401240256217,-0.06980852023054716,0.24250217684700257,-0.050560824819823956,0.43592009897178474,0.5357638382991359,0.274095199025851,0.5893138991554996,0.0884956250112069,0.23684767625667044,0.4705885742573943,0.04790110943512236,-0.007613585541647424,0.6530751748659467,0.2596548380566527,0.8696329111061636,0.20157343430803262,0.30728326310881365,0.517665335082922,0.22099334635796922,0.40444544339419813,-0.17065707325577395,-0.09998397537768265,0.3768838370154444,-0.08675515495099648,0.38472107283710855,0.413522394265786,0.39186811301529073,0.5616575028222583,0.21970726409883434,0.1989177162085057,0.39457761704815536,0.18484143130309258,0.01138910100856174,0.5982790268577565,0.30968622109895666,0.8062014912525625,0.5328763785540424,0.3069258559995285
-0.11655090571386825,-0.1996106890091748,-0.14718892296327565,0.13028178164985585,0.26250098322313964,0.5679004491529616,0.10011573795972446,0.5824055252502917,0.2968336131374226,0.15225006075890468,0.599538236196879,-0.028595016222311937,-0.08633024159899805,0.02979792923077473,0.04989998921592308,0.36453036734802147,0.2049910537988943,0.3293311812246909,0.3435939452089436,1.0,-0.26761720639035963,-0.0752074604857495,0.03630664673234614,-0.0752074604857495,0.03858979517633248,0.18241040354040344,0.47768629501319454,0.12039456038041262,0.5276306631738701,0.19809878540348153,0.02531798959057621,0.5200514665150292,-0.24249692326560734,-0.14637128165982397,-0.06876468291818445,0.013878087256112266,0.2616118515599216,0.1763794906585049,0.439845314733191,0.3707245357564356,0.7964585708401374,-0.2996772081722123,-0.08729211283799754,-0.12703290612892867,0.28540047152416603,0.06902365786280189,0.2838544858881823,0.5566591838518984,0.2504894627063645,0.5089395158462978,0.22189317705430806,0.016077937003125858,0.6751334200844563,-0.16383862704675348,-0.036547037300204026,-0.05281246777182753,0.11839427083022187,0.3278116691952126,0.1417561238295307,0.38815157295026376,0.38993034347433336,0.8984617298375035,-0.30112811169727405
0.566866137711854,0.5972918031102468,0.5185795586818117,0.2310831990110405,-0.15408206922089682,-0.11856383342882,0.0169056548686298,-0.005917415542396926,0.19507809038843085,0.14436313301853326,0.008133412466410575,0.4016704834037738,0.26539177302146566,0.38572880541536336,0.17962964949990812,-0.09617288918514721,0.44757505127948977,0.17483954765757762,0.2766041955454093,-0.26761720639035963,1.0,0.5423657730215169,0.36148162889507895,0.5423657730215169,0.3574167518901774,-0.1741030060281064,-0.26482570137831163,-0.024376883463194894,-0.07592379203985315,0.1581798915062723,-0.02296831733948133,-0.031179559248472075,0.39175265943089693,0.18775671929663454,0.3361673148767615,0.07895166711327574,-0.15130564599632632,0.33594227046917624,0.02679256920735081,0.24475735819775365,-0.23128838223093579,0.9594897810363957,0.512902363268969,0.450644770833733,0.2856404142830828,0.29029027971210486,-0.28367284468335247,-0.13710441434325296,-0.13290003656736088,0.014012690471199815,0.07932439507523871,0.20485125801203902,-0.20944642737644903,0.44188051445119503,0.11181056390743392,0.3471042678602622,0.19506109383708453,-0.15784265632921857,0.369357469291021,0.13366454907154734,0.2792778129967386,-0.27609600687672664,0.9545804633513865
0.4337404389968049,0.10841195603504732,0.933049600678721,-0.15027651768871247,-0.45020049844035104,-0.19244397943683947,-0.5307566604428677,0.0021674992493852414,0.2461418086408531,-0.07933680778202044,0.05464340896662941,-0.03126852286999904,-0.25110762410651816,0.2793870667883589,-0.1797454444348332,-0.40520166338838326,0.6150168565068128,0.059080713261401796,0.38208362735769774,-0.0752074604857495,0.5423657730215169,1.0,0.22154489373435268,1.0,-0.06677635702700352,-0.4908211504105189,-0.3209220374347699,-0.5526789459057251,0.026193364561695784,0.23637776244195613,-0.14335713872148165,-0.07337744843797102,-0.04984265831235565,-0.2727751183612519,0.2544388477317297,-0.28550069866756866,-0.4665893647050254,0.5321298464019998,-0.1122554676355903,0.43685230756650956,-0.4161742143370131,0.543172042278058,0.3304645184774688,0.03129978644305479,0.7676317678426521,-0.14621876830286398,-0.5184184695896072,-0.21595637475601343,-0.6414730532138715,0.14897869279122913,0.21334030485039848,-0.005688868927772173,-0.013407085855944172,0.0075386483460005175,-0.3339038107604048,0.20696027649096568,-0.11313715221269632,-0.4439185046441103,0.5988424469801912,-0.00513475686294829,0.43281401259292535,-0.0343849633892715,0.5125707380055878
0.2471208841767746,0.49530844296051313,0.15356749580815685,0.12254113942512956,-0.1047713873520774,-0.19584108597121694,-0.03703466486172928,-0.20245524431195094,0.16837579356503443,0.25694615703661183,0.2952727703820352,0.5782914044388928,0.1414298665385595,0.6106352501147103,0.5603092892133731,0.4032417813921288,0.22359896230406678,0.08890220905356694,0.1951909442588411,0.03630664673234614,0.36148162889507895,0.22154489373435268,1.0,0.2215448937343528,0.2533891552161941,-0.06026241298876308,-0.15153986305880163,-0.033533004533650636,-0.19258251487685368,0.16166781968280639,0.24955613760654363,0.2271148898802012,0.5686146655453717,0.19268898177378643,0.5568069753732724,0.4678371807602678,0.3429597044046137,0.23379155202788685,0.06471946322910721,0.2245380139780449,0.11813068629220695,0.42454070023252743,0.5177587091702649,0.7152908656996778,0.35266241044178304,0.38241598208891275,-0.07140793650169303,-0.04562550184098775,0.029108280849576895,-0.1264668033383833,0.35565432269264347,0.3237203081355401,0.28432339833675396,0.6186850759540289,0.22253929526061558,0.5804857134319639,0.5742008667987566,0.35665628047368547,0.29163421037362197,0.10941250820806585,0.21772017382832917,0.10519817772646388,0.37742501630941555
0.4337404389968049,0.10841195603504732,0.933049600678721,-0.15027651768871247,-0.45020049844035104,-0.19244397943683947,-0.5307566604428677,0.0021674992493852414,0.2461418086408531,-0.07933680778202044,0.05464340896662941,-0.03126852286999904,-0.25110762410651816,0.2793870667883589,-0.1797454444348332,-0.40520166338838326,0.6150168565068128,0.059080713261401796,0.38208362735769774,-0.0752074604857495,0.5423657730215169,1.0,0.2215448937343528,1.0,-0.06677635702700352,-0.4908211504105189,-0.3209220374347699,-0.5526789459057251,0.026193364561695784,0.23637776244195613,-0.14335713872148165,-0.07337744843797102,-0.04984265831235565,-0.2727751183612519,0.2544388477317297,-0.28550069866756866,-0.4665893647050254,0.5321298464019998,-0.1122554676355903,0.43685230756650956,-0.4161742143370131,0.543172042278058,0.3304645184774688,0.03129978644305479,0.7676317678426521,-0.14621876830286398,-0.5184184695896072,-0.21595637475601343,-0.6414730532138715,0.14897869279122913,0.21334030485039848,-0.005688868927772173,-0.013407085855944172,0.0075386483460005175,-0.3339038107604048,0.20696027649096568,-0.11313715221269632,-0.4439185046441103,0.5988424469801912,-0.00513475686294829,0.43281401259292535,-0.0343849633892715,0.5125707380055878
0.3833458152427436,0.621785327452315,0.002977936380273575,0.9289119309427047,0.4151295626461578,0.15081189518955654,0.41643918466636914,0.020548450765258245,-0.11098316480865773,0.1826984764453192,-0.07447495938524812,0.4400192391561428,0.38423184318896825,0.20238716799565898,0.4537738144866843,0.39263989480792694,-0.10265830617804965,0.037833806549948765,-0.18053401240256217,0.03858979517633248,0.3574167518901774,-0.06677635702700352,0.2533891552161941,-0.06677635702700352,1.0,0.24075311134036426,-0.12279612384923783,0.41800196145577406,-0.12581480067814624,-0.1769085308584076,0.012228032150584245,-0.17584251953481417,0.36828640226253784,0.25433042275749307,-0.006712888800203554,0.4320036301730054,0.3211721545092376,-0.24572499980418108,0.03803743940787659,-0.16541104475006632,0.18325157998747013,0.31665322444593014,0.2318099657723494,0.4404385951109041,-0.06060467542782016,0.9157247112298296,0.314998065227478,-0.04449260661220614,0.38424425539157026,-0.10479529686926886,-0.2839565819624406,0.11206362171268568,-0.22358630824607298,0.37452758021320864,0.29981285867286905,0.1696444809541623,0.4684693093175341,0.3393811944164406,-0.21248022932955418,0.004418870703698075,-0.1509031829380617,-0.0946339555753807,0.3442500468810178
-0.1744369826428115,0.1987653008372433,-0.5386299105646024,0.3408602611276446,0.8862076617030187,0.6351439419011025,0.7044762126631269,0.4231033283461968,0.033069482059975806,0.4932477872176848,0.3954412273663244,0.336711433844326,0.5778802948645752,-0.07804515854799844,0.5942584425152835,0.5308962965565639,-0.07657803764358691,0.16525319942000813,-0.06980852023054716,0.18241040354040344,-0.1741030060281064,-0.4908211504105189,-0.06026241298876308,-0.4908211504105189,0.24075311134036426,1.0,0.6678199913493202,0.7698866580635108,0.43045076223196815,0.10607376982308732,0.4899521760213463,0.48832244213115994,0.3681245100873686,0.5862484243820871,-0.1140534070506083,0.6310993088113754,0.5444816323695743,-0.04517806187055229,0.35432221042792855,-0.0007446846120300646,0.5017702986311843,-0.13245907089969983,-0.08467671927498552,0.3275048792800192,-0.5211199966232107,0.3840372655698808,0.7447099875340016,0.6739749636832951,0.7227730130600859,0.4453408270043684,-0.07625927050381522,0.44332300122977,0.21794261642973986,0.36742304835966577,0.6037887816527889,0.09235602715303023,0.513857501517427,0.6477717473519469,-0.0659824023969088,0.23286989101832228,0.025135839821308455,0.26008935714742293,-0.09609122849011308
-0.2830581093215182,-0.239212448333568,-0.36481284146473203,-0.04196645029929715,0.4800968103068024,0.8812419527485049,0.39569989803199823,0.7800120517779655,0.4769603729876477,0.410223260393103,0.5706767114110399,0.15430292753569894,0.2744980190185163,-0.10668927702540656,0.3816963341157125,0.19145206932707937,0.14940859823010025,0.504925257527663,0.24250217684700257,0.47768629501319454,-0.26482570137831163,-0.3209220374347699,-0.15153986305880163,-0.3209220374347699,-0.12279612384923783,0.6678199913493202,1.0,0.5209155435374682,0.7513893192984233,0.46574399204335737,0.4284141034068588,0.6586951773865846,0.06042886240005425,0.2745699987687668,-0.11077317455767996,0.3377040030108109,0.21273976524723326,0.19853239956790586,0.6229090471946427,0.3560977760847011,0.5142843561844264,-0.24586536729816352,-0.19133934354069732,-0.12397527255778022,-0.13504303764070907,-0.07498272570638292,0.3785421210185331,0.9548194768767385,0.40012528467766884,0.6988449960117161,0.3772927064792397,0.4165963356357033,0.5090827061752466,0.12302582516778415,0.26817422379369255,-0.05699992407820435,0.2849432215917033,0.312715397973932,0.16528709825010646,0.5766497644607645,0.3783350173312283,0.5735490657573864,-0.21434176669444116
-0.12348321045798812,0.30114090210979183,-0.5238062205913545,0.49329822669357154,0.7609569109019898,0.552987294431845,0.9614271830863536,0.3423665444277239,0.05355491396190697,0.41998933809366445,0.21276224311699446,0.43125962376876054,0.5619616885600499,-0.07856506754264492,0.5995970884509257,0.39534189711446815,-0.2382753297012785,0.24082200128601017,-0.050560824819823956,0.12039456038041262,-0.024376883463194894,-0.5526789459057251,-0.033533004533650636,-0.5526789459057251,0.41800196145577406,0.7698866580635108,0.5209155435374682,1.0,0.23381174289339776,0.05114321913577648,0.3065008389655109,0.27373148769539685,0.4142577053439194,0.537912292040443,-0.1662971198039394,0.61734486487952,0.41447462705915594,-0.2754072248140462,0.40161231409413223,-0.1089366350796871,0.45399746534150714,-0.006742613804405513,-0.07064642560531029,0.30578949904157143,-0.587259427633309,0.4835233127791587,0.628415469981293,0.5031560566251252,0.9021215333980753,0.1626851025250549,-0.07290793531441725,0.31656109313121217,0.030947166573817367,0.39408330429739336,0.5296147544493084,0.014973340077821314,0.5044837157034288,0.4591997981812436,-0.335198634695114,0.3134590843586937,-0.09987978020421465,0.09927851922521011,0.014982822864661764
-0.031167113122325465,-0.17115514443960608,-0.004651069495556282,-0.03948492660086068,0.3340440106373761,0.7043063424003222,0.15474095829750695,0.9410290133865804,0.4453007947131025,0.32529544965454876,0.6374345923170089,0.03074335534701007,0.08124050416766278,-0.005857004911520981,0.10666242072241067,0.039708687711433,0.4072458614288507,0.3635145213622342,0.43592009897178474,0.5276306631738701,-0.07592379203985315,0.026193364561695784,-0.19258251487685368,0.026193364561695784,-0.12581480067814624,0.43045076223196815,0.7513893192984233,0.23381174289339776,1.0,0.43577483908128906,0.25485541509484433,0.6192746526290861,-0.07575017394310968,0.05882880689248457,-0.03117354846298614,0.08609445392026567,0.01890015502147741,0.40471723819551336,0.39204807024742333,0.5598555380361334,0.36962154247025086,-0.09862334752250415,0.009851394725230972,-0.1478282442454614,0.23698363658691662,-0.10113024855591925,0.24071558485961417,0.7769447762651703,0.12992956098089445,0.9459094646305398,0.31726984799623476,0.3104217525591284,0.5875871175013974,0.004999516860224516,0.06405562347648376,0.012301584380727272,0.15041328466459844,0.0964046914346083,0.3908884413592816,0.37343309625448945,0.5260769195519898,0.5946816590000512,-0.07423236337365706
0.04151293847230624,-0.041160013251032114,0.18234384828873426,-0.2016782232559473,-0.1412969310567309,0.4132730414583486,-0.06202500995903976,0.47451407521736616,0.8929646412077876,0.5536755382425986,0.4625882214009286,0.3725178489532347,0.19784807038633312,0.07951241049661444,0.3328890525071722,-0.06978585838031391,0.698914633975728,0.5880508440511429,0.5357638382991359,0.19809878540348153,0.1581798915062723,0.23637776244195613,0.16166781968280639,0.23637776244195613,-0.1769085308584076,0.10607376982308732,0.46574399204335737,0.05114321913577648,0.43577483908128906,1.0,0.5228980088579259,0.5335316842893301,0.29412359818353273,0.23047820798440874,0.16540421312032777,0.33889975151015844,-0.046285828040079566,0.7188282167525363,0.5354124031456575,0.7261981776793104,0.04514875630997531,0.21865939149714736,0.20739941808842677,0.16018909636085263,0.30339219776067544,-0.08837404059857638,-0.20040287381948388,0.5822218078588208,-0.09501324422129975,0.45421006403846365,0.7796640725726602,0.626825859183203,0.3748721734663077,0.37385357214759596,0.2354040540276337,0.11358802124348108,0.35530873335096025,0.07231908293179486,0.6435362149936051,0.6284394838115922,0.7562773257104789,0.41416150004236646,0.2380977127885912
-0.16872791369666637,0.13335611490894048,-0.180422978661415,-0.048972283085371285,0.21522618246281605,0.254253903364755,0.22969266223440415,0.25579272983558216,0.32887316448402654,0.8598948401558649,0.29093263070250175,0.5127714093343771,0.4460550383879932,0.2655380422953321,0.5263994839412663,0.3221061137938049,0.3826923858087865,0.23256227859013429,0.274095199025851,0.02531798959057621,-0.02296831733948133,-0.14335713872148165,0.24955613760654363,-0.14335713872148165,0.012228032150584245,0.4899521760213463,0.4284141034068588,0.3065008389655109,0.25485541509484433,0.5228980088579259,1.0,0.44096839853632536,0.5143649182799274,0.5863847748939948,0.34346222112862795,0.5731341039109195,0.3353823248158192,0.4401623580627753,0.42029212463416293,0.396377768271069,0.10297044348702637,0.05464937323599486,0.16498084134207452,0.4386263338113179,-0.12559662332402974,0.1466179210145062,0.21018700665388504,0.4559535899796179,0.25006642971300835,0.28256416816054425,0.3483487224564635,0.9467415481025077,0.2501514715000414,0.5970287552821373,0.5037378320147307,0.40837592857035176,0.49160380098156825,0.48614439820673677,0.44347053500154976,0.3379451906151007,0.42533172694375326,0.19082009002165587,0.08573823696113853
-0.07530715157316911,-0.025755781714228577,-0.21009575659954532,-0.16399854411840561,0.33764181134722315,0.5443502136561137,0.19355685065833425,0.5459574013829516,0.42044396537778067,0.41224234492776873,0.944263361930248,0.3430942644292407,0.31206084132723544,0.28720784795276105,0.3699148152716589,0.31652992601109975,0.45200474807914515,0.2733406214285368,0.5893138991554996,0.5200514665150292,-0.031179559248472075,-0.07337744843797102,0.2271148898802012,-0.07337744843797102,-0.17584251953481417,0.48832244213115994,0.6586951773865846,0.27373148769539685,0.6192746526290861,0.5335316842893301,0.44096839853632536,1.0,0.24507096963340336,0.3681143169913476,0.32400416343849403,0.3874179059200345,0.3400994548564023,0.5531339291126594,0.4258277369978298,0.6578461492158307,0.5698610582183989,0.040140927278849034,0.20052583056509332,0.2724502783879972,0.13193047170335326,0.0004447455695542761,0.38661834929442657,0.7827454319233623,0.28037217759283883,0.6045936073360387,0.44757083574087997,0.4719455590654229,0.8739455398473591,0.32195825763968994,0.40651176535764244,0.3766075713982117,0.43030813016890435,0.39026102673040325,0.4684289867823539,0.39216193520086284,0.6553948866415175,0.6832023015701736,0.07611763399641183
