Fp1,Fz,F3,F7,FT9,FC5,FC1,C3,T7,TP9,CP5,CP1,Pz,P3,P7,O1,Oz,P8,TP10,CP6,CP2,C4,T8,FT10,FC6,FC2,F4,F8,Fp2,AF7,AF3,AFz,F1,F5,FT7,FC3,FCz,C1,C5,TP7,CP3,P1,P5,PO7,PO3,POz,PO4,PO8,P6,P2,CPz,CP4,TP8,FC4,FT8,F6,F2,AF4,AF8,O2,P4,C6,C2
1.0,0.18787907581391317,0.41286240991157114,0.7376854550242604,-0.03193092886409207,0.571700910894862,0.4381274726252471,0.35467582799504205,0.001479854097151512,0.320235501734981,-0.18923443968315184,-0.055476830869125957,0.17170313384753363,0.4737830456808633,0.28879264140536254,-0.24921502004348797,0.37531463609451454,0.6186589934215141,-0.09463602150087805,0.09067688641547031,-0.3955645384602044,0.11810640905577316,-0.14859472753295228,0.11810640905577316,0.6280072989368574,-0.3589668279446625,0.4479592151730295,-0.019957218701018485,0.10091954624495074,0.13040884320346274,-0.07939193600602787,-0.6866963706697848,-0.200210897511038,-0.4415643230822331,0.17621866387832302,-0.029312331762345357,-0.3889322103996789,0.2710237839472972,0.4885523751247839,0.020859551411418105,0.25510401714993947,-0.439155866613082,0.6879879809244093,-0.5614800931996841,0.38530512597569405,0.6888984169367021,-0.6669208326093922,0.3687195852357041,0.3227257731756109,-0.26072499468320126,-0.11370761457785694,0.037750856964679946,-0.3573900570240129,-0.031201018359053107,-0.19227261401838933,0.20066074318104118,-0.20089837499441243,-0.14022850866606104,0.25350363617222194,0.6594853241458747,0.4316389505423012,0.3012845275050142,-0.5875189791815848
0.18787907581391317,1.0,-0.006795639597981485,0.6350719652654071,0.9033853021148069,0.4149019365277209,0.4659727806135429,0.5358610984602037,0.8692409112265169,0.045004575733666334,0.24044736176101367,-0.3059811081051659,0.5352685680731085,0.09236300790117903,0.13775967152712837,-0.09897842816801275,-0.2797101453602095,0.5047984653020671,-0.06617993321371163,0.3996999835076479,-0.02693320635172182,-0.21946735110473273,0.7138353556602087,-0.21946735110473273,0.5246673073362167,0.2942253633430727,0.2686066311296798,-0.12468066042493252,0.3096002144980795,0.5969871505233364,-0.3616753488742352,-0.29200943819463404,-0.633649671971572,0.0436060094830405,0.007564473048003756,-0.1760063876930393,-0.14188535433907146,-0.4100657566996996,0.5767217887530729,-0.36534626443491125,0.31278163243300755,-0.09311953162687828,-0.30699291052287125,0.4092380863390495,-0.24742848143662677,0.3301646231844572,0.32550207913829354,0.43063140778879117,0.26723041845412615,0.0872116551703644,0.43062676679503425,-0.2123649722401656,-0.026441516594071894,-0.41506182113551765,0.2548048348749086,0.1675057852491677,-0.3717794270491338,-0.034394799508522485,-0.39420653166403136,0.4540180025767855,0.10303059352818648,0.4564963507003173,-0.09033436313158776
0.41286240991157114,-0.006795639597981485,1.0,0.39896795959918474,-0.03721467841321421,-0.02151167035565669,0.7846650323940407,0.3821768317940089,-0.3207945015346775,0.9435145525754419,-0.5233949404773615,-0.06984381713138856,0.5847518595672203,0.3650546569043284,-0.4712165478490789,-0.12295505299742532,0.29205468939165324,0.4865285715146024,-0.385645096736795,0.03844238864855569,0.18966204078483662,0.6962644780758853,0.02971032536801,0.6962644780758853,0.5436427260661261,0.03420160454222432,0.09611527234235068,0.7224978025783695,0.5168290843124779,-0.18676382112624407,0.5484103535679075,-0.4182083740744009,0.00027079917856287836,0.5124574817892679,0.028359217518797723,-0.3815825703669902,-0.05258859875607696,0.2767559601769405,0.2571192361197308,-0.35749434658974066,-0.015673346732418922,0.03896767104084415,0.48830645767955205,-0.5264696453323585,0.8410791173244191,0.4665557905422884,-0.2509656258921145,-0.12299246108141128,0.8172257751336982,-0.07284086565803467,-0.6452064322562889,0.8053588813966226,-0.4667428793908248,-0.20160032866024571,0.5465874105625131,-0.04802465988490426,-0.5399091799108381,-0.055052282399552656,0.2136974334526255,0.33881426826887784,0.7771216785414289,0.10917554221818293,-0.059971127936231466
0.7376854550242604,0.6350719652654071,0.39896795959918474,1.0,0.5137267860001022,0.6570185241364506,0.6605709459807819,0.7558149456580908,0.5373396955677177,0.2924840457681015,-0.2213755747651417,-0.3073906264624946,0.6880500494024765,0.6744762265278361,0.11550611794100586,-0.42689633025289436,0.1340154740640028,0.8094467961913827,-0.09173626313999782,0.5883051842904481,-0.09224795659087602,0.1957719247266045,0.26762782773909893,0.1957719247266045,0.8347207131103334,-0.028510569403958772,0.6271726570391672,0.09275736134658831,0.4314882943128653,0.40970915852219486,-0.06544978567988653,-0.8429893715197262,-0.5278247754328628,-0.005926636205427894,0.4203511593272396,-0.36129891699259126,-0.44116990654767785,-0.014808386369634623,0.778828648736198,-0.2482769499219161,0.6012754255951219,-0.19455454423191412,0.39840981161058775,-0.23332755531637314,0.4058058031982784,0.8764572925275085,-0.19275784226872536,0.5268203912889484,0.5331342888179038,-0.013494635224216622,0.21540834232999018,0.047618547274327176,-0.4856981189081161,-0.4178757701266979,0.3114415558711123,0.4965231954731502,-0.5313268201134485,-0.33471588757440685,-0.07778300973191371,0.8088225594237125,0.5105885035170317,0.7074254254277095,-0.31070846488233833
-0.03193092886409207,0.9033853021148069,-0.03721467841321421,0.5137267860001022,1.0,0.23274228359899254,0.5150835542231221,0.5794947047868503,0.8644727454344995,0.02121068320930262,0.04765349717726501,-0.5997858364695532,0.5886772367185702,0.06801400461874307,-0.14898546637729204,-0.3293577102682528,-0.3288939543164507,0.3967998435136219,-0.0775170484963345,0.6253081729319372,0.26673262003957365,-0.15051055820458656,0.7315710726535628,-0.15051055820458656,0.37962699250484216,0.4360114508852234,0.1860424650038034,0.09127117689590694,0.36561167728790056,0.5409901230070191,-0.21674147668490093,-0.35141573610353655,-0.7660781602863862,0.28280453142197437,0.08343605864127018,-0.45332955268749453,-0.23578228501686588,-0.42187987449927666,0.44963373598837053,-0.2949326061932832,0.5199966876558928,0.19438893532131538,-0.37443549199143844,0.4985955714680194,-0.24421753704073385,0.26900099151126033,0.6119264738700095,0.27050752242461734,0.3966081265272684,0.2462980134305943,0.48498740110514743,-0.11371656210431104,-0.19837573459106,-0.6909995621683794,0.41783968735242427,0.20288995062967258,-0.5483328869966466,-0.25568312765095363,-0.45093044120478165,0.30724416899762,0.22342820984787337,0.6136756119591227,0.21165506097646952
0.571700910894862,0.4149019365277209,-0.02151167035565669,0.6570185241364506,0.23274228359899254,1.0,0.11226481148148679,0.36939592601703053,0.4321639498684501,-0.09102038022179541,0.13302716293457847,-0.13546808527186757,0.23626112126609367,0.6915869887081828,0.4110575335171405,-0.2100936736286124,0.13143912323920795,0.38413499852661454,0.38558271393364496,0.2921541004936296,-0.22339734800707264,-0.17572861281979973,0.19837575682824268,-0.17572861281979973,0.652085286604605,0.10167330338624897,0.8944307152795866,-0.39706356106278906,0.3368532976275185,0.3492246762305962,-0.4302836204028564,-0.474939217913903,-0.4691566431638411,-0.3246035554220452,0.5546190182727574,0.12284773689577368,-0.3147602968377597,0.005247943390431865,0.29464512756103906,0.002945142756104772,0.26840756193247867,-0.3373488787346976,0.12372355352007795,-0.22533712990984028,0.07589677807988722,0.43892920258278817,-0.3837088733956806,0.9572389123962903,-0.05885222771493484,0.01667913745392718,0.4298975935470809,-0.34732938278458797,-0.18755464399539307,-0.15746241201722497,-0.28579403047545315,0.671625694507684,-0.2652410470673926,-0.23900252794073654,-0.007287541951024439,0.33000230207019926,0.09420007961802092,0.3604771478574811,-0.37461359090861573
0.4381274726252471,0.4659727806135429,0.7846650323940407,0.6605709459807819,0.5150835542231221,0.11226481148148679,1.0,0.6753729306833935,0.23141572187216514,0.7171937505252457,-0.4217417706504481,-0.5153346342758728,0.7304659208034641,0.3144382027286182,-0.4481788925982493,-0.37655713853725864,0.03834716269548732,0.7023960773887378,-0.4983672113172023,0.38721604943213206,0.2696230033961473,0.5044661236794702,0.28618219841292275,0.5044661236794702,0.5852160159016523,0.09511055599473894,0.1327921253440643,0.6786896923583657,0.4743549720558963,0.07329613830837442,0.24436525344632734,-0.6254551386667485,-0.5401121454239279,0.4924910112499208,0.029798660995180318,-0.6490591222237729,-0.25386258799772804,-0.06535149982226708,0.5374042647286594,-0.47355271435848006,0.3744850426717497,0.1331874999965714,0.3873053418043973,-0.20850541354431196,0.5433233223415245,0.6276642228095279,0.12215127354945818,-0.011625328260992043,0.9650050941130147,0.07499864269977416,-0.22460918893099568,0.5027040020323101,-0.536448955701044,-0.6661179682116524,0.6156339823735729,-0.002073920797392036,-0.7581928906079376,-0.22846862753026095,-0.12950506655207172,0.553837093800158,0.8214091243618795,0.4839378476073546,0.027026965214765785
0.35467582799504205,0.5358610984602037,0.3821768317940089,0.7558149456580908,0.5794947047868503,0.36939592601703053,0.6753729306833935,1.0,0.5445560172816292,0.3315448978585279,-0.16199470534147584,-0.4829110157151916,0.8537660636817771,0.41893690208300444,-0.24117800156009986,-0.7279475553707915,0.216967755357024,0.4126994811470582,-0.009333353202362187,0.6421851283622988,0.5338152044701553,0.06432137862714687,0.1028481209289404,0.06432137862714687,0.47469057553759253,-0.0574462175875562,0.3246066523771278,0.12720645388753432,0.441825809761726,-0.06653561935427099,-0.17452693788809653,-0.7440953297309711,-0.6697152317627075,0.25644400502775283,0.13359035745500145,-0.7201131884709957,-0.7331236212395512,0.06265612558705193,0.4336416434036748,-0.0623934198669751,0.678839274651664,0.4741844768487045,0.28334372292847176,0.1916767166277665,0.2884576636980013,0.8502194644631165,0.3310236867313858,0.3392508214066674,0.6195832098863323,0.5973149762032794,0.41936001426214653,0.15184315429699802,-0.32156767988642904,-0.5770477818372591,0.6161726926288067,0.23755592742164314,-0.659998720381758,-0.6982461156527338,0.05068821658155513,0.41339439183200904,0.3868235162051509,0.7590164972333102,0.34097076622053796
0.001479854097151512,0.8692409112265169,-0.3207945015346775,0.5373396955677177,0.8644727454344995,0.4321639498684501,0.23141572187216514,0.5445560172816292,1.0,-0.349182094592957,0.3513341626287559,-0.36299549302169404,0.4407635992302795,0.15335125844643285,0.2533539232904801,-0.21905472871172513,-0.29198574932136506,0.38645662019471666,-0.01705463210731767,0.5431038003861747,0.056922105944832546,-0.26804598004579755,0.49855987221623305,-0.26804598004579755,0.2706724240157067,0.15148355433764973,0.29161220128363996,-0.265773945893645,0.09165396765091795,0.5247362869868042,-0.5243152969991028,-0.26472721530369003,-0.6913867002378018,-0.002815891093645221,0.16546802292373522,-0.20667700940835207,-0.22256542097345933,-0.45684998340204747,0.5469494211318118,-0.3023109992896312,0.4842110375053465,0.0445900703803663,-0.28223387834835084,0.5053496425781443,-0.3645822966947294,0.332576254888104,0.4833309812123778,0.45108083735779175,0.0807542895248809,0.2332748032849312,0.7194386645234971,-0.5135770226501393,0.059342267373503406,-0.4920462978966327,0.2278646222554703,0.30040222424894053,-0.23768842397039022,-0.190648034886169,-0.4515652112868882,0.39618374372742005,-0.1170715367210999,0.5316636910968979,0.041645793023427774
0.320235501734981,0.045004575733666334,0.9435145525754419,0.2924840457681015,0.02121068320930262,-0.09102038022179541,0.7171937505252457,0.3315448978585279,-0.349182094592957,1.0,-0.5047059057172872,-0.07571155712432767,0.5590099903151713,0.19577863806052295,-0.557425167345872,-0.13023306523227646,0.27973746533016414,0.2936951322722964,-0.19927153167591538,0.0010402538226995336,0.27966260864324816,0.4888761985073987,0.1780932323075026,0.4888761985073987,0.5213200231746972,0.20360361624488063,0.025309320239827925,0.6366983160436853,0.6135220308123381,-0.16996560014318673,0.5490393106576794,-0.33462665286803484,0.019601756998892782,0.491074158545469,-0.10276314422227588,-0.3635436709666272,-0.09373321371109465,0.3193421744799866,0.06600059336357295,-0.1748809704213708,-0.07524639727830343,0.13106060011871504,0.25311071153854653,-0.34366599889345656,0.6776160088454702,0.31424824333596635,-0.15977202064183554,-0.12267409078129896,0.7344984656531284,0.013032795176078096,-0.6180137374455213,0.8799824288817216,-0.41608939636719805,-0.12902364072605368,0.5028335320577417,-0.121072404552985,-0.557574625262539,-0.08552001869463642,0.27975340197195026,0.13635611852860996,0.7098477788745683,0.08262274495300549,0.06858711258816842
-0.18923443968315184,0.24044736176101367,-0.5233949404773615,-0.2213755747651417,0.04765349717726501,0.13302716293457847,-0.4217417706504481,-0.16199470534147584,0.3513341626287559,-0.5047059057172872,1.0,0.4673747653352489,-0.2938226884955987,-0.38727246383300923,0.7196215755229145,0.4513484353773313,0.12200848232199878,-0.22339364188711924,-0.01854958808579941,-0.4943596589380113,-0.24903191976453376,-0.4545135917271068,-0.12830291391424445,-0.4545135917271068,-0.37980274955438736,-0.3577373602077312,-0.23286495819552092,-0.6852898490234439,-0.5801960629374896,-0.030914028111158592,-0.7937327001214117,0.5516960334902633,0.03128364457301559,-0.522416602016433,-0.4477543803081833,0.614472804764446,0.14694740548211727,-0.015203333372779926,-0.08535885521781811,-0.12459215819873529,-0.4852121344528771,-0.1370887341674954,-0.25132555597552053,0.39589228965033607,-0.6388980141230639,-0.2760270167091008,0.09697788036898955,0.174414121321773,-0.5625308334515943,0.06431271635277915,0.3198390000631824,-0.7465929613797929,0.9221830873636464,0.38304092278616053,-0.3453654281201595,-0.34000283385401076,0.6418693371820137,0.3464511404852138,0.13019222848444473,-0.16070721199751392,-0.8188796372506665,-0.5129528423031414,-0.1502059028217626
-0.055476830869125957,-0.3059811081051659,-0.06984381713138856,-0.3073906264624946,-0.5997858364695532,-0.13546808527186757,-0.5153346342758728,-0.4829110157151916,-0.36299549302169404,-0.07571155712432767,0.4673747653352489,1.0,-0.32040864396631336,-0.1504060479004164,0.5744158517454697,0.7372266906403369,0.29500435253672597,-0.1750580282028695,-0.0188842944385958,-0.6834816229253499,-0.5168770636973901,0.04805892516029119,-0.3167283078770371,0.04805892516029119,-0.16968532598732095,-0.3713489461041613,-0.21471943342414876,-0.3653470609909798,-0.37128534463842533,-0.09209437226981387,-0.0037366656524836046,0.5512920504715851,0.839718637519706,-0.34931123271734354,-0.23375729965929223,0.7888512899309275,0.48185263297512904,0.31676005099873294,-0.07408051399908398,-0.08172258730920265,-0.7356070433403592,-0.4394874836453555,0.005545896275760577,-0.19431640386320317,0.023218159528488148,-0.26309818687061054,-0.5008854845882144,-0.12085978096347061,-0.5351212470292035,-0.3968917430939106,-0.38329663016978294,-0.10846004232625574,0.6333301604585928,0.9266681534401193,-0.2197501597376854,-0.226373017078794,0.7932486958267447,0.6120797547084893,0.3874264664887392,-0.05613912143554851,-0.5701844977083365,-0.7271767228061877,-0.43969509746298907
0.17170313384753363,0.5352685680731085,0.5847518595672203,0.6880500494024765,0.5886772367185702,0.23626112126609367,0.7304659208034641,0.8537660636817771,0.4407635992302795,0.5590099903151713,-0.2938226884955987,-0.32040864396631336,1.0,0.5146100315610488,-0.36377649168177606,-0.47248351422843354,0.1799602141034451,0.4924807570776922,-0.0837970749970257,0.6402158744625356,0.4955087053567351,0.3618370488766719,0.37042773465949475,0.3618370488766719,0.6357323080381161,0.24718360793058158,0.34318269753563196,0.39068596989554144,0.679757820555024,0.14418562564270906,0.20734956696160367,-0.620704919203402,-0.43235448431638746,0.5788313369644427,0.2691091430952526,-0.6244508515490835,-0.3955259269845056,0.09561507582331001,0.4675716446450035,-0.29766250679400563,0.4960787088043175,0.36023802347693706,0.08687412424250504,0.05814265719071016,0.5097966486736735,0.6871763963615175,0.30215969986039526,0.24263633900307752,0.7066857210510747,0.36070736153336996,0.10026298211098103,0.4437006759234609,-0.40280945346890634,-0.5021680282221688,0.8422094095268782,0.3423905633718334,-0.6940837950374681,-0.4711539939690325,0.02462425094006413,0.40578150838431065,0.5109089934409743,0.6347195145180238,0.2800702417639055
0.4737830456808633,0.09236300790117903,0.3650546569043284,0.6744762265278361,0.06801400461874307,0.6915869887081828,0.3144382027286182,0.41893690208300444,0.15335125844643285,0.19577863806052295,-0.38727246383300923,-0.1504060479004164,0.5146100315610488,1.0,0.059834525065111686,-0.3166194763200471,0.26526076603735843,0.5686434039631526,0.1304585837743423,0.5609517569224968,-0.0545589201467644,0.46745362619641745,0.0853291098739546,0.46745362619641745,0.7342893162558088,0.1469488338718589,0.8699681348472358,0.18966036108350656,0.526058402105276,0.31344579673386125,0.233646012986656,-0.6802660247874214,-0.20953680862324464,0.17704919305111727,0.8756906861604667,-0.16846605287109553,-0.21386095110043155,0.20573412413575187,0.43881513916648085,-0.17060989777941976,0.44484377255278357,-0.21789631237421975,0.3725699259263053,-0.5902574805595662,0.6752927666717934,0.6051306588503843,-0.39669019086844337,0.5992520996065063,0.3069189425858119,-0.1221449820169234,0.03601192847939027,0.14101799954608502,-0.5897052140061015,-0.27852135393430894,0.2141000697087934,0.857377901339354,-0.4312138515572123,-0.3341805907300028,0.06519083321437517,0.49100040041474124,0.4814211891341626,0.49923730695009044,-0.2815516053985467
0.28879264140536254,0.13775967152712837,-0.4712165478490789,0.11550611794100586,-0.14898546637729204,0.4110575335171405,-0.4481788925982493,-0.24117800156009986,0.2533539232904801,-0.557425167345872,0.7196215755229145,0.5744158517454697,-0.36377649168177606,0.059834525065111686,1.0,0.4442905031406394,0.24145518979070504,0.15851627404821805,-0.016906765196547695,-0.32223885886640746,-0.7279060178295607,-0.23761130496892505,-0.2171072770605858,-0.23761130496892505,-0.028550117153183,-0.48587012141385216,0.1431507802952792,-0.676061907999985,-0.5757702436980047,0.3038876036408594,-0.5611950352383568,0.18736749869140484,0.20690713875780165,-0.7817048037644992,0.015362463525306574,0.7621031418845576,0.16180212636885247,0.11938501754875114,0.27421331834759455,-0.09726626277195248,-0.27735263955423023,-0.6328904699856911,0.103255524600362,-0.1300324863868653,-0.3275516910277369,0.0002691905462492651,-0.45687048866299307,0.32472731682295325,-0.5893548377064546,-0.41148359895336917,0.18416211909221927,-0.7683500077017469,0.5696830853190754,0.5056992291500735,-0.532486627652238,0.07599111264307329,0.7153524633043242,0.3917962047613697,0.17675336757388382,0.2958211007611136,-0.6171037396377961,-0.3346097397958629,-0.6808243450216592
-0.24921502004348797,-0.09897842816801275,-0.12295505299742532,-0.42689633025289436,-0.3293577102682528,-0.2100936736286124,-0.37655713853725864,-0.7279475553707915,-0.21905472871172513,-0.13023306523227646,0.4513484353773313,0.7372266906403369,-0.47248351422843354,-0.3166194763200471,0.4442905031406394,1.0,-0.23123753043354506,-0.022873689398918557,-0.28631598452883705,-0.7321894021074463,-0.6624581557233319,0.12514002883481332,0.08353153166007136,0.12514002883481332,-0.18319913691346007,-0.030246080357332648,-0.2783305546735928,-0.12018999047202837,-0.3597482077847251,0.1984227168883086,0.0298190941918905,0.7711099284083522,0.623852279721116,-0.13301548571241514,-0.24588689789153523,0.8161678383067564,0.9064772857046667,-0.2016269368756847,0.00414482137373788,-0.46684645556836835,-0.8553891257756976,-0.6441621466241915,-0.25098442531752724,-0.1583370476321412,-0.14520228307333066,-0.6004993797553559,-0.3391570787325156,-0.20261922749660605,-0.4253870464009472,-0.6574907772985215,-0.4763449405921854,-0.16972536286060858,0.5455359732452589,0.6189515487533741,-0.3099116672549715,-0.3061705158578768,0.6540282826070457,0.9671769873811559,-0.1539042436419195,-0.0473426429145019,-0.4002602913671119,-0.8255119498934792,-0.5502143808704418
0.37531463609451454,-0.2797101453602095,0.29205468939165324,0.1340154740640028,-0.3288939543164507,0.13143912323920795,0.03834716269548732,0.216967755357024,-0.29198574932136506,0.27973746533016414,0.12200848232199878,0.29500435253672597,0.1799602141034451,0.26526076603735843,0.24145518979070504,-0.23123753043354506,1.0,-0.02972879377110976,0.05972117588377104,-0.08224996456959065,0.11607873809427251,0.16026931154309224,-0.5036226075796285,0.16026931154309224,0.07592478944844654,-0.4413167986329313,0.04773085888488795,-0.06650919799910379,-0.07894002661438804,-0.30896254020915004,-0.0027541337534939983,-0.28253734266786923,0.20245519727628172,-0.28620908661748684,-0.02725637256449499,0.10357657692708432,-0.4548935141361465,0.9605448804413115,-0.1397039519579028,0.27939619679483546,-0.05231496492387664,0.1308484504684178,0.4532545976472803,-0.35802258676582294,0.32352708691994586,0.33758762125249403,-0.32920793933099085,0.056142592921193606,0.06249106573616898,0.10220175089165674,-0.21371209198234292,0.11755726551706143,0.1407600780830509,0.27315137682389945,0.06541354496661568,0.0071117146212328715,0.16385542058910585,-0.3363496401094799,0.9531946062730324,0.00125369437183483,-0.04982587343143971,-0.098035281619101,-0.03981064474012623
0.6186589934215141,0.5047984653020671,0.4865285715146024,0.8094467961913827,0.3967998435136219,0.38413499852661454,0.7023960773887378,0.4126994811470582,0.38645662019471666,0.2936951322722964,-0.22339364188711924,-0.1750580282028695,0.4924807570776922,0.5686434039631526,0.15851627404821805,-0.022873689398918557,-0.02972879377110976,1.0,-0.571404381952753,0.35903239980892365,-0.37700001738159344,0.5779776747418723,0.2545784409578593,0.5779776747418723,0.7023770679804963,-0.082774829342799,0.3884107365625388,0.41413895606161605,0.19335528679697286,0.5154194926148187,0.1591409829912066,-0.586915648409708,-0.31414261831459933,0.13486649366418443,0.3732030896284572,-0.17585115981147983,0.060130109987785695,-0.1736485002239645,0.9245117479051291,-0.6789658722533081,0.3259493274447041,-0.4847667306482515,0.4787019547247421,-0.49197590890499393,0.5188948114267102,0.6445637205268472,-0.2842575220956887,0.1746984476355039,0.6169330851329997,-0.45463406885672214,-0.18691014055448352,0.07172301378487428,-0.44409216390718714,-0.40170503056860607,0.3193587033838087,0.31367538592412275,-0.3460437925530029,0.13023992165430515,-0.27546809298718916,0.9429688823638497,0.5917230473122711,0.38969925387134596,-0.5808352858436678
-0.09463602150087805,-0.06617993321371163,-0.385645096736795,-0.09173626313999782,-0.0775170484963345,0.38558271393364496,-0.4983672113172023,-0.009333353202362187,-0.01705463210731767,-0.19927153167591538,-0.01854958808579941,-0.0188842944385958,-0.0837970749970257,0.1304585837743423,-0.016906765196547695,-0.28631598452883705,0.05972117588377104,-0.571404381952753,1.0,0.17544094445768257,0.22406422095188225,-0.6564995323912893,0.1533722273161918,-0.6564995323912893,0.09282264396854659,0.4051142362249082,0.45691831637709024,-0.5917537258408639,0.38610722432158207,0.0078161580253615,-0.175207848976515,-0.03729495654408017,-0.01550397712352401,-0.2388228070303827,0.27072052653606016,0.08876423216504312,-0.37251251224738696,0.1768928099384595,-0.5381239810193138,0.7694984136093901,0.13813962524282844,0.206240948296821,-0.464364236521719,0.29936096688572067,-0.29657263276385454,-0.1559689607044025,-0.026760892873776025,0.5834634133381551,-0.5299072968250023,0.40010560074431617,0.49586807263335353,-0.07300511462253562,-0.0372870648931827,0.2300764744459935,-0.34603665799271643,0.4488565995400997,-0.0712429342653485,-0.4374273601889189,0.20958715331015143,-0.5335477646868626,-0.2907085665593029,0.19579913563360357,0.2985566236429112
0.09067688641547031,0.3996999835076479,0.03844238864855569,0.5883051842904481,0.6253081729319372,0.2921541004936296,0.38721604943213206,0.6421851283622988,0.5431038003861747,0.0010402538226995336,-0.4943596589380113,-0.6834816229253499,0.6402158744625356,0.5609517569224968,-0.32223885886640746,-0.7321894021074463,-0.08224996456959065,0.35903239980892365,0.17544094445768257,1.0,0.3993011049134457,0.10886088799117226,0.38158058202882517,0.10886088799117226,0.456068305629446,0.37810121526339147,0.5040591942197334,0.24101901352743016,0.5277693079667816,0.4116303773306992,0.19172886304718006,-0.7508785969325217,-0.5823250302070382,0.3687470342272331,0.6422498919324293,-0.6919815846208445,-0.5040576576295522,-0.09738027081425828,0.393077580413961,0.057401162514035674,0.9264748529998582,0.3150673419024515,-0.029960521354010703,0.11090280778646365,0.21178865686022194,0.538181349823657,0.37594640382866407,0.2941625161970071,0.4167921518036715,0.28272713593620674,0.46874259638494903,0.11223227705429259,-0.6809592613019995,-0.7057563166538099,0.49595129268669436,0.6860304886610001,-0.6653844508613642,-0.6888788962380007,-0.2345400871376204,0.341905905478698,0.4500236498999977,0.9373157685800965,0.2990635170712521
-0.3955645384602044,-0.02693320635172182,0.18966204078483662,-0.09224795659087602,0.26673262003957365,-0.22339734800707264,0.2696230033961473,0.5338152044701553,0.056922105944832546,0.27966260864324816,-0.24903191976453376,-0.5168770636973901,0.4955087053567351,-0.0545589201467644,-0.7279060178295607,-0.6624581557233319,0.11607873809427251,-0.37700001738159344,0.22406422095188225,0.3993011049134457,1.0,-0.05527093225097617,0.0069899114283891615,-0.05527093225097617,-0.16064258122435743,0.24979023921958798,-0.121217307608492,0.2605858352527295,0.4041576578977092,-0.49032793479463643,0.06700929024951002,-0.18769631812260598,-0.3915450326681715,0.5720444058297819,-0.10067732338367519,-0.7419843149531331,-0.5462711809598509,0.13737397382375816,-0.3969300290382062,0.27761472735805154,0.36969702919214303,0.967280494136123,-0.15813625232282033,0.461379256009847,0.06519559790577335,0.1357022262139163,0.7146008725816693,-0.08582763516405698,0.3746780861612734,0.8664273721055027,0.2744522076944932,0.3866332217717987,-0.17045542837254302,-0.4830083680570577,0.5738709144686636,-0.05462095955544921,-0.5615283301961648,-0.7266834598823795,0.14001073443010806,-0.45331943315680173,0.18546179136132018,0.3845095654468229,0.9494291674254001
0.11810640905577316,-0.21946735110473273,0.6962644780758853,0.1957719247266045,-0.15051055820458656,-0.17572861281979973,0.5044661236794702,0.06432137862714687,-0.26804598004579755,0.4888761985073987,-0.4545135917271068,0.04805892516029119,0.3618370488766719,0.46745362619641745,-0.23761130496892505,0.12514002883481332,0.16026931154309224,0.5779776747418723,-0.6564995323912893,0.10886088799117226,-0.05527093225097617,1.0,-0.09974834292181428,1.0,0.2803813703036178,-0.059081605919049034,0.04212439616804511,0.8199368784521461,0.163455076196761,0.029400951886450755,0.6728228660239292,-0.2224226556771666,0.20353888790865393,0.5769401676003718,0.3332534896784153,-0.18422567259649988,0.3345212806325244,0.14095804491580086,0.423620759859323,-0.6443972651719418,-0.014553550116210897,-0.16888278916762103,0.5023802040445305,-0.696748804906551,0.851437419104557,0.2751404154087527,-0.22723576157562025,-0.331524546245775,0.6237998390020607,-0.41372745010915707,-0.6796501309111245,0.5112016646455259,-0.4078303875532304,-0.21064276958331135,0.5426930540080495,0.12904791496137105,-0.21027433395841266,0.18846695993893128,-0.002008691699206371,0.4572944644724962,0.6023806379105261,-0.019698017070002773,-0.2388981707133047
-0.14859472753295228,0.7138353556602087,0.02971032536801,0.26762782773909893,0.7315710726535628,0.19837575682824268,0.28618219841292275,0.1028481209289404,0.49855987221623305,0.1780932323075026,-0.12830291391424445,-0.3167283078770371,0.37042773465949475,0.0853291098739546,-0.2171072770605858,0.08353153166007136,-0.5036226075796285,0.2545784409578593,0.1533722273161918,0.38158058202882517,0.0069899114283891615,-0.09974834292181428,1.0,-0.09974834292181431,0.5286789921496808,0.8475287000183162,0.31160879899334043,0.13316818527244725,0.6214309195639282,0.7389205609402075,0.15041191170258686,-0.06702544364992741,-0.3517961952430937,0.36791507353302577,0.2292813302331401,-0.09865931307467957,0.22047432132280648,-0.4473923456230055,0.22470324553990645,-0.2656614176861555,0.13653297237468945,-0.14094145648024584,-0.6762689893302648,0.28423079710105037,-0.1499513829575553,-0.14733031998952764,0.2873152449488719,0.31045020311136695,0.17678988721299793,-0.12598421132866233,0.12301944550699988,0.15655922664139058,-0.28635965514202416,-0.34660898683903935,0.20443330184367703,0.3328013663084651,-0.4654776403938826,0.11883969590506627,-0.5035739743567217,0.08812763009613134,0.2635023323582103,0.3106577691271321,-0.0031122760100534895
0.11810640905577316,-0.21946735110473273,0.6962644780758853,0.1957719247266045,-0.15051055820458656,-0.17572861281979973,0.5044661236794702,0.06432137862714687,-0.26804598004579755,0.4888761985073987,-0.4545135917271068,0.04805892516029119,0.3618370488766719,0.46745362619641745,-0.23761130496892505,0.12514002883481332,0.16026931154309224,0.5779776747418723,-0.6564995323912893,0.10886088799117226,-0.05527093225097617,1.0,-0.09974834292181431,1.0,0.2803813703036178,-0.059081605919049034,0.04212439616804511,0.8199368784521461,0.163455076196761,0.029400951886450755,0.6728228660239292,-0.2224226556771666,0.20353888790865393,0.5769401676003718,0.3332534896784153,-0.18422567259649988,0.3345212806325244,0.14095804491580086,0.423620759859323,-0.6443972651719418,-0.014553550116210897,-0.16888278916762103,0.5023802040445305,-0.696748804906551,0.851437419104557,0.2751404154087527,-0.22723576157562025,-0.331524546245775,0.6237998390020607,-0.41372745010915707,-0.6796501309111245,0.5112016646455259,-0.4078303875532304,-0.21064276958331135,0.5426930540080495,0.12904791496137105,-0.21027433395841266,0.18846695993893128,-0.002008691699206371,0.4572944644724962,0.6023806379105261,-0.019698017070002773,-0.2388981707133047
0.6280072989368574,0.5246673073362167,0.5436427260661261,0.8347207131103334,0.37962699250484216,0.652085286604605,0.5852160159016523,0.47469057553759253,0.2706724240157067,0.5213200231746972,-0.37980274955438736,-0.16968532598732095,0.6357323080381161,0.7342893162558088,-0.028550117153183,-0.18319913691346007,0.07592478944844654,0.7023770679804963,0.09282264396854659,0.456068305629446,-0.16064258122435743,0.2803813703036178,0.5286789921496808,0.2803813703036178,1.0,0.36931231073369136,0.7547048569902878,0.20620731775536394,0.7355878227291507,0.541139532024908,0.24165692141464382,-0.6724729222229758,-0.2937745255443929,0.16111912078370116,0.5462358425804342,-0.16739959213454378,-0.15117067776336,0.03888590663509037,0.5611834009977675,-0.24210023852599633,0.3259955813559965,-0.35211157643590496,0.142301986208665,-0.3944160227576571,0.5294229907568424,0.5763530429398108,-0.3725805078490256,0.5898647005175037,0.4677007934699576,-0.21920336270738444,-0.07949209147572818,0.3366578596874003,-0.5918025399173091,-0.2506742872130249,0.23994267110334017,0.617551297774929,-0.5850186804923778,-0.1328277658948235,-0.05504259064668796,0.5921327623531426,0.6184326484807284,0.5098850465894883,-0.3836624128130145
-0.3589668279446625,0.2942253633430727,0.03420160454222432,-0.028510569403958772,0.4360114508852234,0.10167330338624897,0.09511055599473894,-0.0574462175875562,0.15148355433764973,0.20360361624488063,-0.3577373602077312,-0.3713489461041613,0.24718360793058158,0.1469488338718589,-0.48587012141385216,-0.030246080357332648,-0.4413167986329313,-0.082774829342799,0.4051142362249082,0.37810121526339147,0.24979023921958798,-0.059081605919049034,0.8475287000183162,-0.059081605919049034,0.36931231073369136,1.0,0.3583645384530905,0.2239959720403601,0.7465343965714628,0.48625162981043385,0.3593014747587045,0.007940144611085996,-0.2157370061978574,0.5286973561179201,0.3811727681963305,-0.16436965544490445,0.195098499969611,-0.29229476956378436,-0.18625669860679278,-0.0011061402833730505,0.10725606278555946,0.07726877438354392,-0.719965034381747,0.19189161412712816,-0.03459331003190173,-0.34235789977476655,0.2836608044556599,0.2736878841083546,0.08776598208291975,0.01716426086553656,0.05060271138948326,0.34897343539302966,-0.41993174648949727,-0.3213967305063801,0.15302928270436483,0.43909443276216636,-0.5292692100932957,-0.05566462871813158,-0.37592219210511124,-0.293249849962002,0.30394460710924825,0.2488993339694823,0.2533494271219117
0.4479592151730295,0.2686066311296798,0.09611527234235068,0.6271726570391672,0.1860424650038034,0.8944307152795866,0.1327921253440643,0.3246066523771278,0.29161220128363996,0.025309320239827925,-0.23286495819552092,-0.21471943342414876,0.34318269753563196,0.8699681348472358,0.1431507802952792,-0.2783305546735928,0.04773085888488795,0.3884107365625388,0.45691831637709024,0.5040591942197334,-0.121217307608492,0.04212439616804511,0.31160879899334043,0.04212439616804511,0.7547048569902878,0.3583645384530905,1.0,-0.1402188602892071,0.591586954794216,0.4372164899688524,-0.03341575442493555,-0.5633752576836009,-0.3530833508752957,-0.025960174989908918,0.8320024139102294,-0.027855778898838692,-0.23173380456986808,0.007978919881493657,0.27424472576403924,0.021838903855769427,0.3960035831944002,-0.28653521655813763,0.062424661486361194,-0.3505775022809693,0.3188892850015447,0.41186493289647835,-0.3733928666148214,0.8786797713285781,0.04272804410445654,-0.047950971402549586,0.2984615942315972,-0.059667232736217025,-0.4989785686076197,-0.231885230571766,-0.10266970808591641,0.9020621711553445,-0.4339457873015933,-0.3107595693049335,-0.08100759373446144,0.30194408932501016,0.31183662180330973,0.4961246645408263,-0.28073568485306927
-0.019957218701018485,-0.12468066042493252,0.7224978025783695,0.09275736134658831,0.09127117689590694,-0.39706356106278906,0.6786896923583657,0.12720645388753432,-0.265773945893645,0.6366983160436853,-0.6852898490234439,-0.3653470609909798,0.39068596989554144,0.18966036108350656,-0.676061907999985,-0.12018999047202837,-0.06650919799910379,0.41413895606161605,-0.5917537258408639,0.24101901352743016,0.2605858352527295,0.8199368784521461,0.13316818527244725,0.8199368784521461,0.20620731775536394,0.2239959720403601,-0.1402188602892071,1.0,0.34034897855893975,-0.020038460097520194,0.7591719331358694,-0.2651048200077028,-0.04733741203112646,0.7679991030775783,0.14013430167490723,-0.5317135420743444,0.1877835883782495,-0.020036859547222497,0.2234136951372967,-0.4657010125875862,0.147439219505937,0.13711660528525302,0.287393406677589,-0.4157075172898957,0.6796980510546415,0.14877964305753588,0.11338240039445167,-0.49446938274131874,0.8182356105030619,-0.19096672972379347,-0.6220516076953106,0.7259178819782378,-0.6051252278672778,-0.5049586220098617,0.6171070494631908,-0.04550988219517466,-0.5313941812681215,0.0020958880367987712,-0.15679000022176132,0.23940467368085291,0.8072752941711743,0.162096296276533,0.11164392037605156
0.10091954624495074,0.3096002144980795,0.5168290843124779,0.4314882943128653,0.36561167728790056,0.3368532976275185,0.4743549720558963,0.441825809761726,0.09165396765091795,0.6135220308123381,-0.5801960629374896,-0.37128534463842533,0.679757820555024,0.526058402105276,-0.5757702436980047,-0.3597482077847251,-0.07894002661438804,0.19335528679697286,0.38610722432158207,0.5277693079667816,0.4041576578977092,0.163455076196761,0.6214309195639282,0.163455076196761,0.7355878227291507,0.7465343965714628,0.591586954794216,0.34034897855893975,1.0,0.24252488097773414,0.42808676338014584,-0.46906707509146955,-0.293820816524653,0.5808067715858657,0.47013496174930036,-0.45204988938942237,-0.2028120444824496,-0.0020460650725713523,0.04520667217085418,0.01921306549983092,0.32634734362903633,0.19229424330970118,-0.23235056791534495,-0.05632438774341205,0.45280835287379034,0.2682225387619384,0.06111723660231733,0.4378644759096147,0.4589889313430979,0.2154420920913355,-0.012663744216551741,0.6388789267956423,-0.649236645650329,-0.3647805664711245,0.4354342334536823,0.5485606737525652,-0.8064953840470827,-0.37854797787557115,-0.08966922227073298,0.016658765637968344,0.616399353637673,0.5243126851909519,0.24608468444034712
0.13040884320346274,0.5969871505233364,-0.18676382112624407,0.40970915852219486,0.5409901230070191,0.3492246762305962,0.07329613830837442,-0.06653561935427099,0.5247362869868042,-0.16996560014318673,-0.030914028111158592,-0.09209437226981387,0.14418562564270906,0.31344579673386125,0.3038876036408594,0.1984227168883086,-0.30896254020915004,0.5154194926148187,0.0078161580253615,0.4116303773306992,-0.49032793479463643,0.029400951886450755,0.7389205609402075,0.029400951886450755,0.541139532024908,0.48625162981043385,0.4372164899688524,-0.020038460097520194,0.24252488097773414,1.0,0.11821823818990215,-0.19219724225941043,-0.15625091128746568,-0.03728708148635693,0.49566922865647123,0.20731912810425498,0.2897021390403527,-0.29301090921532774,0.5384489388250299,-0.30896225628383944,0.2222767442221343,-0.5776727515294267,-0.36641864747811864,-0.06973006286619737,-0.10214725314391834,-0.010082020017579253,-0.09208046371073625,0.3286455804467087,-0.0367065851174406,-0.5582634880709312,0.10460440518134677,-0.19464572186212992,-0.2648916183080986,-0.161193303546761,-0.03717926052327734,0.5471356657695212,-0.08432161911621106,0.2549548779845992,-0.4002055662491127,0.4633427287409492,0.1224546878875601,0.2892104267128785,-0.4948228606081442
-0.07939193600602787,-0.3616753488742352,0.5484103535679075,-0.06544978567988653,-0.21674147668490093,-0.4302836204028564,0.24436525344632734,-0.17452693788809653,-0.5243152969991028,0.5490393106576794,-0.7937327001214117,-0.0037366656524836046,0.20734956696160367,0.233646012986656,-0.5611950352383568,0.0298190941918905,-0.0027541337534939983,0.1591409829912066,-0.175207848976515,0.19172886304718006,0.06700929024951002,0.6728228660239292,0.15041191170258686,0.6728228660239292,0.24165692141464382,0.3593014747587045,-0.03341575442493555,0.7591719331358694,0.42808676338014584,0.11821823818990215,1.0,-0.15692253157158384,0.42995577551175257,0.6014101594759199,0.3157866040544919,-0.24129340357743012,0.29341791956993113,0.1796722748071771,0.039464117716196484,-0.10969645461562122,0.04419189682606666,-0.03447217750270556,0.08187754455794025,-0.4733878690747571,0.6731761132863319,-0.03688757586892505,-0.15822356253860143,-0.4492251733451502,0.41463318331138493,-0.37023319649703884,-0.6894531854122076,0.8176209828423636,-0.6106330761967409,-0.027004932475238018,0.43697166436964086,0.1734051499576879,-0.27034312270633415,0.07268456462417078,0.025653090824143722,0.07808567886592724,0.5991482488775565,0.07055789213361495,0.005990983027720415
-0.6866963706697848,-0.29200943819463404,-0.4182083740744009,-0.8429893715197262,-0.35141573610353655,-0.474939217913903,-0.6254551386667485,-0.7440953297309711,-0.26472721530369003,-0.33462665286803484,0.5516960334902633,0.5512920504715851,-0.620704919203402,-0.6802660247874214,0.18736749869140484,0.7711099284083522,-0.28253734266786923,-0.586915648409708,-0.03729495654408017,-0.7508785969325217,-0.18769631812260598,-0.2224226556771666,-0.06702544364992741,-0.2224226556771666,-0.6724729222229758,0.007940144611085996,-0.5633752576836009,-0.2651048200077028,-0.46906707509146955,-0.19219724225941043,-0.15692253157158384,1.0,0.5247343993166357,-0.07144920938131812,-0.4994764852778572,0.6267321161197745,0.6903372796691782,-0.21242060827679174,-0.49974764222876855,-0.10176670963666874,-0.8213139419298028,-0.0994283645437462,-0.5044622138702426,0.29960558727352177,-0.4967561886839549,-0.8622395325311231,0.11868239875126407,-0.3472742818955538,-0.6082276675681609,-0.14795022352459283,-0.18364050543517874,-0.24540327848953758,0.7409199258505794,0.546802559840039,-0.3284564004073347,-0.5298088130359563,0.6654555514455349,0.6765991364000595,-0.10607546351160622,-0.591091893173076,-0.6665254950023813,-0.8525522844537308,0.029510300764150975
