Fp1,Fz,F3,F7,FT9,FC5,FC1,C3,T7,TP9,CP5,CP1,Pz,P3,P7,O1,Oz,P8,TP10,CP6,CP2,C4,T8,FT10,FC6,FC2,F4,F8,Fp2,AF7,AF3,AFz,F1,F5,FT7,FC3,FCz,C1,C5,TP7,CP3,P1,P5,PO7,PO3,POz,PO4,PO8,P6,P2,CPz,CP4,TP8,FC4,FT8,F6,F2,AF4,AF8,O2,P4,C6,C2
1.0,0.2993292832440321,0.14423321087507915,0.48514969952973486,-0.679948094090497,0.14209696787254844,0.10730801561278935,-0.4602574759939744,0.46456269260595884,-0.27868343765822695,-0.20208058146059668,0.1467927958339891,-0.23216669760581615,0.4970457210480649,0.7212597575403378,0.1809856414383595,0.2555750224361935,-0.453661161999856,-0.3480019627539169,-0.11097726909731667,-0.1482457308167704,0.16388645351487793,0.13366874835368864,0.16388645351487793,0.26819375816198215,-0.5347703625548381,-0.008834108630980646,0.08835552165586617,-0.3076419673656001,0.3043804250881354,-0.18138205351473718,-0.0806376864532011,0.0661404117824945,-0.009814530575031745,0.36783376802339923,0.7053910742410574,0.12479310191948582,0.2698895543071745,-0.4048857135765852,-0.32056024613749134,-0.11462641693565045,-0.10629090603501712,0.7461339355320386,0.2705289188579468,0.1364802986061257,0.34436985661521596,-0.47581525877939096,0.09193501335743945,0.10363403097550387,-0.33274101855921,0.4210000576540213,-0.232950745407063,-0.14403316760555707,0.061752295364843085,-0.1893747584807228,0.39322812684172653,0.5272016034669263,0.17210388139023916,0.23936359253851272,-0.5223288767558516,-0.3120788725056304,-0.25318740752130175,-0.06642358618938578
0.2993292832440321,1.0,0.4986342322132396,0.17405833318760885,-0.4465349113349532,-0.5562729319036257,-0.2643364978575775,-0.16550966527263503,0.87785561810498,-0.15118614762612506,-0.08525790111370903,0.10378301272776076,-0.0596176843921801,0.5527723806334071,0.24935300970853513,0.06014713099179211,0.3531016115696855,0.14315077541715282,-0.22585621276484646,0.15974772030819084,0.052787928830493935,0.5340664284170626,0.6838242093715076,0.5340664284170626,0.1744278954013479,-0.32160056964781714,-0.33012290078197043,-0.1762391688613386,-0.069063581770015,0.7657592550035583,-0.05335992056461092,0.010333325910443156,0.14154364181681905,0.024449376435375772,0.4730894250039406,0.33117718358214737,0.041527764009403445,0.3996573551636469,0.07511604402249816,-0.1918775682347359,0.18370412373069292,0.10599397694410549,0.26822475045419975,0.8079441047714458,0.503505052448783,0.21622300522850518,-0.3248121856992065,-0.4337345716152043,-0.11696081474436876,-0.005011080984145791,0.8491239455636975,-0.11290020874532426,0.023690254781938588,0.11044904924261789,-0.03454206002942429,0.3991060172544171,0.14661634586574715,0.09280999885227527,0.36063939592545763,0.004048250090061727,-0.2368034146285268,0.15907512303408358,0.09454296700133215
0.14423321087507915,0.4986342322132396,1.0,-0.3330582887837652,-0.2022862761535647,-0.3690411761988205,-0.4805143561764723,-0.23716285041442842,0.5221957283507312,0.06588232745165577,-0.11136992804059903,0.13223433732601717,-0.23225754960720318,0.425574716907871,0.11178966354433954,-0.23805256813028905,0.6741064419251562,0.11495324489973853,-0.07326233189687215,-0.16843129288334496,0.19618530536494153,0.8360949543072598,0.2800429422843429,0.8360949543072598,-0.18331697091247043,-0.2198485038805571,-0.2329265040936815,-0.4957641852309899,-0.1808266479639177,0.39133064443649035,0.04387497675941418,-0.009963126340299241,0.04126633518501915,-0.19996865346864484,0.31747412220299803,0.14374673652393427,-0.19209038981145538,0.625922641860079,0.029449940291397424,-0.07916370579876511,-0.10587639380056395,0.2040168334824547,0.10989010583897352,0.4428854383170131,0.8166676516107928,-0.060264477504539234,-0.2316529196192737,-0.24920805960924577,-0.35936997456711833,-0.056254839708822287,0.4947110041011984,0.06959013418527533,-0.03436203262777652,0.11245482164277593,-0.2797978959035642,0.26999398850693473,0.038054924738689364,-0.18217132452292792,0.6567806936901123,0.06687292325028658,-0.03572864326035902,-0.09679432439139596,0.21907007870600637
0.48514969952973486,0.17405833318760885,-0.3330582887837652,1.0,-0.049636618649572486,0.18334992450216878,0.5145913547953685,-0.14609389937229178,0.24785416495532026,0.10464545004788989,0.030164470468230408,0.13661208683385598,0.06844361254959674,0.37094790295772173,0.38731630311120313,0.6455128735892653,0.02334341077660781,0.06803563856074013,0.049402240166758316,0.3063829210193578,0.1462288311745966,-0.15025269281566014,0.22912288404158931,-0.15025269281566014,0.7890770548511264,0.10117463235479107,0.2121737837601618,0.6199428920732869,0.038601285199109214,0.25110886832140783,0.23097870095484355,0.03287421477062136,0.222495640962308,0.19248991578301888,0.4129664701292089,0.43625244561903814,0.5924075412581115,0.11203906631314654,0.17438525126624585,0.16329989786245988,0.26070515272144645,0.205727620115068,0.5307872926187261,0.2267827790808246,-0.11294655553210228,0.7886605184285465,0.1867569817801224,0.2371953667922152,0.5888762645015893,0.05860490963948472,0.23871389185085778,0.17423109065628953,0.005723497081976456,0.1764311054823255,0.2030396403448808,0.372605763081286,0.3603825011293744,0.5770866315185831,-0.018963996545566943,0.05200966998605966,0.1276957739711417,0.11536518918476199,0.14002874276961103
-0.679948094090497,-0.4465349113349532,-0.2022862761535647,-0.049636618649572486,1.0,0.24795832213015645,0.1586750471351313,0.424704400475925,-0.43448987166920616,0.6300827184855036,0.32169620937025245,0.008317388261834306,0.2152585873006283,-0.32447487235496497,-0.3980658333962162,0.21134063518282564,-0.0011712691884104137,0.4838886654942624,0.7181099557141654,0.2509442701897485,0.39282961058860166,-0.12886408220215564,-0.1812062579358698,-0.12886408220215564,0.08351892674685103,0.9082138816330283,0.2565119730399312,0.22119440960097447,0.34425226789573793,-0.2708846437783823,0.46015779547947455,0.22286237114951557,0.06578202271628772,0.10332673043459532,-0.12153900831223803,-0.3493465078337779,0.24574496812954455,0.03882771221926893,0.5594223860477888,0.697514737277587,0.32299195572206907,0.3662493089359596,-0.3062340802111989,-0.3251350925677876,-0.11169823214142913,0.022661018514556302,0.8853704736646472,0.25355074055293986,0.22367910914124467,0.41044219391764725,-0.3939992545047674,0.5027493090404836,0.2362425272230047,0.04230117753906506,0.2288621429180868,-0.2479736251967685,-0.2999867188488937,0.12191373649010341,-0.0011783490798926966,0.5327121958131836,0.6794002954582296,0.3668737253538709,0.30272163238497607
0.14209696787254844,-0.5562729319036257,-0.3690411761988205,0.18334992450216878,0.24795832213015645,1.0,0.41308240000112884,0.08963613390280907,-0.18900038554216952,0.2734287648657527,0.13951519123069353,0.257926121644791,0.4262934344242907,-0.08670966848691271,0.07375665282895826,0.27752117751764993,0.06576058447113875,-0.1994443716166786,0.23954046879449534,0.028782283243291157,0.13143086958093045,-0.24822911891491506,-0.24213102580658047,-0.24822911891491506,0.20052305987233818,0.3201801468515215,0.7273721968316471,0.4686564941386737,0.12299316331740838,-0.07392363730986334,0.24029141212111252,0.16280568599160097,0.15972231236182846,0.5007438804489224,0.012315465670441169,0.11770366508608687,0.2875369977480534,0.03809899165570716,0.00620003234796825,0.23906661805888157,0.0700999160394238,0.1766130479423816,0.3676291459295317,-0.33908114607270035,-0.15173149311896472,0.19897791480257251,0.3280752551514483,0.85340278232969,0.4031341566733764,0.05982431430809612,-0.23979843162659653,0.2092997387590345,0.05637200270123096,0.1786295580702918,0.41406395385456773,-0.033012448218323644,0.15920066724363235,0.2598026754086261,0.05643419047687444,-0.12590885103209998,0.213800981401605,0.10139561218520787,0.1386153359823701
0.10730801561278935,-0.2643364978575775,-0.4805143561764723,0.5145913547953685,0.1586750471351313,0.41308240000112884,1.0,-0.22325961043889783,-0.1589406573536089,-0.007465557487353601,-0.1973630762243986,-0.04553255532151585,0.46607248229773224,-0.2736828088830525,-0.021985626751680726,0.44887073340460504,-0.14297120921907802,0.04303860880373258,0.07315935530803662,0.03489342835906118,0.1704444906664963,-0.4375303816613277,-0.34815880570928853,-0.4375303816613277,0.19748790828932747,0.1337121062657859,0.12364894638224715,0.7873711398603688,-0.27903891552911775,-0.15136115818964918,0.03794269311522746,-0.29109823224086656,-0.09607313626637565,0.41885677624100803,-0.15320926360807827,0.015245398755730867,0.35561449628851427,-0.18373172625646544,0.027003219212956297,0.042703285228842904,-0.07547530271075163,0.1272823112723724,0.10324891934415716,-0.37858891951303236,-0.43495187607363256,0.19975573492082854,0.1862446840925579,0.2033528726937248,0.8265599049800803,-0.2787025636827723,-0.2609872189920474,-0.03682017490766728,-0.31094652639382847,-0.11389991570044739,0.5181678500738858,-0.2267337218811028,-0.0014368972285874772,0.238850943300943,-0.2352809573884183,-0.048806382767464115,0.07053593320733763,-0.21176336737081508,0.14179028222188766
-0.4602574759939744,-0.16550966527263503,-0.23716285041442842,-0.14609389937229178,0.424704400475925,0.08963613390280907,-0.22325961043889783,1.0,-0.14502841024451174,0.19741548254956748,0.6218543864128872,-0.3214074539904791,0.24654675709147222,-0.11314763220615422,-0.5076549842357561,0.0259050703338457,0.03280011745651143,0.3251349012040745,0.30315429183764153,0.4744731665849152,-0.2053975873393577,-0.09200201374709795,0.04164238401242444,-0.09200201374709795,0.045805158061885114,0.42526898160736365,0.14869519321302707,-0.11983386735845424,0.6590671818549919,-0.04499227293011051,0.10977008618934549,0.5900616761953141,-0.09241843457186111,0.14297171666771713,-0.01973786710212709,-0.467699269085897,0.08647539389448462,0.09699272126371405,0.3599432552217209,0.3231663545021668,0.51567192713714,-0.15468288525596838,-0.198503485257506,0.013777793148777726,-0.07995700882609068,0.014253302927639142,0.3784758236325073,0.0675884240037993,-0.14657947250488734,0.7566512053779635,-0.07566479855838888,0.15006034885155758,0.6312477529798963,-0.2266795318856658,0.22267011176351056,-0.08283426646198044,-0.5356727123931998,0.09293091181020775,0.07075697481339893,0.39707861234877534,0.23739208097161507,0.6322305809621008,-0.2511570091746085
0.46456269260595884,0.87785561810498,0.5221957283507312,0.24785416495532026,-0.43448987166920616,-0.18900038554216952,-0.1589406573536089,-0.14502841024451174,1.0,-0.014749396927654725,1.829399910882598e-05,0.35699616220017044,0.07238942025196544,0.7132043397874837,0.3809980148964174,0.24120903908310665,0.5470455781643614,0.15853527741850362,-0.12518589412018455,0.2682902354852771,0.14056258023250057,0.6596422375534832,0.7327038466110306,0.6596422375534832,0.33472837932765287,-0.20647680712614386,0.03636492316488317,0.024275520365653995,0.07926386366883799,0.9384206824336738,0.14982307166685926,0.2100512478947007,0.3726718709673421,0.22568070144613417,0.6762643504690182,0.5065083156838514,0.25766784057689196,0.5913202771991445,0.16948696668082572,-0.06892769786134757,0.31770489082064646,0.2519569913683601,0.5983650783888,0.8520463844019784,0.6671424638369298,0.39171658925531505,-0.21010521579948033,-0.06236675192606794,0.07903907170078632,0.11071340403500174,0.9595380257140013,0.04204468548237367,0.13489359175749313,0.3307516253935415,0.10356498588622774,0.5626588295117889,0.30035988804201674,0.3081476576303605,0.5395591249862263,0.0374471751176964,-0.12646787509018903,0.29665026321324833,0.1958161591415967
-0.27868343765822695,-0.15118614762612506,0.06588232745165577,0.10464545004788989,0.6300827184855036,0.2734287648657527,-0.007465557487353601,0.19741548254956748,-0.014749396927654725,1.0,0.14644900978101458,0.33037420284075597,-0.0034513785557400284,0.32341518989507817,0.04105296530432169,0.5268718161810925,0.3737973260989983,0.5037515395053385,0.8019879057235078,0.2602059473489843,0.6191805506074277,0.24853000804262299,0.32498933387925366,0.24853000804262299,0.45791320484958614,0.7387749573385606,0.5096873461454424,0.34106447272703916,0.530975574468774,0.2010181213815039,0.8777663139923156,0.3265211107805535,0.4923445141002442,0.14228010487454323,0.484990554369255,0.13056981276740987,0.5386584884897007,0.46884695668995197,0.6736771885030479,0.8884800413516623,0.43361244394353,0.6961260809524665,0.23548257345550264,0.19366857021243533,0.29387282236987916,0.435611480760233,0.7404958232961324,0.518655957375703,0.33836359407927014,0.5477249084054465,0.05824639393407738,0.9292403970133213,0.19758316225687614,0.46082588357803833,0.11326259234783743,0.4442212293324127,0.14038249787302,0.5917052427812508,0.4299917208947204,0.5949010914338687,0.8953666366758634,0.4829122097324664,0.6313625129971693
-0.20208058146059668,-0.08525790111370903,-0.11136992804059903,0.030164470468230408,0.32169620937025245,0.13951519123069353,-0.1973630762243986,0.6218543864128872,1.829399910882598e-05,0.14644900978101458,1.0,0.02505610993301416,0.28003174861060487,0.09887511578961274,-0.43941010594835733,0.04905900367943095,0.2646713191638355,0.43493505643452435,0.3533636036551215,0.6078885058171478,0.1820808543268843,0.10999624053358051,0.23214466352058846,0.10999624053358051,0.298583577064221,0.4275456507108132,0.2161708772223713,0.06573831042851473,0.5025237674118139,0.0820521046653857,0.15107081900055336,0.8735991988504702,0.10042969021300321,0.2678951279397909,0.16781089683091288,-0.30748734301254965,0.14728719530679446,0.278761109655506,0.4446871988751468,0.3673798474285491,0.6182928715271873,0.1854418974199074,0.0661608389182691,0.12607629420929578,0.14426250338898772,0.24008149030849713,0.4520323379775216,0.14276273955635763,-0.026254252862464952,0.5505333550864414,0.011900516684512481,0.11164836335676719,0.946567689690218,0.027327009902598603,0.2168365864406271,0.028474583531531806,-0.4686092197786418,0.09223581335789191,0.289266860065774,0.402375641042445,0.28251792616376187,0.6241439029757079,0.09786725561847563
0.1467927958339891,0.10378301272776076,0.13223433732601717,0.13661208683385598,0.008317388261834306,0.257926121644791,-0.04553255532151585,-0.3214074539904791,0.35699616220017044,0.33037420284075597,0.02505610993301416,1.0,0.09850337090084774,0.45821360259736527,0.4229591381604544,0.4823903813120577,0.11521900253067884,0.33030233388933783,0.14846800362930865,0.24515520642498884,0.4578591089241912,0.44091557922543057,0.5130895246217879,0.44091557922543057,0.44839125215172426,0.2733969303197377,0.6459761582257519,0.39116889610228767,0.3576234974722809,0.5277584661410449,0.5904481922226216,0.3069709228845783,0.883245326514373,0.2847311758435752,0.5654527773245467,0.5197406241033293,0.5282640415371078,0.1610808227241748,0.4668275387876598,0.27537083731566725,0.36065939714347683,0.5918129467647472,0.5815171560309561,0.4257268389994581,0.529428872885889,0.4240586282269393,0.28165158056497464,0.5186260632134949,0.334572583470121,0.1622573981668709,0.3896147825134434,0.422957075667991,0.0794588252443318,0.916181761254625,0.12854155111903925,0.4968982438499054,0.5851381244444882,0.5282998227209628,0.13331798442804887,0.3497630822173327,0.23914096466130674,0.3689172288810287,0.5061913011711615
-0.23216669760581615,-0.0596176843921801,-0.23225754960720318,0.06844361254959674,0.2152585873006283,0.4262934344242907,0.46607248229773224,0.24654675709147222,0.07238942025196544,-0.0034513785557400284,0.28003174861060487,0.09850337090084774,1.0,-0.1839004691812504,-0.41039098742803903,0.2490180638655212,0.06178269222001678,0.30572933344242903,0.12618183014344084,0.32324847562243453,0.1318478966467729,-0.14274925918830045,-0.05744439220418162,-0.14274925918830045,0.03882737485861592,0.2800070478584718,0.32098750680180804,0.48032745744947414,0.09052396171910869,0.15631422024314168,0.10762448992105174,0.17887769527305392,0.04803272956728046,0.925946293749466,-0.0344698340994664,-0.24339457311669369,0.23171921882921684,0.03113805044899661,0.2890372901952957,0.07963294894475426,0.26398324152227737,0.13868362740381224,-0.024017116455251362,-0.07851783156987295,-0.06841754133936744,0.06381203641623952,0.2903700542235179,0.3325510591419876,0.4980787153358934,0.11403545054749675,0.025542896395653443,0.0005887318898406249,0.20628854609931235,0.07169986400832035,0.9646351901954305,-0.14203096595695414,-0.2500577981654217,0.12392210401467388,0.08057937959381654,0.24888189242748734,0.07089422610660107,0.30237837599057604,0.15094286794648681
0.4970457210480649,0.5527723806334071,0.425574716907871,0.37094790295772173,-0.32447487235496497,-0.08670966848691271,-0.2736828088830525,-0.11314763220615422,0.7132043397874837,0.32341518989507817,0.09887511578961274,0.45821360259736527,-0.1839004691812504,1.0,0.5121842468919177,0.4604260461085117,0.6156513576514249,0.26298742973433353,0.15924006145756547,0.32097218924791543,0.33770222489309226,0.5981480867781253,0.7853621877706285,0.5981480867781253,0.6707648997846057,-0.04300354508224391,0.2866162812751823,0.11830535513301849,0.3222990526946053,0.740346490912373,0.4739619501530755,0.37015546720236925,0.6229857950192693,0.07007634891303723,0.9520691129740918,0.6102907290694445,0.47799692268485217,0.7132692228117243,0.37214335369416035,0.2941824364678213,0.3852241896955028,0.48844608863893757,0.7560725672942872,0.8257512502095453,0.6820669745028496,0.702208784521483,-0.011888200524173123,0.19308183663907424,0.10921775611970976,0.2920650794184906,0.7430346075427974,0.4221562743107483,0.24091506441945265,0.5722092000183441,-0.07962195569782472,0.9281705463871399,0.4762398087137915,0.6176302105651851,0.6220220306070278,0.2623622973958399,0.23341804681628112,0.3936931809569275,0.4088094669363814
0.7212597575403378,0.24935300970853513,0.11178966354433954,0.38731630311120313,-0.3980658333962162,0.07375665282895826,-0.021985626751680726,-0.5076549842357561,0.3809980148964174,0.04105296530432169,-0.43941010594835733,0.4229591381604544,-0.41039098742803903,0.5121842468919177,1.0,0.3117797923260544,0.13831113997050698,-0.30867740234657426,-0.09683078655289172,-0.17250733374957655,0.06670613884304077,0.20809265131213067,0.2966605132706,0.20809265131213067,0.2990469294496121,-0.2341192208019485,0.13760729226044052,0.09710024930076831,-0.08595525405904243,0.350534582454318,0.13575595809173543,-0.1872148802852377,0.3878386251270513,-0.18863523151378095,0.4678976825708778,0.9638660478077203,0.22986047588480346,0.21769975572168418,-0.16467016086384817,-0.028842702158879376,-0.06331711341905048,0.1413118903953369,0.6888938247468118,0.34507170099292656,0.2041041932146499,0.31552303845856455,-0.22385094590712512,0.17385010586264185,0.08994670170984023,-0.20615260424052373,0.422289809734759,0.07459350174106476,-0.33514414410935267,0.3563456581932856,-0.3232817545714787,0.4672004369814741,0.8993618877943285,0.3063040189606083,0.1261834734854426,-0.32441713830650204,-0.07461704638614301,-0.14855118564759354,0.11883413308037043
0.1809856414383595,0.06014713099179211,-0.23805256813028905,0.6455128735892653,0.21134063518282564,0.27752117751764993,0.44887073340460504,0.0259050703338457,0.24120903908310665,0.5268718161810925,0.04905900367943095,0.4823903813120577,0.2490180638655212,0.4604260461085117,0.3117797923260544,1.0,0.13145946373263154,0.49680693501333756,0.43223617667331204,0.5400049703759596,0.42224175532511865,0.07666350441817592,0.35947835651423454,0.07666350441817592,0.7540907184951366,0.4546259260450551,0.47047024372794166,0.779997307556465,0.39046368879459736,0.38982254706915187,0.6631486562895279,0.22736651199778998,0.5833059171757315,0.4274194513790179,0.6179928877325831,0.4111077483221506,0.9647448633646704,0.25669403446512923,0.6185228229874624,0.5622193619172153,0.5692007009428517,0.5391965898319272,0.5796096953044957,0.31483221475085876,0.13863755952237775,0.7549685845305317,0.5166927483517776,0.4237043334735897,0.7750355790435383,0.3326870321616847,0.2737103405775706,0.5480487546287994,0.07210379012543311,0.5019930570512046,0.41244455830034416,0.5506708467550575,0.36353088815333995,0.9034000938597981,0.13829483795548803,0.5292562374182089,0.5270150940196334,0.4538368689860985,0.48029135652874955
0.2555750224361935,0.3531016115696855,0.6741064419251562,0.02334341077660781,-0.0011712691884104137,0.06576058447113875,-0.14297120921907802,0.03280011745651143,0.5470455781643614,0.3737973260989983,0.2646713191638355,0.11521900253067884,0.06178269222001678,0.6156513576514249,0.13831113997050698,0.13145946373263154,1.0,0.2507555918575995,0.33325901772608973,0.1620357928315157,0.4386104892634082,0.6779629681119846,0.4017548022406598,0.6779629681119846,0.22377032674968267,0.07733573000449548,0.09961011870827735,-0.03481394388084126,0.06740884676639981,0.498603077620937,0.3063776412200167,0.3593526254374333,0.15952105443505474,0.15978952005327418,0.5836362714835016,0.2634300015288803,0.1516368243844747,0.9715440431776853,0.2707134206315603,0.3384402583735503,0.23253708522758587,0.47771568195313563,0.4457743573764477,0.4682347787495641,0.7162159562001672,0.29826914003153054,0.08734280615234273,0.12057832189994455,0.04804212606397762,0.20154744910186254,0.47717339868548186,0.31036742699243475,0.3118302346749284,0.12339180673324007,0.05668022958540676,0.43275336695291927,0.02924252842919942,0.16053350408129874,0.960073020762173,0.16547676599270617,0.30333474401247706,0.23092659749439218,0.4254383315172915
-0.453661161999856,0.14315077541715282,0.11495324489973853,0.06803563856074013,0.4838886654942624,-0.1994443716166786,0.04303860880373258,0.3251349012040745,0.15853527741850362,0.5037515395053385,0.43493505643452435,0.33030233388933783,0.30572933344242903,0.26298742973433353,-0.30867740234657426,0.49680693501333756,0.2507555918575995,1.0,0.4936920296180186,0.5574203870574597,0.48464269091995105,0.34192406553157567,0.44361544388350665,0.34192406553157567,0.4430773252676745,0.6268372478455458,0.241140126141193,0.38045427169091806,0.5834248233585171,0.3053883463502685,0.6575353577401002,0.5292278403010693,0.5158238120274287,0.3203523964163813,0.45628095900916854,-0.16088355223979717,0.542671176570721,0.33908409689204777,0.9460999607187193,0.5979093829897112,0.5984229244269478,0.5570508710506814,0.03468066093081437,0.3771252551479955,0.38638438587767976,0.41078940201664793,0.6494960584379115,0.032594913445189666,0.4114721262110486,0.6013063705711527,0.21312212560213295,0.5526968354725211,0.44676948128495975,0.41798160416684194,0.3528579233755852,0.3203506928328498,-0.21375408869653828,0.5072447598657007,0.23662726651072863,0.940245495677678,0.5734940914631611,0.6578922617543677,0.4555662279990406
-0.3480019627539169,-0.22585621276484646,-0.07326233189687215,0.049402240166758316,0.7181099557141654,0.23954046879449534,0.07315935530803662,0.30315429183764153,-0.12518589412018455,0.8019879057235078,0.3533636036551215,0.14846800362930865,0.12618183014344084,0.15924006145756547,-0.09683078655289172,0.43223617667331204,0.33325901772608973,0.4936920296180186,1.0,0.4353884729404164,0.6743194974277852,0.02202710183409491,0.16952382077398753,0.02202710183409491,0.3181706831362949,0.8270890175281419,0.3481845057185168,0.3343339865154632,0.41132635162123293,0.07772642147138809,0.631642875515203,0.4002843592514253,0.3002486334307999,0.20232067308496074,0.31134535104682465,0.0264872785137415,0.4488036307724715,0.41404315907411304,0.6118004512125208,0.9541007487811275,0.46256780266190556,0.6658931674902397,0.11926446553568748,0.05172901234003402,0.08623273674429713,0.28452618442183064,0.817371723713743,0.37641267261435213,0.33123532544581924,0.45776674605142625,-0.05191354151324061,0.6837071122553676,0.4031331039623558,0.2586815755091244,0.22172261042990019,0.2251636875840128,-0.015626947626836505,0.4064279330103802,0.3806022306092683,0.5388182627561948,0.9189425304534785,0.47173967824241153,0.6609129887508289
-0.11097726909731667,0.15974772030819084,-0.16843129288334496,0.3063829210193578,0.2509442701897485,0.028782283243291157,0.03489342835906118,0.4744731665849152,0.2682902354852771,0.2602059473489843,0.6078885058171478,0.24515520642498884,0.32324847562243453,0.32097218924791543,-0.17250733374957655,0.5400049703759596,0.1620357928315157,0.5574203870574597,0.4353884729404164,1.0,0.15599398871521408,0.18298208637357183,0.3919018877845798,0.18298208637357183,0.4949704326149722,0.4645322347043553,0.3110850122259581,0.3888326938467519,0.5570719001436867,0.4068107309870233,0.3896590976128642,0.6366672201076147,0.36949658965534166,0.34398788813418596,0.4288357166396236,-0.011544122216604459,0.6260348645259391,0.24266723768370665,0.578325192351026,0.45310012984275305,0.913506676246806,0.24830665071508543,0.2707823394817902,0.36341376321675195,0.2122099656702098,0.4505947495622221,0.47380173180160706,0.18197007785887723,0.37123199590505196,0.5470985964203177,0.3254766941291369,0.2789847180983323,0.6764160553667811,0.2726716991189282,0.40190277615845577,0.30832775397623396,-0.13477375885712614,0.5017122029915935,0.2078044598673381,0.5701724007550589,0.39544248660416953,0.7888638442203861,0.156380168503101
-0.1482457308167704,0.052787928830493935,0.19618530536494153,0.1462288311745966,0.39282961058860166,0.13143086958093045,0.1704444906664963,-0.2053975873393577,0.14056258023250057,0.6191805506074277,0.1820808543268843,0.4578591089241912,0.1318478966467729,0.33770222489309226,0.06670613884304077,0.42224175532511865,0.4386104892634082,0.48464269091995105,0.6743194974277852,0.15599398871521408,1.0,0.28349679505387543,0.37667324140021646,0.28349679505387543,0.4116433748315428,0.5260337274096487,0.2591775114993037,0.4204177928802982,0.11845225444262265,0.29100390512711655,0.5641917891380561,0.2232728604740477,0.4377033421073644,0.2422909238660495,0.4390690208158027,0.21217389531114528,0.38326950345518523,0.44504231166712066,0.5695042268363275,0.690405681631668,0.21402929625268383,0.9660098393343389,0.2719802604435638,0.2387386051339512,0.37735943358366586,0.4210340448178661,0.5605633048024966,0.28224043760778594,0.40901477741139725,0.1227713914485323,0.12847430650258962,0.5631099689372877,0.1658467253795695,0.48928319801205516,0.18213745724578895,0.324756088761399,0.16889503864329522,0.3876000315956348,0.434150587809764,0.44653937115400755,0.6464682661564197,0.17200149789491118,0.9642656340687131
0.16388645351487793,0.5340664284170626,0.8360949543072598,-0.15025269281566014,-0.12886408220215564,-0.24822911891491506,-0.4375303816613277,-0.09200201374709795,0.6596422375534832,0.24853000804262299,0.10999624053358051,0.44091557922543057,-0.14274925918830045,0.5981480867781253,0.20809265131213067,0.07666350441817592,0.6779629681119846,0.34192406553157567,0.02202710183409491,0.18298208637357183,0.28349679505387543,1.0,0.5726052274966901,1.0,0.13364584861216372,-0.013170628148200197,0.05983912978215826,-0.2084766072592457,0.18863558291606555,0.638633894354923,0.33957173993863604,0.3196073202788875,0.3857451177770749,-0.055211680565593745,0.5862494373282847,0.30863750148525454,0.13114397067613687,0.6737147410312344,0.3172958648233377,0.09636780415267611,0.35062498958055555,0.3736323824826828,0.3620492184749386,0.6534038803248526,0.9552614083189057,0.2041528953506476,-0.01753087963418341,-0.04093228639242113,-0.11139241483640386,0.2314541081877399,0.6747328023875986,0.2904653051654866,0.21798536060273677,0.3996282731853294,-0.15935032482724582,0.47212517056499026,0.16113034106595686,0.16070439154749197,0.7002692495728664,0.29837820226446216,0.11359957150312232,0.2961828894890495,0.29920786709638586
0.13366874835368864,0.6838242093715076,0.2800429422843429,0.22912288404158931,-0.1812062579358698,-0.24213102580658047,-0.34815880570928853,0.04164238401242444,0.7327038466110306,0.32498933387925366,0.23214466352058846,0.5130895246217879,-0.05744439220418162,0.7853621877706285,0.2966605132706,0.35947835651423454,0.4017548022406598,0.44361544388350665,0.16952382077398753,0.3919018877845798,0.37667324140021646,0.5726052274966901,1.0,0.5726052274966904,0.6009200230340707,0.10767322418325231,0.25721798365905046,0.13096911749081394,0.523490390465675,0.8486681612601041,0.49484961906965286,0.4816315164667531,0.6864824389073149,0.13785565416018128,0.8252689981846791,0.4322290171583652,0.3780877112542187,0.5050355625881294,0.5277032560007083,0.30760529996821073,0.5419295558157816,0.5164523612698162,0.49940538713752675,0.9411155385971429,0.6196134449151075,0.5575599854870279,0.10620602449214399,0.07377149135727533,0.06840324700725794,0.4728733418330979,0.7855710771922481,0.424627648312834,0.36674236154138057,0.6188454153157845,-0.0032849049570488455,0.7575766931187428,0.33809279549030163,0.5561666189194608,0.4557336195019001,0.40585087523021385,0.2062420209297171,0.6078443041841866,0.4061772482929191
0.16388645351487793,0.5340664284170626,0.8360949543072598,-0.15025269281566014,-0.12886408220215564,-0.24822911891491506,-0.4375303816613277,-0.09200201374709795,0.6596422375534832,0.24853000804262299,0.10999624053358051,0.44091557922543057,-0.14274925918830045,0.5981480867781253,0.20809265131213067,0.07666350441817592,0.6779629681119846,0.34192406553157567,0.02202710183409491,0.18298208637357183,0.28349679505387543,1.0,0.5726052274966904,1.0,0.13364584861216372,-0.013170628148200197,0.05983912978215826,-0.2084766072592457,0.18863558291606555,0.638633894354923,0.33957173993863604,0.3196073202788875,0.3857451177770749,-0.055211680565593745,0.5862494373282847,0.30863750148525454,0.13114397067613687,0.6737147410312344,0.3172958648233377,0.09636780415267611,0.35062498958055555,0.3736323824826828,0.3620492184749386,0.6534038803248526,0.9552614083189057,0.2041528953506476,-0.01753087963418341,-0.04093228639242113,-0.11139241483640386,0.2314541081877399,0.6747328023875986,0.2904653051654866,0.21798536060273677,0.3996282731853294,-0.15935032482724582,0.47212517056499026,0.16113034106595686,0.16070439154749197,0.7002692495728664,0.29837820226446216,0.11359957150312232,0.2961828894890495,0.29920786709638586
0.26819375816198215,0.1744278954013479,-0.18331697091247043,0.7890770548511264,0.08351892674685103,0.20052305987233818,0.19748790828932747,0.045805158061885114,0.33472837932765287,0.45791320484958614,0.298583577064221,0.44839125215172426,0.03882737485861592,0.6707648997846057,0.2990469294496121,0.7540907184951366,0.22377032674968267,0.4430773252676745,0.3181706831362949,0.4949704326149722,0.4116433748315428,0.13364584861216372,0.6009200230340707,0.13364584861216372,1.0,0.3608503905253959,0.5277083202273718,0.6189072042816112,0.4872398013094828,0.46463173837612365,0.641989069220872,0.446575004830942,0.6474077664267055,0.24682615172252567,0.7631908041729918,0.40491397224361214,0.7652386676540384,0.35302108439997193,0.6021136784818312,0.5074747683999498,0.5354595193625901,0.5477399198131323,0.6441519351294863,0.5131219913427895,0.2340929018730755,0.9647813355080698,0.4331348946264442,0.43432073471339516,0.5386951157759075,0.4427273275334354,0.36976357665966975,0.5665511455242614,0.3225543949949455,0.5679758115484366,0.17460340675742092,0.7129371831631492,0.3528624929635925,0.848253148090705,0.20901152422423486,0.4674966892063295,0.43714177104716245,0.5105337649305763,0.4135449594328329
-0.5347703625548381,-0.32160056964781714,-0.2198485038805571,0.10117463235479107,0.9082138816330283,0.3201801468515215,0.1337121062657859,0.42526898160736365,-0.20647680712614386,0.7387749573385606,0.4275456507108132,0.2733969303197377,0.2800070478584718,-0.04300354508224391,-0.2341192208019485,0.4546259260450551,0.07733573000449548,0.6268372478455458,0.8270890175281419,0.4645322347043553,0.5260337274096487,-0.013170628148200197,0.10767322418325231,-0.013170628148200197,0.3608503905253959,1.0,0.4950134167703167,0.4173429038113272,0.5665151731184288,0.029374356539682046,0.6851322748525698,0.4560251083210041,0.3899602603236419,0.2873991131975063,0.19311369838571882,-0.11719123001342038,0.5103501301816448,0.17219678219455717,0.752748514245893,0.8517110036409472,0.5479395317102423,0.5556191851182105,0.004184664235371032,-0.051128859707757324,0.04147261911736092,0.29255016752956786,0.9885141364628073,0.4514741533211325,0.39224529057236973,0.5876711409279437,-0.12149525735931924,0.6825581355166177,0.41966654015247173,0.3441455065073906,0.34350900188887346,0.06778536041398633,-0.08038928464510371,0.43123370312756687,0.11088662007873147,0.6876067472109806,0.8157858781696635,0.5992098038761884,0.4746587739995525
-0.008834108630980646,-0.33012290078197043,-0.2329265040936815,0.2121737837601618,0.2565119730399312,0.7273721968316471,0.12364894638224715,0.14869519321302707,0.03636492316488317,0.5096873461454424,0.2161708772223713,0.6459761582257519,0.32098750680180804,0.2866162812751823,0.13760729226044052,0.47047024372794166,0.09961011870827735,0.241140126141193,0.3481845057185168,0.3110850122259581,0.2591775114993037,0.05983912978215826,0.25721798365905046,0.05983912978215826,0.5277083202273718,0.4950134167703167,1.0,0.5280404176249117,0.6078182432467628,0.2790351840452624,0.6761823742247292,0.4632203840104277,0.7121446587420868,0.47382047696114266,0.4375891090254451,0.23572996683709652,0.5462184279641142,0.1581347412859472,0.4655775349348024,0.4713596666587607,0.3900103985094851,0.4265896573748822,0.5022188573942188,0.13306117297532788,0.20873171044279423,0.486065173656591,0.4896969002967318,0.9323543285609301,0.44742217120574196,0.4842920841247395,0.09044764907831093,0.6000208114629233,0.2586285386486719,0.6948550432649849,0.3709448022684504,0.42136748483109737,0.3663604152044371,0.6156162736851468,0.12531389570860116,0.36641413466526107,0.43927556511958593,0.5338379404750523,0.30480150805026235
0.08835552165586617,-0.1762391688613386,-0.4957641852309899,0.6199428920732869,0.22119440960097447,0.4686564941386737,0.7873711398603688,-0.11983386735845424,0.024275520365653995,0.34106447272703916,0.06573831042851473,0.39116889610228767,0.48032745744947414,0.11830535513301849,0.09710024930076831,0.779997307556465,-0.03481394388084126,0.38045427169091806,0.3343339865154632,0.3888326938467519,0.4204177928802982,-0.2084766072592457,0.13096911749081394,-0.2084766072592457,0.6189072042816112,0.4173429038113272,0.5280404176249117,1.0,0.2097129336592683,0.19078658145912178,0.5181853564566276,0.13780541216600392,0.44873794439880854,0.5859926129345797,0.3095223421609851,0.22163973527297015,0.7374574995097624,0.008494322408432061,0.4569462097073984,0.4030724485615772,0.3610812776484046,0.4766773907922269,0.4093743200212915,0.004613675863264207,-0.15113868964592972,0.572493593208227,0.4817881523086894,0.5137667753234864,0.9640174161648993,0.12914368489381567,0.007438144950607212,0.3997296999352812,0.03430325894081856,0.405122184643181,0.5908939135244419,0.2427555096642047,0.23795933816846915,0.7007929234732634,-0.050136888618360236,0.3532805965450144,0.40055389325779084,0.26962066215387936,0.43243141575313904
-0.3076419673656001,-0.069063581770015,-0.1808266479639177,0.038601285199109214,0.34425226789573793,0.12299316331740838,-0.27903891552911775,0.6590671818549919,0.07926386366883799,0.530975574468774,0.5025237674118139,0.3576234974722809,0.09052396171910869,0.3222990526946053,-0.08595525405904243,0.39046368879459736,0.06740884676639981,0.5834248233585171,0.41132635162123293,0.5570719001436867,0.11845225444262265,0.18863558291606555,0.523490390465675,0.18863558291606555,0.4872398013094828,0.5665151731184288,0.6078182432467628,0.2097129336592683,1.0,0.3284776477273249,0.6635686902337528,0.756799266897113,0.635660660979507,0.18801231010058117,0.4922037881395392,0.0011552951963619276,0.46528812080300397,0.20148583211238394,0.7173934971069196,0.568322070923294,0.7100269919010773,0.2850288791969629,0.23873439278288025,0.40179270477022216,0.24186684802259784,0.41187410704458255,0.5348050842714147,0.4241121656523424,0.125361282315873,0.9430794336949982,0.21573160974509545,0.6239323026405572,0.6082594597798251,0.5043236755519455,0.14337597626653084,0.4663467027386906,0.022243598656614624,0.5991562822498075,0.13788092475016087,0.6808657578517398,0.4885371577285845,0.8715626527290592,0.12532146010956796
0.3043804250881354,0.7657592550035583,0.39133064443649035,0.25110886832140783,-0.2708846437783823,-0.07392363730986334,-0.15136115818964918,-0.04499227293011051,0.9384206824336738,0.2010181213815039,0.0820521046653857,0.5277584661410449,0.15631422024314168,0.740346490912373,0.350534582454318,0.38982254706915187,0.498603077620937,0.3053883463502685,0.07772642147138809,0.4068107309870233,0.29100390512711655,0.638633894354923,0.8486681612601041,0.638633894354923,0.46463173837612365,0.029374356539682046,0.2790351840452624,0.19078658145912178,0.3284776477273249,1.0,0.3892272556438062,0.35600324362628544,0.5928644270079855,0.3359997614363702,0.7723391095189298,0.5137661767653106,0.4213001615539881,0.569611593350853,0.37596681258159137,0.16079604877355155,0.4917383172987017,0.4324467180096481,0.6318600448339249,0.8905891855713861,0.6798385955473075,0.48309962357744346,0.016048256632548944,0.15303277939533338,0.20680067598759105,0.31779472219820637,0.9464591016077114,0.282199290564615,0.24563742381894899,0.548023048336707,0.21562988099872346,0.6659849882963518,0.3761532042570065,0.500540168867358,0.5288116212939994,0.2411312131136975,0.08954226711536642,0.5034458432745892,0.3505300018457547
-0.18138205351473718,-0.05335992056461092,0.04387497675941418,0.23097870095484355,0.46015779547947455,0.24029141212111252,0.03794269311522746,0.10977008618934549,0.14982307166685926,0.8777663139923156,0.15107081900055336,0.5904481922226216,0.10762448992105174,0.4739619501530755,0.13575595809173543,0.6631486562895279,0.3063776412200167,0.6575353577401002,0.631642875515203,0.3896590976128642,0.5641917891380561,0.33957173993863604,0.49484961906965286,0.33957173993863604,0.641989069220872,0.6851322748525698,0.6761823742247292,0.5181853564566276,0.6635686902337528,0.3892272556438062,1.0,0.429351879335746,0.7836339950577013,0.29259757202639486,0.6668992258323052,0.2617520792799889,0.6996393133080325,0.42664117584428257,0.81133874423257,0.785552723704719,0.5439469998103401,0.7064417961425724,0.3963445577780684,0.3703604147916676,0.39899545212514187,0.6210899166252987,0.6996239267563675,0.5904646389558353,0.5024502884038877,0.608968407714912,0.2400503595588065,0.9549386351308374,0.24447217724280654,0.7438545911331637,0.2431124627515396,0.6357820232020412,0.30928190414366763,0.7864594162042391,0.35414283760503273,0.7309256331199168,0.800451862207375,0.6056639294843565,0.5991587562222097
-0.0806376864532011,0.010333325910443156,-0.009963126340299241,0.03287421477062136,0.22286237114951557,0.16280568599160097,-0.29109823224086656,0.5900616761953141,0.2100512478947007,0.3265211107805535,0.8735991988504702,0.3069709228845783,0.17887769527305392,0.37015546720236925,-0.1872148802852377,0.22736651199778998,0.3593526254374333,0.5292278403010693,0.4002843592514253,0.6366672201076147,0.2232728604740477,0.3196073202788875,0.4816315164667531,0.3196073202788875,0.446575004830942,0.4560251083210041,0.4632203840104277,0.13780541216600392,0.756799266897113,0.35600324362628544,0.429351879335746,1.0,0.45948346558203995,0.282253712861681,0.46801068607181995,-0.04164644736919794,0.3413389007402065,0.42423055073770866,0.5955420936044031,0.4912062756704738,0.7226117397587588,0.3195231038110631,0.35188783957235076,0.3947871868814814,0.3632693094469793,0.3965508629152414,0.4612772827421074,0.32394075875762585,0.06090811222028604,0.7513605128600602,0.2674495023023601,0.36445034138586524,0.9355298091870959,0.3478450506175142,0.16960025325298111,0.3581077328100789,-0.18033351852576793,0.3689002757813028,0.40237852826585657,0.52477802879416,0.41747361058952337,0.7930867395883403,0.1976016171481433
