Fp1,Fz,F3,F7,FT9,FC5,FC1,C3,T7,TP9,CP5,CP1,Pz,P3,P7,O1,Oz,P8,TP10,CP6,CP2,C4,T8,FT10,FC6,FC2,F4,F8,Fp2,AF7,AF3,AFz,F1,F5,FT7,FC3,FCz,C1,C5,TP7,CP3,P1,P5,PO7,PO3,POz,PO4,PO8,P6,P2,CPz,CP4,TP8,FC4,FT8,F6,F2,AF4,AF8,O2,P4,C6,C2
1.0,0.4798102457385947,0.1274256945852855,0.7316560924124383,0.11457554308600686,0.6991646497714968,0.6192560489194194,0.4611862194760747,0.34664263235062215,0.0029372816816879317,0.14828586278853365,0.06256207268082964,0.498705455167285,0.34605467955391933,0.5700857851340599,-0.2399422260864465,0.26143236576474366,-0.42658066566768527,-0.2885099128556465,0.46693374598050363,-0.46701401108077917,-0.0726717509663098,0.05410816013470601,-0.0726717509663098,0.6422241845752563,-0.030740776171397095,0.5054995059737682,0.13718345397668952,0.2901317729228963,0.00363829078436124,-0.3400736196510291,-0.2006358622328122,-0.4440765643645832,0.29771521774666987,0.4129396274377387,0.6741625627786869,-0.175693172485207,0.1753152865549484,-0.5326068625950169,-0.3568680829467015,0.38714758723353654,-0.44617214181152653,0.6592466647041888,0.17713605798757553,-0.25594527402159184,0.7649719248173503,0.049251708705312924,0.6362172733760935,0.46442217205560904,0.24962253423348565,0.06513578130389547,-0.13542662567712135,-0.05016293366636724,-0.12681655155277863,0.36601888472321853,0.48811304172945363,0.7311309898880165,0.11860163085942149,0.3377085035067775,-0.36902329055228056,-0.24429832599781165,0.2681762896726669,-0.4189066544617137
0.4798102457385947,1.0,0.45990645715234435,0.8327953779480319,0.4295155883804639,0.8178389920859953,0.5983680643870452,0.4826499245732822,0.6421440408043468,0.31521400491486834,0.47091581777451724,0.06838919490913721,0.37244609827409303,-0.07084434711258684,0.22602476117021034,0.11513798111842147,0.08776058667839279,0.09700280610698074,0.2780366705906895,0.06337930057110214,0.24876127287411923,-0.009414943510504257,0.5416205106379244,-0.009414943510504257,0.3773132102707664,-0.042917838896662765,0.2962473345162359,-0.021835679399068924,-0.012569331513155084,0.12044181951895656,0.12957623203007745,0.12077900591660214,-0.10497584935122312,0.08807060268979233,-0.12022196404565458,0.14963139718224724,0.13617706524180345,-0.11210508911041124,-0.047159788368111535,0.22249104227761116,-0.009768450611021478,0.23173200420956525,-0.00038199219320980454,0.6038059864851316,-0.01136765208764735,0.5250404671536946,0.11796670256252578,0.4397847096157842,0.24289146287858354,-0.05532495356161315,0.22083728061777202,0.2690427763362227,0.42892602344842967,0.3944528265942687,0.1780333834987658,0.09960623010840211,0.3599734511528949,0.2526087929999932,0.07528058461357302,0.22975753384071546,0.3409158228395507,-0.1382059925330307,0.28524138692160145
0.1274256945852855,0.45990645715234435,1.0,0.24563378613319786,0.7006371363926043,0.38202992744792746,0.5013904548392693,0.43432963779448663,0.5838583852456757,0.6563371848411564,0.6090281469168349,0.4430748297545442,0.2694143880571379,-0.0790678531061527,0.11328091267192451,0.508519070321368,0.1548447578172093,0.535455303568139,0.3363923354417009,-0.11360700098637634,0.4805356078548366,0.5800878712533107,0.0425246866822882,0.5800878712533107,-0.276500050243683,0.41845959149576073,-0.18635838242680397,0.07681086238856184,0.003468406645255313,0.35547752508147173,0.41686241791824247,0.3560295854275897,0.33550604642316384,0.21271526424239462,-0.15018903284536933,-0.13838007639952804,0.41421970955159,0.10270873761420339,0.4371934733213785,0.3093408734601635,-0.07558774554434812,0.5204838270644414,-0.28914644720795,0.16798889026031757,0.7186814842504264,-0.012550863049303113,0.4741047766587145,0.07587994715589608,0.1925040824302702,0.15150487961803258,0.45643747807126495,0.6046984409515328,0.46182028235241773,0.5835554488114798,0.14540429130219426,-0.01846500231633566,-0.1005600858425581,0.2020559039157139,0.059682838339846,0.5575045321123653,0.2966244603008118,-0.1507256158006837,0.49634699220422285
0.7316560924124383,0.8327953779480319,0.24563378613319786,1.0,0.1858659026297166,0.8317491805285913,0.5525278538454268,0.605830097987159,0.537079500146029,0.29310437146629204,0.24723485347128993,0.06627550714172932,0.6012500184245004,0.16943603782486125,0.5322595860356869,0.011517723075528011,0.17261657958775684,-0.23484707588261972,-0.11034582217673469,0.20692758026519426,-0.14845508059432252,-0.12804458345563327,0.20355399457604478,-0.12804458345563327,0.6381580953430228,-0.13936820665805746,0.385892599166397,-0.09533836281424196,0.16040978559231236,0.09051751391798993,-0.05478347816505077,-0.15136093684374022,-0.23192368350729223,0.3054291995581022,0.09349884178604037,0.4734809382795869,0.05734586055431236,0.0176219996871184,-0.33151661316387515,-0.19918579143383733,0.18183824901426104,-0.13998844038061722,0.3212139697479112,0.2759301196087113,-0.1519893083630797,0.7875226161665986,0.016791845183478617,0.44922329717858545,0.23222262130468846,0.08804548421802118,0.13819879382753117,0.11669804346265164,0.142455151589851,0.0016956044819073613,0.38840363109296916,0.2905018897049743,0.6170655958303701,0.25650298805130156,0.2764366180956879,-0.12237816974992122,-0.06059330913715556,-0.01166667973665074,-0.06383941966130427
0.11457554308600686,0.4295155883804639,0.7006371363926043,0.1858659026297166,1.0,0.3073281239609676,0.718047852225574,0.39336250134194256,0.3892687918316394,0.08118475634489845,0.2628532345921599,0.44318249815945127,-0.22303970690436523,0.2531830710888105,-0.17681524930660292,-0.10461218218754607,0.2065994980884341,0.3119334486024178,0.7440450819168276,0.38130836685146113,0.6535843230979034,0.5507893978592624,0.24741732303544423,0.5507893978592624,-0.1293887125852287,0.7574106794399867,-0.13719648376927535,0.3502547361478167,0.22218538677498603,0.12219404257386211,0.07685728037431959,-0.022007383445433785,0.22943180429778187,-0.2964840928078664,0.21963963261561123,-0.3441286415086546,-0.1974645445132854,0.07624541124932806,0.21360727274886163,0.7033293227770656,0.3468181671985765,0.6255706708738511,-0.25389256534413923,0.1998010632278219,0.49184543182103296,-0.02580915552878575,0.8538944362379843,0.034642099940054655,0.5066328079133805,0.25304557228211677,0.28635738255186316,0.1726753546820644,0.20979475473904502,0.5554446632752976,-0.26569800570538266,0.36759837138183005,-0.21110788604617198,-0.3199367235830093,-0.0009584861528757057,0.32508214390434187,0.688432080185655,0.27352745160176456,0.5996637038052639
0.6991646497714968,0.8178389920859953,0.38202992744792746,0.8317491805285913,0.3073281239609676,1.0,0.5343903936573883,0.6699189287647926,0.47997546611314246,0.3122292643941474,0.38060189163778185,0.31448298552429266,0.48779399699862835,0.28020801549684204,0.4551969021350192,0.0068674156322229485,0.23783720491786292,-0.16158609022901102,0.02040043560128974,0.2381150724463245,-0.06236642283306335,-0.02763431952935894,0.21373089548841376,-0.02763431952935894,0.41604833133461117,-0.01661403099552866,0.6069512600785559,-0.0671920200844773,0.38980859091758707,0.023104362048644616,0.015567146510541714,-0.01894045446472531,-0.15584461092964103,0.23964885684458004,0.2437939453700577,0.4548318895133695,0.06147258481896075,0.10293396809455406,-0.2720511080914057,-0.05102004400493222,0.2860544225581625,-0.0764920726860993,0.21449628242208624,0.3634799040049786,-0.03396677820959082,0.5742035306707931,0.12487440146035693,0.7477296351824189,0.25646752153730407,0.27322098202090894,0.12100739097050356,0.1918531371568978,0.19560135145327973,0.21223796006116474,0.3329935320725978,0.36467754619549503,0.5781341224909006,0.21589511112065782,0.291835402276688,-0.03444776902871257,0.06862198142630392,0.07623637776199639,-0.011020004201227803
0.6192560489194194,0.5983680643870452,0.5013904548392693,0.5525278538454268,0.718047852225574,0.5343903936573883,1.0,0.47767552589132195,0.5476792710767434,-0.05115763717622039,0.1902545478406932,0.2685687418977331,0.16515183368711447,0.3097490543861314,0.313419777002766,-0.17438768236461213,0.408637312211221,-0.0425516895334547,0.3681688152750494,0.5246878233714256,0.14039975758782636,0.21967833755060207,0.25373022264501716,0.21967833755060207,0.33081503504111626,0.3839611745493885,0.1169971692331912,0.5385429159815764,0.1999950011358608,0.19037812774719226,-0.2080028039184128,-0.1882526594257783,-0.09618371419675999,0.0075132149016092446,0.30130310711069663,0.22952554405325865,-0.19911663361202134,0.25675789788446024,-0.1607832229892772,0.31843280972872506,0.39350745518532737,0.15700950211446052,0.2646032816671949,0.25356939471129347,0.16842686888012326,0.47851304897603236,0.5260943456452777,0.2931037252084805,0.8164124371313384,0.23068202515191305,0.31868943387304605,-0.07182087474891181,0.10830025864087109,0.3397976870736262,0.05201549271563267,0.525655939291592,0.34878668256159967,-0.16004982114047636,0.26439761460439143,0.02481768727443925,0.3533896723986769,0.30619214835590497,0.17220484519523313
0.4611862194760747,0.4826499245732822,0.43432963779448663,0.605830097987159,0.39336250134194256,0.6699189287647926,0.47767552589132195,1.0,0.34654492364482725,0.28772410046851943,0.009640064275643576,0.3232524847780958,0.3966342033469236,0.44881722888958364,0.3745704150130691,-0.03435143719614139,0.4393364419334818,-0.2853026935606331,0.048508310398303854,0.27232804896462,-0.054507968248504866,0.39179409591149844,-0.21219263896919083,0.39179409591149844,0.09553335177804809,0.26795021688718224,0.09986020935674954,0.10640133631272033,0.25000157451086097,0.12382931162994947,-0.1548857902076962,-0.23684772639987445,0.18878297111458753,0.21864662447217995,0.3576005877246421,0.20844699608095402,-0.062633866301606,0.26221644492538904,-0.27682405281996136,-0.03585207918492429,0.33019950116798086,-0.0753280841140794,-0.032283886310679626,-0.10552676155796595,0.35877294791666414,0.3054896614909675,0.24318361487018963,0.2196919370330572,0.1686499083869996,0.6859490025451018,0.035534252811767794,0.024686129925732107,-0.17562544035602537,-0.018270698803251485,0.17444227577521354,0.6083446251382594,0.2264664911454797,-0.1090459398433755,0.34459323800808617,-0.19664179292553485,0.0023168907773338247,0.26923127339162684,-0.045865249016683506
0.34664263235062215,0.6421440408043468,0.5838583852456757,0.537079500146029,0.3892687918316394,0.47997546611314246,0.5476792710767434,0.34654492364482725,1.0,0.5232210370182413,0.7148851344840496,-0.002577151173215281,0.5196829969221055,-0.21171244816616663,0.3407617232745932,0.3431054031395539,-0.158432131291594,0.26007963306185805,0.07045346017569895,-0.203832269813649,0.15910923116042175,0.25413056424937275,0.3622442859792498,0.25413056424937275,0.25796722364800523,0.16535541170368423,0.12450507469913653,-0.007433707181251191,-0.1570476991780312,0.7200882752348914,0.32064977736511424,0.3455730466221202,0.03300577333490416,0.4400253489812284,-0.24833157981752285,0.2393646811730086,0.37570947957435286,-0.17828997258483154,0.17426872951726105,0.05821842317515535,-0.2285940878783183,0.16754645793932238,0.0655485816622667,0.4336648241998678,0.2774464922972415,0.3749342241942221,0.24633034847129195,0.31713972712398564,0.3023012583253923,0.025905570337222284,0.7841415987432097,0.46397578199629996,0.6062266058321094,0.20029822850563536,0.4764089409937167,-0.011051983361393762,0.3354711568209429,0.4408810365456363,-0.12516861049867783,0.39819166254407057,0.0498237283826744,-0.2572620363509831,0.1789514865005688
0.0029372816816879317,0.31521400491486834,0.6563371848411564,0.29310437146629204,0.08118475634489845,0.3122292643941474,-0.05115763717622039,0.28772410046851943,0.5232210370182413,1.0,0.6207578447851301,0.19838124786882513,0.5244207306182993,-0.34192389100316617,0.3301354735471025,0.8253369459829346,-0.09907557955615608,0.4929796911902477,-0.19013503577788118,-0.5892962625934285,0.1573695142925646,0.2734514185450866,-0.14203485340752753,0.2734514185450866,-0.1324933241241134,-0.011883081059513514,-0.020532490896444214,-0.4100054053159323,-0.09654342774021865,0.37436519853741057,0.7156469146841092,0.4908155920664463,0.3135880658694622,0.46291543418581443,-0.46536758088465224,0.1036984735502246,0.80555881127902,-0.033321747976348265,0.46247632821542906,-0.22225968311903269,-0.433846736546011,0.18895630328462115,-0.2225203952866744,0.03482630089901467,0.4870860700171075,0.06383125225563178,0.025304234445859174,0.10932360980486856,-0.2976022174387379,-0.030418705025034836,0.4902105729119501,0.8618061263923954,0.5469206976678183,0.21666584422269092,0.42959019084297206,-0.3877732710537857,0.08877585540715839,0.7023371957577275,0.061998720525097493,0.50129611494498,-0.23712057793074462,-0.5332529045419767,0.202076210557152
0.14828586278853365,0.47091581777451724,0.6090281469168349,0.24723485347128993,0.2628532345921599,0.38060189163778185,0.1902545478406932,0.009640064275643576,0.7148851344840496,0.6207578447851301,1.0,0.10856399146143596,0.39028412491722786,-0.40891285967014585,0.10557320338037052,0.5348793974156506,-0.2582012534288927,0.5232217869734003,0.013299382220328972,-0.41852508317575166,0.2796076121850392,0.16456083738724467,0.45313555226858326,0.16456083738724467,0.06478189327241086,0.11160196364488909,0.18089586183817882,-0.3109981545863932,-0.0936317930502802,0.5166141600761512,0.5712894620179751,0.7388978040171033,0.03494186387701826,0.3392941399306574,-0.3790979772304369,0.0989770725753787,0.5735121950523349,-0.18515257482959926,0.38652533970657565,0.0406708769906238,-0.33494036376385194,0.29824792825476704,-0.08230315555979706,0.5181572848380238,0.23943124201312316,0.12614816307464014,0.14846100007750587,0.40112863684237926,0.010942404273168876,-0.2152814272404727,0.6315546230589404,0.6753827063495601,0.8546888239958788,0.4081397337984405,0.3941872553126823,-0.3756441682665123,0.17202428094766029,0.5906735556715585,-0.12096881545483276,0.6181726149715014,0.036038298727683105,-0.44694953608663734,0.29194899564217025
0.06256207268082964,0.06838919490913721,0.4430748297545442,0.06627550714172932,0.44318249815945127,0.31448298552429266,0.2685687418977331,0.3232524847780958,-0.002577151173215281,0.19838124786882513,0.10856399146143596,1.0,0.09988606203384766,0.47715762852391835,0.2847382084751217,0.10478534828187379,0.4043408059732746,0.23340390928819515,0.24021352722081016,0.23285550364404936,0.21385883281487092,0.17414668870527678,-0.33558772006210164,0.17414668870527678,-0.2400511603983454,0.320818885371947,0.06917820272124608,0.2303109394369462,0.661429728041754,0.04451537215087075,0.02632897834477543,-0.12348189174409575,0.20885744248975538,0.15997249978356484,0.2939340028829874,0.050900725879415305,0.041194769281385955,0.435765131125352,0.231996956723805,0.22615418376315188,0.466859748188629,0.24420740927997267,-0.14462481551666323,-0.2528348906608995,0.3665146756854481,-0.1438573546919718,0.4265073558941554,0.09182809464317729,0.19260293269588227,0.25378924119241214,0.04834278476974026,0.14358227026312564,-0.029994758721401255,0.425912186654682,0.09278436154369622,0.2361173584400781,-0.022129414597323857,-0.25997570237503514,0.3759071501002748,0.26159412967707063,0.17424049140523742,0.15672480541229772,0.2337741787291814
0.498705455167285,0.37244609827409303,0.2694143880571379,0.6012500184245004,-0.22303970690436523,0.48779399699862835,0.16515183368711447,0.3966342033469236,0.5196829969221055,0.5244207306182993,0.39028412491722786,0.09988606203384766,1.0,-0.06580503119378266,0.7109872271725534,0.3642583626922978,0.07112972000136515,-0.04130442131451532,-0.4988818555385681,-0.20102897552107277,-0.3624663854614789,-0.02473573401110962,-0.13228387185766458,-0.02473573401110962,0.3426771687773328,-0.3800651734796202,0.26489324530464625,-0.23876951381538847,0.03918750355875805,0.3699817287388395,0.09227400321449418,0.09934146567877461,-0.0396315132463258,0.8667314535053221,-0.15143888545142734,0.6047459497396948,0.4104179475268799,0.11098587848468638,-0.07044042447326049,-0.524503016309058,-0.1116802799714923,-0.271133791814429,0.28902035943831167,-0.0211225460807047,0.0320802253191283,0.49150055271219534,-0.3152646783780071,0.3107263392203754,0.012332272418638775,0.07728895006391956,0.25979595828032903,0.2697810940081186,0.2114265204163119,-0.17114116150399006,0.85658072342875,-0.03657080068537215,0.5860232370173192,0.49411070212103103,0.24085998290668525,0.04019756502802879,-0.4791530628183886,-0.3028111822505676,-0.2531185433139799
0.34605467955391933,-0.07084434711258684,-0.0790678531061527,0.16943603782486125,0.2531830710888105,0.28020801549684204,0.3097490543861314,0.44881722888958364,-0.21171244816616663,-0.34192389100316617,-0.40891285967014585,0.47715762852391835,-0.06580503119378266,1.0,0.1671478485178225,-0.5367384692077354,0.5057201865377347,-0.5766085602263535,0.15416483871886796,0.7614470210287626,-0.1363112713182225,0.1848769366154867,-0.39344193922654597,0.1848769366154867,0.16420972316690757,0.373721253015048,0.26304105449121157,0.2794067975324842,0.7210720051639016,-0.19396833748942435,-0.44094677915713015,-0.6541198633977131,-0.05773958925356578,0.0023877446432976107,0.9160019700649369,0.23677270715550752,-0.5425204083363231,0.4564306828041353,-0.5118433396520244,0.08892027342207061,0.9065019506355491,-0.14431184690491605,0.22710007350864994,-0.39044054972862496,0.05898453535115442,0.16558972433602628,0.3820412135121129,0.16892388485065188,0.37292331923903727,0.6492031731347838,-0.20230690094018208,-0.391877339589684,-0.5902571120410511,-0.17777191326121075,0.015770867573592834,0.8543421840029501,0.2161404885696281,-0.5255956071604135,0.4833688072311864,-0.5240574830760327,0.13443684015660837,0.7756191168398787,-0.1099351944343747
0.5700857851340599,0.22602476117021034,0.11328091267192451,0.5322595860356869,-0.17681524930660292,0.4551969021350192,0.313419777002766,0.3745704150130691,0.3407617232745932,0.3301354735471025,0.10557320338037052,0.2847382084751217,0.7109872271725534,0.1671478485178225,1.0,0.2685328741232186,0.38271893444192495,-0.0883851883112796,-0.5079504546686944,0.03849554301127058,-0.5342835860929422,-0.20824781413257074,-0.25362080529231085,-0.20824781413257074,0.4349466766211816,-0.2924022840523541,0.30126060755242584,0.08300378701057695,0.2734535557494955,0.3411056413176858,0.04318249205550098,-0.16237043949432456,0.03916045350556685,0.678757997101849,0.08079542710744797,0.8598955100098923,0.31734582632609,0.469854616226158,-0.046866267295470915,-0.5217939025487843,0.08889257379953981,-0.45119288790171913,0.5198193362370196,-0.13579663592354757,-0.018097159406712655,0.5565356039165005,-0.15146340670449868,0.3496406260033966,0.28586375039863676,0.169877758586437,0.31030950952963027,0.1553252354008809,0.04193460580474081,-0.08489768742114248,0.6738071055676762,0.18314881624717566,0.756581742024938,0.370359693580482,0.5660016627222447,-0.02953688292661911,-0.5095415952564161,-0.057637849818923385,-0.38554028066096513
-0.2399422260864465,0.11513798111842147,0.508519070321368,0.011517723075528011,-0.10461218218754607,0.0068674156322229485,-0.17438768236461213,-0.03435143719614139,0.3431054031395539,0.8253369459829346,0.5348793974156506,0.10478534828187379,0.3642583626922978,-0.5367384692077354,0.2685328741232186,1.0,-0.09625005676967835,0.5793487931315838,-0.19844550580512463,-0.7103633204465312,0.10874003633674587,0.05499085228963171,-0.09105661204458597,0.05499085228963171,-0.24592345389693324,-0.18786762154644418,-0.23057242513954698,-0.25435309075474705,-0.27323726185289543,0.40119572035717205,0.7191451094493952,0.5737028263246796,0.2841038026829704,0.3904271937716852,-0.628389593501841,0.07637507776608614,0.9693326823001093,-0.008887117112101835,0.5501554150088175,-0.19499286946299854,-0.6370907571098237,0.18034994500634385,-0.20098421397903377,0.04663015121087915,0.5041744338347695,-0.08647364096397595,-0.17867615605868314,-0.09266872540105814,-0.2819557556511704,-0.2373596267376984,0.4725333975733089,0.7440412906676555,0.5731628746452881,0.33642690802354347,0.3261771069055718,-0.5967345516885523,-0.006809635268071814,0.6949295479393416,0.06030585362655815,0.5836019625012269,-0.2352469455716308,-0.6097100174003971,0.1894795610219504
0.26143236576474366,0.08776058667839279,0.1548447578172093,0.17261657958775684,0.2065994980884341,0.23783720491786292,0.408637312211221,0.4393364419334818,-0.158432131291594,-0.09907557955615608,-0.2582012534288927,0.4043408059732746,0.07112972000136515,0.5057201865377347,0.38271893444192495,-0.09625005676967835,1.0,-0.17155348783703625,0.10390476440133728,0.4614352926536374,-0.015748074204662486,0.18689110300684472,-0.21707304645580627,0.18689110300684472,0.15406868321741596,0.12001590769949493,0.0659803127468373,0.4117713667986127,0.3738826322666354,-0.14420345346338498,-0.16315430835301523,-0.3222861153959488,0.23057434934569088,0.0847058863269549,0.4368008992906114,0.30605900628734023,-0.0919228406702158,0.9200097537128088,-0.13174026102177344,0.07300693293233403,0.5045344424689826,0.015511136756006537,0.025766710707951432,-0.23800464135559737,0.21506629700046093,0.11825041083891313,0.11609175312111257,-0.016315672589768404,0.4494305164797773,0.4408635420677486,-0.16408572230784926,-0.10906618288824352,-0.21326699395896317,0.20289060633645997,0.003133740435134426,0.5134151727919264,0.27714785730091324,-0.1794906490804,0.8490293956389955,-0.12898165739007356,0.10305985377296051,0.4513588542709793,0.07460808277028205
-0.42658066566768527,0.09700280610698074,0.535455303568139,-0.23484707588261972,0.3119334486024178,-0.16158609022901102,-0.0425516895334547,-0.2853026935606331,0.26007963306185805,0.4929796911902477,0.5232217869734003,0.23340390928819515,-0.04130442131451532,-0.5766085602263535,-0.0883851883112796,0.5793487931315838,-0.17155348783703625,1.0,0.3418051940203575,-0.47046060902847303,0.5765840813231299,0.22186988627483722,0.22075434148864542,0.22186988627483722,-0.35894400066945475,0.19016829296093807,-0.2973742751282554,-0.0041514762952294575,-0.1817560174118754,0.31593162061904656,0.6919753116395359,0.590874825718037,0.4853222738735371,0.035450573895927484,-0.6021656774088269,-0.3149891587416069,0.5331254000069969,-0.02293228987343126,0.9605421362662104,0.4045514213184458,-0.45955948940468516,0.6321865709305352,-0.4732335232082847,0.26780573804029684,0.3999390343803877,-0.3013363021604545,0.26183335960981946,-0.15443316949259403,-0.053594099321171096,-0.34915198590526675,0.4193095966123594,0.709853343281481,0.711493352305533,0.6821501057631919,0.022876068018376154,-0.562430706905372,-0.318576820739759,0.3790889489912306,-0.13741779484255065,0.94620536377982,0.2906597289014174,-0.4936190089069657,0.5922183021061969
-0.2885099128556465,0.2780366705906895,0.3363923354417009,-0.11034582217673469,0.7440450819168276,0.02040043560128974,0.3681688152750494,0.048508310398303854,0.07045346017569895,-0.19013503577788118,0.013299382220328972,0.24021352722081016,-0.4988818555385681,0.15416483871886796,-0.5079504546686944,-0.19844550580512463,0.10390476440133728,0.3418051940203575,1.0,0.33045791790373,0.81548433965233,0.40116980500205635,0.3866354404102651,0.40116980500205635,-0.2229343423312572,0.5367454945076778,-0.17491864901111337,0.3950747683691659,0.12835984761194408,-0.10734143716550149,0.10659564584614376,-0.0964569272946108,0.31969102188406356,-0.4957386360350909,0.14609550824779344,-0.5869007003051776,-0.26498794201579495,-0.011358539544899824,0.28074077538881176,0.9822794753403472,0.27730431915124054,0.7859404317155537,-0.4154503137661109,0.3212947628969672,0.3501396422140801,-0.27296411128800674,0.6504511200416828,-0.14489484883645956,0.3834438583400164,0.09126615682712994,0.07935308040863075,0.06925689903687514,0.15711467523692016,0.6335754883099847,-0.38450795479389505,0.228077750559127,-0.40142656575376456,-0.3742661013474034,-0.07677999181112287,0.35290559438481506,0.9647056700383643,0.272632235820355,0.7793890289372414
0.46693374598050363,0.06337930057110214,-0.11360700098637634,0.20692758026519426,0.38130836685146113,0.2381150724463245,0.5246878233714256,0.27232804896462,-0.203832269813649,-0.5892962625934285,-0.41852508317575166,0.23285550364404936,-0.20102897552107277,0.7614470210287626,0.03849554301127058,-0.7103633204465312,0.4614352926536374,-0.47046060902847303,0.33045791790373,1.0,-0.013373079782512617,0.18849798061192544,-0.054249826463479214,0.18849798061192544,0.39037239522098466,0.397442681275097,0.2321822904264288,0.44812660521436964,0.5677252935042401,-0.2698031523536328,-0.5559248930876893,-0.6185264786807593,-0.12543588078222004,-0.20086724681326554,0.8522684132028114,0.18493528292562797,-0.6910385273688419,0.37865859922196626,-0.4853242093833026,0.27091733476610025,0.8844097064856636,-0.020471323325469932,0.34011329789401884,-0.12320834515102913,-0.05335961490474976,0.3230489059956836,0.47229705216178625,0.19569683365666213,0.6491438180691449,0.4596176324697543,-0.20744784380686454,-0.5059312716731238,-0.4549294583771583,0.04462491198220459,-0.09752008913937336,0.8510752797128558,0.23820563674949524,-0.5523695891894501,0.3999079089897073,-0.44732384255121016,0.34737294472288177,0.8844170370282085,0.011128308870390648
-0.46701401108077917,0.24876127287411923,0.4805356078548366,-0.14845508059432252,0.6535843230979034,-0.06236642283306335,0.14039975758782636,-0.054507968248504866,0.15910923116042175,0.1573695142925646,0.2796076121850392,0.21385883281487092,-0.3624663854614789,-0.1363112713182225,-0.5342835860929422,0.10874003633674587,-0.015748074204662486,0.5765840813231299,0.81548433965233,-0.013373079782512617,1.0,0.4565756148711205,0.36281185560526713,0.4565756148711205,-0.28697988013254616,0.46306426640069315,-0.27438401583368394,0.026870716350871866,-0.023298597539004838,0.014731492930818175,0.3910274642281419,0.2104259692314022,0.37925464246738827,-0.3131229508686044,-0.17272032945670926,-0.6822505404001116,0.06096339185265872,-0.07925837163264104,0.5177716172340404,0.8098824779964962,-0.0023331321038841677,0.9660699995138541,-0.6105803344784924,0.25766080771559496,0.4847356060715324,-0.3893143154316828,0.5442407047937525,-0.2631272849551445,0.059100139609825866,-0.07457763355962366,0.15652344057903905,0.3878246667230225,0.4175927196558658,0.6399747034454832,-0.28496386472520946,-0.12867047174363153,-0.5344560699203141,-0.0991728765833715,-0.1772073208775072,0.599052918756772,0.7795878208160865,-0.015574946205921448,0.9457984633070214
-0.0726717509663098,-0.009414943510504257,0.5800878712533107,-0.12804458345563327,0.5507893978592624,-0.02763431952935894,0.21967833755060207,0.39179409591149844,0.25413056424937275,0.2734514185450866,0.16456083738724467,0.17414668870527678,-0.02473573401110962,0.1848769366154867,-0.20824781413257074,0.05499085228963171,0.18689110300684472,0.22186988627483722,0.40116980500205635,0.18849798061192544,0.4565756148711205,1.0,-0.15325581227619972,1.0,-0.28620914610481,0.6658503916958343,-0.280952080600588,0.13158138482364226,0.02727309339133055,0.24225571691042708,0.13163686217094409,0.0900001160819215,0.44006981118060357,0.09202204557806641,0.2114797657778368,-0.31323677144727713,-0.011227045895278603,0.17461936964515806,0.24749642787396722,0.37519100092555707,0.16020673241132344,0.4518610195889206,-0.42329600034140497,-0.1343822794599717,0.7394373156713424,-0.2162276635584531,0.5439080687812837,-0.17520110425282376,0.15136281242730057,0.552021681431954,0.27007470685529084,0.270821303926375,0.08658269443646935,0.21431859148108776,0.013275707892020674,0.3158561692925499,-0.3297107981584499,-0.10268618923670837,0.07084578459726469,0.20531319278514817,0.3136659584423284,0.36678144916373623,0.3872318454752138
0.05410816013470601,0.5416205106379244,0.0425246866822882,0.20355399457604478,0.24741732303544423,0.21373089548841376,0.25373022264501716,-0.21219263896919083,0.3622442859792498,-0.14203485340752753,0.45313555226858326,-0.33558772006210164,-0.13228387185766458,-0.39344193922654597,-0.25362080529231085,-0.09105661204458597,-0.21707304645580627,0.22075434148864542,0.3866354404102651,-0.054249826463479214,0.36281185560526713,-0.15325581227619972,1.0,-0.1532558122761996,0.32826195727895113,-0.039508546072912154,0.19274053839084807,-0.007743065987040872,-0.2146870158885611,0.07154651756555727,0.13901013866679995,0.3460834940450652,-0.13741180359728475,-0.2689420103036811,-0.27489701608754674,-0.13003161949160283,-0.03757868555330663,-0.2968148853115651,0.09564891868713231,0.4299874799251865,-0.20010057647124854,0.3317701700367269,-0.012317784120522356,0.8818921243133188,-0.24828936161425744,0.18712190784250307,0.07259150675446627,0.263630606999498,0.2218049942639011,-0.3754161070657591,0.2179212972529705,0.09549415678977168,0.5885090685517623,0.3568772317448905,-0.09408921269047169,-0.2030981098500289,0.08896688922584055,0.14240803036128058,-0.258775929526679,0.293800991965397,0.47561882569055136,-0.17380675215855237,0.36228435931746145
-0.0726717509663098,-0.009414943510504257,0.5800878712533107,-0.12804458345563327,0.5507893978592624,-0.02763431952935894,0.21967833755060207,0.39179409591149844,0.25413056424937275,0.2734514185450866,0.16456083738724467,0.17414668870527678,-0.02473573401110962,0.1848769366154867,-0.20824781413257074,0.05499085228963171,0.18689110300684472,0.22186988627483722,0.40116980500205635,0.18849798061192544,0.4565756148711205,1.0,-0.1532558122761996,1.0,-0.28620914610481,0.6658503916958343,-0.280952080600588,0.13158138482364226,0.02727309339133055,0.24225571691042708,0.13163686217094409,0.0900001160819215,0.44006981118060357,0.09202204557806641,0.2114797657778368,-0.31323677144727713,-0.011227045895278603,0.17461936964515806,0.24749642787396722,0.37519100092555707,0.16020673241132344,0.4518610195889206,-0.42329600034140497,-0.1343822794599717,0.7394373156713424,-0.2162276635584531,0.5439080687812837,-0.17520110425282376,0.15136281242730057,0.552021681431954,0.27007470685529084,0.270821303926375,0.08658269443646935,0.21431859148108776,0.013275707892020674,0.3158561692925499,-0.3297107981584499,-0.10268618923670837,0.07084578459726469,0.20531319278514817,0.3136659584423284,0.36678144916373623,0.3872318454752138
0.6422241845752563,0.3773132102707664,-0.276500050243683,0.6381580953430228,-0.1293887125852287,0.41604833133461117,0.33081503504111626,0.09553335177804809,0.25796722364800523,-0.1324933241241134,0.06478189327241086,-0.2400511603983454,0.3426771687773328,0.16420972316690757,0.4349466766211816,-0.24592345389693324,0.15406868321741596,-0.35894400066945475,-0.2229343423312572,0.39037239522098466,-0.28697988013254616,-0.28620914610481,0.32826195727895113,-0.28620914610481,1.0,-0.15307597940216403,0.5547651391408555,-0.008455553768779297,0.24872663752571117,0.035775493429453256,-0.11752019410950802,-0.1818019401673442,-0.33052495379925273,0.2250291698203688,0.2522106097189681,0.6518183214189871,-0.08288376970035093,0.1587888817371907,-0.41965573437636533,-0.27868083898249313,0.3047783962100917,-0.260079911416573,0.5964877687875355,0.3047973861057282,-0.40567950908397293,0.8018321771723682,-0.01971340297916175,0.4579986305069294,0.4239618870983555,0.02233927293870755,0.1612219439527147,-0.06521586399483796,0.13905070279351153,-0.18030862652288354,0.40768023718177254,0.3070608721512153,0.7533081998687216,0.29190964026798416,0.34740601625588635,-0.2794269466526164,-0.18177826638472194,0.229119815324803,-0.1639675038006321
-0.030740776171397095,-0.042917838896662765,0.41845959149576073,-0.13936820665805746,0.7574106794399867,-0.01661403099552866,0.3839611745493885,0.26795021688718224,0.16535541170368423,-0.011883081059513514,0.11160196364488909,0.320818885371947,-0.3800651734796202,0.373721253015048,-0.2924022840523541,-0.18786762154644418,0.12001590769949493,0.19016829296093807,0.5367454945076778,0.397442681275097,0.46306426640069315,0.6658503916958343,-0.039508546072912154,0.6658503916958343,-0.15307597940216403,1.0,-0.18404342702697615,0.27757863141721206,0.30104134934559473,0.2303976763761948,0.05968472440761647,0.0704683151996617,0.28124098658724067,-0.2967095799297172,0.3941459447375108,-0.29188691159668056,-0.2304283594730879,0.13338138306838984,0.17691746135582614,0.5094153135195629,0.4290847589930489,0.4244103792413337,-0.24046301828208183,-0.09198061894631117,0.5115079604658279,-0.1320305407648513,0.8887904661642823,-0.05118950301960853,0.3701184754551918,0.4631841334654499,0.31910315943998707,0.13622092853983847,0.09737243033368993,0.27757431404312205,-0.2675339369772799,0.48150162589414036,-0.2847787002122936,-0.29487998515039215,0.02627943692183001,0.19835562251407435,0.41913120311839963,0.47692446672616345,0.3719069982202234
0.5054995059737682,0.2962473345162359,-0.18635838242680397,0.385892599166397,-0.13719648376927535,0.6069512600785559,0.1169971692331912,0.09986020935674954,0.12450507469913653,-0.020532490896444214,0.18089586183817882,0.06917820272124608,0.26489324530464625,0.26304105449121157,0.30126060755242584,-0.23057242513954698,0.0659803127468373,-0.2973742751282554,-0.17491864901111337,0.2321822904264288,-0.27438401583368394,-0.280952080600588,0.19274053839084807,-0.280952080600588,0.5547651391408555,-0.18404342702697615,1.0,-0.1538347871402235,0.5127849076327728,-0.15688057918917306,-0.006186978289850812,-0.07380052807201687,-0.2508052949276688,0.1856033213497957,0.31550908530271654,0.5640387407461741,-0.08012065407106383,0.11434842272541318,-0.36528314207471757,-0.21301651009506165,0.33472993599945317,-0.3090352975866311,0.40630953293834343,0.28052790139825334,-0.39336861330382417,0.4045712728992752,-0.04691386894686797,0.8454048722338866,0.22833732864594786,0.09035509492174092,0.03007018815916601,0.015093616388781237,0.09037154264819161,-0.12315398334131747,0.34015531359289375,0.22680589512762322,0.6597323053131158,0.2630928316217554,0.21403826153696132,-0.2155883170792765,-0.13512813572331592,0.12606753366009368,-0.24655028346785532
0.13718345397668952,-0.021835679399068924,0.07681086238856184,-0.09533836281424196,0.3502547361478167,-0.0671920200844773,0.5385429159815764,0.10640133631272033,-0.007433707181251191,-0.4100054053159323,-0.3109981545863932,0.2303109394369462,-0.23876951381538847,0.2794067975324842,0.08300378701057695,-0.25435309075474705,0.4117713667986127,-0.0041514762952294575,0.3950747683691659,0.44812660521436964,0.026870716350871866,0.13158138482364226,-0.007743065987040872,0.13158138482364226,-0.008455553768779297,0.27757863141721206,-0.1538347871402235,1.0,0.08919306701275476,0.026098400154424353,-0.3868156444573095,-0.25854919635797147,0.024444322949169074,-0.1880886255403431,0.27458184468542474,0.021056100692034948,-0.28350019648814545,0.3733878906989737,0.011934469124928357,0.3931033046407245,0.3031676693086969,0.043151115743441326,0.032308468119053586,0.10024284037766887,0.15151650399419667,0.09377240322042274,0.31267414521211334,-0.09241511805305316,0.6820802824081159,0.2673416287465192,0.017417931829310965,-0.32091953678564267,-0.22367826338732189,0.24451642470171328,-0.2401300975065287,0.4214857469042539,-0.05064926092551651,-0.406799005118222,0.22323790932150644,-0.014001528591941769,0.2794568114645098,0.39626591255300336,0.03618785754744265
0.2901317729228963,-0.012569331513155084,0.003468406645255313,0.16040978559231236,0.22218538677498603,0.38980859091758707,0.1999950011358608,0.25000157451086097,-0.1570476991780312,-0.09654342774021865,-0.0936317930502802,0.661429728041754,0.03918750355875805,0.7210720051639016,0.2734535557494955,-0.27323726185289543,0.3738826322666354,-0.1817560174118754,0.12835984761194408,0.5677252935042401,-0.023298597539004838,0.02727309339133055,-0.2146870158885611,0.02727309339133055,0.24872663752571117,0.30104134934559473,0.5127849076327728,0.08919306701275476,1.0,-0.1545158177572621,-0.046390161931415264,-0.3458291797394825,0.040227700762464194,0.0787028628769374,0.6661581723333263,0.3425724857316088,-0.22425580455189933,0.4560173278979597,-0.18022895456914287,0.08880353070727129,0.7792844539565139,-0.008935198081929647,0.24927644857345216,-0.1882605610752246,0.03214500440785051,0.16277661299552668,0.43087615825859304,0.4455598926738669,0.38337071046589144,0.4169063457592013,0.006130198808239734,-0.040936344294915446,-0.14616892978205653,0.10852329496347189,0.22577434664791343,0.5555456158173376,0.3678696990497599,-0.17261230704680477,0.4905413519415497,-0.15463892918895467,0.11734754116678188,0.4817357015321926,0.04939958965303603
0.00363829078436124,0.12044181951895656,0.35547752508147173,0.09051751391798993,0.12219404257386211,0.023104362048644616,0.19037812774719226,0.12382931162994947,0.7200882752348914,0.37436519853741057,0.5166141600761512,0.04451537215087075,0.3699817287388395,-0.19396833748942435,0.3411056413176858,0.40119572035717205,-0.14420345346338498,0.31593162061904656,-0.10734143716550149,-0.2698031523536328,0.014731492930818175,0.24225571691042708,0.07154651756555727,0.24225571691042708,0.035775493429453256,0.2303976763761948,-0.15688057918917306,0.026098400154424353,-0.1545158177572621,1.0,0.2988758096372394,0.40283758081051163,0.2544950728204165,0.5467147183495871,-0.22761706729883105,0.258139239575859,0.43809597288720814,-0.0058421480879123485,0.35417247248559236,-0.05530435541535176,-0.25925719192039465,0.04120376075712871,0.029435555045596477,0.09141361980027665,0.41646716884420326,0.0985132599886067,0.1651507509657062,-0.014216618491180508,0.14381534959134826,0.07572621555155212,0.8282518641623742,0.3688259120092523,0.49323621618459557,0.11713875474815685,0.494053507679965,-0.03937241878130325,0.17011980057139528,0.34206324212802963,-0.05833777161300145,0.49245549945220624,-0.145623819875707,-0.14232855222443588,0.03775468010848924
-0.3400736196510291,0.12957623203007745,0.41686241791824247,-0.05478347816505077,0.07685728037431959,0.015567146510541714,-0.2080028039184128,-0.1548857902076962,0.32064977736511424,0.7156469146841092,0.5712894620179751,0.02632897834477543,0.09227400321449418,-0.44094677915713015,0.04318249205550098,0.7191451094493952,-0.16315430835301523,0.6919753116395359,0.10659564584614376,-0.5559248930876893,0.3910274642281419,0.13163686217094409,0.13901013866679995,0.13163686217094409,-0.11752019410950802,0.05968472440761647,-0.006186978289850812,-0.3868156444573095,-0.046390161931415264,0.2988758096372394,1.0,0.5201552798456671,0.4804579066690678,0.1283465055155586,-0.484356180518645,-0.04454123939144676,0.7434239161553162,-0.016435807078696487,0.6554692489671058,0.10998139763027032,-0.4205091555723763,0.41707452513754273,-0.25738657472520365,0.21453997432200897,0.3756827368969025,-0.12629523810950005,0.1658609036071459,0.0701201496509162,-0.15993410032755945,-0.19600318339410944,0.5557925012453618,0.9011494138045747,0.7170046697483325,0.38602850799153515,0.25127821433225944,-0.4845323537915963,0.038746253789103915,0.7056380567556682,0.043638544281424455,0.6694899167302961,0.10261405334604726,-0.49960821200731526,0.4746872634069386
-0.2006358622328122,0.12077900591660214,0.3560295854275897,-0.15136093684374022,-0.022007383445433785,-0.01894045446472531,-0.1882526594257783,-0.23684772639987445,0.3455730466221202,0.4908155920664463,0.7388978040171033,-0.12348189174409575,0.09934146567877461,-0.6541198633977131,-0.16237043949432456,0.5737028263246796,-0.3222861153959488,0.590874825718037,-0.0964569272946108,-0.6185264786807593,0.2104259692314022,0.0900001160819215,0.3460834940450652,0.0900001160819215,-0.1818019401673442,0.0704683151996617,-0.07380052807201687,-0.25854919635797147,-0.3458291797394825,0.40283758081051163,0.5201552798456671,1.0,0.0854928549095181,0.092453531426328,-0.6119825643714701,-0.10467171669015299,0.6089365170909333,-0.2116449688151727,0.5248322069874779,-0.027306252535901226,-0.5778588631225189,0.21837604220290013,-0.33489171092140924,0.4353638281543131,0.1694211466248566,-0.1282549730608377,-0.09973023729740144,0.14555086437354936,-0.27216286576149945,-0.31927141340548404,0.39563291455554733,0.5978392799626899,0.7619732659273555,0.3447950833321824,0.07952157166197904,-0.568308531694013,-0.15854570078754626,0.5607116877518485,-0.2490093996905538,0.6335230829989908,-0.10705095922859788,-0.5350550536767532,0.1663358371373811
