Fp1,Fz,F3,F7,FT9,FC5,FC1,C3,T7,TP9,CP5,CP1,Pz,P3,P7,O1,Oz,P8,TP10,CP6,CP2,C4,T8,FT10,FC6,FC2,F4,F8,Fp2,AF7,AF3,AFz,F1,F5,FT7,FC3,FCz,C1,C5,TP7,CP3,P1,P5,PO7,PO3,POz,PO4,PO8,P6,P2,CPz,CP4,TP8,FC4,FT8,F6,F2,AF4,AF8,O2,P4,C6,C2
1.0,0.702673479752876,0.2909195233194438,0.5729836355759935,0.3950730827421466,0.4956539313263691,0.6833327213437118,0.3786772909354291,0.4926422184961353,0.512291826288639,0.5916392910999334,0.6387679864050612,0.41678278698107446,0.6066715344689863,0.5681856947635181,0.6722622793022942,0.548418501796326,0.26002850825002194,0.2138107755976144,0.50072664192136,0.4652767983482181,-0.08068610279694646,0.3964311988905914,-0.08068610279694646,0.255227015269366,-0.04970835945368687,-0.01853509554687595,0.26436751882168,-0.024474841000219353,0.14096993360976484,-0.06136936190127178,-0.16224790006449538,0.29562093347451296,0.2691016287846698,0.3362834496960515,0.3811298827617552,0.1913110054955495,0.3807227962938858,0.14480816160855503,0.11912439595024783,0.2898099269322098,0.34434414853824086,0.8177140513089619,0.5184424131529101,0.16037324573871445,0.3253865721980479,0.08093469437041213,0.2528638056762691,0.5808790136398025,0.007931092766012135,0.17340009979609117,-0.017472956494558312,0.21605962512700555,0.3245721380034077,0.32398928716859415,0.07648448922803541,0.3192044328246945,0.2340391543575157,0.0066534299069969825,-0.1864201603556344,0.014432166607001171,0.05839210673669283,-0.01884311950829595
0.702673479752876,1.0,0.4341044876494148,0.6496287712699261,0.4205573305951334,0.3778000945757416,0.5870973671584474,0.3599805422026255,0.5394294537639095,0.30275415139685286,0.3635476132017114,0.5827173632520245,0.15964697097591612,0.6461716042103357,0.3167520551100011,0.6202321818928637,0.5623825609316097,0.32981876094071516,0.20565245579172034,0.20569407798275693,0.5244645745826205,0.18244260060895368,0.6999502429448445,0.18244260060895368,0.4047399004450987,0.12260197439653533,-0.042212401424152786,0.29214484620540343,0.09658991319633986,0.2951965672733221,-0.11118757293427219,-0.28215949443702426,0.2955645747360973,0.0469811310214851,0.44070839576591286,0.20835356605280014,0.2677908169217239,0.4251797589042769,0.2659375563146514,0.12348152585353755,0.08821706588553524,0.42236011661830253,0.6119249824584818,0.7862785598775459,0.3387561808616395,0.42981347161895883,0.2098624240358871,0.2900860416312915,0.5556682086663217,0.09490806172171563,0.1365529330830753,-0.0018327156939103857,0.059899347890241234,0.3114002219502217,0.19562746036079606,0.11091859193066775,0.14371258560149291,0.3388217648991674,0.148713997925675,0.03821164883324378,0.04783402537090904,-0.004853530310022811,0.09579344794611715
0.2909195233194438,0.4341044876494148,1.0,0.2204311726032684,0.552731996511176,0.3706876661787655,0.20559541064424575,0.4873212140322967,0.4347326742264002,0.34314388546524194,0.499596377488119,0.27369185537929114,0.10836649850304725,0.422033093625869,-0.01065097904909559,0.3245369142564693,0.5203130468386641,0.5164887691258481,0.5114299373328678,0.12340398879396584,0.35884219787234584,0.7851700909739077,0.18736666142647776,0.7851700909739077,0.043827610339996735,0.44924282313459807,0.04703327802741765,-0.3499722712113675,0.3501452102411985,0.23993196418365817,-0.0032998481042808623,0.14702629302570222,0.01533131016133825,-0.08756123906450129,0.29137295823879433,-0.18328711095283665,0.1445789364309627,0.5051701693849325,0.4375762723088757,0.4050816784807925,0.05991440975361758,0.2417527508786872,0.09609213051567309,0.1968287285519224,0.8691733158501709,0.1155005310579322,0.4223639871054945,0.36267711072025904,0.020725181082732302,0.34489614427375803,0.18898448780438104,0.06470650850379185,0.42991303664671915,0.023761256785144548,0.09683480037061239,0.11974538036442836,-0.16637771695488296,0.11041211683234546,0.3156838842226845,0.16484035920180218,0.41554404243414966,0.018448188443834213,-0.029044880975242958
0.5729836355759935,0.6496287712699261,0.2204311726032684,1.0,0.3970421317957893,0.37637693772115716,0.5142904458266876,0.2859811959368795,0.42660288556509585,0.5038167084175323,0.4415112226211223,0.37668052632217536,0.314984059541464,0.6016408802826201,0.41862683306491855,0.6530608589079858,0.3713047864659548,0.42888431696165086,0.38770946393990896,0.4451986107340218,0.4584293270595175,-0.1350799893882864,0.17561642837097158,-0.1350799893882864,0.8289216583540859,-0.04016482065960653,0.06002731811325427,0.24035439600641223,-0.0025441895218656727,0.19011928556384705,0.1370557781059153,-0.07924230032947861,0.10755286165418737,0.29840876528897053,0.3999516969355722,0.3167183095663058,0.3958860520290051,0.3003819746943271,0.3467429236673312,0.36535781007911217,0.30350655185209574,0.301073360780614,0.37536548756841775,0.4041526966764255,0.06302537434272378,0.8492905009362106,0.27166605827526086,0.17090093145332388,0.5067253939390064,0.036695520778369656,0.03537021166427805,0.16493280932252485,0.16080501169362413,0.1193783542677572,0.13115975914559944,0.16977860380313944,0.2109119258568617,0.44370390098613155,0.07353304229295954,0.20031338900591103,0.2868525262107302,0.24855677659724026,0.22510149861862683
0.3950730827421466,0.4205573305951334,0.552731996511176,0.3970421317957893,1.0,0.5948252493270698,0.5014530419943096,0.4923096074247094,0.24499155429509872,0.5444386332199647,0.7179305872333308,0.5038584787343849,0.4729260835641416,0.3959901908784458,0.30705976746153996,0.48937837485312935,0.47948494376764017,0.41219017439970007,0.47847849973574336,0.31912459299825535,0.6809078938674572,0.16742356763540037,0.034710450912845275,0.16742356763540037,0.15743054812814267,0.7476197505756804,0.137738379573526,-0.08840605095226167,0.03769918868588159,-0.21162104719678063,-0.0911903922978976,0.2879973280181691,0.005261258916354069,0.3753634266551351,0.12706201638705028,0.06495658600363949,0.16627350549281034,0.2678063573628994,0.24511115259049104,0.3730246017609419,0.1649765085960086,0.5061754036194328,0.11948106546543978,0.24044935277940502,0.2974930555799103,0.20427694020198675,0.8678766275878667,0.17566926234537972,0.2769089062394624,0.0942375348970836,-0.3689165431718147,0.04106872303505788,0.5112491368498501,-0.07261113217557284,0.33741580730114484,-0.19228604274896535,-0.005308982186706879,0.17630004957242426,0.05076909617036388,0.07996440663086452,0.375771021451963,0.12475416227631254,0.17453758348835902
0.4956539313263691,0.3778000945757416,0.3706876661787655,0.37637693772115716,0.5948252493270698,1.0,0.5371335538679453,0.6156973550625614,0.13005367522435432,0.2667986605997879,0.6745319858599633,0.2514165176931117,0.45722483917582796,0.28592539192536426,0.06468567806293052,0.38451578492099253,0.18415457464397134,0.4330011318924839,0.22820819550869967,0.39167637387755433,0.3590915677604222,0.20359118583826438,0.12181082292939198,0.20359118583826438,0.17851427661849636,0.4277079746022629,0.6835842598622817,0.11475940713522276,0.2811101292461849,-0.11920935311079855,-0.21950272267771342,0.34037657501871954,-0.06466336660995381,0.4728930869779281,0.10862393433887974,-0.15767557055402323,0.1280712868319976,0.046186889450085845,0.42742083504403067,0.16103729113722354,0.28059466276053896,0.2821991721666785,0.4075597188127294,0.20715104075626714,0.3499880340898266,0.27559973454598985,0.5062474087055905,0.7686376770466045,0.42501439807013064,0.2950478920924523,-0.09600622444760702,0.030831714039559498,0.6031075306133149,-0.11960485849281789,0.3217589041816342,-0.09337812843530377,-0.1884743445908971,0.16923329520560684,-0.19716091818037937,0.11282393238548599,0.14971934876056428,0.21875888566007545,0.010582202585950202
0.6833327213437118,0.5870973671584474,0.20559541064424575,0.5142904458266876,0.5014530419943096,0.5371335538679453,1.0,0.2942714936307397,0.31963203761920467,0.5261147008909298,0.4416440560389676,0.46626859127304177,0.3964307510288247,0.355632071452573,0.36288102094802993,0.37310473921071563,0.18664180085885707,0.1908185494293626,-0.009490071556620435,0.11569417384227605,0.5400594560005338,-0.09676436041587137,0.19451421153079615,-0.09676436041587137,0.14490338641771944,0.09887146288283122,0.10073407239195238,0.6367219358328379,-0.15446224170507283,0.005933388252027673,-0.04186172375195913,-0.21914769852905372,0.11357518926123684,0.305371939647112,0.057702201713059224,0.1656060403462313,-0.022529137298890552,-0.043509433581145354,0.0882180523582884,-0.10576506505073033,0.010496112961346475,0.3882210527488107,0.5243096479725659,0.2976438273334869,0.07163506829656931,0.19033530616591635,0.27557902797751593,0.23015429492593562,0.8577495966329394,-0.12369604655436753,-0.1560407030643122,0.10723810548558554,0.06307720338701593,0.04908495679600272,0.28273297309561424,-0.1579050335135858,0.058926801814564146,0.014402975667644539,-0.3438164075558329,-0.15657809312951437,-0.11867569953183091,-0.20761411862077084,0.14957043640377546
0.3786772909354291,0.3599805422026255,0.4873212140322967,0.2859811959368795,0.4923096074247094,0.6156973550625614,0.2942714936307397,1.0,0.2681995185796435,0.1946729413049853,0.6114079696783031,0.2606531578130871,0.422901747321474,0.47033036194624056,-0.11870665999273432,0.2986058456494813,0.28462239903455044,0.4570920922827161,0.5127663032854771,0.24273085903447225,0.3444652001935502,0.346992610199152,0.11780521246365812,0.346992610199152,0.2033026556043943,0.3009021713322917,0.16578517329569556,-0.1838871441234225,0.7650692071538693,-0.02083586299799659,-0.199644745865464,0.43878126650472055,-0.14205392559652458,0.2834499825541194,0.2616873989234186,-0.3147227630490432,0.07685815858844998,0.14686378688987414,0.40619339700543045,0.4656655701813145,0.2446859264097413,0.28377154009034256,0.1924680725087408,0.17140373608553292,0.5053746896976542,0.23127967381145983,0.34055590172862427,0.4595068504543283,0.13141848628580027,0.7771676621589624,0.03542801049610231,-0.30935325064169467,0.5204733209744491,-0.0977839202913983,0.3652289191959655,0.07361057098313875,-0.4182654591913134,0.186729413309736,-0.1486148414527653,0.2533559423702738,0.38468418318175807,0.09353689622263787,0.055202022952269725
0.4926422184961353,0.5394294537639095,0.4347326742264002,0.42660288556509585,0.24499155429509872,0.13005367522435432,0.31963203761920467,0.2681995185796435,1.0,0.2980258287380382,0.4566080173845408,0.4291773434919582,0.10044541821215754,0.5183819844606097,0.34062115795845155,0.45605328016842056,0.6425758085652122,0.25929181555696124,0.3179212572083901,0.06094070639511124,0.4467263167991881,0.2962514378140601,0.2645179276922097,0.2962514378140601,0.13285749118835496,-0.012365609623713402,-0.26785776281763174,-0.1123378981691812,-0.035772877244439866,0.7689719408703483,-0.11430620869004475,-0.038265367875617344,0.02610279317793608,-0.18324377306297956,0.32392071127495314,0.1723153683346118,0.1593196820221685,0.6308729434351527,0.10114431789516995,0.21926792341587903,-0.11664103200714021,0.4219240701534867,0.29992464586743106,0.36465961371866107,0.40499354237928376,0.23366391314981363,0.03990379552272559,0.10655947103777987,0.12164780841855094,-0.08014718629943719,0.5668837199813802,-0.18568897724613578,0.15417708314735673,0.08750629982942253,-0.2837506832271307,0.10239520789200261,0.18552044511113056,0.1704797071536548,0.4259021256039705,-0.07087204522893302,0.1766479399171945,-0.1851748094924269,0.09103716260720658
0.512291826288639,0.30275415139685286,0.34314388546524194,0.5038167084175323,0.5444386332199647,0.2667986605997879,0.5261147008909298,0.1946729413049853,0.2980258287380382,1.0,0.5934315650705487,0.6668508125228496,0.31247326099995626,0.2843626175679597,0.6317197621380863,0.3903735857038926,0.5161177637845095,0.1896647247048548,0.2636957794399198,0.358998731437638,0.4521854376656621,-0.08214639565623882,-0.10847784443002648,-0.08214639565623882,0.25159479377013777,0.13639332612900484,-0.09591841932744215,0.10688368339000767,-0.2170422033971508,-0.026392189313790705,0.5768111626990039,0.14202736006405148,0.4123377268271545,0.12924070024034265,0.041007865785772236,0.4959516880660047,0.061825876075217064,0.41632138950583497,0.052144684954140506,0.18325771339293395,0.3048986420891168,0.24208355637093165,0.3441789493843836,0.06453131925180268,0.07338654051261281,0.2799197415347819,0.3632823975251908,-0.08551540662336975,0.4007376582334763,-0.07962902452143236,-0.038330789143354096,0.5594793719538984,0.3257547522606621,0.34012025887340086,0.23006098219735732,-0.13430345654085998,0.397646590403386,0.04390194591727047,0.22453962765973554,-0.12736962333153437,0.18645671138971429,0.13190914155929684,0.08243917819969603
0.5916392910999334,0.3635476132017114,0.499596377488119,0.4415112226211223,0.7179305872333308,0.6745319858599633,0.4416440560389676,0.6114079696783031,0.4566080173845408,0.5934315650705487,1.0,0.5597554086645563,0.6608789894280718,0.48687926498653883,0.45979972048238377,0.5204668401952922,0.6642178364516034,0.3937793635761797,0.5561897747510581,0.393777146349082,0.45256267408009854,0.16796550312339967,-0.08221932263747282,0.16796550312339967,0.12465801969594524,0.34777360994958484,0.15247436632424277,-0.15869863440983195,0.11198773977879768,0.002490073000827224,0.001917871861681596,0.5500870531204628,0.06063229767447377,0.45392382512602136,0.21108949622970058,0.193062854319806,0.13372088900696286,0.5271984645164013,0.23554415489141808,0.4669314787479891,0.2381248385679061,0.2949069057605678,0.36279671216705534,0.11672966281220254,0.3473168251124555,0.23283206022687977,0.5024208495730993,0.347608544110035,0.2092226350278477,0.15443792706671433,0.010252758539724854,-0.013227523579823946,0.8192733934750176,0.055816847573064564,0.2711718954562906,-0.07618793482818106,0.16036007305276054,0.1352998586493199,0.23434094957913348,-0.0609188727997326,0.3828765924650512,0.10256308582243734,-0.046065170347326226
0.6387679864050612,0.5827173632520245,0.27369185537929114,0.37668052632217536,0.5038584787343849,0.2514165176931117,0.46626859127304177,0.2606531578130871,0.4291773434919582,0.6668508125228496,0.5597554086645563,1.0,0.38977821920592504,0.23024417849010623,0.49067202239790736,0.4495702893540181,0.6858248739042512,0.1933585594601259,0.07578651621901811,0.136291966290131,0.3206229961056229,-0.06708762563627389,0.22878204677566383,-0.06708762563627389,0.15990119422505028,0.14321567670115043,-0.2521255926961921,0.10670986898392434,-0.11280327119948927,0.06032265304080169,0.19331015526661857,0.09848151794244106,0.6878681203963513,0.12353043742071076,-0.04687012546247382,0.3665757169184524,0.033268003655735574,0.539372109196271,0.030430736280432445,-0.014924221863458214,0.02614662502151974,0.18421592266258544,0.5777348530368209,0.3905103583157749,0.07852630848866758,0.20720986532806718,0.2527449118950745,-0.09696887528569367,0.35137085069000745,-0.07630915128646279,0.11431855137500804,0.23183603051463034,0.28243700677217215,0.6683791725589037,0.25108899255115336,-0.3721893887384614,0.2534474658180241,0.10125023788012585,0.2777357967167589,-0.1465238746479076,-0.12062894632486916,-0.02462916441749302,-0.21531860713040643
0.41678278698107446,0.15964697097591612,0.10836649850304725,0.314984059541464,0.4729260835641416,0.45722483917582796,0.3964307510288247,0.422901747321474,0.10044541821215754,0.31247326099995626,0.6608789894280718,0.38977821920592504,1.0,0.17922163234668134,0.24989070867763796,0.4759402998370999,0.26436149507297557,0.46676780401852247,0.3095745976925891,0.24486584574797238,0.36381006433030305,-0.1636650384434354,-0.28112885821627687,-0.1636650384434354,0.18096585915440078,0.2913018071459594,0.13313990094316758,0.1381287835984529,0.09143015341277287,-0.19478012738967634,-0.0890120638603353,0.49469338019469955,0.12624356510420498,0.8453365270203607,0.03039333975026371,0.0644441073373673,0.31098675321564506,0.13874080162764071,0.3358497988213415,0.2788801082040532,0.23792317202278862,0.2663802964640997,0.2937606155993112,-0.1771454311986388,-0.023184615394031268,0.22156776647867332,0.44744891131614783,0.14356543178001788,0.30824540780434523,0.12088661886166018,-0.0374214797763825,-0.100689241458441,0.5879541719765922,0.12037055754521031,0.6549572390503847,-0.11973967012999083,-0.005219039268525899,0.3697291694460102,-0.09004024648406,0.186158240500257,0.21225091896850354,0.12734712419564362,0.07974143953644784
0.6066715344689863,0.6461716042103357,0.422033093625869,0.6016408802826201,0.3959901908784458,0.28592539192536426,0.355632071452573,0.47033036194624056,0.5183819844606097,0.2843626175679597,0.48687926498653883,0.23024417849010623,0.17922163234668134,1.0,0.4652986511583682,0.6243794951808519,0.5026901300334136,0.22480826382146346,0.615909995582463,0.5321394332154344,0.6036338065519712,0.19217034924669169,0.39019030494737994,0.19217034924669169,0.4171879667311373,0.13305830523398876,-0.042157336624646505,-0.022185179561909744,0.23089349754364552,0.2548572876453222,-0.04902929722395215,-0.023838989489618833,-0.042724774104230784,0.18548283565454737,0.8755364876548181,0.34688394926083493,0.39643882830959926,0.3932890098668003,0.1459191080483894,0.5824335244153088,0.4319972824628786,0.522203833832267,0.4173674335953986,0.5413206414726734,0.3694614835821452,0.4500446749825588,0.20756636620818344,0.24150443482545256,0.2970037145914169,0.24650300224488528,0.05341256922644086,-0.09935130826204353,0.25395494780473843,0.01022426925007387,0.21333028311354385,0.6075454248003562,0.2791934966207566,0.39455876478210916,0.20207917363878602,0.011821353498949425,0.5221275952627028,0.24505026759179105,0.38388605866904973
0.5681856947635181,0.3167520551100011,-0.01065097904909559,0.41862683306491855,0.30705976746153996,0.06468567806293052,0.36288102094802993,-0.11870665999273432,0.34062115795845155,0.6317197621380863,0.45979972048238377,0.49067202239790736,0.24989070867763796,0.4652986511583682,1.0,0.5127537629740171,0.5130147681203042,-0.0907631226170242,0.2217707169352148,0.5216179031371833,0.46523753903926274,-0.3227773708989209,0.077773879853666,-0.3227773708989209,0.16774080711110373,-0.026401608863952104,-0.09746870163693237,0.15742965071186613,-0.45197181216171,0.06522996346891895,0.3249692462291743,-0.038551545895017816,0.31297743339954526,0.15234085532718722,0.29250031927996967,0.9416444855959358,0.24511827887381707,0.43966406635202826,-0.20966704436458844,0.16606124147269682,0.3864702624356945,0.3543276044063331,0.42444113731405275,0.2623530589291011,-0.21809579977476007,0.21084290641477574,0.11646731150725925,-0.08145522926664822,0.34001445834409944,-0.3396329451658252,0.016812474675151408,0.3188026900720118,0.19685739699547955,0.2684886573139515,0.13951749733229277,0.07238094235351089,0.8942361844055243,0.1759564743996356,0.3536684743412587,-0.304266507118226,0.13466418371908256,0.22314997304684175,0.18138455528052244
0.6722622793022942,0.6202321818928637,0.3245369142564693,0.6530608589079858,0.48937837485312935,0.38451578492099253,0.37310473921071563,0.2986058456494813,0.45605328016842056,0.3903735857038926,0.5204668401952922,0.4495702893540181,0.4759402998370999,0.6243794951808519,0.5127537629740171,1.0,0.5961853473622893,0.3012725024972168,0.42193690608364565,0.6060708035620938,0.6304641739329434,-0.12262476768145096,0.307316570067136,-0.12262476768145096,0.5016434110086619,0.2928921066073155,-0.00041700484606729533,-0.022155714480661434,-0.027374344581000673,0.10234739764550184,-0.09285342690515201,-0.07801709518223969,0.1660506388944483,0.33747074826329354,0.4539201399074699,0.36470951066323287,0.7887596623000056,0.5104598176162468,0.19656438268187598,0.32348745206959983,0.461792777883485,0.5280627376907684,0.45901111727346683,0.4215307936002955,0.1039528572577609,0.527801010419933,0.3858782515808697,0.15828363868306014,0.22617105714928387,0.00018965221466799218,0.2842908594069355,-0.018599494758904298,0.20023605385490081,0.1723200702070326,0.3800047589119109,0.2280787308191675,0.3692913658981587,0.7608604516657018,0.2720478558152522,-0.03629062295642419,0.25730359487189797,0.37186991911686995,0.24993613949307644
0.548418501796326,0.5623825609316097,0.5203130468386641,0.3713047864659548,0.47948494376764017,0.18415457464397134,0.18664180085885707,0.28462239903455044,0.6425758085652122,0.5161177637845095,0.6642178364516034,0.6858248739042512,0.26436149507297557,0.5026901300334136,0.5130147681203042,0.5961853473622893,1.0,0.14433257068966765,0.41773849825166953,0.34561563665300943,0.3956929640813034,0.17643501646214882,0.2585067140096095,0.17643501646214882,0.14909635822717004,0.20308673282579004,-0.3369218998450948,-0.29655541949949654,-0.05121220270826573,0.2519602780415859,0.09025865942295277,0.12221165514867247,0.297225322521042,-0.04211298418230764,0.2548777539081927,0.3638017055889655,0.2119696250202917,0.9336742426251365,-0.016581511593681427,0.2937540297892502,0.1885946441417242,0.23915962660283993,0.3552201319894849,0.3836519593067746,0.34802602059271565,0.21191789780406053,0.26214949680400074,-0.03356368818186913,0.006338204975099982,-0.028890090262176548,0.27919444535677185,0.03583607678772781,0.41274090620359405,0.2961400339705541,0.11636386216868719,-0.02994657548601727,0.3945401728371981,0.17459341049534943,0.7140214526920324,-0.2509109104249654,0.2297382542513761,0.10727553684194907,-0.13474784964641878
0.26002850825002194,0.32981876094071516,0.5164887691258481,0.42888431696165086,0.41219017439970007,0.4330011318924839,0.1908185494293626,0.4570920922827161,0.25929181555696124,0.1896647247048548,0.3937793635761797,0.1933585594601259,0.46676780401852247,0.22480826382146346,-0.0907631226170242,0.3012725024972168,0.14433257068966765,1.0,0.5160843043378801,0.08606500470049458,0.33086274432814555,0.4465470729929606,-0.022897388551282188,0.4465470729929606,0.33941488915964263,0.3265480426421114,0.2758991233327185,-0.10805905623395347,0.35942455803092005,0.2522470346717533,-0.032903576513875835,0.26534305805531294,0.06887433783659988,0.4212108448994799,0.20313166360107346,-0.23067360965590694,0.23980150125922964,0.1427853526978845,0.9480863661602188,0.49661107757756207,0.10948544200072982,0.2775285437980663,0.17005056428656196,0.023449225949346536,0.5176230781084393,0.38302756847551706,0.46762297737289665,0.36901492654656765,0.2092979397883769,0.39468597539071876,0.12585291291973918,0.04730747709265975,0.4215057264852606,0.08389873769256694,0.2867295466029907,0.08313516074695647,-0.3093581458653198,0.3394496799068263,-0.0017432711283565606,0.7763362855455423,0.470503592978244,0.09312111158230398,0.14319063877758298
0.2138107755976144,0.20565245579172034,0.5114299373328678,0.38770946393990896,0.47847849973574336,0.22820819550869967,-0.009490071556620435,0.5127663032854771,0.3179212572083901,0.2636957794399198,0.5561897747510581,0.07578651621901811,0.3095745976925891,0.615909995582463,0.2217707169352148,0.42193690608364565,0.41773849825166953,0.5160843043378801,1.0,0.32364059113524535,0.4370472714477286,0.3343719856780555,-0.010260040201298464,0.3343719856780555,0.32375724089615054,0.3187228062720068,0.02779121032485045,-0.36849097307129847,0.31999033767821944,0.07489208504735773,0.10090182649744478,0.3997726629301952,-0.15020349349467352,0.24980490214216458,0.5703992249281987,0.07694463268484009,0.3632314209033937,0.40024091323376865,0.42450978936634404,0.9771557029363521,0.23960728589108554,0.3505065829709694,-0.018526174335638707,0.15380664997767843,0.42077778459001836,0.3606592778237901,0.4846033580265988,0.16864327867611625,-0.09524220247440325,0.38706258135674715,0.024240406472530035,-0.06698397166773727,0.5326509841114707,-0.11624409629035892,0.11456477276831602,0.42121517190539254,0.06880586433178462,0.3637459063928899,0.30175578828953253,0.3525015353863975,0.9309456276988896,0.1533294058828816,0.30713702080942606
0.50072664192136,0.20569407798275693,0.12340398879396584,0.4451986107340218,0.31912459299825535,0.39167637387755433,0.11569417384227605,0.24273085903447225,0.06094070639511124,0.358998731437638,0.393777146349082,0.136291966290131,0.24486584574797238,0.5321394332154344,0.5216179031371833,0.6060708035620938,0.34561563665300943,0.08606500470049458,0.32364059113524535,1.0,0.4221313836994372,-0.17557556796650287,0.1374523936396529,-0.17557556796650287,0.466952547358469,0.20780101719422645,0.2329275503990256,-0.13718876999808388,0.09713439280441122,-0.10492045284846852,0.12882001810454183,0.07825313761226294,0.036428488383277245,0.3194802457682406,0.4412561295980083,0.4589246218129225,0.45686473522549065,0.32219548245062546,0.07704614641803385,0.3010304295716743,0.8929531097783754,0.33774817698171783,0.35747427865336534,0.22725642698977977,0.016269809252914668,0.4745220075735565,0.27824086430423406,0.21782087510301001,0.14583083052133752,0.19393495996877477,-0.0011288276336002484,0.17176529004266475,0.28544694808282006,0.01051207836875317,0.4131877495985999,0.3477180585155924,0.4481732760630055,0.4143962268997799,0.21207269827833666,-0.06587108145744087,0.3226388969867766,0.8076841659284192,0.2472939181969022
0.4652767983482181,0.5244645745826205,0.35884219787234584,0.4584293270595175,0.6809078938674572,0.3590915677604222,0.5400594560005338,0.3444652001935502,0.4467263167991881,0.4521854376656621,0.45256267408009854,0.3206229961056229,0.36381006433030305,0.6036338065519712,0.46523753903926274,0.6304641739329434,0.3956929640813034,0.33086274432814555,0.4370472714477286,0.4221313836994372,1.0,0.10534146721015983,0.23635930080908119,0.10534146721015983,0.2584438525381088,0.5844818086094947,0.03950595688785515,0.18588121710799646,-0.020307333229188512,0.1787856022612672,0.015824322754693337,0.02134051465110085,0.0110628401647327,0.28483406863179045,0.4533116553145277,0.2913779504903283,0.44794739547187895,0.2491169168312764,0.20612430358942688,0.3624299302831306,0.3451160547545388,0.9358188336737449,0.2780012260600889,0.343632588784063,0.22354502715084915,0.24917034532793092,0.664737990970893,0.15078004582113871,0.4246550860460818,0.07520899212388615,-0.06308008764267678,0.013563864312488893,0.18935145242211504,-0.024423964613838813,0.3286338209564893,0.2297533428522037,0.25749128047530623,0.4904730525037763,0.08720750917038592,0.11134048213021004,0.4340563571147855,0.18773601533535084,0.7065186072938818
-0.08068610279694646,0.18244260060895368,0.7851700909739077,-0.1350799893882864,0.16742356763540037,0.20359118583826438,-0.09676436041587137,0.346992610199152,0.2962514378140601,-0.08214639565623882,0.16796550312339967,-0.06708762563627389,-0.1636650384434354,0.19217034924669169,-0.3227773708989209,-0.12262476768145096,0.17643501646214882,0.4465470729929606,0.3343719856780555,-0.17557556796650287,0.10534146721015983,1.0,0.1779350545096151,1.0,-0.16829961675276398,0.34316768808557047,0.17331849900762838,-0.31419935931935794,0.4624891467467177,0.43103115657961816,-0.05651111563992466,0.22011296591806892,-0.07831407959768225,-0.20401322086468823,0.24672714625070227,-0.3847843645828881,-0.08581526313200469,0.2705969092371643,0.47863812724118504,0.3075578825669655,-0.12068263204426596,0.15828890811233937,-0.05955231509207947,0.06930526103531238,0.9448068209968051,-0.10099457133383294,0.19458461332880678,0.4710572418324142,-0.11825344818027961,0.4400448050832306,0.26728850456005826,-0.010800345151976323,0.3455738509314518,-0.0365863701314456,-0.13916792231161262,0.20636174403790097,-0.3317901584744356,-0.07832985721489232,0.2604382078542517,0.30335649393023517,0.3431454195628681,-0.09651217842062405,0.036653924938869265
0.3964311988905914,0.6999502429448445,0.18736666142647776,0.17561642837097158,0.034710450912845275,0.12181082292939198,0.19451421153079615,0.11780521246365812,0.2645179276922097,-0.10847784443002648,-0.08221932263747282,0.22878204677566383,-0.28112885821627687,0.39019030494737994,0.077773879853666,0.307316570067136,0.2585067140096095,-0.022897388551282188,-0.010260040201298464,0.1374523936396529,0.23635930080908119,0.1779350545096151,1.0,0.17793505450961505,0.17381129055629976,0.08653937494403192,0.0338278929773999,0.2201928764274644,0.17738285449869715,0.3081883017074584,-0.06790267928839461,-0.39756231460742447,0.297265984118458,-0.2660586517371007,0.4159632912306528,0.10561987794118632,0.21030037652594172,0.24666529574291654,0.07244372523689083,-0.04500167798575597,0.062454441764749055,0.2957758639513431,0.5507457597639341,0.9152397487139552,0.23890133924903684,0.1806898580574882,-0.01760276592252595,0.2634352420298327,0.3039279843256788,0.1284388737995358,0.22786905045133926,-0.019491055993809233,-0.1659061445396258,0.31454517737407567,0.034801747461559084,0.3126274196681574,0.15208408455887945,0.25573702776099827,0.17954645112862166,-0.02261071991256261,-0.0506099913432921,0.07216127683656051,0.12151391581017781
-0.08068610279694646,0.18244260060895368,0.7851700909739077,-0.1350799893882864,0.16742356763540037,0.20359118583826438,-0.09676436041587137,0.346992610199152,0.2962514378140601,-0.08214639565623882,0.16796550312339967,-0.06708762563627389,-0.1636650384434354,0.19217034924669169,-0.3227773708989209,-0.12262476768145096,0.17643501646214882,0.4465470729929606,0.3343719856780555,-0.17557556796650287,0.10534146721015983,1.0,0.17793505450961505,1.0,-0.16829961675276398,0.34316768808557047,0.17331849900762838,-0.31419935931935794,0.4624891467467177,0.43103115657961816,-0.05651111563992466,0.22011296591806892,-0.07831407959768225,-0.20401322086468823,0.24672714625070227,-0.3847843645828881,-0.08581526313200469,0.2705969092371643,0.47863812724118504,0.3075578825669655,-0.12068263204426596,0.15828890811233937,-0.05955231509207947,0.06930526103531238,0.9448068209968051,-0.10099457133383294,0.19458461332880678,0.4710572418324142,-0.11825344818027961,0.4400448050832306,0.26728850456005826,-0.010800345151976323,0.3455738509314518,-0.0365863701314456,-0.13916792231161262,0.20636174403790097,-0.3317901584744356,-0.07832985721489232,0.2604382078542517,0.30335649393023517,0.3431454195628681,-0.09651217842062405,0.036653924938869265
0.255227015269366,0.4047399004450987,0.043827610339996735,0.8289216583540859,0.15743054812814267,0.17851427661849636,0.14490338641771944,0.2033026556043943,0.13285749118835496,0.25159479377013777,0.12465801969594524,0.15990119422505028,0.18096585915440078,0.4171879667311373,0.16774080711110373,0.5016434110086619,0.14909635822717004,0.33941488915964263,0.32375724089615054,0.466952547358469,0.2584438525381088,-0.16829961675276398,0.17381129055629976,-0.16829961675276398,1.0,-0.014552434840658832,0.11479418235596303,0.15909670305990417,0.22454925387130395,0.13089552273113125,0.27897189242617976,0.01671473967432871,0.19898429860610464,0.2565548856978518,0.3891977249228295,0.19856787289136452,0.5113886581226875,0.1803790182715166,0.35737292951090804,0.3680108710818422,0.4273374320491371,0.18862244299978803,0.19734045162953381,0.3125018796702021,-0.02198097874974527,0.973663364245424,0.21740989434614463,0.10229842544710967,0.30924171756778435,0.25422965547617327,0.08454099986502109,0.2513944402194313,0.0790436962472023,0.20453394578405595,0.21303197843827326,0.29766099811222707,0.10077804668326105,0.5917536576668959,0.11011612632218391,0.38103514070102373,0.33100894528975106,0.49384603833127333,0.2910757927889015
-0.04970835945368687,0.12260197439653533,0.44924282313459807,-0.04016482065960653,0.7476197505756804,0.4277079746022629,0.09887146288283122,0.3009021713322917,-0.012365609623713402,0.13639332612900484,0.34777360994958484,0.14321567670115043,0.2913018071459594,0.13305830523398876,-0.026401608863952104,0.2928921066073155,0.20308673282579004,0.3265480426421114,0.3187228062720068,0.20780101719422645,0.5844818086094947,0.34316768808557047,0.08653937494403192,0.34316768808557047,-0.014552434840658832,1.0,0.32154585910658995,-0.20650880006500255,0.1733109683461698,-0.15609600152650624,-0.09510294287295432,0.35534124304251974,0.006244872090067524,0.3216611187242208,0.12979132862758963,-0.14845392556503395,0.33842241657975036,0.1254454218974884,0.2909779740617376,0.2582739828033575,0.2275833948980727,0.5749829284766099,-0.07309948919857916,0.10235738655880317,0.3645403123789981,0.0063933163641862025,0.9005559892530592,0.23215532614258474,0.005615032797911387,0.19335651472968896,-0.2372829615811407,0.08781005476997861,0.4268753377661026,-0.09492149533315421,0.38722410011909875,-0.0011931979568613304,-0.1275548030014723,0.32713755651494936,0.1529453072990813,0.24441513266342002,0.36581837772814907,0.31460498352546434,0.3928311989028834
-0.01853509554687595,-0.042212401424152786,0.04703327802741765,0.06002731811325427,0.137738379573526,0.6835842598622817,0.10073407239195238,0.16578517329569556,-0.26785776281763174,-0.09591841932744215,0.15247436632424277,-0.2521255926961921,0.13313990094316758,-0.042157336624646505,-0.09746870163693237,-0.00041700484606729533,-0.3369218998450948,0.2758991233327185,0.02779121032485045,0.2329275503990256,0.03950595688785515,0.17331849900762838,0.0338278929773999,0.17331849900762838,0.11479418235596303,0.32154585910658995,1.0,0.1461248641566801,0.24123764850739876,-0.1292972852506253,-0.03510301686527626,0.3391103474026412,-0.08250276646878142,0.37024647051372833,0.10088567483959471,-0.11600797665621798,0.17060899262314624,-0.299740314309777,0.42746677466987837,0.05711627886741157,0.2697161704308983,0.1167714844856637,0.14181263613032832,0.015362077232472248,0.13449859988514598,0.19966426787864885,0.3036471420242252,0.8283204065835101,0.2516460045138559,0.23624870514198734,-0.09709984756841067,0.2777725135737545,0.42641627956938194,-0.17099853774771573,0.18244667733062064,0.10822742704770236,-0.11142108730174963,0.17933715706829245,-0.2163667384642137,0.3466447823090872,0.13687175221826092,0.35202091107850814,0.1651932446446044
0.26436751882168,0.29214484620540343,-0.3499722712113675,0.24035439600641223,-0.08840605095226167,0.11475940713522276,0.6367219358328379,-0.1838871441234225,-0.1123378981691812,0.10688368339000767,-0.15869863440983195,0.10670986898392434,0.1381287835984529,-0.022185179561909744,0.15742965071186613,-0.022155714480661434,-0.29655541949949654,-0.10805905623395347,-0.36849097307129847,-0.13718876999808388,0.18588121710799646,-0.31419935931935794,0.2201928764274644,-0.31419935931935794,0.15909670305990417,-0.20650880006500255,0.1461248641566801,1.0,-0.28443448746250444,-0.03978016875914103,0.11298293447980434,-0.30279398984171657,0.2248297921835517,0.24443471066993905,-0.05053999892578648,0.17810598683612688,-0.09040813642873546,-0.37655713357957965,-0.07314723551484736,-0.33566552991461673,-0.12471008484258496,0.1775594040686909,0.42152437231484474,0.22588430795671965,-0.3123751522567877,0.12948218684074264,-0.06532132413180587,0.08536414464229769,0.842446011078751,-0.22448953752088838,-0.1879469690670403,0.19758041583294694,-0.2468145180638587,0.202813878937358,0.1707337733805509,-0.054462311706205885,0.11969444752568278,0.0016398898561347226,-0.4349328943948357,-0.09960096999465008,-0.3045001309118579,-0.25135634685014585,0.2514798373793835
-0.024474841000219353,0.09658991319633986,0.3501452102411985,-0.0025441895218656727,0.03769918868588159,0.2811101292461849,-0.15446224170507283,0.7650692071538693,-0.035772877244439866,-0.2170422033971508,0.11198773977879768,-0.11280327119948927,0.09143015341277287,0.23089349754364552,-0.45197181216171,-0.027374344581000673,-0.05121220270826573,0.35942455803092005,0.31999033767821944,0.09713439280441122,-0.020307333229188512,0.4624891467467177,0.17738285449869715,0.4624891467467177,0.22454925387130395,0.1733109683461698,0.24123764850739876,-0.28443448746250444,1.0,0.04697477187919606,-0.07879548063667682,0.36408668582027887,-0.07616608297080261,0.07548302457377798,0.27590316770318973,-0.4564835092588639,0.09185632028722637,-0.0324443226745565,0.46283247596418353,0.35004929549045327,0.25248161228366506,0.048355974720094154,0.000953247275997275,0.06824872898055052,0.5174144100027604,0.22119304296551956,0.06328123271217971,0.4480113062378318,-0.10268987336228134,0.94741763370483,0.1489559755061999,-0.21462723279195908,0.3129146288873118,-0.02576769597585545,0.3302732894423855,0.2855533460771007,-0.5337742063859734,0.20166358341552454,-0.10367991157475728,0.4900338228055447,0.3180344625343208,0.23605420206532404,0.06235384216778591
0.14096993360976484,0.2951965672733221,0.23993196418365817,0.19011928556384705,-0.21162104719678063,-0.11920935311079855,0.005933388252027673,-0.02083586299799659,0.7689719408703483,-0.026392189313790705,0.002490073000827224,0.06032265304080169,-0.19478012738967634,0.2548572876453222,0.06522996346891895,0.10234739764550184,0.2519602780415859,0.2522470346717533,0.07489208504735773,-0.10492045284846852,0.1787856022612672,0.43103115657961816,0.3081883017074584,0.43103115657961816,0.13089552273113125,-0.15609600152650624,-0.1292972852506253,-0.03978016875914103,0.04697477187919606,1.0,0.07541348431226648,-0.0932180343927628,0.09492568496807219,-0.3242553118980733,0.3195795295462992,0.057884518228463064,0.10706853430122822,0.4041182517553975,0.2506248349537352,0.06485006945224028,-0.12792843374829288,0.295208982728538,0.20768930001823938,0.23017606625572942,0.42739751360224204,0.1999046419912901,-0.21015993618811574,0.1457972547115392,0.041589344398105785,-0.010220364806037928,0.7095878257072367,-0.01735483601829305,-0.028944252733759612,0.16366471432008597,-0.38946200988504565,0.31767815218720113,0.11053432633932361,0.14552681603062143,0.4109994462246305,0.18444864153413007,0.09242014750094649,-0.1083267666560467,0.19395460493265218
-0.06136936190127178,-0.11118757293427219,-0.0032998481042808623,0.1370557781059153,-0.0911903922978976,-0.21950272267771342,-0.04186172375195913,-0.199644745865464,-0.11430620869004475,0.5768111626990039,0.001917871861681596,0.19331015526661857,-0.0890120638603353,-0.04902929722395215,0.3249692462291743,-0.09285342690515201,0.09025865942295277,-0.032903576513875835,0.10090182649744478,0.12882001810454183,0.015824322754693337,-0.05651111563992466,-0.06790267928839461,-0.05651111563992466,0.27897189242617976,-0.09510294287295432,-0.03510301686527626,0.11298293447980434,-0.07879548063667682,0.07541348431226648,1.0,0.17177054088778623,0.5864146196688488,-0.11680640539073336,0.08519497163201274,0.4385400521251309,0.04620155199862278,0.20698126800357455,0.04233726120198742,0.15015501024826192,0.2788277950213302,-0.037514918381892304,0.11380499593074866,-0.08817543531537034,-0.06387096128811527,0.24336149256315004,0.025011069298345835,-0.20449140878208968,0.1330658677048426,0.03370157441498584,0.061892797155451415,0.8172555679337083,0.129852732542258,0.5183999427923908,0.09936982894746069,0.21130292401800932,0.4113218688141776,0.042657505358127686,0.3450638911705359,0.12089934776855932,0.23752424464406957,0.25376825499764566,0.19903183896651305
-0.16224790006449538,-0.28215949443702426,0.14702629302570222,-0.07924230032947861,0.2879973280181691,0.34037657501871954,-0.21914769852905372,0.43878126650472055,-0.038265367875617344,0.14202736006405148,0.5500870531204628,0.09848151794244106,0.49469338019469955,-0.023838989489618833,-0.038551545895017816,-0.07801709518223969,0.12221165514867247,0.26534305805531294,0.3997726629301952,0.07825313761226294,0.02134051465110085,0.22011296591806892,-0.39756231460742447,0.22011296591806892,0.01671473967432871,0.35534124304251974,0.3391103474026412,-0.30279398984171657,0.36408668582027887,-0.0932180343927628,0.17177054088778623,1.0,0.03511019103384851,0.4398314403562036,0.022059851765835033,-0.11830932480069788,0.005033554978019635,0.15211905192618536,0.2389650386385255,0.45265977223524817,0.12690664940559318,0.05236390887381301,-0.11061246467986692,-0.3076345787865454,0.18521229624097701,0.0747102820316747,0.38559500623267773,0.29469672066734093,-0.21861619088358167,0.38837616048639884,-0.032418846928696544,0.036413526417521096,0.8532415376649631,0.0425491625277309,0.18962513394831046,-0.03345151669067409,-0.13979103059294756,0.07640437257776447,0.16080324533372573,0.2704541884730161,0.4404031273403852,0.18447359239516326,0.030485081797624974
