Fp1,Fz,F3,F7,FT9,FC5,FC1,C3,T7,TP9,CP5,CP1,Pz,P3,P7,O1,Oz,P8,TP10,CP6,CP2,C4,T8,FT10,FC6,FC2,F4,F8,Fp2,AF7,AF3,AFz,F1,F5,FT7,FC3,FCz,C1,C5,TP7,CP3,P1,P5,PO7,PO3,POz,PO4,PO8,P6,P2,CPz,CP4,TP8,FC4,FT8,F6,F2,AF4,AF8,O2,P4,C6,C2
1.0,0.6996507646579854,0.14676651852956685,0.5473842185689921,-0.3217779420505488,-0.10535537216296514,0.4847902338817095,-0.33264752697795175,0.3769017649787704,-0.061068372403446744,-0.03009903901474995,0.3407070196571006,0.5507115413021505,0.47692223176965903,0.423770806663025,0.5748813258314287,0.009077615714478756,-0.31198797934495015,-0.21617017147658266,-0.40567271195840193,0.28714335871582913,0.21034364820979917,0.6676180557639796,0.21034364820979917,0.5660590528048338,-0.37471318556708,-0.15211014401598838,0.43132490599109424,-0.38069592491400395,0.34230243346910716,-0.0876349799983246,-0.01929434623500897,0.3376579615738339,0.5430243630300344,0.3944941074539137,0.48709490819394047,0.6197996041481078,-0.038268494380402855,-0.3410156274448949,-0.28337228204869186,-0.3177307202832304,0.31209103677872646,0.9608926869184752,0.6465655357479534,0.11227017413315928,0.5370669528293182,-0.37577125598672567,-0.1756740172023254,0.47867388229160696,-0.42438373598573553,0.3629723860839155,-0.1428034508804804,-0.06021687293147703,0.2824087387310699,0.5313913990886726,0.4101258361842648,0.529252425004051,0.6071922352016287,-0.01930204982793127,-0.34164622848198545,-0.26099487308853203,-0.44062179789345557,0.3016598608120761
0.6996507646579854,1.0,0.12632526587301307,0.42813009065419766,-0.17005973679870393,-0.3948273999323397,0.5220746641721135,-0.26194283406445235,0.28841100471360553,0.13038299982871435,-0.04146072681318177,0.30630478906054287,0.504484616177421,0.21776455760847666,0.3367230119230222,0.6518446830701764,-0.15273531755370182,-0.12563561698506423,-0.3614185782102632,-0.5073402955077779,0.3334404953729145,0.18040121302913492,0.9584565411671265,0.18040121302913492,0.44824735863957466,-0.2421122417851017,-0.45014349287316624,0.4889339479950023,-0.3512467713971523,0.2744925810072726,0.05161169008870285,-0.006531575779652679,0.23637452581231805,0.4680628469246245,0.13302231510990883,0.37459431894892603,0.5680504440196119,-0.1971927316734776,-0.11386634927291073,-0.4040555423843263,-0.3078656262956132,0.3605452636466387,0.6552778490642694,0.9565472292389022,0.12237837319571324,0.4191847696435539,-0.2281539709039725,-0.45868945152906154,0.5140099530000746,-0.34938463805630354,0.2842024412353456,0.09964773165371081,-0.07311448668925141,0.27232196720989094,0.48182098660845335,0.16276522539040336,0.4351948483806664,0.57408312344088,-0.1369797815399552,-0.13008328875463185,-0.35684984489138943,-0.483502810080413,0.3878613038738908
0.14676651852956685,0.12632526587301307,1.0,-0.3566987617806045,-0.030275122367416956,-0.18818357313388306,-0.3014622277141504,-0.04761208098474597,0.4893836322337101,0.006925254832466387,0.15947827301701425,0.008915169089445077,-0.012211370940793843,0.1929941768645199,-0.1887687047086347,-0.06351196946665742,0.4313798897041328,0.5804760592820957,0.5124183033534842,0.12620317773190734,0.661208167498535,0.9400853922283497,0.07661742757337195,0.9400853922283497,-0.38813519574547906,-0.12593717281164676,-0.2656273185836916,-0.3699239513572964,-0.16156232101699294,0.4653214005079763,-0.006686841494671419,0.029379165860620598,-0.003933535747336984,-0.0672999738089154,0.11553885406792241,-0.13610291943842165,-0.08131066806188017,0.4080049304985916,0.5641037699687366,0.4755765423166234,0.06901455934408689,0.6799102604859417,0.05429936807697674,0.05953996260535272,0.9443500399693154,-0.42898652335313325,-0.07141339148877925,-0.2378652270048257,-0.3709425002228978,-0.07977108868013548,0.45756939853308387,-0.02276396937552635,0.10587369065722456,-0.014572454715065132,-0.03503225616188405,0.1501439342366303,-0.08004285269542816,-0.11854503485953148,0.41416764072260454,0.558475974472219,0.483543639170407,0.10277636642817382,0.6874037712538428
0.5473842185689921,0.42813009065419766,-0.3566987617806045,1.0,-0.005794951316061605,0.2574785680112709,0.6918967640919832,-0.21656129149390196,0.06799074441367041,-0.14338682502263075,0.07385506259638694,0.3893413838231135,0.49865856527289476,0.16610392657066905,0.46810111816709776,0.3183030090008041,-0.17395520990652982,-0.5020640251560656,-0.47977035161833526,-0.3630934567667428,-0.2106001846932941,-0.3810770098555087,0.3720972085171258,-0.3810770098555087,0.9240661636045513,-0.06688104285514819,0.18917710831032133,0.6044459808579681,-0.30776705698160206,0.0002240069659925127,-0.25318693230401645,0.1250226800716789,0.2802710478477869,0.498691072271587,0.10725110444520032,0.4302809110068879,0.3073626769417803,-0.1997928968595545,-0.5153023267014761,-0.46079056714343153,-0.2039259074154123,-0.16627809831474996,0.5360164683056831,0.39989899270342155,-0.364043223045617,0.9506195899647452,-0.07112003292027962,0.19872428553384094,0.6738183467389695,-0.33464562495241534,0.039926169407517635,-0.20107538737974187,0.061315537921283914,0.37047468821257346,0.5055172833797386,0.14539923726282827,0.4343279935264654,0.40909941927197735,-0.17621893303282252,-0.47997949287764513,-0.39823546746387495,-0.33395293106580365,-0.1461641064934972
-0.3217779420505488,-0.17005973679870393,-0.030275122367416956,-0.005794951316061605,1.0,0.5882989024607571,0.3079490975143642,0.6222608236437929,-0.16736225589829565,0.3966717018138194,0.7018728353657228,0.1674023397596469,0.29042915723978385,-0.1639975959062569,0.16344994282123787,-0.0082561576005641,0.45987050072022395,0.25505408975214094,0.33073196491515267,0.4305712423578671,-0.037316990517452804,-0.08330736865320729,-0.25365100092900517,-0.08330736865320729,-0.07968851771337364,0.961658951554137,0.5726817280364439,0.2748968382840107,0.6392377286504545,-0.21079010152465735,0.38771314367785514,0.6692451686118795,0.16463535003907045,0.2675793287787737,-0.18319630674186574,0.08268012774031636,-0.12706575702011452,0.4342620857519153,0.2619996647608219,0.35001969190028964,0.5300839003349309,-0.08175932659036626,-0.35148025403494754,-0.25243063521613157,-0.007130032029640586,-0.059775536741678625,0.9749708975085889,0.5662130447872586,0.2651888126668962,0.5890016627366026,-0.20314908852356722,0.3691931428963282,0.7271769192743215,0.11836486241257,0.25490583910471326,-0.2137445562539559,0.05988518656198126,-0.15907377325284822,0.4372732774564954,0.2431743009041591,0.4150922156372491,0.4660917873842042,-0.027615658058958815
-0.10535537216296514,-0.3948273999323397,-0.18818357313388306,0.2574785680112709,0.5882989024607571,1.0,0.31642057326783557,0.5936465867236104,0.03459130387003707,0.0250360585880045,0.5725515771774303,0.040121126798615514,0.10725882405749292,-0.14215893310808744,0.2257699743962871,-0.18687831153448112,0.41056508291447324,0.01471122853541957,0.2841615482517011,0.4475733468319738,-0.26720156160844116,-0.3255929335356393,-0.45885323207604883,-0.3255929335356393,0.10208098524673277,0.5291065118803076,0.9625116546445892,0.22074890700303712,0.5636813653703857,-0.09092954213300279,0.009608549454279417,0.5318482186045221,-0.03818266955756855,0.10226687793321475,-0.17709648427777794,0.13831024651354376,-0.2113403048371138,0.3730867561783196,0.00733900100532946,0.29331052726744716,0.49395269730045904,-0.29102298352164885,-0.13675609331142694,-0.48471338432088434,-0.1484892193038287,0.16909363431252739,0.5628674475227566,0.9794577418930541,0.26843407378754386,0.5497716228173413,-0.044601895087911785,-0.024683232087588092,0.5620940271490515,-0.04062057565455172,0.08663973103855427,-0.1611611145688842,0.0637469898932975,-0.15192622983357298,0.38067601539296836,0.015448505230063874,0.3506393026791819,0.4534452750406176,-0.2443097917335768
0.4847902338817095,0.5220746641721135,-0.3014622277141504,0.6918967640919832,0.3079490975143642,0.31642057326783557,1.0,0.17707128785642176,0.0026761824927626276,0.10787064447400677,0.33947851766450826,0.3985085349107931,0.5201095598480824,-0.02203875345474925,0.45710969665861567,0.34747995146712657,-0.015195471733716902,-0.3629401386033691,-0.4077040540842832,-0.3167844956554508,-0.11095206818835608,-0.3144960257723416,0.43505237410061337,-0.3144960257723416,0.5844803594215364,0.23706608851560515,0.23423642259766267,0.9323537478637007,0.07953648823579987,-0.10770110127813588,0.043161313473160566,0.3399170302259914,0.25522172705952156,0.565695795696657,-0.06009404602729331,0.4806255836811682,0.30491627680479555,-0.04921012903585336,-0.33138218332178215,-0.3748413849906636,-0.12864644805631506,-0.1308131446502902,0.43625344879985406,0.4004524950417017,-0.2606367052459087,0.6077891240225662,0.1934548713022705,0.21583419560296244,0.9632344164824849,0.040610923934050455,-0.07704239189392881,0.009142442436274345,0.3043330030548173,0.30539680401373326,0.4945844200927797,-0.1025283305678673,0.4115904819924912,0.33223768700099277,-0.01726144498323,-0.3873914627092841,-0.3231192578980123,-0.30784685308858795,-0.09253518306866305
-0.33264752697795175,-0.26194283406445235,-0.04761208098474597,-0.21656129149390196,0.6222608236437929,0.5936465867236104,0.17707128785642176,1.0,-0.15198075905058722,0.37318699794607857,0.5101096535926778,-0.05943529594105781,-0.028025595091000374,-0.4724899100239133,-0.19365316304816443,-0.21493928857666592,0.2603711037367444,0.33117155274809074,0.3766132376307009,0.22395032198901044,-0.06775517182036009,-0.1487713798018363,-0.419065271411785,-0.1487713798018363,-0.39580231610835,0.5502791169974062,0.5198351297167113,0.13779108606616122,0.9087601120262064,-0.22071391608746016,0.31389336258796535,0.4579413318714411,-0.16152672864010198,-0.011968331373522456,-0.5007342251973994,-0.21917139842298322,-0.289639036911539,0.25653562473729496,0.3585245327075279,0.33765853855829775,0.26271099454387575,-0.10675128510299478,-0.4206402556719253,-0.39523089545900725,-0.053629848807923895,-0.32468294188303815,0.5815231039802427,0.554215266334598,0.10733333992091926,0.967985975812347,-0.21264906513856643,0.33682796582361024,0.5061245871028118,-0.1642241795582984,-0.06711798005663222,-0.5066286232863958,-0.2948681607751075,-0.26872386831209083,0.26681088123187313,0.31642321482758445,0.3829685494207196,0.2588989913629434,-0.06400115571384271
0.3769017649787704,0.28841100471360553,0.4893836322337101,0.06799074441367041,-0.16736225589829565,0.03459130387003707,0.0026761824927626276,-0.15198075905058722,1.0,-0.03933217096931106,0.25910312924571727,0.1276919156736352,0.06558296078286438,0.39662972105278926,0.336047735994145,0.12322218919226458,0.5578090740606405,0.4169798748725409,0.25914980399272,0.20893506403313794,0.46517702806886435,0.4592156724698794,0.27249550619855284,0.4592156724698794,0.05788064166940018,-0.27341413047779695,-0.021292978942909196,-0.014865343562671473,-0.18435123196333422,0.9465762263875713,-0.0949071629925264,0.1696525550302864,0.0932707347976544,0.026974702040938738,0.27917345291688733,0.33495949044983625,0.17075661014578442,0.49815269697654113,0.3755184304586583,0.23818374839035947,0.03562992259910974,0.5080068358443055,0.35240067328390723,0.21807382220649427,0.5411265434823102,0.05996323027942246,-0.2189168694418765,0.0016621322121488729,-0.05281258652680431,-0.15572767117229844,0.9824515905266563,-0.05336454681156019,0.1903783323596678,0.10278327004674864,0.0607429502103829,0.39366183569574764,0.3674113701619865,0.17982216802815995,0.5444380366554247,0.4167784912366738,0.29377214963811027,0.15558980793020857,0.5404735759822528
-0.061068372403446744,0.13038299982871435,0.006925254832466387,-0.14338682502263075,0.3966717018138194,0.0250360585880045,0.10787064447400677,0.37318699794607857,-0.03933217096931106,1.0,0.14249511751471147,0.3761588174483835,0.1537981824708524,-0.017396500654067795,0.15140163701337084,0.10608956118452587,0.14223229332015505,0.34656796498179404,0.20375367858587512,0.116930836246093,0.05727893676268563,0.013228137919015618,0.03203773866665913,0.013228137919015618,-0.1937446750229151,0.3408311963798347,0.009598172904074168,0.011687511596141797,0.351956569678583,-0.06637728533397279,0.9354381294146095,0.132604128778983,0.35444051887698125,0.12153767910192657,-0.05817253371204918,0.012271496008402397,0.04392803710462223,0.15284578376938363,0.35586868306260405,0.15970861638260084,0.255796612555693,0.022392270081471415,-0.16245879977024838,0.01723948995293507,-0.05054477928409454,-0.23579415866839268,0.3229825006726257,-0.031227732433289773,-0.0010252436280724392,0.32505126403717133,-0.06465777652539975,0.9727446679000569,0.16034269829378894,0.30374219236029704,0.11364153741194492,-0.08892107966528451,0.0007432063310804832,-0.03744442735503163,0.1709648894028938,0.34068693944212736,0.17650275812496036,0.1607392403948486,0.03371857706117433
-0.03009903901474995,-0.04146072681318177,0.15947827301701425,0.07385506259638694,0.7018728353657228,0.5725515771774303,0.33947851766450826,0.5101096535926778,0.25910312924571727,0.14249511751471147,1.0,0.11768818988117241,0.370196453479486,-0.062225310881547674,0.3494926190249672,0.12507217307132965,0.7026931768460881,0.3700766293335643,0.5369869733764864,0.48247694031952987,0.21569315876135642,0.1580132915470689,-0.10712724460159463,0.1580132915470689,0.044915913469682905,0.6571050708510702,0.5550785282675834,0.34563479105993133,0.5440513344762304,0.2541744970385216,0.1717438015876351,0.9469022871151832,0.15470861900206714,0.3522052492495214,-0.0847194250476711,0.3283092966764055,0.08528585309912758,0.6777511825641899,0.37671312224893583,0.5813235395391831,0.49271960991866204,0.1942377887553748,-3.5338503895329935e-05,-0.12804492443456664,0.2085638186593885,0.04229943199343204,0.6570832684794194,0.5496521892856029,0.3254710233937297,0.4935791793771067,0.22572322191169505,0.1136615726337955,0.9829956894276844,0.06444739812959023,0.34115518615502316,-0.10097134885045857,0.3279942444305614,0.06241150795059229,0.6961407603215102,0.3539256709501186,0.6296137318948741,0.48863347706114274,0.26121598706803306
0.3407070196571006,0.30630478906054287,0.008915169089445077,0.3893413838231135,0.1674023397596469,0.040121126798615514,0.3985085349107931,-0.05943529594105781,0.1276919156736352,0.3761588174483835,0.11768818988117241,1.0,0.2909833975459596,0.1634043184174963,0.2711734687397303,-0.003052231245200422,0.1091627160668543,0.033928752213627456,-0.13580484104649881,-0.19100359515437784,0.11899317454797503,0.02161339511485323,0.20935956080058768,0.02161339511485323,0.34466570491573795,0.07947541076466275,-0.08474458562208659,0.2876147453948434,-0.11420282557346643,0.08288636269102675,0.25252331275884027,0.12077213435385184,0.8929829368055711,0.2796568919917375,0.0877061456606527,0.16497143555122865,-0.031792147271679186,0.0958745208309946,-0.023786548027434913,-0.10016985148511973,-0.19239110975701318,0.09559194675867784,0.22732609720875352,0.17923812458119492,-0.023094970156626697,0.34929989031482683,0.09094600853923528,-0.03937534004803182,0.34264141588740504,-0.1516822417473131,0.10971644125431451,0.27773060934038046,0.11384550127916762,0.9671685968402522,0.2802401200815174,0.10669955992173302,0.17148549989613157,-0.06064621315283917,0.10426001524940157,0.01702418950315102,-0.06472019083495101,-0.20656091484505107,0.11182156398020503
0.5507115413021505,0.504484616177421,-0.012211370940793843,0.49865856527289476,0.29042915723978385,0.10725882405749292,0.5201095598480824,-0.028025595091000374,0.06558296078286438,0.1537981824708524,0.370196453479486,0.2909833975459596,1.0,0.43614004584253063,0.6185075886064169,0.600633249028347,0.2263145398363199,-0.1214895736482235,0.008810124060636007,-0.06933383890476959,0.0944259472083989,0.07192640385205293,0.4584188983578108,0.07192640385205293,0.5059160165323459,0.29097776311134205,0.130389853944952,0.5362717069900131,-0.014094167707710584,0.0665957915833653,0.14584342011370766,0.44894882973068156,0.38653935547137586,0.9742694422615101,0.37598627127267004,0.6335142275907856,0.5315854235734403,0.20221779827978636,-0.13779557088558184,-0.03689558860488549,0.1216437549030902,0.14831438364849256,0.5658211350302765,0.49828323867320357,-0.03829339749636448,0.5253816135299127,0.2674425401591752,0.08453648662969987,0.5383676031521561,-0.09228592395757892,0.07990794095936839,0.15024833612879676,0.40453966480073267,0.3137052614441157,0.9923339039985005,0.40667820868324445,0.673736579294307,0.5403013064781754,0.23850790907480998,-0.11113775716224174,0.030383547541297753,-0.03253583830460896,0.16533215610934715
0.47692223176965903,0.21776455760847666,0.1929941768645199,0.16610392657066905,-0.1639975959062569,-0.14215893310808744,-0.02203875345474925,-0.4724899100239133,0.39662972105278926,-0.017396500654067795,-0.062225310881547674,0.1634043184174963,0.43614004584253063,1.0,0.5021652306951113,0.39656905787295205,0.37756933610300664,0.028601541065689167,0.17102323923247267,0.20328110114494283,0.1603682779724532,0.30281877874633634,0.3055944122939589,0.30281877874633634,0.29005710633961707,-0.11824259770720208,-0.04993342761312272,0.03596281006676801,-0.3211799821233117,0.4075781473566349,0.07206138916209293,-0.03774372745525591,0.37016503472924267,0.3945590794058689,0.9721913185802085,0.5176874554668693,0.5111569035328447,0.35313553685040067,-0.03336246087604275,0.1072804493253468,0.09761923537072316,0.16898060510949015,0.511316021254009,0.2596559294575096,0.18073278014755764,0.2439955793800959,-0.12136697501573944,-0.11125935772040028,0.013311312508439352,-0.43268747230415444,0.43913173485156215,0.004430038613988844,-0.008924045867385348,0.22428130518571412,0.45485666899766236,0.9764165704686492,0.5710353535538745,0.4397623364401175,0.3455293874705045,0.014280030553881946,0.12648952771570182,0.12871320721827545,0.17864800712656537
0.423770806663025,0.3367230119230222,-0.1887687047086347,0.46810111816709776,0.16344994282123787,0.2257699743962871,0.45710969665861567,-0.19365316304816443,0.336047735994145,0.15140163701337084,0.3494926190249672,0.2711734687397303,0.6185075886064169,0.5021652306951113,1.0,0.5145315045162868,0.41645718648129765,-0.135432335926306,0.016287273957172593,0.17685025684983052,0.07985116196576617,-0.05703957689200144,0.3926660602069819,-0.05703957689200144,0.5697851711911183,0.21045203584258065,0.3181885646734073,0.48310312539156713,-0.041805510823925536,0.38793727825820606,0.2532241264943613,0.4123108786964011,0.4101724865590262,0.6253787825282892,0.4820004168029902,0.9422918869770863,0.5793696220659244,0.38841351903493937,-0.13579796755750378,0.008594197271925697,0.26391812002276166,0.09451070274392233,0.47356098627204485,0.36858931879000917,-0.13843755934099314,0.5151599232880751,0.14195733536915014,0.24784289385726438,0.4796957347987871,-0.18631396545633683,0.35618549954757656,0.16921541341035923,0.3904765652044837,0.29474881455691226,0.640287979596994,0.4899837194631259,0.9439779959784721,0.5430371044964779,0.4274647230520472,-0.13254017607860383,0.09278251892370491,0.17458640761145583,0.11655788191151771
0.5748813258314287,0.6518446830701764,-0.06351196946665742,0.3183030090008041,-0.0082561576005641,-0.18687831153448112,0.34747995146712657,-0.21493928857666592,0.12322218919226458,0.10608956118452587,0.12507217307132965,-0.003052231245200422,0.600633249028347,0.39656905787295205,0.5145315045162868,1.0,-0.05332843724431536,-0.27120140026243394,-0.17496183417407382,-0.09845347072186464,0.008091330676155148,0.0713425113527151,0.7019951289077649,0.0713425113527151,0.4414741545352175,0.01948987970036578,-0.10687402879533382,0.3879304102168741,-0.13077556859370648,0.17396807594681366,0.16091632873439934,0.18634687664709795,0.09875032814463222,0.533023159792522,0.3586776120368495,0.5403375964940875,0.9391652767580552,-0.12696318494431233,-0.2314840972221825,-0.2854391026508231,0.1252109773235133,0.026998112245634583,0.6486164790261151,0.7122878559575596,-0.030049608007595034,0.3875016219207493,0.010820321479425148,-0.15887438079789673,0.43693283533619953,-0.21513406537017063,0.15925853114278912,0.16065886177219488,0.15691780575115954,-0.010385404338864916,0.5881474648230397,0.38995918412303343,0.600333771409702,0.9293905522173458,-0.07067064470356968,-0.24796157899584237,-0.2451843559722468,-0.06789060032128037,0.07061554971230073
0.009077615714478756,-0.15273531755370182,0.4313798897041328,-0.17395520990652982,0.45987050072022395,0.41056508291447324,-0.015195471733716902,0.2603711037367444,0.5578090740606405,0.14223229332015505,0.7026931768460881,0.1091627160668543,0.2263145398363199,0.37756933610300664,0.41645718648129765,-0.05332843724431536,1.0,0.555048291273934,0.7011948829377443,0.64468912859959,0.40114368408034734,0.45005116139042123,-0.15108176296701423,0.45005116139042123,-0.12811362473119142,0.45730735322722516,0.4381979998132286,-0.009158420507867244,0.36561233086501244,0.5505822374291092,0.2216862163728074,0.6015020113291496,0.24445454957168733,0.20941832025233162,0.34186006521097995,0.4146724384132654,0.003046928359036532,0.9884715426661201,0.5165631476844876,0.7191042916165816,0.4533262276120797,0.3944730034057377,-0.001734585944164057,-0.20579846959680065,0.4764166881598162,-0.1537217473359409,0.45909560486885165,0.42113878592848236,-0.046544703683513565,0.30377210651988157,0.5412665087302648,0.13718285814548617,0.7106814543580625,0.12225029519144065,0.22243191099168394,0.36230857524977145,0.42214313746612236,-0.10755697031071973,0.9898412923155966,0.519463629835506,0.7779461575547426,0.5893737241905443,0.43057219697168336
-0.31198797934495015,-0.12563561698506423,0.5804760592820957,-0.5020640251560656,0.25505408975214094,0.01471122853541957,-0.3629401386033691,0.33117155274809074,0.4169798748725409,0.34656796498179404,0.3700766293335643,0.033928752213627456,-0.1214895736482235,0.028601541065689167,-0.135432335926306,-0.27120140026243394,0.555048291273934,1.0,0.6559496548541008,0.42462974042066876,0.46983480488654755,0.5708584640353307,-0.18237649862929203,0.5708584640353307,-0.5195937831166428,0.18288795882155015,-0.012999953463094188,-0.3299436553572946,0.3313500561767412,0.4384958344896111,0.34174388334980416,0.3568744322762005,0.07494914149188805,-0.15299963904593367,-0.022834891575462785,-0.1865271810928799,-0.29515955352907525,0.5704851789885204,0.9859392576429015,0.65073966065993,0.3087718853693295,0.47049975832227553,-0.3682124971499959,-0.19105313154557396,0.5947949182299261,-0.5384001381341689,0.23913271536338465,-0.00411598819230824,-0.4211821710731694,0.36712460514951323,0.4318698900845783,0.349237140018428,0.3791495691585519,0.029748143036743748,-0.14814395441711872,-0.0032684410464984435,-0.18584363543216958,-0.338643352469349,0.5613525079709989,0.9825883812107935,0.6591870049640922,0.4190282538267846,0.47845142544018926
-0.21617017147658266,-0.3614185782102632,0.5124183033534842,-0.47977035161833526,0.33073196491515267,0.2841615482517011,-0.4077040540842832,0.3766132376307009,0.25914980399272,0.20375367858587512,0.5369869733764864,-0.13580484104649881,0.008810124060636007,0.17102323923247267,0.016287273957172593,-0.17496183417407382,0.7011948829377443,0.6559496548541008,1.0,0.5950980476386414,0.4585047252158592,0.5323558146452054,-0.3983981560300738,0.5323558146452054,-0.47837791973775223,0.3225643485237227,0.3161078938491646,-0.40186180146815154,0.44719837347254815,0.3203871745004622,0.290992232156742,0.49452859574994656,0.007122601087217208,-0.029108355349498086,0.18018307484330962,-0.000822741415339856,-0.13559826826933952,0.7212227815935847,0.63081780158715,0.9611298742767576,0.4871202837661883,0.43174985780089337,-0.23888588017741477,-0.4104604290644788,0.4750331488086081,-0.5228231542621409,0.33414227995682544,0.30380544471396237,-0.45386420885683904,0.43109183511807814,0.27774689867751556,0.2117594337499255,0.5541946539997572,-0.15203963999738485,-0.0032590309407863854,0.13987096983510383,0.025312051956753828,-0.2205126754882287,0.7095764483780864,0.6247372965803716,0.9670453714363714,0.5743761317697194,0.4611120989332582
-0.40567271195840193,-0.5073402955077779,0.12620317773190734,-0.3630934567667428,0.4305712423578671,0.4475733468319738,-0.3167844956554508,0.22395032198901044,0.20893506403313794,0.116930836246093,0.48247694031952987,-0.19100359515437784,-0.06933383890476959,0.20328110114494283,0.17685025684983052,-0.09845347072186464,0.64468912859959,0.42462974042066876,0.5950980476386414,1.0,-0.08656791638643688,0.12337993151849305,-0.4280279937899756,0.12337993151849305,-0.2892266691294742,0.4548882406112994,0.5464574985885273,-0.2932162937416177,0.39184406872830335,0.2072908731470822,0.22035504422479835,0.44964119967948796,-0.027457682153197497,-0.12800569064750988,0.22467655898753383,0.12028335956971667,-0.09101274737229835,0.629069305831493,0.3932750406792171,0.6027219111540507,0.8446726740133216,-0.12720871683318882,-0.3134962533143364,-0.49903663510596385,0.20070984506998515,-0.303100845604447,0.5005257383524951,0.5265844704596974,-0.27967787932488725,0.32328450059271946,0.216636354437673,0.16681233483705268,0.5024481568298892,-0.16026138202682583,-0.07509364595852913,0.22032725545862053,0.11569587934564907,-0.1672856928266273,0.63023449747291,0.42114572135143413,0.6054518595301799,0.9822960713563866,-0.06381895599464428
0.28714335871582913,0.3334404953729145,0.661208167498535,-0.2106001846932941,-0.037316990517452804,-0.26720156160844116,-0.11095206818835608,-0.06775517182036009,0.46517702806886435,0.05727893676268563,0.21569315876135642,0.11899317454797503,0.0944259472083989,0.1603682779724532,0.07985116196576617,0.008091330676155148,0.40114368408034734,0.46983480488654755,0.4585047252158592,-0.08656791638643688,1.0,0.7141119735430396,0.2493454757666656,0.7141119735430396,-0.20269001726781397,-0.12032115672958452,-0.3351638561501841,-0.14074736894850978,-0.12388973801146408,0.5404990995993644,0.04419009670816291,0.22111831509172888,0.12132564889856251,0.08596861652035319,0.11120206393733859,0.11128571962495512,0.034841176977964454,0.42236075976887133,0.446115781889958,0.4520981416064712,-0.1263665122372375,0.9824652707281935,0.20316498930064428,0.26066240085313314,0.5836246888603104,-0.2526632703244535,-0.09885594049207458,-0.32284088818325907,-0.18146240793005378,-0.09122477932978731,0.4891460314749398,0.001313407877250951,0.1824304444853156,0.07101610142820554,0.07428336912092422,0.09647749261272942,0.21900415932819048,-0.005231861320015988,0.3978822115325344,0.4458308815622456,0.4518254356189236,-0.11133287815884796,0.9726638557847613
0.21034364820979917,0.18040121302913492,0.9400853922283497,-0.3810770098555087,-0.08330736865320729,-0.3255929335356393,-0.3144960257723416,-0.1487713798018363,0.4592156724698794,0.013228137919015618,0.1580132915470689,0.02161339511485323,0.07192640385205293,0.30281877874633634,-0.05703957689200144,0.0713425113527151,0.45005116139042123,0.5708584640353307,0.5323558146452054,0.12337993151849305,0.7141119735430396,1.0,0.16827063448556595,1.0,-0.3215456964109799,-0.1206779534709274,-0.3445510494337278,-0.3113239735005065,-0.15879597294104322,0.518770052148679,0.07447410502098317,0.07522212335585783,0.11792631020630685,0.038481536904615816,0.2564659134443882,0.024749294085638977,0.09654652333595892,0.4383523533400662,0.5626437325720309,0.4967704991334476,0.038155064775916965,0.7339666371366025,0.15637450712064835,0.15486424772246946,0.9244425793886322,-0.4082449269747808,-0.1016956493390956,-0.35098641969284816,-0.3342631483887665,-0.13959920398223166,0.4744317036759832,0.002396904043091473,0.14032427824876706,0.03303230783780152,0.057676120659509965,0.2633970542314844,0.07530295449023339,0.0026000045337816846,0.4363212649788998,0.5338966560710137,0.4871442495530448,0.09460989748913998,0.7336706208492209
0.6676180557639796,0.9584565411671265,0.07661742757337195,0.3720972085171258,-0.25365100092900517,-0.45885323207604883,0.43505237410061337,-0.419065271411785,0.27249550619855284,0.03203773866665913,-0.10712724460159463,0.20935956080058768,0.4584188983578108,0.3055944122939589,0.3926660602069819,0.7019951289077649,-0.15108176296701423,-0.18237649862929203,-0.3983981560300738,-0.4280279937899756,0.2493454757666656,0.16827063448556595,1.0,0.16827063448556592,0.47866545619926293,-0.2680881286558421,-0.45077566890961074,0.45532376011086906,-0.420134463014094,0.2841151427839419,0.025028047234293627,-0.06544841280559291,0.22258733561241917,0.43172626868242325,0.254265071984578,0.4391163648661657,0.6488798000905268,-0.19755438818530205,-0.16511434848324583,-0.4352036957092534,-0.26781049339755497,0.2773247886099298,0.6761382365876367,0.9774614697669638,0.11656674779169934,0.42152216539918685,-0.2705474752615217,-0.4840043722135174,0.47353359466369094,-0.45952708329365605,0.2844689655592698,0.03335343472940828,-0.11778500406912432,0.21873931480317094,0.4491362390749703,0.2686923367291796,0.4981254652106317,0.6280290120326754,-0.13942732353205872,-0.18765329424363067,-0.39906816904652576,-0.42250998528238204,0.30069772968895403
0.21034364820979917,0.18040121302913492,0.9400853922283497,-0.3810770098555087,-0.08330736865320729,-0.3255929335356393,-0.3144960257723416,-0.1487713798018363,0.4592156724698794,0.013228137919015618,0.1580132915470689,0.02161339511485323,0.07192640385205293,0.30281877874633634,-0.05703957689200144,0.0713425113527151,0.45005116139042123,0.5708584640353307,0.5323558146452054,0.12337993151849305,0.7141119735430396,1.0,0.16827063448556592,1.0,-0.3215456964109799,-0.1206779534709274,-0.3445510494337278,-0.3113239735005065,-0.15879597294104322,0.518770052148679,0.07447410502098317,0.07522212335585783,0.11792631020630685,0.038481536904615816,0.2564659134443882,0.024749294085638977,0.09654652333595892,0.4383523533400662,0.5626437325720309,0.4967704991334476,0.038155064775916965,0.7339666371366025,0.15637450712064835,0.15486424772246946,0.9244425793886322,-0.4082449269747808,-0.1016956493390956,-0.35098641969284816,-0.3342631483887665,-0.13959920398223166,0.4744317036759832,0.002396904043091473,0.14032427824876706,0.03303230783780152,0.057676120659509965,0.2633970542314844,0.07530295449023339,0.0026000045337816846,0.4363212649788998,0.5338966560710137,0.4871442495530448,0.09460989748913998,0.7336706208492209
0.5660590528048338,0.44824735863957466,-0.38813519574547906,0.9240661636045513,-0.07968851771337364,0.10208098524673277,0.5844803594215364,-0.39580231610835,0.05788064166940018,-0.1937446750229151,0.044915913469682905,0.34466570491573795,0.5059160165323459,0.29005710633961707,0.5697851711911183,0.4414741545352175,-0.12811362473119142,-0.5195937831166428,-0.47837791973775223,-0.2892266691294742,-0.20269001726781397,-0.3215456964109799,0.47866545619926293,-0.3215456964109799,1.0,-0.06691765629006509,0.11206558865864658,0.582800782836671,-0.3534418704194138,0.057212448227105056,-0.21187145996836998,0.12216445299150828,0.37625522847188536,0.5230153450915687,0.26805912773995527,0.5507266093003117,0.47243891042785086,-0.14729159014520032,-0.5363007473967604,-0.47268691471701824,-0.1907937441699092,-0.1597419023676328,0.6193184203450353,0.4976020933415501,-0.3485599622621142,0.9729375594503669,-0.09169291862388695,0.0949569811443824,0.6349702662611528,-0.4480034051759343,0.07478202858190248,-0.21107840379007498,0.07271404734838552,0.38645891073571986,0.525778874812575,0.28420417574720974,0.5664588545404569,0.5151593673530227,-0.1325414841055064,-0.5076301505976535,-0.411437779178744,-0.2763613857251609,-0.1459229752718606
-0.37471318556708,-0.2421122417851017,-0.12593717281164676,-0.06688104285514819,0.961658951554137,0.5291065118803076,0.23706608851560515,0.5502791169974062,-0.27341413047779695,0.3408311963798347,0.6571050708510702,0.07947541076466275,0.29097776311134205,-0.11824259770720208,0.21045203584258065,0.01948987970036578,0.45730735322722516,0.18288795882155015,0.3225643485237227,0.4548882406112994,-0.12032115672958452,-0.1206779534709274,-0.2680881286558421,-0.1206779534709274,-0.06691765629006509,1.0,0.5771278767266814,0.260380194541787,0.6574295692535003,-0.2734629159602312,0.40466646820862573,0.6334084625695997,0.16672345882323747,0.28904959169355493,-0.10039804092769529,0.14794888598575726,-0.06562829818557316,0.44338293360602415,0.19699598254060083,0.3465372448298921,0.5208832721660331,-0.1594653931992028,-0.3643528669249342,-0.26257380026286525,-0.07748528374318217,-0.06966288525764505,0.9760949464041885,0.545040267539336,0.237601364563732,0.5610946396505511,-0.28688352852357957,0.3457997738415603,0.7151272067347789,0.07801995479141256,0.27045586332352994,-0.14746188666431423,0.1199883903103851,-0.13430113294203727,0.44095760708374077,0.1656359026713318,0.40430054510984964,0.48389776226948344,-0.11947811623363946
-0.15211014401598838,-0.45014349287316624,-0.2656273185836916,0.18917710831032133,0.5726817280364439,0.9625116546445892,0.23423642259766267,0.5198351297167113,-0.021292978942909196,0.009598172904074168,0.5550785282675834,-0.08474458562208659,0.130389853944952,-0.04993342761312272,0.3181885646734073,-0.10687402879533382,0.4381979998132286,-0.012999953463094188,0.3161078938491646,0.5464574985885273,-0.3351638561501841,-0.3445510494337278,-0.45077566890961074,-0.3445510494337278,0.11206558865864658,0.5771278767266814,1.0,0.20066642738465132,0.5890126683124961,-0.10170507709443137,0.0735969532613717,0.5372959613582232,-0.05714782503309717,0.1359783538754356,-0.04997941078871066,0.23795429829143902,-0.09942438188041314,0.405727302731797,-0.011637158603901392,0.32149021387107213,0.5779158660528743,-0.3562168901664905,-0.13144428708699435,-0.4811572604728329,-0.1929893035907149,0.14810291435776984,0.5858401680472416,0.9809099321913777,0.2271689151243344,0.5249944689413789,-0.07449324014971787,-0.003971287806470862,0.5765760727580823,-0.12614599016179168,0.12013286666586775,-0.055644682224748075,0.15927844239538996,-0.07372438425453746,0.40964441473475655,-0.014712235923588038,0.37044308875681153,0.5469870204029113,-0.31488705967649677
0.43132490599109424,0.4889339479950023,-0.3699239513572964,0.6044459808579681,0.2748968382840107,0.22074890700303712,0.9323537478637007,0.13779108606616122,-0.014865343562671473,0.011687511596141797,0.34563479105993133,0.2876147453948434,0.5362717069900131,0.03596281006676801,0.48310312539156713,0.3879304102168741,-0.009158420507867244,-0.3299436553572946,-0.40186180146815154,-0.2932162937416177,-0.14074736894850978,-0.3113239735005065,0.45532376011086906,-0.3113239735005065,0.582800782836671,0.260380194541787,0.20066642738465132,1.0,0.14992837194495096,-0.058403904175871164,0.026632517207498888,0.3848035703841927,0.2687473843657947,0.625783827989958,0.03609251602363524,0.5408183040141502,0.3951732862253449,-0.040381290862210435,-0.2963553609655817,-0.3794774292289095,-0.17684359187153056,-0.15658901766986713,0.44705919891885154,0.42504369233353007,-0.2806115980132576,0.5828090236024565,0.19707317614652353,0.15410007513021687,0.9454491011826232,0.0629898227769574,-0.05327678214025974,-0.05787498631206015,0.3439662316151122,0.23638978137138741,0.521651104653671,-0.04143629832925002,0.4572264344227142,0.4027783502186026,-0.01906276742570171,-0.3671968644190235,-0.32601652971229267,-0.30616656076638715,-0.13079064178942773
-0.38069592491400395,-0.3512467713971523,-0.16156232101699294,-0.30776705698160206,0.6392377286504545,0.5636813653703857,0.07953648823579987,0.9087601120262064,-0.18435123196333422,0.351956569678583,0.5440513344762304,-0.11420282557346643,-0.014094167707710584,-0.3211799821233117,-0.041805510823925536,-0.13077556859370648,0.36561233086501244,0.3313500561767412,0.44719837347254815,0.39184406872830335,-0.12388973801146408,-0.15879597294104322,-0.420134463014094,-0.15879597294104322,-0.3534418704194138,0.6574295692535003,0.5890126683124961,0.14992837194495096,1.0,-0.17239640707640977,0.4149558724936666,0.5244924374477787,-0.045147224684989495,0.03237271050983553,-0.30226507135434694,-0.06387851577921902,-0.14057783284229772,0.36412455404727045,0.3539055673597342,0.4032984237707265,0.34352648087523185,-0.17436661291977615,-0.39478809977919005,-0.4106409751353399,-0.10155968711101397,-0.33287228833032473,0.6574428057525907,0.583133787217558,0.07927684880659763,0.9652272810340421,-0.19648922316581086,0.35446174674021613,0.5937111998016107,-0.1616214491794039,-0.03569064476874726,-0.34660059646892527,-0.14687213631849885,-0.19171935423756828,0.36319652027833865,0.29925884146194764,0.4468324100819684,0.4016003480070847,-0.13730324490482074
0.34230243346910716,0.2744925810072726,0.4653214005079763,0.0002240069659925127,-0.21079010152465735,-0.09092954213300279,-0.10770110127813588,-0.22071391608746016,0.9465762263875713,-0.06637728533397279,0.2541744970385216,0.08288636269102675,0.0665957915833653,0.4075781473566349,0.38793727825820606,0.17396807594681366,0.5505822374291092,0.4384958344896111,0.3203871745004622,0.2072908731470822,0.5404990995993644,0.518770052148679,0.2841151427839419,0.518770052148679,0.057212448227105056,-0.2734629159602312,-0.10170507709443137,-0.058403904175871164,-0.17239640707640977,1.0,-0.056395708140299844,0.2066010525530427,0.14692579262597033,0.046023422875918714,0.32674718563210053,0.3977618657282922,0.2611566320384282,0.5038390709118417,0.40225633236333624,0.30274921637455765,0.012065477966971268,0.5834624584308896,0.35414653193471873,0.24890061799610663,0.5204601725910629,0.016429025841683934,-0.2416258765053041,-0.09783218347846788,-0.13683806084418262,-0.1794383539377162,0.9772620218825903,-0.0660114865482732,0.21309255942074537,0.0814857857161549,0.0742676178430693,0.4073396916285411,0.4415263202413579,0.23111350459339788,0.5386636604247866,0.425270015962953,0.3539574398707756,0.15025976371078992,0.5977090768089992
-0.0876349799983246,0.05161169008870285,-0.006686841494671419,-0.25318693230401645,0.38771314367785514,0.009608549454279417,0.043161313473160566,0.31389336258796535,-0.0949071629925264,0.9354381294146095,0.1717438015876351,0.25252331275884027,0.14584342011370766,0.07206138916209293,0.2532241264943613,0.16091632873439934,0.2216862163728074,0.34174388334980416,0.290992232156742,0.22035504422479835,0.04419009670816291,0.07447410502098317,0.025028047234293627,0.07447410502098317,-0.21187145996836998,0.40466646820862573,0.0735969532613717,0.026632517207498888,0.4149558724936666,-0.056395708140299844,1.0,0.18030716154797874,0.3637348288756332,0.1455284207569339,0.08669433092400101,0.1470857381786999,0.1664848887082928,0.2369435500076519,0.36796976740715803,0.2477585434130634,0.33258842069683864,-0.003430815971378058,-0.13344975292341343,-0.010412989189866,-0.02757277585567971,-0.30912308306648767,0.34564819495452664,-0.013233323082451658,-0.02735264274847976,0.32173699005968825,-0.09604259704305623,0.9272921635785445,0.22381909047226653,0.20866876249023555,0.11481183021617436,-0.007548659087389807,0.10682639574348851,0.026379247663171082,0.24250711586639237,0.3062078397575343,0.2540578478088937,0.24072944037629027,-0.001887955125181893
-0.01929434623500897,-0.006531575779652679,0.029379165860620598,0.1250226800716789,0.6692451686118795,0.5318482186045221,0.3399170302259914,0.4579413318714411,0.1696525550302864,0.132604128778983,0.9469022871151832,0.12077213435385184,0.44894882973068156,-0.03774372745525591,0.4123108786964011,0.18634687664709795,0.6015020113291496,0.3568744322762005,0.49452859574994656,0.44964119967948796,0.22111831509172888,0.07522212335585783,-0.06544841280559291,0.07522212335585783,0.12216445299150828,0.6334084625695997,0.5372959613582232,0.3848035703841927,0.5244924374477787,0.2066010525530427,0.18030716154797874,1.0,0.19305499854748817,0.43860561903880246,-0.03898257935571071,0.3924360880630864,0.13935323821969897,0.5909207886753135,0.36808824855339417,0.5251020026713625,0.5226657809814431,0.1962964771783464,0.03619293266362799,-0.07243244550492152,0.07986005291822373,0.11524943808709422,0.6345286584947031,0.5207486553010398,0.34187835219737606,0.4553852006742077,0.17249536925590017,0.11698177821180429,0.9556389944945963,0.0785814809148576,0.4152462980487685,-0.08019437906584372,0.3838054343079089,0.13848969276400505,0.5964835620561302,0.34352011648267294,0.5694182221694574,0.46994842463524944,0.2578404245338658
