Fp1,Fz,F3,F7,FT9,FC5,FC1,C3,T7,TP9,CP5,CP1,Pz,P3,P7,O1,Oz,P8,TP10,CP6,CP2,C4,T8,FT10,FC6,FC2,F4,F8,Fp2,AF7,AF3,AFz,F1,F5,FT7,FC3,FCz,C1,C5,TP7,CP3,P1,P5,PO7,PO3,POz,PO4,PO8,P6,P2,CPz,CP4,TP8,FC4,FT8,F6,F2,AF4,AF8,O2,P4,C6,C2
1.0,0.37688085066199223,0.23966155320022983,0.18970749435534923,-0.1319455737042421,-0.4066852953773465,-0.0371587296766032,0.15268824079360432,-0.30467312910955535,0.26460212610892203,0.3876375979482041,0.03407668531770568,-0.008376314424076867,-0.243784439114494,-0.4153947406540868,0.1375143068423939,-0.10809691410913293,-0.35074937957054375,-0.34047733267770874,-0.1764289018436226,0.16515808550543157,-0.1373968930125753,0.4166703333208758,-0.1373968930125753,-0.06703190726266281,-0.3243631002624948,-0.3695155910459919,-0.3003437057700121,0.2822874273802618,-0.3519742562443624,0.2750640709809386,0.33353409321888033,0.04662351666711431,0.13362203421749433,-0.1629979222872439,-0.3815967817230135,0.20693941116033476,-0.05905593262530923,-0.2785986579279719,-0.2594991219114832,-0.13700755177447516,0.1561185279290237,0.7533515036607429,0.4736721017119157,-0.075738717477246,-0.023825790521871927,-0.3301432476343504,-0.3787470204646852,-0.211346598952252,0.27534308389539686,-0.3388073745184552,0.2769913952141762,0.2603508193637227,0.08813831878322179,0.014701696196504264,-0.16847713127586494,-0.3848818642278741,0.12115618982906051,-0.00820054236503559,-0.18538409303875522,-0.3223318116305347,-0.14078800404612943,0.19705568239036028
0.37688085066199223,1.0,-0.05191807849376439,0.2554872160012639,0.364707997145697,-0.15543017155569044,-0.01965161475007157,0.21803620704387114,-0.040178172643247814,0.00414773551855791,0.3753452467719742,-0.05525910465477483,-0.020327755669584977,0.30146868262163584,0.026555823293980957,0.04740266406104031,0.06883889096736079,-0.011632872766609004,0.08772821517349853,-0.21926257730069293,0.21678679978673376,0.1093037150700682,0.9380990368394438,0.1093037150700682,0.23802415468787483,0.25789256790846465,-0.17816430474183156,0.05741061657683363,0.33775181606686705,-0.02609068886340614,0.053916328141661064,0.38156425518357096,-0.007286470700006325,0.1330135889823661,0.3536764874193342,0.019688146449174694,0.06799331810296644,0.09937023919501761,-0.007703741709410575,0.20069883915275177,-0.20732455172456327,0.25350804361958407,0.5488434213836002,0.8064169158186391,0.12911180786648258,0.188820788544858,0.27900276578802913,-0.2928024323184409,0.09597731943632398,0.3491401123226707,0.035472710086297946,0.16454664067964966,0.34274988104135057,0.15524825606371834,0.026065617614041664,0.3546322105930324,0.08181760711416275,0.06399344447724978,0.11409803131042598,0.023389517800652043,-0.10820612298711067,-0.240637413955017,0.3045171459099605
0.23966155320022983,-0.05191807849376439,1.0,0.3631269847894333,-0.37779068747541866,-0.1518057722171198,-0.1442374277236353,0.09701557753634481,0.1862836136427244,-0.36491024943222394,-0.41587025278195466,-0.04825865676548285,-0.36790379431980297,0.4004370521195684,-0.0644767071074469,-0.4782004742002548,-0.16225955118803287,-0.3417881567106232,-0.06605647061859043,-0.2112662017711781,-0.0904620232498411,0.7152223875497519,0.033768190081428465,0.7152223875497519,0.25830929134766084,-0.3915779884442868,-0.10110327679373793,-0.43916522084780085,0.14147724623224234,0.11135989085624563,-0.41270938445254596,-0.3998503271204919,-0.04151405748615616,-0.36330574911116226,0.43576882233547637,-0.08241563133302879,-0.4526666320686692,-0.15869431235655232,-0.31750922777775314,0.05802673570378054,-0.13968136177739202,-0.06434854968441286,-0.15848915831401567,-0.09677416977930337,0.7614530815571705,0.25681198986880915,-0.30924508332019734,-0.10443112897405668,-0.37397605629758635,0.1323081457206372,0.10043511773693437,-0.24790182939006816,-0.43556383581353597,-0.06118772623218512,-0.3306172969110759,0.4371964452555457,-0.04041371875308653,-0.4106939946267059,-0.17156462560646027,-0.34049982114622446,-0.13641898541222294,-0.0873681704892038,-0.06796716032799445
0.18970749435534923,0.2554872160012639,0.3631269847894333,1.0,-0.35237091631315764,0.11628506923135419,-0.1692804771832543,-0.18983922898448174,0.04359940688136664,-0.45675278126662633,-0.40773323135794004,-0.23006338233114737,-0.12905023591723994,0.3206779955666881,0.22022111218720733,-0.18885945857018305,-0.01529669825705408,-0.11542202830447035,-0.18482432370616836,-0.3585337404028187,-0.16174419371354415,0.27373582331117985,0.335109685587028,0.27373582331117985,0.8873372618982003,-0.4097612168640644,0.1067098657245333,-0.28387510284325734,-0.06530821205401742,0.00974829742683699,-0.5027513048625616,-0.3390619738815094,-0.1471495141970065,-0.18231552741277401,0.35465067114817145,0.18324605191102514,-0.12826669292278844,-0.008585713138778447,-0.07626333776587525,-0.17550481356062902,-0.3519054707144775,-0.1251143967198431,-0.03663968828928554,0.32688854643985926,0.32341311468513884,0.8985670568910996,-0.29124173512399615,0.16735775177256723,-0.23524213830797266,-0.1200895081605805,-0.0015434873522961665,-0.32024786529052535,-0.3947662301294966,-0.10806213845982213,-0.14882092824648094,0.35804449274022454,0.1513910497432014,-0.11317040871480323,-0.07444779063154454,-0.05650746047317904,-0.30870472304673785,-0.3783183509777283,-0.12264779927590787
-0.1319455737042421,0.364707997145697,-0.37779068747541866,-0.35237091631315764,1.0,0.104660669587366,0.1045705971731941,0.3721223843618856,-0.03735665754140956,0.38376413071131,0.4615987532199602,-0.02845874738767747,-0.06878980984151706,-0.06900536006318288,0.005535555912341541,0.1053705766252659,0.028798518592385206,-0.014391959974825128,0.14329092474395316,0.0791236484352082,0.06374487246574344,-0.1500890274650467,0.24471275082560126,-0.1500890274650467,-0.2898768165247203,0.7246064288925999,0.05748389576543967,0.2305173761439902,0.2844342805095038,-0.17464690802267094,0.3905647663377139,0.3902219695892751,-0.10598103025927152,0.03872147092186243,-0.10425784731823079,-0.021334977297738193,0.11293820967736742,0.00821067874678516,-0.04584984799633708,0.1562427399836353,0.05692742126039514,0.09024922425367797,0.21293165834299,0.18310417769709764,-0.12417673144785153,-0.2969732338700464,0.890913661808086,-0.007264882168838932,0.20355548691880382,0.3368783719604022,0.1335590096876139,0.4057009007761603,0.42339628988159794,0.01659364307618329,-0.06335931875539669,-0.12134460674672998,0.09212401407283623,0.12654328853853414,0.08029069407596724,-0.024764910216915716,0.1174020936832831,0.0521859962109445,0.15090809668088156
-0.4066852953773465,-0.15543017155569044,-0.1518057722171198,0.11628506923135419,0.104660669587366,1.0,0.1252689135979076,-0.04957553991019714,0.24181572028664536,-0.2701252071099508,-0.17175661990760122,0.2235789391949237,0.3252973805973239,-0.02690582439218382,0.2819756975106919,0.11504320481153375,0.04937174061062207,0.46592882493353915,0.044547764758616666,0.07205776236617381,-0.36796408367146693,0.017286958319755144,-0.14636855827777737,0.017286958319755144,0.32473970005797287,0.19410381781018693,0.8000261664363117,0.318378185558759,-0.09154446738162031,0.3055179934654258,-0.2694137759355415,-0.07686163617608109,0.2693210269596837,0.26563867181191764,0.003917760395862027,0.2122547353003207,0.10620368663688907,0.024828114750040847,0.4900633298440305,-0.054670473657074344,0.06009301619275154,-0.3552602821277781,-0.2949627691249207,-0.031298579284828154,0.018239390660846042,0.21696106135972398,0.3028578621397116,0.9163071159754046,0.40367338200042596,-0.13252768096455145,0.328190961202935,-0.2080555814559821,0.024434848953077005,0.3280665766576084,0.2309861749954979,0.06864264137231692,0.44415743175087696,0.21499877472131843,0.06955764523033439,0.48420540677078594,0.03656096380808106,0.028415661761983672,-0.2892638412251288
-0.0371587296766032,-0.01965161475007157,-0.1442374277236353,-0.1692804771832543,0.1045705971731941,0.1252689135979076,1.0,0.6253200757508783,0.04750600763901307,-0.169086115618455,-0.0010070614931706398,0.48760800471827725,-0.19558894626703865,-0.3342033099113443,-0.5198098549945676,-0.16256657416871237,-0.25597839761088603,0.559581135779567,-0.22283469311126455,-0.4121956423520927,-0.16924473383521435,-0.05962215079281554,-0.04867755310199033,-0.05962215079281554,-0.15923214553768092,-0.25848524415309204,0.19862087413910004,0.8121975717516481,0.5407322764390137,-0.011840203303465387,-0.10055686047102332,-0.17531656470680887,0.47872675854136626,-0.11119512859752659,-0.2514288638335277,-0.523337162943474,-0.15785793968928327,-0.2562373058072135,0.5755834486507627,-0.041308780225486716,-0.377708093977455,-0.14060214201296792,-0.18896561320535407,-0.03574864375169785,0.05633635817928795,-0.22094579423034097,-0.0589024415146058,0.07404840788921375,0.8409012153188112,0.5289559629903314,-0.007214009210393934,-0.15588009987293533,-0.06821025711092958,0.3601196521804552,-0.13230948281399438,-0.21164384668280042,-0.41867986267993684,-0.21695913571295214,-0.23564668704505148,0.5659834367367805,-0.19475226565924758,-0.3987070031103842,-0.13669532562601877
0.15268824079360432,0.21803620704387114,0.09701557753634481,-0.18983922898448174,0.3721223843618856,-0.04957553991019714,0.6253200757508783,1.0,-0.17989769334979208,-0.10950824625308694,0.015115449938209914,0.18814950057221536,-0.35383767357211404,-0.3043849627116878,-0.530169877742409,-0.22740582037238816,-0.06927753881573194,0.23313335585610062,-0.13765856092863196,-0.194410216961974,-0.025416409968793408,0.11397487267390928,0.14601939941789055,0.11397487267390928,-0.2744816817173146,-0.011477163746832419,0.11507778561157073,0.34349710689611224,0.9418893222926205,-0.3579713572191647,-0.06194693895386927,-0.15761473463482822,0.18536208530148096,-0.29796750910939934,-0.24380243057882117,-0.5282136613010389,-0.20757378262041634,-0.10901801335523975,0.23042517163939527,0.023460087939749297,-0.12762637194684376,-0.004668015324355646,0.05372042363951867,0.08856160750349501,0.17516424126968008,-0.38488622015466534,0.1822461182257157,-0.039102681540761054,0.40320074101856335,0.8467172137063598,-0.2177389607014167,-0.04025199104511974,-0.0875783373194358,0.08718371901018887,-0.359009632837559,-0.2009215793875693,-0.447617884601544,-0.2503278955452597,-0.10842868661637228,0.2298563462722474,-0.3160082275960331,-0.1835558405131604,0.012555002430188355
-0.30467312910955535,-0.040178172643247814,0.1862836136427244,0.04359940688136664,-0.03735665754140956,0.24181572028664536,0.04750600763901307,-0.17989769334979208,1.0,-0.280358565580162,-0.06375751546279261,0.20001364450488213,-0.05348191019520451,0.5771301818397754,0.46151875566960376,-0.1618152021629897,0.001925882204517975,0.28200163896986286,0.20385316717898638,0.061655867657828385,0.025081030698083855,0.30424552749476363,-0.039002792957137405,0.30424552749476363,0.15814307783041398,0.15469186825783715,0.3985146737724555,0.24416271826891453,-0.23198094524484714,0.840284616997034,-0.2579501207481138,0.05836755620650981,0.2119177697911073,-0.17795405210827003,0.5567975195125329,0.4221441735433938,-0.23324371584563286,0.04522613578885689,0.2359604561694577,0.24856113853038264,0.08727734328024174,0.09404337661957622,-0.3087654163784852,0.011754612721699127,0.2790023708352915,0.16222159579062911,0.16005915185276196,0.23015022511031452,0.1664817920565926,-0.12497909985633365,0.9339245809573938,-0.280933435819536,0.08874264100247942,0.28232988150206606,0.17322242654209083,0.536215663512687,0.5179808797638316,-0.1676113756218143,0.03119373507259244,0.20491352846666858,0.3429218782121607,0.03398411500975497,0.14906398397143056
0.26460212610892203,0.00414773551855791,-0.36491024943222394,-0.45675278126662633,0.38376413071131,-0.2701252071099508,-0.169086115618455,-0.10950824625308694,-0.280358565580162,1.0,0.6482756042496999,-0.08135800375621886,0.2638269251570962,-0.3507156479770723,-0.1547920754953053,0.38590936517688307,0.021442788614779686,-0.3860333583709088,-0.1475095621030507,0.2974421710076139,0.2535230423325539,-0.40099435700892194,-0.01863786667677156,-0.40099435700892194,-0.5032354866203136,0.3591077510261268,-0.49351020162301895,-0.0974914678314224,-0.12064732622087228,-0.24846024978361383,0.9629309004061531,0.571821525809644,-0.18226805299076482,0.3752463235769891,-0.3955817367165926,-0.11203663048129166,0.410175042491271,0.03678399273694438,-0.4085905784613027,-0.26050809509744016,0.2616328934710351,0.19149094612816503,0.4948627426568892,0.004873412364982602,-0.45318224477250224,-0.44084563522540676,0.2969584239080498,-0.3089750120065963,-0.12646915209908238,-0.050134489932877585,-0.12104709305530732,0.9064721639555553,0.5637296193447554,-0.06368877552794311,0.24030441963724175,-0.38801529427924086,-0.1435136170985573,0.38448963191128055,0.0880218102174387,-0.3433708158398546,0.08191578669917024,0.3208856853196288,0.2503282349892029
0.3876375979482041,0.3753452467719742,-0.41587025278195466,-0.40773323135794004,0.4615987532199602,-0.17175661990760122,-0.0010070614931706398,0.015115449938209914,-0.06375751546279261,0.6482756042496999,1.0,0.1424989755940141,0.18912820073932865,-0.16067743057861616,-0.09151906429388441,0.2297535382905676,0.06175684236635183,-0.1614105432555183,0.11138847452191963,0.05338700687757672,0.5236318872537997,-0.3265225015665247,0.34006063793385516,-0.3265225015665247,-0.4014181321773212,0.48809708743252167,-0.2973390807262456,0.20645716296033845,0.016359164302471606,-0.07391735987192677,0.66264973783438,0.9485919693445299,0.10059544836013935,0.3664412168994663,-0.1590336204020348,-0.06342253680147976,0.22399651368213488,0.11481233199662091,-0.16747404431750126,0.11448202730735137,0.04990577698724857,0.5182539846380956,0.705252304622232,0.39326615480676486,-0.28158672799224177,-0.38539229928945473,0.36591847694916396,-0.2636307454538379,0.1453609127429715,0.10114203697390915,0.05606644456500286,0.5652329410085978,0.9270915332652406,0.1816791515288067,0.25339421553035957,-0.1756202235913968,-0.04594758203963417,0.18405184326422094,0.18704328993196798,-0.09815405412588628,0.23286414937201233,0.055520702630023566,0.5474296962697925
0.03407668531770568,-0.05525910465477483,-0.04825865676548285,-0.23006338233114737,-0.02845874738767747,0.2235789391949237,0.48760800471827725,0.18814950057221536,0.20001364450488213,-0.08135800375621886,0.1424989755940141,1.0,0.14750525923279653,-0.11191248592717402,-0.024704744887776495,0.02800852979935935,-0.21372824185073935,0.414771540458325,-0.14401655709631447,-0.345519983536739,-0.027318831359283504,-0.08100335420182761,-0.05133257156014393,-0.08100335420182761,-0.20497550948005788,-0.06646358012650899,0.2742394865845655,0.42313113778284306,0.1480932139967528,0.23866979938663196,0.007154587926866057,0.059802374912494474,0.955208995120496,0.14478934960292508,-0.04584363062024206,-0.005632167589834871,-0.014795577665516448,-0.18070239501862878,0.4127211059352329,-0.024395588383727747,-0.34465932096139984,-0.018641931767501896,-0.06841022134809627,0.029667915877104833,-0.014463805437836133,-0.2783403449552896,-0.028784753931196456,0.08376940564702391,0.507694063460809,0.1536761298228948,0.1875302151792224,-0.0804907073475213,0.14762675019793586,0.8142822118029551,0.24763451011408819,-0.044915851949144964,0.031838872203321864,-0.059910777591044975,-0.1367974417419038,0.4604289487481684,0.026812668782321837,-0.3791205207905723,-0.0013039853418331487
-0.008376314424076867,-0.020327755669584977,-0.36790379431980297,-0.12905023591723994,-0.06878980984151706,0.3252973805973239,-0.19558894626703865,-0.35383767357211404,-0.05348191019520451,0.2638269251570962,0.18912820073932865,0.14750525923279653,1.0,-0.02125728903987786,0.3907192285611802,0.47590951036214757,0.36584693478429053,0.21188248271628043,0.17379079217977236,0.33704225980521574,-0.041680884414453424,-0.3467964081933035,-0.008389553669506375,-0.3467964081933035,0.022046242169423566,0.06676033231124616,0.1513839183696044,0.05778296065922023,-0.2696292028148617,0.06457082552444135,0.3201894605638668,0.2423737054937606,0.203115435889024,0.9012329213099083,-0.03585559305643311,0.43009109032607923,0.48929910805991383,0.4049223350402209,0.2125877246832981,-0.03093810407758669,0.3099305625890445,-0.06120990677406133,0.19053806783610533,-0.05110429854405355,-0.42193596754577073,-8.748534315581597e-05,-0.016421251079473533,0.2611399131812077,0.10465977777815016,-0.24101803066585784,0.021658132159558037,0.19027050891905695,0.3158481838423581,0.2844350861918132,0.9268946033422631,0.00479624389619125,0.39134993084223185,0.5096662480377149,0.4074671329969446,0.23601461357785244,0.34441556260639655,0.28696191193619575,0.019356073589831713
-0.243784439114494,0.30146868262163584,0.4004370521195684,0.3206779955666881,-0.06900536006318288,-0.02690582439218382,-0.3342033099113443,-0.3043849627116878,0.5771301818397754,-0.3507156479770723,-0.16067743057861616,-0.11191248592717402,-0.02125728903987786,1.0,0.6473204801895197,-0.1925636964081068,0.2769041470782317,-0.030601091920407275,0.4090479022157028,0.01824970783720738,0.15454317921949245,0.600291702837989,0.3339502659408465,0.600291702837989,0.4375236947296029,0.17076812850659806,0.059081000466037197,-0.10307792575820386,-0.2200950306641839,0.6198098382754182,-0.33230566985633536,-0.030911593393567274,-0.03858688443765658,-0.04573670851498974,0.9756724267358136,0.6239707894791133,-0.22559713874033324,0.3032531136870818,-0.07650745608112644,0.44428905428074983,0.020357862699865562,0.19161008723115197,-0.1792377088915138,0.1964633085973911,0.533950744258472,0.45099426884665683,0.14312621309571327,-0.025852298460003035,-0.15326619564561267,-0.12639214428138745,0.6075553855722522,-0.26307097832019444,-0.052020368484330885,0.0943856655708719,0.11690115661498744,0.933194671233517,0.6080809654054021,-0.15012972779006337,0.27533926892682165,-0.10717390581134145,0.4144796875688107,0.030255722905632675,0.22811118832038946
-0.4153947406540868,0.026555823293980957,-0.0644767071074469,0.22022111218720733,0.005535555912341541,0.2819756975106919,-0.5198098549945676,-0.530169877742409,0.46151875566960376,-0.1547920754953053,-0.09151906429388441,-0.024704744887776495,0.3907192285611802,0.6473204801895197,1.0,0.1415478354270773,0.4091145624577549,0.0708870186114514,0.36024145025656484,0.20262842130712957,-0.04594566224168354,0.08640556014107763,0.021134474703938196,0.08640556014107763,0.3969329349094566,0.3827387041238005,0.2745195983151288,-0.1717818286677291,-0.4771392121589976,0.48220174885286304,-0.14529275809665868,0.08095762339216703,0.018721930747418916,0.23240402268820398,0.585558453218498,0.9910090046760459,0.11527255445913145,0.43655152670664005,0.010834259675262805,0.2391970872493338,0.16313776268040042,-0.020447200479340476,-0.16793385492098017,0.015470670252678264,0.006095080314771301,0.4162665388853212,0.2796888147540325,0.23892985424176402,-0.21703465172353315,-0.45605588605745295,0.5365026538078479,-0.17138572057919937,0.08343298404765591,0.1221813401608903,0.43071681049257926,0.5648541506512237,0.9230108137094023,0.19689953664595275,0.3694279385723854,0.005886797896418744,0.4466734268317222,0.12487745633421628,0.026639003980645958
0.1375143068423939,0.04740266406104031,-0.4782004742002548,-0.18885945857018305,0.1053705766252659,0.11504320481153375,-0.16256657416871237,-0.22740582037238816,-0.1618152021629897,0.38590936517688307,0.2297535382905676,0.02800852979935935,0.47590951036214757,-0.1925636964081068,0.1415478354270773,1.0,0.38178926735237595,0.01610492357737438,-0.0609342646358229,0.4945944963105964,-0.20367437367569197,-0.507522119954909,-0.00260085815457906,-0.507522119954909,-0.14401631277908605,0.19430215242727708,0.11675835701000774,0.03506515680778454,-0.20279710174598686,-0.03002767873191954,0.4445803058124164,0.24346669946418464,0.02204920599091196,0.48940955565921945,-0.17961078367634573,0.16231209167473545,0.9800309788825647,0.37982261131337164,0.011278376841309733,-0.2655178283985625,0.36994434610335286,-0.20305146877482058,0.31735553546095696,0.04605016187259817,-0.7248552447598638,-0.08025801104670291,0.08219793258238994,0.04600353592651404,0.044253252302393416,-0.17485591729911146,-0.02911116196960309,0.25565420135470907,0.28662255044463036,0.10009727039934885,0.43047505802223585,-0.18573290363998313,0.17433284529418167,0.9273215862698991,0.44885332808494033,0.06096592694930448,-0.001745437551446022,0.3681400709329278,-0.14553782814889987
-0.10809691410913293,0.06883889096736079,-0.16225955118803287,-0.01529669825705408,0.028798518592385206,0.04937174061062207,-0.25597839761088603,-0.06927753881573194,0.001925882204517975,0.021442788614779686,0.06175684236635183,-0.21372824185073935,0.36584693478429053,0.2769041470782317,0.4091145624577549,0.38178926735237595,1.0,0.20756540109065763,0.3938664468153486,0.42415947256915487,0.1598074628568414,-0.10260376475032867,-0.0010146280575971031,-0.10260376475032867,0.08457720574700585,0.21849387537811402,0.19192579835567328,-0.03207969751027874,-0.05083539991512942,-0.04038166452047167,0.01695989570108627,0.11760069468012566,-0.16947612868789225,0.32409852417929014,0.21876483747757172,0.42407953174531166,0.34057330693646354,0.9802261906874885,0.14041323870104225,0.2938857030515824,0.40781159121285715,0.19516150378334757,-0.032335115555366445,-0.11585891861194234,-0.28049757948025106,0.12215190233866809,0.1305303497228914,0.116815148785122,-0.04670917595675156,-0.03566499463822423,0.10762448050219342,-0.03888690644564338,0.211392859493898,-0.044048279883233135,0.3066651694910103,0.22187939487806535,0.394558016353306,0.36588034266692404,0.9484089131405,0.13379313398406723,0.3473671572552597,0.3805536783897607,0.2444275987495322
-0.35074937957054375,-0.011632872766609004,-0.3417881567106232,-0.11542202830447035,-0.014391959974825128,0.46592882493353915,0.559581135779567,0.23313335585610062,0.28200163896986286,-0.3860333583709088,-0.1614105432555183,0.414771540458325,0.21188248271628043,-0.030601091920407275,0.0708870186114514,0.01610492357737438,0.20756540109065763,1.0,0.16661510020106066,-0.08295796826638213,-0.10769457505648185,-0.13140226629089966,-0.05577757391754477,-0.13140226629089966,0.03187611181640644,0.03576924215905718,0.6480233924635903,0.6468833087315207,0.23355678406035102,0.31953481572589604,-0.25280797971050534,-0.14936639112312083,0.49628004529755054,0.1886790985049321,0.03410548759280291,0.061928884643937025,-0.00511615569548833,0.2232961388370631,0.9874548188885554,0.2859938345434448,-0.07197102252424045,-0.06714285414474602,-0.32134528458932865,0.02963634561938057,-0.13761095970964013,-0.04430234050925825,0.09364901798579593,0.4784381897704825,0.7160776407589624,0.25829067659060223,0.2852440908014437,-0.36579922113757435,0.0027611163213139833,0.5486334335064758,0.24218550720136936,0.06738143803710309,0.14267295164448532,0.030020474726102246,0.21452259610305977,0.9668246206928555,0.20351786427480625,-0.14517144763911863,-0.02108316023476432
-0.34047733267770874,0.08772821517349853,-0.06605647061859043,-0.18482432370616836,0.14329092474395316,0.044547764758616666,-0.22283469311126455,-0.13765856092863196,0.20385316717898638,-0.1475095621030507,0.11138847452191963,-0.14401655709631447,0.17379079217977236,0.4090479022157028,0.36024145025656484,-0.0609342646358229,0.3938664468153486,0.16661510020106066,1.0,0.3210987988803025,0.4444165154992686,0.15561502370442776,0.01622140640394388,0.15561502370442776,-0.04802299803299805,0.32985194418717406,0.17399959688052824,-0.01954630263061158,-0.14428099233636324,0.27532951118203935,-0.10010113986873133,0.10859384696245904,-0.02744119010086056,0.13869426066138243,0.38393203528880065,0.34717343516573773,-0.08790016766067946,0.424483482734174,0.12717530752739875,0.8973703747883547,0.36676735749781353,0.4869470086606874,-0.1414112705828746,-0.0027628270598244915,0.12797172347691052,-0.05009302105178571,0.29503930320008226,0.11310187439457227,-0.09495913804907219,-0.10290110431642467,0.2756080777142793,-0.14859550174765546,0.22939113837822725,0.050427524889728195,0.21640146393134,0.3735544284640844,0.36445684677159035,0.03914332924108946,0.3924584463635103,0.09497938133500636,0.8286301496421612,0.3636465689579242,0.4540228464210875
-0.1764289018436226,-0.21926257730069293,-0.2112662017711781,-0.3585337404028187,0.0791236484352082,0.07205776236617381,-0.4121956423520927,-0.194410216961974,0.061655867657828385,0.2974421710076139,0.05338700687757672,-0.345519983536739,0.33704225980521574,0.01824970783720738,0.20262842130712957,0.4945944963105964,0.42415947256915487,-0.08295796826638213,0.3210987988803025,1.0,0.20874644127909447,-0.017612874302055378,-0.13803228361470285,-0.017612874302055378,-0.16513458673912518,0.30787374214469615,0.12339331544976133,-0.13602724452349463,-0.1468860511818118,0.17465602373175287,0.3443038775041882,0.11836468520335687,-0.2586419290979524,0.3040457561085718,-0.028145574158529852,0.21597272786975594,0.4664410952586267,0.38751281378333635,-0.1044418404143986,0.051968350693264456,0.9775061053934085,0.17741584642697403,0.07800858432043636,-0.14465803699224117,-0.3043634864321366,-0.2271877369352136,0.1692165811440797,0.17168358108588078,-0.21062202059860122,-0.12226266190864464,0.1706335925249041,0.2455765321694529,0.22293344652935135,-0.1378308920537627,0.31350023686736433,-0.008042188700739408,0.227331636881324,0.5576259947965828,0.43733717326744304,-0.13439170104239406,0.30147521269236577,0.9622338159707955,0.19148247291318726
0.16515808550543157,0.21678679978673376,-0.0904620232498411,-0.16174419371354415,0.06374487246574344,-0.36796408367146693,-0.16924473383521435,-0.025416409968793408,0.025081030698083855,0.2535230423325539,0.5236318872537997,-0.027318831359283504,-0.041680884414453424,0.15454317921949245,-0.04594566224168354,-0.20367437367569197,0.1598074628568414,-0.10769457505648185,0.4444165154992686,0.20874644127909447,1.0,0.12231212286492334,0.2839840943740623,0.12231212286492334,-0.10990770861467773,0.2517498583036495,-0.21429859079885968,-0.038729760378261154,0.04723226268312335,0.11808982032721022,0.30499831247344145,0.4541270117626124,0.059279546354588174,0.0430231190875471,0.17001661091010886,-0.014120662157090576,-0.22027655749968206,0.2050238315595842,-0.12153304574885938,0.40652976427842485,0.2668123976210039,0.9817359913453765,0.3408539369029696,0.36558088894636565,0.10085951622775773,-0.15672059013257245,0.11187290815437416,-0.22516181999212329,-0.10459763450613514,0.16547387542643754,0.09626029396476461,0.3167181066648867,0.5421826270083707,0.14907412955243762,0.08991841124235511,0.1694410416146887,-0.06638391464802502,-0.1524014237573321,0.22901995244299145,-0.08088673183208663,0.4608347713696111,0.2492887706191895,0.952761916553202
-0.1373968930125753,0.1093037150700682,0.7152223875497519,0.27373582331117985,-0.1500890274650467,0.017286958319755144,-0.05962215079281554,0.11397487267390928,0.30424552749476363,-0.40099435700892194,-0.3265225015665247,-0.08100335420182761,-0.3467964081933035,0.600291702837989,0.08640556014107763,-0.507522119954909,-0.10260376475032867,-0.13140226629089966,0.15561502370442776,-0.017612874302055378,0.12231212286492334,1.0,0.258996514203922,1.0,0.36327737075220784,-0.010067762610447676,0.031605361468678324,-0.053245590805335447,0.18947425016124314,0.361887605325659,-0.3846072126339102,-0.26948091616298653,0.015738076865360363,-0.2684050954583691,0.6233196899086842,0.05594623835994761,-0.5114720369917028,-0.09655323009946473,-0.13182033846242835,0.2195402228598143,0.02780905446309557,0.12928488349313141,-0.16842778284338736,0.11184072828944566,0.9088436663631076,0.2568420552866849,-0.013052509175914188,0.00783433576001778,-0.07559532471008715,0.15611416238606574,0.2872851361589288,-0.2571322983014434,-0.2917018312392282,-0.0004943667997567307,-0.3190101307005531,0.612244355401388,0.0771897714012006,-0.4146930361761902,-0.11841073459732324,-0.1930705690063953,0.04784257638721726,0.054451071630725434,0.10478596819346815
0.4166703333208758,0.9380990368394438,0.033768190081428465,0.335109685587028,0.24471275082560126,-0.14636855827777737,-0.04867755310199033,0.14601939941789055,-0.039002792957137405,-0.01863786667677156,0.34006063793385516,-0.05133257156014393,-0.008389553669506375,0.3339502659408465,0.021134474703938196,-0.00260085815457906,-0.0010146280575971031,-0.05577757391754477,0.01622140640394388,-0.13803228361470285,0.2839840943740623,0.258996514203922,1.0,0.258996514203922,0.36431946768938606,0.1665211648653138,-0.20424581982827103,0.039099208351492255,0.33994979966967964,0.04293177618627752,0.05957311139287246,0.3605312230876799,0.035792064902813135,0.19472040571784163,0.40086124580026744,0.016996629476427574,0.028872019660937245,0.03334624377550661,-0.026965627616930395,0.1287299895511967,-0.11811526644929461,0.3014146449252841,0.580682336578545,0.8570620178449342,0.23843494771132648,0.25921654033845254,0.1814406727410303,-0.25392933574730886,0.07601286222260317,0.35718939863512034,0.05282835463526918,0.16406787903110892,0.3262287720942664,0.20776967565022073,0.03303948679062315,0.41535905120347266,0.05850660143618675,0.033708014956071015,0.0783351051745243,-0.0012640026941460522,-0.12346841144183933,-0.14687311811136244,0.33930896386064013
-0.1373968930125753,0.1093037150700682,0.7152223875497519,0.27373582331117985,-0.1500890274650467,0.017286958319755144,-0.05962215079281554,0.11397487267390928,0.30424552749476363,-0.40099435700892194,-0.3265225015665247,-0.08100335420182761,-0.3467964081933035,0.600291702837989,0.08640556014107763,-0.507522119954909,-0.10260376475032867,-0.13140226629089966,0.15561502370442776,-0.017612874302055378,0.12231212286492334,1.0,0.258996514203922,1.0,0.36327737075220784,-0.010067762610447676,0.031605361468678324,-0.053245590805335447,0.18947425016124314,0.361887605325659,-0.3846072126339102,-0.26948091616298653,0.015738076865360363,-0.2684050954583691,0.6233196899086842,0.05594623835994761,-0.5114720369917028,-0.09655323009946473,-0.13182033846242835,0.2195402228598143,0.02780905446309557,0.12928488349313141,-0.16842778284338736,0.11184072828944566,0.9088436663631076,0.2568420552866849,-0.013052509175914188,0.00783433576001778,-0.07559532471008715,0.15611416238606574,0.2872851361589288,-0.2571322983014434,-0.2917018312392282,-0.0004943667997567307,-0.3190101307005531,0.612244355401388,0.0771897714012006,-0.4146930361761902,-0.11841073459732324,-0.1930705690063953,0.04784257638721726,0.054451071630725434,0.10478596819346815
-0.06703190726266281,0.23802415468787483,0.25830929134766084,0.8873372618982003,-0.2898768165247203,0.32473970005797287,-0.15923214553768092,-0.2744816817173146,0.15814307783041398,-0.5032354866203136,-0.4014181321773212,-0.20497550948005788,0.022046242169423566,0.4375236947296029,0.3969329349094566,-0.14401631277908605,0.08457720574700585,0.03187611181640644,-0.04802299803299805,-0.16513458673912518,-0.10990770861467773,0.36327737075220784,0.36431946768938606,0.36327737075220784,1.0,-0.22464870368276516,0.2717840519384946,-0.09971093149435208,-0.1264075269382984,0.22424538678582268,-0.5169071614158567,-0.31476700606626973,-0.08288050464627161,0.008564791483463775,0.48412398131956924,0.3591413876796946,-0.09583480599176178,0.09812349342703146,0.07238137038693347,-0.09999593385056774,-0.16053116983827279,-0.07484507588752812,-0.11982533444459514,0.30538641111917997,0.36472730378409446,0.9405761714253877,-0.13717519211524412,0.34284583184924733,-0.05044761177297201,-0.1304873008827154,0.19389070941457043,-0.318175488779611,-0.2772365919555755,0.025736187106518288,0.0041177587081190695,0.5307128234051102,0.3815800036170136,-0.013398725817308981,0.06421540214506183,0.06698973393068898,-0.13874062560372774,-0.17895858925764524,-0.06040334658907994
-0.3243631002624948,0.25789256790846465,-0.3915779884442868,-0.4097612168640644,0.7246064288925999,0.19410381781018693,-0.25848524415309204,-0.011477163746832419,0.15469186825783715,0.3591077510261268,0.48809708743252167,-0.06646358012650899,0.06676033231124616,0.17076812850659806,0.3827387041238005,0.19430215242727708,0.21849387537811402,0.03576924215905718,0.32985194418717406,0.30787374214469615,0.2517498583036495,-0.010067762610447676,0.1665211648653138,-0.010067762610447676,-0.22464870368276516,1.0,0.14894205504795313,0.11660562189156305,-0.053621255324762175,0.18195415791296474,0.3880750648957676,0.5479627918543264,-0.09487924090460131,0.15250323104155708,0.13782678060291756,0.3687018179667507,0.1697893316144307,0.23801032066911787,-0.024998888442567015,0.25539631599823015,0.255363941481273,0.26302298149775377,0.22670094820233364,0.21112078865513023,-0.09622063158497683,-0.22510793616473115,0.8634435444595985,0.0959756961977596,0.06347233648119378,0.01974528215416511,0.35543963250691096,0.33700663643076745,0.5569387728924461,0.07464377963289132,0.08326980762053245,0.1177761321306416,0.4345331621489981,0.2600941630941314,0.2627206274401986,-0.011670032127632195,0.3672226892594171,0.25746490939357525,0.3115226892079263
-0.3695155910459919,-0.17816430474183156,-0.10110327679373793,0.1067098657245333,0.05748389576543967,0.8000261664363117,0.19862087413910004,0.11507778561157073,0.3985146737724555,-0.49351020162301895,-0.2973390807262456,0.2742394865845655,0.1513839183696044,0.059081000466037197,0.2745195983151288,0.11675835701000774,0.19192579835567328,0.6480233924635903,0.17399959688052824,0.12339331544976133,-0.21429859079885968,0.031605361468678324,-0.20424581982827103,0.031605361468678324,0.2717840519384946,0.14894205504795313,1.0,0.327338082391046,0.07612522007613011,0.38242620435785146,-0.42701943871290987,-0.23811728932706402,0.3608896769386895,0.03858310179771553,0.11887422274927392,0.22281676686291832,0.09439114980243024,0.1937118470488002,0.6638465423388796,0.09757143300721449,0.11606116050774438,-0.15921218120008512,-0.3408511201346515,-0.02429773850981175,-0.000810627732197972,0.19400067082780342,0.26208290947763635,0.8387644729782368,0.4150363850517792,0.08785522652262899,0.42667493200265555,-0.44793104478031687,-0.0699318934961555,0.40304292029811023,0.16442492353147134,0.14413825580607953,0.38722688656089455,0.18680229765152476,0.22469515403078566,0.6714306131410047,0.14233983024777716,0.028639646998483887,-0.09525922213126357
-0.3003437057700121,0.05741061657683363,-0.43916522084780085,-0.28387510284325734,0.2305173761439902,0.318378185558759,0.8121975717516481,0.34349710689611224,0.24416271826891453,-0.0974914678314224,0.20645716296033845,0.42313113778284306,0.05778296065922023,-0.10307792575820386,-0.1717818286677291,0.03506515680778454,-0.03207969751027874,0.6468833087315207,-0.01954630263061158,-0.13602724452349463,-0.038729760378261154,-0.053245590805335447,0.039099208351492255,-0.053245590805335447,-0.09971093149435208,0.11660562189156305,0.327338082391046,1.0,0.2667806439486879,0.2761947434115936,-0.015066949838074778,0.1338760878399206,0.4470802258546205,0.1437977901164963,-0.05787603985176715,-0.17814029335255183,0.0017262129591489918,-0.025045047497422094,0.6360070892873417,0.05076207423203023,-0.1452600702042668,-0.010656356554156391,-0.1279147335665889,0.04963794845851255,-0.03350823909661049,-0.18822533240119305,0.1671313514325991,0.20776950617495527,0.9532095892537481,0.2993345099123019,0.2547569625963116,-0.11743234120439625,0.24407985615215907,0.3917965340002291,0.14230223485395527,-0.04525978948194569,-0.08927919079270434,-0.017343764526038963,0.004651163284700671,0.6092129274652966,0.040947851648559366,-0.1810925615612605,0.0034760938843357327
0.2822874273802618,0.33775181606686705,0.14147724623224234,-0.06530821205401742,0.2844342805095038,-0.09154446738162031,0.5407322764390137,0.9418893222926205,-0.23198094524484714,-0.12064732622087228,0.016359164302471606,0.1480932139967528,-0.2696292028148617,-0.2200950306641839,-0.4771392121589976,-0.20279710174598686,-0.05083539991512942,0.23355678406035102,-0.14428099233636324,-0.1468860511818118,0.04723226268312335,0.18947425016124314,0.33994979966967964,0.18947425016124314,-0.1264075269382984,-0.053621255324762175,0.07612522007613011,0.2667806439486879,1.0,-0.32034479871829835,-0.029724594789947927,-0.1408038837778639,0.2041928931958677,-0.15041425601065025,-0.12705353773566105,-0.46040352397009904,-0.14929945300308636,-0.06482176258946136,0.2559644123182754,0.016998142049380053,-0.06925003548821985,0.05549702091211471,0.2086600306546697,0.27115484470431916,0.22789902958757552,-0.27744126786585227,0.13005549590920382,-0.04466928870036006,0.36343211324794084,0.9200790198308637,-0.23217126116538417,-0.01604558212043734,-0.05981552158968735,0.17788635674327452,-0.2775383048789952,-0.0653452417452407,-0.41938282017987066,-0.17958811794536816,-0.051639745535339426,0.26760977717934914,-0.2897278158581026,-0.1254891277307583,0.08368420360100538
-0.3519742562443624,-0.02609068886340614,0.11135989085624563,0.00974829742683699,-0.17464690802267094,0.3055179934654258,-0.011840203303465387,-0.3579713572191647,0.840284616997034,-0.24846024978361383,-0.07391735987192677,0.23866979938663196,0.06457082552444135,0.6198098382754182,0.48220174885286304,-0.03002767873191954,-0.04038166452047167,0.31953481572589604,0.27532951118203935,0.17465602373175287,0.11808982032721022,0.361887605325659,0.04293177618627752,0.361887605325659,0.22424538678582268,0.18195415791296474,0.38242620435785146,0.2761947434115936,-0.32034479871829835,1.0,-0.17785091446244147,0.049021129992972236,0.31678761701393077,0.03155984221189517,0.6528229036396344,0.44959132210330355,-0.07405913008626032,0.010646890971788016,0.3038019740354899,0.25926231141584716,0.17883245622790744,0.14612657344096408,-0.2610964446807437,0.16430481497211,0.3052196346352948,0.1724325578606094,0.10790487313562855,0.2953213977886703,0.24418291288780433,-0.16320064268211132,0.8679490919964786,-0.17989813666313584,0.12685233795077275,0.46202762238124534,0.2978941511967071,0.6549377760264077,0.5711993418975637,0.0475583643728933,0.042220749978717644,0.2835443776729895,0.43458040930606046,0.17066557313883124,0.17572182050505938
0.2750640709809386,0.053916328141661064,-0.41270938445254596,-0.5027513048625616,0.3905647663377139,-0.2694137759355415,-0.10055686047102332,-0.06194693895386927,-0.2579501207481138,0.9629309004061531,0.66264973783438,0.007154587926866057,0.3201894605638668,-0.33230566985633536,-0.14529275809665868,0.4445803058124164,0.01695989570108627,-0.25280797971050534,-0.10010113986873133,0.3443038775041882,0.30499831247344145,-0.3846072126339102,0.05957311139287246,-0.3846072126339102,-0.5169071614158567,0.3880750648957676,-0.42701943871290987,-0.015066949838074778,-0.029724594789947927,-0.17785091446244147,1.0,0.5747305387529292,-0.06182196318555692,0.45484898655006484,-0.3438543207271183,-0.09656027063753765,0.46866191380401767,0.05029962021514019,-0.26996617681247054,-0.1919323999439553,0.3034301903220521,0.2501124980524648,0.543210013586493,0.10249805278180342,-0.470542299482074,-0.4733204498023626,0.31914608606499095,-0.2970038972855711,-0.03555615711101836,0.05521151126699659,-0.08068279235791448,0.8608553500709379,0.5923430975187963,0.07618157120011915,0.31809845414912463,-0.33183694150611215,-0.12984569499962273,0.4439679546407303,0.11911995089116245,-0.19898954864089013,0.15117633410759676,0.34556262640080404,0.318842899287539
