Fp1,Fz,F3,F7,FT9,FC5,FC1,C3,T7,TP9,CP5,CP1,Pz,P3,P7,O1,Oz,P8,TP10,CP6,CP2,C4,T8,FT10,FC6,FC2,F4,F8,Fp2,AF7,AF3,AFz,F1,F5,FT7,FC3,FCz,C1,C5,TP7,CP3,P1,P5,PO7,PO3,POz,PO4,PO8,P6,P2,CPz,CP4,TP8,FC4,FT8,F6,F2,AF4,AF8,O2,P4,C6,C2
1.0,0.39081397728278505,-0.5399265599907137,0.5033270390098473,-0.42425764911410563,0.2889281196401087,0.703306654627306,-0.009777949567490259,0.1527367820177862,-0.0064678367089122,0.04373769853212916,0.3022506597239751,0.3613381528846218,0.5236349494313453,0.35443018769844675,0.2220490294601266,-0.04033801047712559,-0.49154774581760624,-0.24782417927253725,0.6963344315928175,0.060977835307691707,-0.5802449333674488,0.25100675891392576,-0.5802449333674488,0.4944102307251778,-0.44723556459688474,0.05797595496455539,0.5297455321542048,-0.24137459462490607,0.07547234997447823,-0.3198731043130513,0.19688711752234894,0.03657914250998273,0.23394911814046537,0.49086387219485667,0.3682551323062535,0.5401911675797288,-0.018385968851226533,-0.4972953001921499,-0.4564032825516529,0.6553315893222381,0.05957431455903149,0.847629846006525,0.3353597921451552,-0.5314410823917256,0.498562386546462,-0.4756187235988626,0.10911330522733215,0.6972735706652389,-0.20264149812733073,0.21544246138523052,-0.329568032490912,-0.1099065386993859,0.1836875955709767,0.39185107422712817,0.18960662567619377,0.5034759772215573,0.657204947699591,-0.04616406916786771,-0.35524245623111833,-0.4259699689626985,0.3484388851858659,-0.009125286848339777
0.39081397728278505,1.0,0.2813082851503257,0.5474651770723689,0.05393132377606268,0.20661448501963897,0.4834891723556962,0.010153154139870087,0.6048648267518637,0.4363204325714326,0.11533325635879275,0.8823941075863608,0.05687273648165627,0.5372203262947929,0.21225631318148838,0.364540989476331,0.21743971910525314,0.20775631749655074,-0.17988432646072375,0.2892426480326858,0.4850382376717726,0.14825843404782352,0.6776888889449607,0.14825843404782352,0.4639557940651074,-0.17929237560143305,-0.2646198003332988,0.22458672308801844,-0.26043713616536374,0.4506793539200294,0.05522007017776746,-0.06242250424704128,0.6134607899898068,-0.21059039866278914,0.44637532016854703,0.06671594615081165,0.1918440148870476,0.12568073678829736,0.1842568962225772,-0.32690023227718895,0.2775878951607377,0.3165560834748543,0.13516069852356907,0.6985470002472186,0.27766328074047986,0.5308652142282042,-0.090112048922038,-0.20065317254559384,0.37896128714932975,-0.21585793794725855,0.6122579750780514,0.050338453398794475,0.07061940623044287,0.526206540152444,0.10609881448054657,0.23731815264047817,0.3270505776847866,0.4168488494695742,0.1469189845620446,0.26194824381580184,-0.008821684864990175,0.07576873022188921,0.3579219355074884
-0.5399265599907137,0.2813082851503257,1.0,-0.28241934438526556,0.5767799634057179,-0.24464731937073678,-0.4802261515433577,-0.01676619497876045,0.23485059049754914,0.3781080782199202,0.14548123452439138,0.46216887167087417,-0.43957659876187516,-0.11644733148117965,-0.36223955452181145,-0.07650396222072704,0.3710466098973401,0.6280621136452571,0.38223472880721693,-0.6194092377364359,0.44009337381852515,0.8985923037654286,0.20497801943053381,0.8985923037654286,-0.28138159999297213,0.37019430466789244,-0.4681006384937331,-0.5571413817159115,0.0008519691667701567,0.17645643465842573,0.23900996565278257,-0.14312410275108342,0.3986876870205416,-0.45648698266657506,-0.1918090233160921,-0.44812809582113006,-0.32681215121337404,0.28450636867536416,0.6390739566006782,0.42819741940097716,-0.604492959452306,0.35980795574920055,-0.6806454224644573,0.1670936926789685,0.780882513023142,-0.14515325108265711,0.4526243081318407,-0.4372154521690437,-0.5945293787285296,0.06579964600914197,0.17944324195447148,0.35620272649296236,0.16827527380005447,0.29757759517346843,-0.5013291742385747,0.03004381636422184,-0.3691175984144633,-0.35166196908712277,0.24695267348574765,0.6143138770338339,0.5143109882251314,-0.3104500148089997,0.41981584139968886
0.5033270390098473,0.5474651770723689,-0.28241934438526556,1.0,-0.19197897392569416,0.37763057322610566,0.6921526021610629,0.15035811970369262,0.32184347851936695,0.18169428853628067,0.08985473995199636,0.4365927191860832,0.325625722264209,0.41199735051050895,0.3833742247724164,0.4604871676534199,-0.3191658058110993,0.0353819931362854,-0.2982354539901741,0.4960219560893124,0.0012255400813325854,-0.3309547751551994,0.2887473125884475,-0.3309547751551994,0.8570324830125193,-0.21618272388966894,0.16294688796877388,0.5902231658484263,-0.03627172957029008,0.16676035097140457,0.012195683324844294,0.12573899045967124,0.3572264206047404,0.1453890140521668,0.3865534767817811,0.297498463468603,0.4123179347084513,-0.33091101575673276,0.03348473496513093,-0.29602268897896605,0.4971713287920411,-0.08610225135061228,0.43920708645500406,0.33217334398808607,-0.01689770417086108,0.7341884544607671,-0.1859013617008484,0.1865179357799126,0.656397524479571,-0.052442612283284847,0.3071487301324714,-0.06032090132821054,0.07816691242106322,0.15435915636986092,0.30372016819551445,0.07134972530805833,0.39122319963696284,0.5251020571178937,-0.27506067163261044,0.06440208157143373,-0.24306731363964257,0.24836078189781485,-0.09554787499597715
-0.42425764911410563,0.05393132377606268,0.5767799634057179,-0.19197897392569416,1.0,0.4253762343282252,-0.2728891165359153,0.5884159609345911,-0.19459867713703738,0.6370863220810514,0.489547247922028,0.272573404517039,0.14369513710261533,-0.22078868327027237,-0.08461123011791358,-0.2213012155116073,0.396061578784228,0.3850570029787925,0.40837445758833557,-0.3827219096408359,0.08948801433183255,0.3936227081726137,-0.35153325680599906,0.3936227081726137,-0.3662229727738543,0.8344080167567703,0.28795379271488913,-0.300735529673642,0.5894056985457156,-0.2492558438269131,0.49756753434599027,0.16962638222642817,0.09529457701125103,0.0802951285949446,-0.3860417760816894,-0.25972978740464914,-0.45806064157693344,0.2697241622302403,0.47670724679980087,0.46046866646619183,-0.26902372006791025,0.07907774505821646,-0.6052459423360499,-0.35071494564789574,0.3577616776048017,-0.38381433393449127,0.885736021960971,0.30946004462948246,-0.453097052196373,0.612020703515662,-0.19556962970064293,0.5927814116285778,0.552088683961617,-0.09830334369426269,0.011620324364889658,-0.19580876830242386,-0.11854287147777527,-0.266971111395889,0.26796020906900203,0.5889707363785435,0.6697222268236313,0.21228115746684534,0.10571061278925745
0.2889281196401087,0.20661448501963897,-0.24464731937073678,0.37763057322610566,0.4253762343282252,1.0,0.4427712309405667,0.886194829806459,-0.26494070378849555,0.6116292079243517,0.4349572870045196,0.29175455702584896,0.6501320783035053,0.04813123904599476,0.28134556205633726,0.12946295268361194,0.07756097459106816,0.02231504683451041,-0.03632134407421491,0.3288873886411006,-0.22986220551504308,-0.43679987618834454,-0.3952717338687569,-0.43679987618834454,0.09254322045819205,0.39377764895912803,0.7236392849596477,0.40743310482419753,0.6282374763213977,-0.36370213999547985,0.4063061030001616,0.37408822363151045,0.01939975469049254,0.45549317912704446,-0.10371431299055166,0.08189544785564731,0.03510509918909033,-0.050396907321021846,0.06657406554875385,-0.07842927590221606,0.40028009962125666,-0.2701093950075096,0.1096717034076731,-0.3721768696363581,-0.17268291447500544,-0.11248055199255777,0.35643458639982356,0.7781243132655739,0.328019157014981,0.6236987189053554,-0.1828922952777315,0.3181514817909999,0.41503123822496024,-0.22821936608100407,0.4877707593373123,-0.19520654089529846,0.20566757571283842,0.23414760620043132,-0.0022295798972833737,0.2407868532984358,0.1394506002934165,0.4822719643518034,-0.1772747698519861
0.703306654627306,0.4834891723556962,-0.4802261515433577,0.6921526021610629,-0.2728891165359153,0.4427712309405667,1.0,0.13464013461675736,0.39978178523686775,0.04799060014834747,0.2956391108796099,0.40937734877062654,0.5445608718973524,0.34897056782134933,0.4573130506155353,0.5357353207010203,-0.17057063554460736,-0.13907723503905997,-0.3808574859046245,0.6393922633616589,0.05012469662341831,-0.5525035102161054,0.2376224877457433,-0.5525035102161054,0.5926785236110496,-0.2527051677127342,0.17293495768022368,0.831957638608771,-0.09936639246157457,0.3199639315857116,-0.2043141059941656,0.33341738004905425,0.23732102216629075,0.3566135497964054,0.2779941278972207,0.35274263604146733,0.48610432329141523,-0.16273916193785476,-0.17383164338389934,-0.49233119581714163,0.6304430354477465,0.0220125004703135,0.6433927689839991,0.3046014274605076,-0.25405438332209684,0.5301028659593269,-0.35113813493572354,0.17823477462112083,0.8634592359570467,-0.08908329177563956,0.394602077517095,-0.29176351258576805,0.1461760319554699,0.22104434133324186,0.551564706371006,-0.016221272425857112,0.46666418078964145,0.5805480374235663,-0.1542073835670766,-0.12148667434918971,-0.4233813079484963,0.19485495854431778,-0.048619550643226254
-0.009777949567490259,0.010153154139870087,-0.01676619497876045,0.15035811970369262,0.5884159609345911,0.886194829806459,0.13464013461675736,1.0,-0.4253801959697829,0.5263746783851442,0.5295896797809961,0.15431951794763166,0.5391801956870015,-0.18488244790557914,-0.08289211423046722,0.09279643016439461,0.08677825082335947,0.25459391372285717,0.20225835138395526,0.11483624162258661,-0.23416981981443818,-0.21516309085734509,-0.5859729954595205,-0.21516309085734509,-0.11132893963735097,0.5788360625487836,0.653075700456317,0.1476475562758529,0.7932991482663874,-0.5443754540453841,0.3776205000734103,0.4639117804003636,-0.042456859541583965,0.4076037262264744,-0.3258302225693653,-0.2587242928092388,-0.04749103343919081,-0.05202994675829204,0.29112357067019673,0.16072094903170633,0.18157528202654039,-0.25954547082028523,-0.12226048224074593,-0.5948373387117125,0.018727217205831124,-0.32038399178149385,0.5825389796385876,0.670709145414386,0.10248825839027703,0.8256000289153764,-0.32169677359493476,0.29631860378709896,0.5412612797295481,-0.43235429019049887,0.33818766243165455,-0.28844566753838097,-0.12662873495842528,0.033472742461860806,-0.009595892672344385,0.4062775036885993,0.3140291018624296,0.31126503469300765,-0.1328148348550074
0.1527367820177862,0.6048648267518637,0.23485059049754914,0.32184347851936695,-0.19459867713703738,-0.26494070378849555,0.39978178523686775,-0.4253801959697829,1.0,0.03736995821537719,0.08586708764519091,0.5245867898181841,-0.0911158778947456,0.41860294533767395,0.27954133339614823,0.4103035634811178,0.1595514528205402,0.2300379217888123,-0.15293716305093652,0.02287795185379998,0.47429367697221597,0.29645325737271533,0.8411534887071629,0.29645325737271533,0.4414291970510233,-0.2755297375178315,-0.48570790935682945,0.2819238197795325,-0.5099251493067112,0.9066041883872497,-0.09590765100504663,-0.11161670569659282,0.5937645929281931,-0.24230983222591343,0.38956590787417517,0.12536212177193945,0.21712524583899365,0.1801792886203836,0.1845226371087257,-0.24368724246858,0.03849772204670354,0.37841638286937596,0.14996461586809395,0.8130162801609182,0.354600437819698,0.6316977475276337,-0.2997805494243984,-0.4332515700040845,0.24830841132923273,-0.4783969490459668,0.8783876732801355,-0.06525559077825661,0.008585423965748271,0.6202781204010401,-0.0003655911502735382,0.3132149279087326,0.3520306940713523,0.29175020635860094,0.17621067868890783,0.1400382408531232,-0.10139803264078806,-0.1692486283645811,0.33187915108529253
-0.0064678367089122,0.4363204325714326,0.3781080782199202,0.18169428853628067,0.6370863220810514,0.6116292079243517,0.04799060014834747,0.5263746783851442,0.03736995821537719,1.0,0.3434677299457559,0.5885237498447463,0.2201831588737553,0.20682019317847505,0.2661816494488833,-0.04377709163070438,0.4386386843139511,0.24889248685282758,0.3138098562810972,-0.0825742186553384,0.12286981916163832,0.22569418752025186,-0.005352739553751806,0.22569418752025186,-0.03146463389701047,0.3768242209486544,0.2848008396969115,-0.07855802976872472,0.31941662654033587,-0.06984523126264433,0.7263030127624495,0.09486207630745001,0.3249446063521083,0.001369155896587729,0.04975128272388328,0.024124916885517045,-0.26446791431525485,0.28990796692941423,0.310006284619866,0.2998444579571524,0.009778092115247721,0.017156166158287578,-0.2898468195856006,0.023602220840945487,0.2616547353284158,-0.0625099336710504,0.47199069543293154,0.41731938487179776,-0.13261079020847272,0.31834284066901164,0.07768329230943394,0.761702737591515,0.36663186419716354,0.11422019111966597,0.039801695717298455,0.18142425788289152,0.15413576729244785,0.1087805736068871,0.30934132620983695,0.551187995502507,0.5134729236767844,0.3541902194280492,0.11216725744452555
0.04373769853212916,0.11533325635879275,0.14548123452439138,0.08985473995199636,0.489547247922028,0.4349572870045196,0.2956391108796099,0.5295896797809961,0.08586708764519091,0.3434677299457559,1.0,0.2679021829586324,0.6316962048380974,-0.06676124333373418,0.11232463937830062,0.43032617140596485,0.3454415232393667,0.3148641571331291,0.43577050938757605,0.09343721657718788,0.2368203851445939,-0.0026260370616622442,-0.18947145185477526,-0.0026260370616622442,0.09681856644485044,0.3822219479292937,0.2790859302992832,0.2733520303170739,0.45404253054969584,-0.07420352311793298,0.1693089453370663,0.8524783014189434,0.14908479626327545,0.5093789232840916,-0.2314919182234946,-0.08680952044439152,0.24743085773340848,0.2928732296805501,0.3331768115188189,0.2286823044112341,0.1601420582831425,0.26898347500801295,0.133565129778584,-0.1660994058028211,0.20182292305575644,0.005116061185769233,0.4190998994741751,0.25924755017668427,0.2451134396565513,0.40791031957228835,0.12342954975939131,0.12733911581808,0.8353280569646924,-0.20165457002651244,0.45588090037756385,-0.07699759648807727,0.10787221948154853,0.26059115756305645,0.2651205356808508,0.42566644855683705,0.30113393295114926,0.06609202766485298,0.15774912245771047
0.3022506597239751,0.8823941075863608,0.46216887167087417,0.4365927191860832,0.272573404517039,0.29175455702584896,0.40937734877062654,0.15431951794763166,0.5245867898181841,0.5885237498447463,0.2679021829586324,1.0,0.04190420433216551,0.3738824244952912,0.11835515558576934,0.37776221893916184,0.26525926664060095,0.36237213456987183,-0.04908529271275931,0.04363786657365877,0.4505278183065683,0.27821467934498045,0.48857114267574364,0.27821467934498045,0.2873586337773374,-0.024245642456717068,-0.2348162827508701,0.17965233245867301,-0.125799129323416,0.4093531080459094,0.13795080219620506,0.07414357145471705,0.6654071076827008,-0.20834494125857,0.22294178001806672,-0.07074587835845918,0.1366360968292609,0.1504363849641864,0.3518001098579945,-0.16374633270743033,0.038422367472780765,0.29901915408838664,0.019649290891225298,0.5172014731418566,0.41783165924904603,0.32890966294661084,0.03786132476842324,-0.17281473780177226,0.2005117743874572,-0.10176191702559761,0.5319459622883572,0.2058805785847734,0.13697530788929693,0.578811516177704,0.00035039715064745676,0.12035231089013798,0.15789477466987378,0.29741272945266706,0.12956821296338938,0.42525957809391274,0.07069279246363502,-0.02853130658732618,0.32969388895222385
0.3613381528846218,0.05687273648165627,-0.43957659876187516,0.325625722264209,0.14369513710261533,0.6501320783035053,0.5445608718973524,0.5391801956870015,-0.0911158778947456,0.2201831588737553,0.6316962048380974,0.04190420433216551,1.0,0.13381446693116464,0.4377196149461954,0.28730086361417473,0.18520112591052848,-0.06727689354030138,0.13079889277866524,0.47636208201546837,-0.2629632551503593,-0.5011411816878083,-0.23106600132808028,-0.5011411816878083,0.26924559452734675,0.23923942068150633,0.6160149592714163,0.5708083810904288,0.4384558578182338,-0.1855532904414356,0.17914833240792416,0.5548600136212595,-0.03020789595145508,0.91120059756433,0.06423794999972814,0.21060974680597164,0.35008318719099246,0.16674537216135848,-0.02681570086694295,0.010258937995579542,0.5297457297553361,-0.22354836073391865,0.421204303951668,-0.17571194376545302,-0.2838717428456438,0.07847828364430197,0.20444812634182322,0.6043892530700816,0.5660045469930796,0.3793269329953266,0.056688908738378105,0.1565145614116608,0.587356035554276,-0.27771929688387753,0.8998514441229718,0.025073128266998115,0.4025296906155359,0.3763000939419741,0.21407816384989106,0.10707453382043204,0.10014659337541013,0.4371108086954698,-0.25617276041200365
0.5236349494313453,0.5372203262947929,-0.11644733148117965,0.41199735051050895,-0.22078868327027237,0.04813123904599476,0.34897056782134933,-0.18488244790557914,0.41860294533767395,0.20682019317847505,-0.06676124333373418,0.3738824244952912,0.13381446693116464,1.0,0.3543669666885066,0.16940261918532287,0.039979469746697124,-0.31014560234543503,-0.06576869308277808,0.4765668472391032,0.1529570122322657,-0.09172337841542316,0.5249401372244141,-0.09172337841542316,0.46664974826774896,-0.267660648090934,-0.2048692611528567,0.2046122096841877,-0.478203222763724,0.2983722911203011,-0.14164620733075842,-0.1689365921195756,0.05383753682589003,-0.02870248908765429,0.8536697309097232,0.37266550403092186,0.24204925168497413,-0.02605743104727886,-0.2764684272363207,-0.1340132305771328,0.5326124962210981,0.042721068270601105,0.46840524854589105,0.5908474687964174,-0.2114441374803089,0.5153226974628285,-0.3497185615938454,-0.05343674613846186,0.3388137332267475,-0.4167130695332926,0.455570444649991,0.06437972647611642,-0.11327349211042557,0.21204285920776952,0.24129074636102896,0.7488178338691716,0.47267143928753,0.5592098917671097,0.006516633397984335,-0.15412516463801623,-0.13359973989052337,0.4325025100735866,0.04477799607073746
0.35443018769844675,0.21225631318148838,-0.36223955452181145,0.3833742247724164,-0.08461123011791358,0.28134556205633726,0.4573130506155353,-0.08289211423046722,0.27954133339614823,0.2661816494488833,0.11232463937830062,0.11835515558576934,0.4377196149461954,0.3543669666885066,1.0,0.049780746823949076,0.18213619024221633,-0.33848724871436114,-0.23208039420002913,0.2872549976609982,-0.05960267012602511,-0.31462486533544703,0.27614006022546317,-0.31462486533544703,0.45612659288519336,-0.07779469216382177,0.39089004672447336,0.5018483627133182,-0.04599045667328328,0.3327364405599195,0.24667256356929088,0.059725968489704566,0.13423692892026165,0.3346183811505518,0.32659844822944284,0.8768917183637914,0.1090158391075251,0.21415326703226117,-0.23813614934090305,-0.23448177010259313,0.37051927290106845,-0.06260410649220241,0.34586439588349405,0.3279148801972367,-0.22946489955556085,0.41729247476025816,-0.11773234208215849,0.49385813229010916,0.3188252236515735,-0.12773187830483676,0.2898532475372815,0.275373110925029,0.09623661355475809,0.18071020242912397,0.4603507248214603,0.17380488487782028,0.8278004072373115,0.4083289784802073,0.2684204974887732,-0.10856417230598178,-0.07890565783498718,0.435337269538571,-0.1079619741944054
0.2220490294601266,0.364540989476331,-0.07650396222072704,0.4604871676534199,-0.2213012155116073,0.12946295268361194,0.5357353207010203,0.09279643016439461,0.4103035634811178,-0.04377709163070438,0.43032617140596485,0.37776221893916184,0.28730086361417473,0.16940261918532287,0.049780746823949076,1.0,-0.1558038802575327,0.42694189737050076,-0.10471005449080695,0.1976022480904526,0.22762329842432322,-0.09337227173085996,0.2626423965557773,-0.09337227173085996,0.4371793566307238,-0.2378614311171462,-0.11014418004872979,0.5867217521050213,-0.09405600684432881,0.3254940220062145,-0.1672061200755082,0.5528548399680278,0.3615714942736068,0.18368817424373923,0.05384794514783454,-0.056318981349500606,0.7452403895417714,-0.1321962601614124,0.35304468357402324,-0.2711486064584681,0.18712058203295978,0.19666948475779372,0.42666595967689047,0.26192058094111,0.33835065667826036,0.33135761213312653,-0.252286191453179,-0.1577933254121856,0.5697102291227997,-0.12438811743697503,0.46802220406660716,-0.3485250495293505,0.28312826056928386,0.13577129541424793,0.3172108187939346,-0.00515399766126386,-0.027261138908782807,0.4838921814648388,-0.11144258602294177,0.22672967336444,-0.3119713782071335,-0.29517052359591384,0.1287529665828075
-0.04033801047712559,0.21743971910525314,0.3710466098973401,-0.3191658058110993,0.396061578784228,0.07756097459106816,-0.17057063554460736,0.08677825082335947,0.1595514528205402,0.4386386843139511,0.3454415232393667,0.26525926664060095,0.18520112591052848,0.039979469746697124,0.18213619024221633,-0.1558038802575327,1.0,0.11429760187909842,0.5884231672669038,-0.08692111732833976,0.3854127519169428,0.4122954982215733,0.2689034699879578,0.4122954982215733,-0.20164798413420412,0.2536155382972107,-0.05701467349857009,-0.2316296393784992,0.10260336762438334,0.07567694175360823,0.36336619203959897,0.09407260818536411,0.21710115012393136,0.1733523034677115,0.04035900730990199,-0.055799930157482316,-0.17018265505799,0.9650487908786038,0.13660163548727153,0.3463742948106195,-0.04410300024138582,0.38320772042089635,-0.15732428009811933,0.26067928039018756,0.20713171355267349,-0.10356554878989443,0.35201818954327374,-0.0027460401933693513,-0.175853640035439,0.07683855241925218,0.22940558392352153,0.4461231441840911,0.3955371268825567,0.22466621336862935,0.13827488255802317,0.2912076121780875,0.28827266260506423,0.07751761465487662,0.9283156861215561,0.31052871331118415,0.619840778977601,0.16260137073383285,0.44440357506188183
-0.49154774581760624,0.20775631749655074,0.6280621136452571,0.0353819931362854,0.3850570029787925,0.02231504683451041,-0.13907723503905997,0.25459391372285717,0.2300379217888123,0.24889248685282758,0.3148641571331291,0.36237213456987183,-0.06727689354030138,-0.31014560234543503,-0.33848724871436114,0.42694189737050076,0.11429760187909842,1.0,0.2677254442516478,-0.4770630018150323,0.3229863900914088,0.6305211128867496,0.10187645944368953,0.6305211128867496,6.961057331378313e-05,0.30514980383824425,-0.10983944914460458,-0.03283848168860438,0.2946883306025003,0.16096696892062937,0.33759757886804226,0.14879404873374455,0.6011643584770746,-0.1015003109840422,-0.24597833574124303,-0.52983140546494,0.16186293866746157,0.10138013231771617,0.9713453094266409,0.29332753645183635,-0.45156325761620364,0.2749726143385173,-0.44029723324645886,0.04800232547919717,0.9167285309599099,-0.05099479599546453,0.41522894298645857,-0.18229100767725734,-0.1404774649588021,0.21191139114913857,0.2891308914226472,0.23267135005640954,0.456400509890224,0.18229913649888776,-0.1298967903054813,-0.13034238622091496,-0.39224182675649527,-0.08948735122136704,0.14216307192805094,0.8612824232050038,0.40497552401036313,-0.321651170403147,0.3548562059763432
-0.24782417927253725,-0.17988432646072375,0.38223472880721693,-0.2982354539901741,0.40837445758833557,-0.03632134407421491,-0.3808574859046245,0.20225835138395526,-0.15293716305093652,0.3138098562810972,0.43577050938757605,-0.04908529271275931,0.13079889277866524,-0.06576869308277808,-0.23208039420002913,-0.10471005449080695,0.5884231672669038,0.2677254442516478,1.0,-0.07938812273662889,0.25642892783304666,0.4797678595675239,-0.12057936572715834,0.4797678595675239,-0.18628817340131448,0.4134851781583453,-0.01687758543818653,-0.35517290762347803,0.2969184767806936,-0.24754437356667872,0.33248659900371613,0.3019018725543498,0.01854113545631397,0.2535923022492345,-0.013793846371538803,-0.31512865677339424,-0.10428834787092252,0.5910119457179385,0.3067114458831261,0.8788846201842624,-0.026297657014883454,0.2915596098318766,-0.20988446301971864,-0.10219964716326319,0.281287255810838,-0.14431959019136859,0.5017425575318079,0.004768028519190151,-0.19940619525162098,0.234724874239137,-0.025203594913796788,0.4417870451736572,0.5670986048872186,-0.2028467005327252,0.026092342305414826,0.4006737833299879,-0.08572943980948719,0.08614177122889066,0.5745041922655025,0.4277226349386114,0.7653022626278609,0.19034515643149405,0.3641728302394877
0.6963344315928175,0.2892426480326858,-0.6194092377364359,0.4960219560893124,-0.3827219096408359,0.3288873886411006,0.6393922633616589,0.11483624162258661,0.02287795185379998,-0.0825742186553384,0.09343721657718788,0.04363786657365877,0.47636208201546837,0.4765668472391032,0.2872549976609982,0.1976022480904526,-0.08692111732833976,-0.4770630018150323,-0.07938812273662889,1.0,0.04158568084676955,-0.6175428717094349,0.11073085496545923,-0.6175428717094349,0.4830001176524743,-0.27715233341424284,0.21413360738153903,0.463161093488722,-0.07289804763607319,-0.06654965246201042,-0.285272131423612,0.20738654794294187,-0.13933416194170298,0.4193433173960328,0.5119977263204549,0.3571261073353152,0.35697228026485817,-0.08598784584217575,-0.46218850688859303,-0.24439091327321813,0.9685830554973486,0.021656613245126206,0.6837038293437402,0.1700271249677311,-0.5623979439887963,0.42676095656712737,-0.3246449504383022,0.23863509973181485,0.8458639305486417,-0.08105440839940527,0.08330991949401996,-0.292105240413962,0.09970389864890751,-0.05288281796196678,0.5599550374240997,0.2769302295503736,0.46987631069373925,0.6744911728435558,-0.054878773192391546,-0.3266369312404359,-0.23558604536152747,0.4574839255110179,0.03796352671066122
0.060977835307691707,0.4850382376717726,0.44009337381852515,0.0012255400813325854,0.08948801433183255,-0.22986220551504308,0.05012469662341831,-0.23416981981443818,0.47429367697221597,0.12286981916163832,0.2368203851445939,0.4505278183065683,-0.2629632551503593,0.1529570122322657,-0.05960267012602511,0.22762329842432322,0.3854127519169428,0.3229863900914088,0.25642892783304666,0.04158568084676955,1.0,0.4876318201725283,0.5956573934035043,0.4876318201725283,0.20709224121129965,-0.10547277815365788,-0.359584401203226,0.0001479681970947528,-0.12342459823335622,0.39519984954682424,0.050485072049356275,0.1326864443262233,0.5243914998371164,-0.31507768980091494,0.2684636166431225,-0.03732114642201378,0.22094518424859536,0.4023226674273089,0.3092344352000901,0.0590157660144645,0.06404519092709551,0.9652136755219594,0.05526066999913073,0.5679657793103234,0.485758974262626,0.33464695468252736,-0.013883263388575914,-0.397917314688589,0.10162995380847877,-0.3065535298625084,0.48121127486491655,-0.048782425872563234,0.32490632719070667,0.518747083424471,-0.1384349071802247,0.26864060761020475,0.19459133079482535,0.3616394624311181,0.3799176363944757,0.37274327710215005,0.31635529555023345,-0.000618634751233234,0.9372108723758839
-0.5802449333674488,0.14825843404782352,0.8985923037654286,-0.3309547751551994,0.3936227081726137,-0.43679987618834454,-0.5525035102161054,-0.21516309085734509,0.29645325737271533,0.22569418752025186,-0.0026260370616622442,0.27821467934498045,-0.5011411816878083,-0.09172337841542316,-0.31462486533544703,-0.09337227173085996,0.4122954982215733,0.6305211128867496,0.4797678595675239,-0.6175428717094349,0.4876318201725283,1.0,0.33985383922373114,1.0,-0.20571863428819193,0.2965590773754574,-0.4956473689474427,-0.5176576682777595,-0.05577795852678357,0.27292512510151773,0.266046269153044,-0.24705119912596132,0.4746532441054541,-0.4276209586298739,-0.01740043423320789,-0.371567162844675,-0.2506554091312638,0.4023578859872257,0.6463841803519803,0.5603618722228766,-0.5778991506110774,0.4412712404477946,-0.6214673506744579,0.29919831899575183,0.8164832101794486,-0.03284450655045609,0.3653707578841943,-0.49129280147189364,-0.573414483340877,-0.08573759522882464,0.29805097595125224,0.3609849539272764,0.16526570327895732,0.3400187148471548,-0.47762172726844143,0.21839519022328752,-0.24592540186118533,-0.2354663558539153,0.39041081307808495,0.6135713007052843,0.5999255930608849,-0.22895352729465657,0.5213507020751704
0.25100675891392576,0.6776888889449607,0.20497801943053381,0.2887473125884475,-0.35153325680599906,-0.3952717338687569,0.2376224877457433,-0.5859729954595205,0.8411534887071629,-0.005352739553751806,-0.18947145185477526,0.48857114267574364,-0.23106600132808028,0.5249401372244141,0.27614006022546317,0.2626423965557773,0.2689034699879578,0.10187645944368953,-0.12057936572715834,0.11073085496545923,0.5956573934035043,0.33985383922373114,1.0,0.3398538392237311,0.5011378945993014,-0.4515820538385155,-0.5370261853556849,0.16071940086454684,-0.5932422093180844,0.7757645696801699,-0.07278418817524297,-0.2973930364074903,0.6012635028714619,-0.337925187811055,0.6209346440718375,0.19435761807540894,0.2580083466937955,0.31163582507806686,0.06395875883395234,-0.254009715491606,0.10921046819260487,0.49453350497848614,0.22717464508940344,0.9763428682151042,0.30260103767982127,0.6845015269517477,-0.38790309472441914,-0.497242181582819,0.22943139446405492,-0.6220846033013604,0.8407215116379178,-0.06747192704440139,-0.13993234657660603,0.6746127037220335,-0.04336254465162313,0.4808733042982967,0.44105926014416164,0.37126192302288463,0.3313927613270163,0.06410733408069393,-0.039023740088851976,-0.04160906372801527,0.5129837339636891
-0.5802449333674488,0.14825843404782352,0.8985923037654286,-0.3309547751551994,0.3936227081726137,-0.43679987618834454,-0.5525035102161054,-0.21516309085734509,0.29645325737271533,0.22569418752025186,-0.0026260370616622442,0.27821467934498045,-0.5011411816878083,-0.09172337841542316,-0.31462486533544703,-0.09337227173085996,0.4122954982215733,0.6305211128867496,0.4797678595675239,-0.6175428717094349,0.4876318201725283,1.0,0.3398538392237311,1.0,-0.20571863428819193,0.2965590773754574,-0.4956473689474427,-0.5176576682777595,-0.05577795852678357,0.27292512510151773,0.266046269153044,-0.24705119912596132,0.4746532441054541,-0.4276209586298739,-0.01740043423320789,-0.371567162844675,-0.2506554091312638,0.4023578859872257,0.6463841803519803,0.5603618722228766,-0.5778991506110774,0.4412712404477946,-0.6214673506744579,0.29919831899575183,0.8164832101794486,-0.03284450655045609,0.3653707578841943,-0.49129280147189364,-0.573414483340877,-0.08573759522882464,0.29805097595125224,0.3609849539272764,0.16526570327895732,0.3400187148471548,-0.47762172726844143,0.21839519022328752,-0.24592540186118533,-0.2354663558539153,0.39041081307808495,0.6135713007052843,0.5999255930608849,-0.22895352729465657,0.5213507020751704
0.4944102307251778,0.4639557940651074,-0.28138159999297213,0.8570324830125193,-0.3662229727738543,0.09254322045819205,0.5926785236110496,-0.11132893963735097,0.4414291970510233,-0.03146463389701047,0.09681856644485044,0.2873586337773374,0.26924559452734675,0.46664974826774896,0.45612659288519336,0.4371793566307238,-0.20164798413420412,6.961057331378313e-05,-0.18628817340131448,0.4830001176524743,0.20709224121129965,-0.20571863428819193,0.5011378945993014,-0.20571863428819193,1.0,-0.3142004292671492,0.08310189141403326,0.6230683501577354,-0.10550093545018292,0.2930936134134018,-0.032793766243210815,0.15041859637649505,0.4318759306754392,0.14175925912566448,0.5748703042344427,0.42219386045659746,0.5489999826033597,-0.14026938806408557,0.002038716657575772,-0.23602954354078023,0.5159765336293458,0.16892664677873573,0.5803098378801081,0.534018444377048,0.032710695559526284,0.9052672737305342,-0.2728601612081898,0.076813492239426,0.6589083263031063,-0.1942173763519222,0.5091379764317971,-0.1314902529501201,0.15132321342952526,0.2110621240325569,0.3460936072965405,0.23118269328503852,0.5891861808175664,0.6335951462437899,-0.0785381050428045,0.04478146633780704,-0.1625074261139552,0.3030329633658947,0.1433879200286705
-0.44723556459688474,-0.17929237560143305,0.37019430466789244,-0.21618272388966894,0.8344080167567703,0.39377764895912803,-0.2527051677127342,0.5788360625487836,-0.2755297375178315,0.3768242209486544,0.3822219479292937,-0.024245642456717068,0.23923942068150633,-0.267660648090934,-0.07779469216382177,-0.2378614311171462,0.2536155382972107,0.30514980383824425,0.4134851781583453,-0.27715233341424284,-0.10547277815365788,0.2965590773754574,-0.4515820538385155,0.2965590773754574,-0.3142004292671492,1.0,0.42472973112633355,-0.11574948880115637,0.6893553721103582,-0.27807745364683806,0.4157508962213398,0.1431249399412583,-0.020058943156635572,0.29639931787311097,-0.3413519546712505,-0.18559589459242232,-0.3580441059465153,0.18966019132789486,0.40705628061440996,0.5335167781839043,-0.15344139433359216,-0.058746033480813746,-0.5309921941793219,-0.44228224667836596,0.26316955790523927,-0.3591876915595648,0.8823791186965999,0.41766736028523055,-0.34638994910870735,0.7234547133960804,-0.18653261122363318,0.49163815591095467,0.5654139336181769,-0.30422900116930585,0.1901085156087386,-0.18927418547704933,-0.07404784436130414,-0.22449984248590737,0.2530466188113117,0.4610387145342511,0.6775492460025965,0.3347490964136719,0.016446825039803083
0.05797595496455539,-0.2646198003332988,-0.4681006384937331,0.16294688796877388,0.28795379271488913,0.7236392849596477,0.17293495768022368,0.653075700456317,-0.48570790935682945,0.2848008396969115,0.2790859302992832,-0.2348162827508701,0.6160149592714163,-0.2048692611528567,0.39089004672447336,-0.11014418004872979,-0.05701467349857009,-0.10983944914460458,-0.01687758543818653,0.21413360738153903,-0.359584401203226,-0.4956473689474427,-0.5370261853556849,-0.4956473689474427,0.08310189141403326,0.42472973112633355,1.0,0.40297491562342597,0.7728508397091272,-0.4153986025732459,0.4596457617003638,0.3363524665986186,-0.09525992264254834,0.5907345813451287,-0.12821129941116668,0.30868154372213463,0.0012424727232004718,-0.06289441199798786,-0.021439678009484882,0.02337417384727188,0.32117514519986323,-0.2869170628091142,0.09895363384712604,-0.5247422199691513,-0.2736093695117315,-0.18963875757009394,0.4263763884121125,0.9557089277542429,0.20231650206483465,0.6273503647528496,-0.2869887407160211,0.3536914584238262,0.45788329108180864,-0.3825301994135436,0.5753404776267754,-0.24191040338823697,0.3151208745247491,0.15240370872723277,0.05360458921005808,0.11664883250423072,0.23266741870312918,0.5838680172671428,-0.238762104785151
0.5297455321542048,0.22458672308801844,-0.5571413817159115,0.5902231658484263,-0.300735529673642,0.40743310482419753,0.831957638608771,0.1476475562758529,0.2819238197795325,-0.07855802976872472,0.2733520303170739,0.17965233245867301,0.5708083810904288,0.2046122096841877,0.5018483627133182,0.5867217521050213,-0.2316296393784992,-0.03283848168860438,-0.35517290762347803,0.463161093488722,0.0001479681970947528,-0.5176576682777595,0.16071940086454684,-0.5176576682777595,0.6230683501577354,-0.11574948880115637,0.40297491562342597,1.0,0.11978561602804663,0.29231731036093817,-0.06137149356821322,0.4052304477124629,0.25718703228325973,0.4640191847546294,0.22287687840109618,0.4015968515640244,0.614070729699262,-0.15779627066485208,-0.03994166704156515,-0.4277130623109124,0.514172745069601,0.038226584623812974,0.653768720882753,0.19925143083095717,-0.1289799760590988,0.4663965377016861,-0.2667371875131784,0.3447290648647502,0.7716005635130786,-0.01846879917940364,0.4136990770812169,-0.21999033987683642,0.2518411818663789,0.09735433174098165,0.6555992845032234,-0.09143193486638346,0.4931971935219104,0.5412564433952077,-0.07871678477288416,-0.03537054628507134,-0.31752415011916285,0.2728383551839161,-0.015158841983261891
-0.24137459462490607,-0.26043713616536374,0.0008519691667701567,-0.03627172957029008,0.5894056985457156,0.6282374763213977,-0.09936639246157457,0.7932991482663874,-0.5099251493067112,0.31941662654033587,0.45404253054969584,-0.125799129323416,0.4384558578182338,-0.478203222763724,-0.04599045667328328,-0.09405600684432881,0.10260336762438334,0.2946883306025003,0.2969184767806936,-0.07289804763607319,-0.12342459823335622,-0.05577795852678357,-0.5932422093180844,-0.05577795852678357,-0.10550093545018292,0.6893553721103582,0.7728508397091272,0.11978561602804663,1.0,-0.5126484383168335,0.5338546708103595,0.4188888786428766,0.07710667740099299,0.4448236154893913,-0.4019640218794581,-0.14333704869500796,-0.07755372482030048,0.06640666937280004,0.35616726164353885,0.3351929054231535,0.028633278534274848,-0.05725862870038832,-0.23034789721801502,-0.633506116311974,0.12918402618786567,-0.3235974518150265,0.7206526468379048,0.6801258454300528,-0.05579074887459723,0.8385414704693299,-0.31746943495021623,0.3321186518878188,0.6551603547954158,-0.3863961466407946,0.3498187122384658,-0.39217994516468585,-0.015406078839547352,-0.06191235487169236,0.1409899172035502,0.46883716901364725,0.5404183047980715,0.3737140733481816,0.04250541415231444
0.07547234997447823,0.4506793539200294,0.17645643465842573,0.16676035097140457,-0.2492558438269131,-0.36370213999547985,0.3199639315857116,-0.5443754540453841,0.9066041883872497,-0.06984523126264433,-0.07420352311793298,0.4093531080459094,-0.1855532904414356,0.2983722911203011,0.3327364405599195,0.3254940220062145,0.07567694175360823,0.16096696892062937,-0.24754437356667872,-0.06654965246201042,0.39519984954682424,0.27292512510151773,0.7757645696801699,0.27292512510151773,0.2930936134134018,-0.27807745364683806,-0.4153986025732459,0.29231731036093817,-0.5126484383168335,1.0,-0.15675763423890376,-0.18871214187922739,0.5401348543452098,-0.25584064456453226,0.30178603928719444,0.2544535753530511,0.1552318996252804,0.13046172283083593,0.14357447790154604,-0.2923947240169671,-0.054906800611873155,0.33216504005388625,0.10948323841207458,0.7420870922604085,0.32298663942469763,0.47946340293054757,-0.3391004761445272,-0.38541679576375476,0.15852239829239284,-0.5371384198321498,0.8455072591863291,-0.08082972163132332,-0.11238582616586532,0.6644620963405613,-0.0263713948426512,0.2397702835165567,0.32747457953599035,0.2235195725070606,0.15803886491281124,0.04254674205863246,-0.16640172120344812,-0.21485949918448155,0.2883171662232471
-0.3198731043130513,0.05522007017776746,0.23900996565278257,0.012195683324844294,0.49756753434599027,0.4063061030001616,-0.2043141059941656,0.3776205000734103,-0.09590765100504663,0.7263030127624495,0.1693089453370663,0.13795080219620506,0.17914833240792416,-0.14164620733075842,0.24667256356929088,-0.1672061200755082,0.36336619203959897,0.33759757886804226,0.33248659900371613,-0.285272131423612,0.050485072049356275,0.266046269153044,-0.07278418817524297,0.266046269153044,-0.032793766243210815,0.4157508962213398,0.4596457617003638,-0.06137149356821322,0.5338546708103595,-0.15675763423890376,1.0,-0.036004126751724375,0.35707743970971617,0.09181923303778802,-0.04632197053387433,0.012226620113929628,-0.24842885050960253,0.3252130055905141,0.3741661964329501,0.4288871681862278,-0.16775221032206658,0.024269237525670975,-0.41750326375108815,-0.0989529330595315,0.33359305231718855,-0.13509357469950264,0.532026824332656,0.47652401769882563,-0.2578005062898186,0.3439518191366975,0.0027978945912297795,0.8127455408934512,0.4045260784392579,0.028699282598078423,0.08477109325826412,0.061484104939653984,0.1658444263292259,-0.09617809317857244,0.3879473369462309,0.5807132135688966,0.6697773387955798,0.3708314897792832,0.13697948237687677
0.19688711752234894,-0.06242250424704128,-0.14312410275108342,0.12573899045967124,0.16962638222642817,0.37408822363151045,0.33341738004905425,0.4639117804003636,-0.11161670569659282,0.09486207630745001,0.8524783014189434,0.07414357145471705,0.5548600136212595,-0.1689365921195756,0.059725968489704566,0.5528548399680278,0.09407260818536411,0.14879404873374455,0.3019018725543498,0.20738654794294187,0.1326864443262233,-0.24705119912596132,-0.2973930364074903,-0.24705119912596132,0.15041859637649505,0.1431249399412583,0.3363524665986186,0.4052304477124629,0.4188888786428766,-0.18871214187922739,-0.036004126751724375,1.0,0.022629134700703196,0.4921725686941223,-0.28735885796160865,-0.010570299606030268,0.4486117714619131,0.09729087059267481,0.1509414848585463,0.05775652908782132,0.23392863134080047,0.20449146168967022,0.3751850615615517,-0.2677524712350989,0.02568922109686108,0.007818736872241055,0.1750847182402839,0.2756302106813059,0.3823604234258693,0.3775101679747175,-0.0002480248367317703,-0.17460255358268587,0.6638083852384051,-0.348370111178488,0.4265620743505845,-0.205880357444443,0.021531662452407632,0.36189022505952645,0.08127362325223735,0.18837804929894675,0.022495478741136093,-0.037535917970485756,0.09028764843514361
