Fp1,Fz,F3,F7,FT9,FC5,FC1,C3,T7,TP9,CP5,CP1,Pz,P3,P7,O1,Oz,P8,TP10,CP6,CP2,C4,T8,FT10,FC6,FC2,F4,F8,Fp2,AF7,AF3,AFz,F1,F5,FT7,FC3,FCz,C1,C5,TP7,CP3,P1,P5,PO7,PO3,POz,PO4,PO8,P6,P2,CPz,CP4,TP8,FC4,FT8,F6,F2,AF4,AF8,O2,P4,C6,C2
1.0,0.4634088498208729,-0.5449212036681016,0.3634538494800873,-0.6913365594653919,0.01083842325773338,0.5110396143500513,-0.2011684245798122,0.2501419793866404,-0.6002351609442275,-0.43847473610065085,0.1272145641054468,0.0002903191477958488,0.25786076999293206,0.6931714255683771,0.34888283361327355,0.3507945656787228,-0.6309394218480633,-0.5610841191523126,0.14730494700600624,0.22507048697542695,-0.5740625739117858,0.4883656435135187,-0.5740625739117858,0.4114759748544617,-0.6637344246216365,0.03015929929172159,0.4764750284973816,-0.1441637602793712,0.20168173773942813,-0.4776786187709784,-0.45327803012582474,0.10396210923550737,0.045726531174843495,0.2748830481485317,0.614974517437122,0.28425611237743015,0.2912847633805348,-0.6689732790049193,-0.5679227384971106,0.15655330659691982,0.1608570804617765,0.9105238622985456,0.4395364658302888,-0.49250808924267847,0.38376268725710544,-0.6532008203801312,0.03195472648896615,0.4642230216314673,-0.15510359173261132,0.21412459932697334,-0.6359963632203638,-0.37908328928435425,0.14838979805343136,-0.024883214339032168,0.3069248629044665,0.6455498218553098,0.09518831721831515,0.23248074978089406,-0.6653623089068145,-0.6885404497257839,0.3777611978665882,0.19330727086376417
0.4634088498208729,1.0,-0.04492193671662804,0.4952133036749,-0.5464085814389471,-0.4329878870298042,0.36265818300020586,-0.5498140909202244,0.6841734190331454,-0.15481954078791121,-0.31956133832477585,0.6513222634194317,0.23704635655066564,0.49176876672223807,0.5124016718342828,0.4416575129116045,0.12141590307914078,-0.10830243330907521,-0.41641250394001444,-0.3818088350622314,0.16213303878333576,-0.06273680868555719,0.864211611610086,-0.06273680868555719,0.4970988938512675,-0.5893350284707052,-0.4322593144935913,0.23112537404242975,-0.5378347144582541,0.5979987691727554,-0.21902612582069222,-0.32683227518165375,0.5113333588572415,0.24208438128037493,0.47490529338943716,0.4282044930485516,0.3975757289643219,0.0517925837837033,-0.17963443323014713,-0.3831938637694492,-0.3797876715621339,0.09386721805321493,0.5047200103241319,0.7998875515157252,0.06737563627043569,0.5274374081579051,-0.6442385727623581,-0.5122454776911238,0.34483698608183794,-0.5956692937570993,0.5050130438798567,-0.24723251274103372,-0.49667864045428767,0.5826006356373782,0.10781415718481538,0.3972584527810837,0.2718230188249298,0.35501836972047535,0.008977959163361485,-0.18523809310328343,-0.5568581073879714,0.006931232382751872,0.09701968709322571
-0.5449212036681016,-0.04492193671662804,1.0,-0.36553487811796026,0.2926331479786806,-0.5102423320466702,-0.7302615644710199,0.04496379948652656,0.3271981640985076,0.3903477723910981,0.39280601986925234,0.14276863380437915,-0.01010864521775096,-0.056280413117189815,-0.4856654803139252,-0.5010448639590113,-0.33343110732173525,0.6526093010658273,0.6786845074295248,-0.11298032940027022,-0.0269356392183423,0.9639721647888423,0.011700329023324404,0.9639721647888423,-0.2762904659206949,0.22818134524784198,-0.45897713799291956,-0.7467471751553276,0.09748900776866037,0.37847369616950965,0.3622629597291042,0.3579285413806445,0.1602369274631689,-0.04029879040812667,-0.0731937556269757,-0.4464262558218781,-0.5004693204062745,-0.290157885474461,0.6294052169740697,0.6603142750329236,-0.11045387943611623,0.011879417776416287,-0.5927638463894277,0.002818299091968102,0.9155859424259708,-0.23886109115937157,0.21989423533776137,-0.4734133167210384,-0.7799477208147264,0.16867968652544305,0.329594513520989,0.4856057018996693,0.30753892771949654,0.16711400240166724,-0.030958337043243783,-0.13374680190242225,-0.5631009079905255,-0.28345672316491183,-0.2584234657403568,0.5739052685687038,0.5763557581955859,-0.6301655446615309,-0.07792775678719634
0.3634538494800873,0.4952133036749,-0.36553487811796026,1.0,-0.18987781267438728,0.1492958857187787,0.48188268209053625,-0.14336676639856902,0.22293930661441308,-0.16823482396792575,-0.14184043966732537,0.0800161392747345,-0.006975154967213995,-0.008918785351478269,0.35660191608465003,0.42132223805682684,0.039569855736758724,-0.1742959438373449,-0.21052449131062198,-0.019520117737658903,0.19643763630665056,-0.38148681523432065,0.2879355320868679,-0.38148681523432065,0.7931978151341508,-0.11889520425304839,0.12430977673492406,0.47981635527835725,-0.18874240305099504,0.10158765647388844,-0.31634923698855416,-0.1249689854192605,0.062125638956002115,0.017668340047072965,0.060205156613602394,0.364368499104343,0.43492713281109135,-0.01475093657406144,-0.1509407519302285,-0.16905340713485076,0.04135239581764419,0.09947418401630985,0.3652257903966724,0.2110578192764726,-0.3189837386421504,0.6998187547513861,-0.25252558246835255,0.11868688547092522,0.45647185870805784,-0.12809294768831922,0.13296121575777187,-0.20213996163290548,-0.20911526210057263,0.08512066017073723,-0.10031915968136008,0.06684779103746225,0.20376072146477892,0.41822465239629025,-0.11616437931741277,-0.15465788186733953,-0.286471639982179,0.30857220654391093,0.18742737024647926
-0.6913365594653919,-0.5464085814389471,0.2926331479786806,-0.18987781267438728,1.0,0.5390591760644489,-0.12608227972667002,0.6073261659120643,-0.5335079001265353,0.5691458825751798,0.5175483809162071,-0.2547704340913874,-0.17659844580710887,-0.5864887222946356,-0.4099694645972463,-0.515251338752957,-0.14119530291232413,0.2921735960649409,0.6472520472080102,-0.06399625088547249,-0.060822355920812796,0.27999461956592514,-0.6936396263176197,0.27999461956592514,-0.36153920649395954,0.9441640473578582,0.4959067144568689,-0.08280534507656545,0.544324798960904,-0.5652828182011106,0.4190208168760322,0.44937143538802166,-0.19259893895731306,-0.2356978270430864,-0.5124247619735549,-0.3080277667866676,-0.3719985134759931,-0.12271960213748914,0.394839166062067,0.5665151038329067,-0.013537951124717496,0.025040408956011378,-0.6645236811246383,-0.7161134432827863,0.21882015411780448,-0.42335084108792037,0.9438476117571831,0.5025288047165182,-0.254943825472725,0.5287819994229477,-0.5651159012094604,0.5259304514638633,0.35378122696393177,-0.2926617976880742,-0.19697206527187855,-0.5538076365558727,-0.42970958407072624,-0.18910254960173142,-0.2122189222791593,0.37672991959435587,0.5964174748055424,-0.33155327337172424,-0.22587797352045683
0.01083842325773338,-0.4329878870298042,-0.5102423320466702,0.1492958857187787,0.5390591760644489,1.0,0.44649535294468196,0.6501574860639279,-0.6517693826036104,0.16986112180199633,0.1984353209162503,-0.471834015792637,-0.12185084193755252,-0.47878014262806023,0.01716984632172584,-0.1437491067475031,0.18447781336948355,-0.35174803702622504,0.11205275160172394,0.20866470579303692,0.07915585820043185,-0.5296222522932164,-0.6190384847463424,-0.5296222522932164,-0.11153224136985049,0.5507589509364771,0.939123038762303,0.5094834495281965,0.5716447771757361,-0.7286526287194398,0.12017130961296792,0.13077549141057213,-0.37306587963204263,-0.14472760457271377,-0.41341398373804333,0.06839471156110939,-0.06251147258134415,0.15554856188373697,-0.22867104792182064,0.03423180030993769,0.27778938164946126,0.1530135172129991,0.03794234723028436,-0.6276660594900446,-0.4894519596858253,-0.2434979748854882,0.5057691633809951,0.9460224880309055,0.29266719968963884,0.5231408060734662,-0.7479029486435177,0.039347671863221446,0.08736382252807248,-0.5282400550187737,-0.13205456286648437,-0.40283412549454284,0.058942096509934185,-0.011932782623620497,0.06814022065844262,-0.22442430717924164,0.05782449960497488,0.2046633983348572,-0.06674321004259663
0.5110396143500513,0.36265818300020586,-0.7302615644710199,0.48188268209053625,-0.12608227972667002,0.44649535294468196,1.0,0.04849855607134406,-0.020911821647883005,-0.3169125877116705,-0.08366263860024077,0.2984749826772656,0.2277343428137551,-0.13779850534858898,0.5200916113305654,0.3255789927154777,0.4298353072049173,-0.43484031048877353,-0.5833577393830852,-0.3404268593186992,0.14245497173141003,-0.69854448862084,0.11957979335647402,-0.69854448862084,0.24417056313081573,-0.09234506673049742,0.35793874807334813,0.9333099961132403,-0.013048829324547744,-0.13603921019483253,-0.28740537686952355,-0.07433418031251394,0.22114736986357622,0.2285112767472696,-0.08948242823077877,0.46992354407205067,0.3961922261835705,0.3118804605488441,-0.427126944017059,-0.6355350799206283,-0.286146774399482,0.14221327261207717,0.5302888811895541,0.12312031168292702,-0.5753716040789553,0.2448066569831884,-0.12856986053628838,0.2968776758197711,0.8843548363056681,-0.139399521959005,-0.14462751401469287,-0.4873955798731628,-0.24463014076063386,0.20634522929747026,0.13072835431189853,-0.1370137032745306,0.4359146513847217,0.390298783376751,0.22353539000003364,-0.4046043545041728,-0.654865648971962,0.2844493953647629,0.020333523555214908
-0.2011684245798122,-0.5498140909202244,0.04496379948652656,-0.14336676639856902,0.6073261659120643,0.6501574860639279,0.04849855607134406,1.0,-0.5047063309896647,0.11950971714377348,0.5263376126104053,-0.5472772734088075,0.03971787064932712,-0.5771461299411221,-0.37751343609011484,-0.5329346042399163,-0.13470109742246683,0.040030715939538636,0.47722096299135636,0.17734058921419002,0.026656542284506937,0.020595587848463628,-0.6029449207603211,0.020595587848463628,-0.3020160522570437,0.625232678920955,0.5873620701111338,0.08304577294967827,0.8678659253935052,-0.5137445004052024,0.08578215955662233,0.521451896226686,-0.44793700932394975,0.0037694004717498627,-0.5359806740235545,-0.33270267078935734,-0.44696558515839235,-0.13420563211382802,0.14991822745941127,0.40363976324676176,0.2897322630452428,0.14328141030893576,-0.16621878388602276,-0.6281994806253566,0.017852400558928148,-0.4922489942911048,0.5937142166404262,0.5968436948280251,-0.08450610472693254,0.895374540617941,-0.4885749842706264,0.11040947986916878,0.41544635807872393,-0.46657503455372584,-0.015201009358391079,-0.4423532290244487,-0.3616820866978174,-0.18907835390517228,-0.1987175343462079,0.14846084678110544,0.39398562666381026,-0.05621824537214787,-0.1630797670517762
0.2501419793866404,0.6841734190331454,0.3271981640985076,0.22293930661441308,-0.5335079001265353,-0.6517693826036104,-0.020911821647883005,-0.5047063309896647,1.0,-0.10192997906418187,-0.06461081519407806,0.4961455424883865,0.1730333298245021,0.3369949374986761,0.1359190019489465,0.26316048035232253,0.02573387116666277,0.25587991784684416,-0.050485272475373405,-0.24733335803573342,0.24534852331734047,0.2765411244651664,0.6593924970628787,0.2765411244651664,0.29617818323648043,-0.5806645162956037,-0.661177596857981,-0.12342881901958645,-0.459244621450347,0.9313807751308677,0.014008331173874285,-0.03141464480624043,0.4784085216173688,0.17390578551775732,0.30415221424455396,0.06479729963877714,0.20006254201846363,-0.03164963973453155,0.17873970638904677,-0.02382350516929689,-0.23165449696774562,0.17010203233835364,0.22124310502424263,0.6052893266440885,0.41965703686880074,0.3721333616232544,-0.6235062781098685,-0.71846931193671,-0.032079214291752305,-0.46684495019518035,0.8955037221181478,-0.07431217293952506,-0.1644130556041868,0.4961868846934798,0.043685961575427625,0.2134058243180023,0.0026174323142385326,0.29642443716165945,0.012231460721326883,0.14920192501540813,-0.21413240626491528,-0.14521748727102032,0.2398193555072275
-0.6002351609442275,-0.15481954078791121,0.3903477723910981,-0.16823482396792575,0.5691458825751798,0.16986112180199633,-0.3169125877116705,0.11950971714377348,-0.10192997906418187,1.0,0.08648746879017703,0.08925089358017271,-0.3776776500622748,0.05845587815412126,-0.2764576475004788,-0.40244148229241433,-0.3542820425153449,0.08761715360286552,0.4948386124059368,-0.03029874548795385,-0.21127658018871323,0.36250683271173634,-0.23444281322708524,0.36250683271173634,-0.31086668211573526,0.5139612240440952,0.22479793706923543,-0.3266834484432078,0.09300785245440386,-0.09234258887124698,0.7562718106787895,0.10578263124717152,0.07442481954350763,-0.4047050513183662,0.07525713681266326,-0.256167739080654,-0.3638236899021235,-0.329955481323291,0.1935309265188014,0.48864520561959435,-0.061961418419361064,-0.1492565645548903,-0.4900234340499375,-0.25465570216550776,0.3235517790627403,-0.327780977176534,0.4168918033798195,0.15711218853341802,-0.4237563028271008,0.04909860647142505,-0.16883038507011605,0.9005800990249666,-0.10348717703708357,0.02036533849643203,-0.32145689624515733,0.027360348118199342,-0.2607852022289978,-0.2691518453849803,-0.2405881465034484,0.24954484887962944,0.45275688730798724,-0.5631559544965348,-0.23774712084099453
-0.43847473610065085,-0.31956133832477585,0.39280601986925234,-0.14184043966732537,0.5175483809162071,0.1984353209162503,-0.08366263860024077,0.5263376126104053,-0.06461081519407806,0.08648746879017703,1.0,-0.16929317886589876,0.3207127912923913,-0.5163986931288016,-0.46909327453246424,-0.3520713750183536,0.06094982140879782,0.6121938057600128,0.5396465877329848,-0.09247466281921686,0.06779973426206307,0.38491676701473154,-0.4132545034244727,0.38491676701473154,-0.403419486994702,0.5639836000905448,0.07709415624471821,-0.08435482179314918,0.4688171805762463,-0.1176269275248163,0.12002836938428367,0.9021025611437375,-0.04723979427884966,0.26522095565580245,-0.49298472943402916,-0.4414233498723584,-0.2815976851926161,0.06963637039810129,0.5974196934850668,0.4940563026075966,-0.013691066581830192,0.11639520476465784,-0.47289121917628135,-0.3926127504044531,0.4576323820907578,-0.4007186912545615,0.4417106069234002,0.09119173755859594,-0.08679824240384641,0.4774235312728564,-0.18695889214556674,0.0794579051428205,0.8262636100028611,-0.21954822694064158,0.1915995398586265,-0.6159341635655633,-0.5325243690654494,-0.011771154760519957,-0.06634023580941059,0.5341719780577763,0.48209665946436026,-0.19879125386683702,-0.13613809830195026
0.1272145641054468,0.6513222634194317,0.14276863380437915,0.0800161392747345,-0.2547704340913874,-0.471834015792637,0.2984749826772656,-0.5472772734088075,0.4961455424883865,0.08925089358017271,-0.16929317886589876,1.0,0.10439061534212667,0.3005111478977404,0.39831010154064633,0.08155309884201915,0.10948148459541057,-0.028780215658724614,-0.40809540169396913,-0.6898819835796423,-0.22947811701166293,0.17802557956152984,0.5093729487721614,0.17802557956152984,-0.04013655108882035,-0.2829129465195611,-0.4274829060432033,0.21897620509557605,-0.5150018295557699,0.4635094391967773,0.05575131629086504,-0.17209978066266035,0.7707429617915429,0.10894640599631895,0.2794632290548278,0.3217123866031954,0.08208459294830614,0.035476516666875436,-0.10667111605760987,-0.44689863038579075,-0.7332357589195844,-0.24153625841929152,0.08151906195673968,0.5381276301000986,0.20711413711675292,0.10925504789553613,-0.3205421286585093,-0.5421629690296917,0.21043539342469572,-0.6193969855046757,0.4197531870213651,0.01741242750124021,-0.3358670993949264,0.8940629269328355,0.0888637306841103,0.19720140292153648,0.2481795727445512,0.15443775851473976,0.04347360030864516,-0.07401687798066103,-0.49506649649047585,-0.44690911726833177,-0.2661591357013787
0.0002903191477958488,0.23704635655066564,-0.01010864521775096,-0.006975154967213995,-0.17659844580710887,-0.12185084193755252,0.2277343428137551,0.03971787064932712,0.1730333298245021,-0.3776776500622748,0.3207127912923913,0.10439061534212667,1.0,-0.09813121718271088,-0.11888975794639126,0.2485678548520548,0.26757695904640977,0.3697178236580032,-0.1744465777035369,-0.22255261851419966,0.08419175092630446,0.051664066249209856,0.2544262810435342,0.051664066249209856,0.03387450123005925,-0.18031476819942807,-0.13765711486811702,0.20471180763656638,0.023497935076637052,0.10151788268262155,-0.359091551347152,0.3188732393565558,0.08260359267726886,0.9788898415044311,-0.10490294315541539,-0.11091079895961943,0.2735530503254789,0.23703603958591962,0.2860371704282614,-0.1263564401990692,-0.17255619569847566,0.15112978671145755,0.08994866945811565,0.34899522174896497,0.17192782409200796,0.1218115373587324,-0.10883234302369751,-0.240636630783983,0.3645766928710105,-0.037060629054691006,0.12181731980389311,-0.519449645118357,0.32518712587280135,-0.027491193301707656,0.9391671717905976,-0.1926954770798073,-0.12291502733299857,0.33776954321582814,0.24138406314052596,0.24371805871558766,-0.11842096113010146,0.20141625116073947,0.043559063121182136
0.25786076999293206,0.49176876672223807,-0.056280413117189815,-0.008918785351478269,-0.5864887222946356,-0.47878014262806023,-0.13779850534858898,-0.5771461299411221,0.3369949374986761,0.05845587815412126,-0.5163986931288016,0.3005111478977404,-0.09813121718271088,1.0,0.37711021582030096,0.4258347753783782,-0.1512987274163617,-0.3448563880497282,-0.3984998099396206,0.2142417187281963,-0.2114572386957987,-0.006975116949049391,0.6039200715155526,-0.006975116949049391,0.13888285030273734,-0.5915511512794752,-0.3652285751684858,-0.22471534649547642,-0.526921970122249,0.38358043409486664,0.12458320418320326,-0.45043305535906225,0.2968147233245992,-0.028791332021190115,0.9444529777166598,0.2999222648448747,0.3304678813331453,-0.1229612563553932,-0.4414528027345402,-0.277040583759456,0.0906550493027701,-0.28376790704366145,0.42593506074437787,0.6166950379493038,-0.039261113839481686,0.18419569146525927,-0.6101089216796319,-0.4184785168061018,0.05590232120722832,-0.6347368197543535,0.3292186139173076,0.030900145070958496,-0.4835651708803289,0.2797425406512352,-0.08446299766538304,0.8873924684769033,0.2880830521070515,-0.06453521559724146,-0.011424411465567483,-0.4290977278512911,-0.327567264425288,0.16239401623150546,-0.0832518666735444
0.6931714255683771,0.5124016718342828,-0.4856654803139252,0.35660191608465003,-0.4099694645972463,0.01716984632172584,0.5200916113305654,-0.37751343609011484,0.1359190019489465,-0.2764576475004788,-0.46909327453246424,0.39831010154064633,-0.11888975794639126,0.37711021582030096,1.0,0.5635810800210908,0.336330881687512,-0.5268815003228863,-0.481641738361565,0.04795236880164797,0.03544073326300182,-0.46059693293231063,0.476210433037914,-0.46059693293231063,0.3620049898611257,-0.3931406809945385,0.037006671562983116,0.496916587835591,-0.4096393205753813,0.1447504173217195,-0.240733460016329,-0.4916714963425975,0.25559393864065216,-0.06860667752153353,0.4166699101884743,0.9390011275719036,0.532663912936398,0.30265298876003616,-0.559999112047811,-0.5150930871774302,0.01102629091908329,-0.08178456512005489,0.656678207532383,0.47587177355271193,-0.4624806361687692,0.41730165870079566,-0.39654646608730426,0.04087095801874952,0.5048269741005876,-0.4831088082801402,0.09675223899728584,-0.3404555512519229,-0.4274633783086701,0.30934262715656363,-0.12858992378347475,0.38895832087185134,0.8202278143581153,0.17819117620373426,0.20693410591090644,-0.565195983413768,-0.5921780025234318,0.3047861747268899,-3.893758396840336e-05
0.34888283361327355,0.4416575129116045,-0.5010448639590113,0.42132223805682684,-0.515251338752957,-0.1437491067475031,0.3255789927154777,-0.5329346042399163,0.26316048035232253,-0.40244148229241433,-0.3520713750183536,0.08155309884201915,0.2485678548520548,0.4258347753783782,0.5635810800210908,1.0,0.2969755733860281,-0.06429961452168916,-0.4730919867705737,0.1364706101786891,0.09753374922145479,-0.43157267075038136,0.46844310109239423,-0.43157267075038136,0.5391889392554244,-0.4754224597608792,-0.1759446790443465,0.34516733301343366,-0.6064235099337226,0.24499235419429774,-0.3152743117498259,-0.30256709618150535,0.056566019446633906,0.2972124277409669,0.4339171895536768,0.5748494939289868,0.9447836188376167,0.30196083561544335,-0.12137124977566482,-0.3630598503676066,0.1245337147244196,-0.03972221316803363,0.42650895973837255,0.4914046872763134,-0.34466489426418295,0.5787249293054295,-0.46306967166802715,-0.14463798860842944,0.5489475046767679,-0.6474738541822045,0.257633234558807,-0.42391514892997956,-0.17415210686745602,0.0014459369428188077,0.21703860178014323,0.37474854578391864,0.5116635602222317,0.6148682584651439,0.27568375424397257,-0.1437918971933235,-0.3809580807860902,0.7120155917002241,0.24086271290175057
0.3507945656787228,0.12141590307914078,-0.33343110732173525,0.039569855736758724,-0.14119530291232413,0.18447781336948355,0.4298353072049173,-0.13470109742246683,0.02573387116666277,-0.3542820425153449,0.06094982140879782,0.10948148459541057,0.26757695904640977,-0.1512987274163617,0.336330881687512,0.2969755733860281,1.0,-0.013852045904569253,-0.2766425533593928,-0.14654941412585323,0.36144844408133625,-0.310854543837957,0.13972505045273237,-0.310854543837957,0.08213846982418452,-0.10277727662365882,0.16153199798087053,0.51006236384188,-0.1478650266771294,0.006549554521632954,-0.2770220277586065,0.05885574455376613,-0.0002774586807632108,0.24416283620687876,-0.12299126126534492,0.4116682647793411,0.2821816053695047,0.9775298390453424,-0.010992938887702981,-0.31640457473055267,-0.0865250532945081,0.3659510506257967,0.3137480039434713,0.18051508194084342,-0.17737214651909997,0.21582122646454877,-0.07958724568822464,0.21736170092379434,0.4223237418667685,-0.06685756653481373,-0.05418707996154118,-0.4343665116289876,0.17320068329509103,0.027002486788221838,0.2785861149752174,-0.19778412104415904,0.2648798587061475,0.29734167875384165,0.9038376021300664,-0.013702145898636213,-0.31315330286996274,0.15522976719083437,0.32449226810238013
-0.6309394218480633,-0.10830243330907521,0.6526093010658273,-0.1742959438373449,0.2921735960649409,-0.35174803702622504,-0.43484031048877353,0.040030715939538636,0.25587991784684416,0.08761715360286552,0.6121938057600128,-0.028780215658724614,0.3697178236580032,-0.3448563880497282,-0.5268815003228863,-0.06429961452168916,-0.013852045904569253,1.0,0.5331336056344023,-0.2209776602347256,0.16630288092162007,0.669946809039938,-0.06976243831237583,0.669946809039938,-0.10978655032458448,0.2797226033099263,-0.4385766155321636,-0.4037309351103706,0.0130548295753147,0.2825614642449548,0.11546171808107138,0.6293374413079171,0.05214194559190748,0.3055318191502264,-0.321929035550743,-0.4570485234755931,-0.02355822412440752,0.03839601990692988,0.9711640761791025,0.5610362633443815,-0.16680910003584434,0.1608275445494859,-0.6511536168025034,-0.06359236768901942,0.7190588140430351,-0.06324033687932751,0.28367975643473897,-0.40010858582431136,-0.3419431603961012,0.082691134969867,0.25138231929475224,0.18726907433881754,0.630432815922059,-0.011506926884564655,0.3037919864548931,-0.43663878315461885,-0.5519328374253188,0.19415793231546366,-0.008254029864679454,0.9188387308521052,0.533912530959402,-0.20762987635026814,0.16583143763991554
-0.5610841191523126,-0.41641250394001444,0.6786845074295248,-0.21052449131062198,0.6472520472080102,0.11205275160172394,-0.5833577393830852,0.47722096299135636,-0.050485272475373405,0.4948386124059368,0.5396465877329848,-0.40809540169396913,-0.1744465777035369,-0.3984998099396206,-0.481641738361565,-0.4730919867705737,-0.2766425533593928,0.5331336056344023,1.0,0.29099144611082145,0.22220500464793252,0.6050356638121335,-0.34991517324129995,0.6050356638121335,-0.1530266312254012,0.5988104340358859,0.07985508592214847,-0.553166887552178,0.46416529108146254,-0.0423090063628084,0.42201782934338067,0.4986821155261131,-0.2943342587008889,-0.20593520484086386,-0.35262797800648277,-0.3863951147294174,-0.42851796271153536,-0.2158078474370811,0.6268300330913552,0.9579902185271068,0.36236923708006463,0.25087134915359993,-0.5760949494934026,-0.40118132655743677,0.5596246427637364,-0.22696776919563655,0.559173810964771,0.13061875818407329,-0.6462391338885822,0.541429794660533,-0.03471957035446624,0.5754780363669977,0.484010216992033,-0.3935073797596965,-0.205446137967385,-0.3840785085302388,-0.5186743790436467,-0.29321466504235266,-0.27184771607147845,0.5728813688964495,0.8951940521236812,-0.3225491571764848,0.105980471194538
0.14730494700600624,-0.3818088350622314,-0.11298032940027022,-0.019520117737658903,-0.06399625088547249,0.20866470579303692,-0.3404268593186992,0.17734058921419002,-0.24733335803573342,-0.03029874548795385,-0.09247466281921686,-0.6898819835796423,-0.22255261851419966,0.2142417187281963,0.04795236880164797,0.1364706101786891,-0.14654941412585323,-0.2209776602347256,0.29099144611082145,1.0,0.06373694806294497,-0.11168029797487657,-0.14789640691799524,-0.11168029797487657,0.15298200201827292,-0.028115375003716497,0.3023021499800731,-0.29896187674107944,0.26761782651782573,-0.20921523905618694,0.12275875808117803,-0.10681679294175354,-0.43061523561231113,-0.16071788221470543,0.2626320363621459,0.06496139995461665,0.09573226813650147,-0.05667505976673104,-0.20204616450082633,0.3526174612226653,0.9683611784999697,0.008625744336807482,0.20691560132137185,-0.14786124586645885,-0.2200498708405348,0.06727090510122427,0.008044205927062223,0.3431670320305316,-0.18283117762635612,0.251788803688785,-0.13856530546597856,-0.02185822929612351,0.14218676019408977,-0.7266953061136229,-0.15114474028366595,0.20199025528855083,0.11738771419989848,-0.4220732430498846,-0.024480531555780904,-0.27114781998015514,0.3827906170306921,0.5027706045361441,0.16240991328468224
0.22507048697542695,0.16213303878333576,-0.0269356392183423,0.19643763630665056,-0.060822355920812796,0.07915585820043185,0.14245497173141003,0.026656542284506937,0.24534852331734047,-0.21127658018871323,0.06779973426206307,-0.22947811701166293,0.08419175092630446,-0.2114572386957987,0.03544073326300182,0.09753374922145479,0.36144844408133625,0.16630288092162007,0.22220500464793252,0.06373694806294497,1.0,-0.10736156910642669,0.16450685862766615,-0.10736156910642669,0.4256112921273044,-0.10497350213195203,-0.011002043812480438,0.10361432714457669,0.14222423359742112,0.24329782174611678,-0.02363504620008791,0.16836300648579675,-0.07438637274088859,0.048081286163233615,-0.1375746135448701,0.1328004153504343,0.15016293443160353,0.3234371542959841,0.199127242864708,0.22233241723019254,0.16562521346233153,0.9626901483343562,0.2196459715153714,0.10348281618865748,0.00670905471659392,0.4186231692415445,-0.056374384595866245,0.012945426056679104,0.05723103773036461,0.13336506052872882,0.16292756173517753,-0.10957352368332723,0.012712690414684513,-0.11848219217621828,-0.01779449425770934,-0.19844390566251302,-0.11807749483981131,0.14300816192455928,0.25245026513962837,0.14842251522858566,0.05822501518191965,0.20412819823848324,0.89331587878088
-0.5740625739117858,-0.06273680868555719,0.9639721647888423,-0.38148681523432065,0.27999461956592514,-0.5296222522932164,-0.69854448862084,0.020595587848463628,0.2765411244651664,0.36250683271173634,0.38491676701473154,0.17802557956152984,0.051664066249209856,-0.006975116949049391,-0.46059693293231063,-0.43157267075038136,-0.310854543837957,0.669946809039938,0.6050356638121335,-0.11168029797487657,-0.10736156910642669,1.0,0.029722230484470105,1.0,-0.28563157226670655,0.2219861327289759,-0.4717643310468504,-0.691298763197498,0.08410165450149533,0.3533209258450309,0.3746004369415075,0.3967141685610802,0.22910982135204677,0.052642483622477594,0.00039760299484103273,-0.4022043936238319,-0.4089753725718237,-0.24953606454950122,0.6346165409494815,0.6168268172574003,-0.12196730507765431,-0.05228489666133002,-0.5797030879561478,0.06487288168432727,0.9399734916495885,-0.22968672679503227,0.2395183334738107,-0.4683802090519371,-0.691920236194695,0.13148837299808502,0.32635399154703215,0.466528612856118,0.3663514061002074,0.2045306796378623,0.05313929105343962,-0.09193917088639961,-0.47709835988651617,-0.23632413502672864,-0.21585878377182938,0.5879456931464074,0.5585917699314396,-0.5987031134915001,-0.09847460704818242
0.4883656435135187,0.864211611610086,0.011700329023324404,0.2879355320868679,-0.6936396263176197,-0.6190384847463424,0.11957979335647402,-0.6029449207603211,0.6593924970628787,-0.23444281322708524,-0.4132545034244727,0.5093729487721614,0.2544262810435342,0.6039200715155526,0.476210433037914,0.46844310109239423,0.13972505045273237,-0.06976243831237583,-0.34991517324129995,-0.14789640691799524,0.16450685862766615,0.029722230484470105,1.0,0.02972223048447011,0.5344936066446964,-0.7049543623660376,-0.5775516965805655,0.03814786264539117,-0.5464471850489993,0.6359564596285576,-0.2730215062438015,-0.33551587156024326,0.4023801509617415,0.3043303994646247,0.6101058908732467,0.40842166550116105,0.4127524595229565,0.1321548312634931,-0.13611941558307045,-0.2675546885415513,-0.15765657019399532,0.10324444207728191,0.5657674376308113,0.9377127109914674,0.10487140006236473,0.581042140028809,-0.7233372590556472,-0.6163187571403839,0.22927141220065164,-0.5700922452251757,0.6376921737998947,-0.26447075022439076,-0.37844680898255234,0.49154523876509953,0.21570223990099366,0.5701525086750913,0.34586926630619685,0.24797187156781078,0.11725137363219021,-0.11301139550930715,-0.3972199147544269,0.06063370472116771,0.2016255335752826
-0.5740625739117858,-0.06273680868555719,0.9639721647888423,-0.38148681523432065,0.27999461956592514,-0.5296222522932164,-0.69854448862084,0.020595587848463628,0.2765411244651664,0.36250683271173634,0.38491676701473154,0.17802557956152984,0.051664066249209856,-0.006975116949049391,-0.46059693293231063,-0.43157267075038136,-0.310854543837957,0.669946809039938,0.6050356638121335,-0.11168029797487657,-0.10736156910642669,1.0,0.02972223048447011,1.0,-0.28563157226670655,0.2219861327289759,-0.4717643310468504,-0.691298763197498,0.08410165450149533,0.3533209258450309,0.3746004369415075,0.3967141685610802,0.22910982135204677,0.052642483622477594,0.00039760299484103273,-0.4022043936238319,-0.4089753725718237,-0.24953606454950122,0.6346165409494815,0.6168268172574003,-0.12196730507765431,-0.05228489666133002,-0.5797030879561478,0.06487288168432727,0.9399734916495885,-0.22968672679503227,0.2395183334738107,-0.4683802090519371,-0.691920236194695,0.13148837299808502,0.32635399154703215,0.466528612856118,0.3663514061002074,0.2045306796378623,0.05313929105343962,-0.09193917088639961,-0.47709835988651617,-0.23632413502672864,-0.21585878377182938,0.5879456931464074,0.5585917699314396,-0.5987031134915001,-0.09847460704818242
0.4114759748544617,0.4970988938512675,-0.2762904659206949,0.7931978151341508,-0.36153920649395954,-0.11153224136985049,0.24417056313081573,-0.3020160522570437,0.29617818323648043,-0.31086668211573526,-0.403419486994702,-0.04013655108882035,0.03387450123005925,0.13888285030273734,0.3620049898611257,0.5391889392554244,0.08213846982418452,-0.10978655032458448,-0.1530266312254012,0.15298200201827292,0.4256112921273044,-0.28563157226670655,0.5344936066446964,-0.28563157226670655,1.0,-0.31357371158848724,-0.09934490641225924,0.2575627911595036,-0.2571393467786053,0.2172979829933446,-0.37689900224650214,-0.2949446417799577,-0.0006542947947446562,0.08450983963376595,0.2398323827105389,0.40501866089405547,0.561080421861915,0.06355519814937227,-0.09040147367511461,-0.06684030379657553,0.2107264007546836,0.3274242474643262,0.45936720061186365,0.4217063967207895,-0.2689374735596088,0.9197291943911936,-0.346117738450908,-0.08098049938860297,0.31193646841072903,-0.2012694219865307,0.34359958782314554,-0.2655093029417604,-0.3009663827607844,0.03595308646446715,-0.00967205816302276,0.2757085015799486,0.2259505582308433,0.3801855544991644,-0.005997680491354597,-0.1016461258358562,-0.1935703454246309,0.44607401270085456,0.4857870414764091
-0.6637344246216365,-0.5893350284707052,0.22818134524784198,-0.11889520425304839,0.9441640473578582,0.5507589509364771,-0.09234506673049742,0.625232678920955,-0.5806645162956037,0.5139612240440952,0.5639836000905448,-0.2829129465195611,-0.18031476819942807,-0.5915511512794752,-0.3931406809945385,-0.4754224597608792,-0.10277727662365882,0.2797226033099263,0.5988104340358859,-0.028115375003716497,-0.10497350213195203,0.2219861327289759,-0.7049543623660376,0.2219861327289759,-0.31357371158848724,1.0,0.4985694800115287,-0.02663086923864102,0.5223043012874169,-0.6022490715357934,0.34890378579560805,0.5343052274310395,-0.2491986120904794,-0.23186613216346458,-0.5153680330839313,-0.30291837346772676,-0.3395866476428572,-0.08464421973425452,0.38749899897039014,0.5230772442392045,0.02241628979858579,-0.030425487759524795,-0.6399518542072997,-0.715734941290634,0.1454877305249618,-0.3767244228529848,0.9023805940593156,0.5147025721667665,-0.20245942410158752,0.5460419595805219,-0.5769574555342165,0.4810838032047543,0.41870601206396735,-0.3038370347495057,-0.17330777795454796,-0.5269404409274677,-0.42361154212785224,-0.167905771959994,-0.15174025665014765,0.37416081207459817,0.5857051990041873,-0.2643009124488729,-0.2457817544861991
0.03015929929172159,-0.4322593144935913,-0.45897713799291956,0.12430977673492406,0.4959067144568689,0.939123038762303,0.35793874807334813,0.5873620701111338,-0.661177596857981,0.22479793706923543,0.07709415624471821,-0.4274829060432033,-0.13765711486811702,-0.3652285751684858,0.037006671562983116,-0.1759446790443465,0.16153199798087053,-0.4385766155321636,0.07985508592214847,0.3023021499800731,-0.011002043812480438,-0.4717643310468504,-0.5775516965805655,-0.4717643310468504,-0.09934490641225924,0.4985694800115287,1.0,0.4593019702351474,0.5896458058155419,-0.7098419096011864,0.2019247088713895,0.03218590908201613,-0.2980204334419492,-0.14571925388211734,-0.27496269499748593,0.10151537933623937,-0.09285139072216235,0.14806330221681285,-0.3212970488394991,0.015237683793225428,0.36293597804329386,0.08448842216296985,0.07135049620058113,-0.5894990663096732,-0.4688708851564385,-0.22877918386610302,0.5032740556907993,0.9406178159075639,0.21692972163811852,0.5169927481047492,-0.7208495288150599,0.06595618170332905,0.0324151808331067,-0.5064707462394411,-0.08221516741951077,-0.27293208405168073,0.0693343008056835,-0.12802287424353387,0.12005761679467238,-0.3165925036688098,0.038567925684477554,0.17099396039205597,-0.11594541176137496
0.4764750284973816,0.23112537404242975,-0.7467471751553276,0.47981635527835725,-0.08280534507656545,0.5094834495281965,0.9333099961132403,0.08304577294967827,-0.12342881901958645,-0.3266834484432078,-0.08435482179314918,0.21897620509557605,0.20471180763656638,-0.22471534649547642,0.496916587835591,0.34516733301343366,0.51006236384188,-0.4037309351103706,-0.553166887552178,-0.29896187674107944,0.10361432714457669,-0.691298763197498,0.03814786264539117,-0.691298763197498,0.2575627911595036,-0.02663086923864102,0.4593019702351474,1.0,0.042333332724354494,-0.2029618485606811,-0.2714564810633065,-0.02025242918999294,0.18369460743814894,0.21757581762893696,-0.1338556755985123,0.5068147916372576,0.4311103618965771,0.433651521887331,-0.3662609258986228,-0.5848904463467849,-0.21113593783080328,0.1320272954640211,0.4799593493084002,0.045733718265156556,-0.5626962971342027,0.21543547147693673,-0.037768448652327834,0.4184769764966798,0.8513626721463162,-0.047751193759490614,-0.167434822581412,-0.43445853997207545,-0.10975376328726799,0.17584062301288367,0.17885121510861485,-0.13275548791408887,0.452268290459685,0.4924364797542259,0.33662265326508073,-0.3208820645730185,-0.6132010575515595,0.29370105705845423,0.02585731661793614
-0.1441637602793712,-0.5378347144582541,0.09748900776866037,-0.18874240305099504,0.544324798960904,0.5716447771757361,-0.013048829324547744,0.8678659253935052,-0.459244621450347,0.09300785245440386,0.4688171805762463,-0.5150018295557699,0.023497935076637052,-0.526921970122249,-0.4096393205753813,-0.6064235099337226,-0.1478650266771294,0.0130548295753147,0.46416529108146254,0.26761782651782573,0.14222423359742112,0.08410165450149533,-0.5464471850489993,0.08410165450149533,-0.2571393467786053,0.5223043012874169,0.5896458058155419,0.042333332724354494,1.0,-0.45589628303875024,0.2705492202941552,0.4909229439859634,-0.18803488585706998,-0.00020627723575550961,-0.41828819697634845,-0.38153656494949084,-0.4719434754986889,-0.1268942033362352,0.08731265935017023,0.39787430645266264,0.3819795258383309,0.2742481829763661,-0.10276970783890041,-0.6021654657882238,0.05727370418085919,-0.45440132852134596,0.5798702337485577,0.540593795736551,-0.11759795183000143,0.8932263353711004,-0.42213096046113047,0.09348600576570851,0.39894551763192637,-0.4437567229511001,0.002307890220686072,-0.4377215596657772,-0.3697960491970068,-0.3808503317165238,-0.17988729122421987,0.059175220102659604,0.36415189984893254,-0.05316492520294331,-0.031060556012641467
0.20168173773942813,0.5979987691727554,0.37847369616950965,0.10158765647388844,-0.5652828182011106,-0.7286526287194398,-0.13603921019483253,-0.5137445004052024,0.9313807751308677,-0.09234258887124698,-0.1176269275248163,0.4635094391967773,0.10151788268262155,0.38358043409486664,0.1447504173217195,0.24499235419429774,0.006549554521632954,0.2825614642449548,-0.0423090063628084,-0.20921523905618694,0.24329782174611678,0.3533209258450309,0.6359564596285576,0.3533209258450309,0.2172979829933446,-0.6022490715357934,-0.7098419096011864,-0.2029618485606811,-0.45589628303875024,1.0,0.07512374403133731,-0.00961798877762751,0.42667506080701345,0.11328736192324429,0.33950592152575343,0.08980341879457779,0.16003410922454073,-0.01098378059603602,0.21189329575408467,-0.016428355387092218,-0.1946718317013377,0.16483576483433796,0.1860680537882838,0.6228565168465151,0.45871062592703127,0.3048507570214587,-0.6042474570033355,-0.7422512450518537,-0.11945088015785056,-0.4393022087977781,0.8931001189742682,-0.0076528105226956146,-0.11834537023356881,0.5060083031619772,0.025389041432478044,0.2830308539313394,0.04262981818153841,0.24717152682296198,0.08592010836056749,0.20098442563368069,-0.17676188228275128,-0.1788718453387475,0.30858716202212816
-0.4776786187709784,-0.21902612582069222,0.3622629597291042,-0.31634923698855416,0.4190208168760322,0.12017130961296792,-0.28740537686952355,0.08578215955662233,0.014008331173874285,0.7562718106787895,0.12002836938428367,0.05575131629086504,-0.359091551347152,0.12458320418320326,-0.240733460016329,-0.3152743117498259,-0.2770220277586065,0.11546171808107138,0.42201782934338067,0.12275875808117803,-0.02363504620008791,0.3746004369415075,-0.2730215062438015,0.3746004369415075,-0.37689900224650214,0.34890378579560805,0.2019247088713895,-0.2714564810633065,0.2705492202941552,0.07512374403133731,1.0,0.20844390441242686,0.3524745345493431,-0.3693490198304538,0.19445419181796436,-0.23651428839162492,-0.2314610019190386,-0.24030132925814918,0.16029201559659373,0.4035333162243424,0.1117862245647388,0.026538268837751674,-0.36451628704807015,-0.282759892852532,0.34564056663846154,-0.42365564686159185,0.35334898003173465,0.09016461967520148,-0.3698611666419302,0.03710628769848841,-0.01563625114763596,0.747433897590906,-0.016304208599707534,0.019759246352549338,-0.31489079195741476,-0.004719354915314942,-0.2326805266377395,-0.3447187735610853,-0.1293683861396646,0.14797810012811377,0.3494987995888275,-0.35812732948967224,-0.02718004627346183
