Fp1,Fz,F3,F7,FT9,FC5,FC1,C3,T7,TP9,CP5,CP1,Pz,P3,P7,O1,Oz,P8,TP10,CP6,CP2,C4,T8,FT10,FC6,FC2,F4,F8,Fp2,AF7,AF3,AFz,F1,F5,FT7,FC3,FCz,C1,C5,TP7,CP3,P1,P5,PO7,PO3,POz,PO4,PO8,P6,P2,CPz,CP4,TP8,FC4,FT8,F6,F2,AF4,AF8,O2,P4,C6,C2
1.0,0.6947660875959156,0.2825706741608463,-0.08268303400519453,-0.35448023177442556,-0.3244700008057357,-0.20443700067331383,0.2677682434395829,0.5546138990180343,0.508613131028211,0.4734763959051416,0.12243360796653166,0.1954288143131002,0.47918859471809505,0.40863393608647297,0.26247541393012763,0.5768513600094637,-0.5657071153462837,-0.18404335281208212,0.45047762375648026,-0.3192394018163055,-0.11467262757042794,0.4590983828045013,-0.11467262757042794,-0.10399723309554998,-0.31479048729597436,-0.22780413343650244,-0.22691090967392633,0.15530439226212955,0.3731733966991184,0.39009209283544466,0.34246394180776935,-0.16538277881174163,-0.02473592604100194,0.38323141778728714,0.4740890226291352,0.25372701812304915,0.2874875194644674,-0.49159642639971307,-0.1976752640492469,0.4216183723022623,-0.4517816866626001,0.8075907465539179,0.317030719064818,0.03446066197108435,0.06368690860960513,-0.2637610667935061,-0.21525801866735783,-0.15969138259056873,0.2574030554049429,0.46470145523979156,0.44193647614917303,0.37589029492296994,-0.049881914137305305,-0.2946374924983531,0.354111242122902,0.4400695788693274,0.2673486449324825,0.5365435705293269,-0.2784445900160515,-0.03627448019517906,0.2623748593140554,-0.28153024526378256
0.6947660875959156,1.0,0.3138424230517853,0.07709561782630586,-0.17173520003117063,-0.37251115522576916,-0.24479620140497838,0.2828987070715008,0.2739258217419723,0.1482360567798814,0.23200800839623115,-0.08432397031652399,0.19164596738752576,0.7401971263295991,0.2186463997541528,0.20852228122063157,0.291404235139385,-0.37308142414214496,-0.13064253789798166,0.3532485241643964,-0.25183432643868575,0.1050529101206303,0.8464231922115312,0.1050529101206303,0.08490157481395723,-0.16511253571764586,-0.30872064096797763,-0.2604770009184546,0.2592940852117788,0.15842183988664463,0.03598999983253122,0.13829802374190056,-0.2830777020741585,-0.01998214443454694,0.5982159143864231,0.22117379321506012,0.19566878961000705,0.0517531184761498,-0.26882766612093256,-0.1802246860236653,0.30540749744399864,-0.29068318784594505,0.35088074410790393,0.09487667421216754,0.19361575612512838,0.25780944525519073,-0.15336715035356288,-0.29923552090710687,-0.24576313110372536,0.051369345525233416,0.32493499690863903,0.1533354006512837,0.09360313614376259,-0.09531947991060429,-0.20329778538027482,0.5526976038513524,0.23989228690592243,0.21937129258418844,0.2529847738989773,-0.21620081701974042,-0.07859976672129187,0.15406580423114194,-0.304443951236995
0.2825706741608463,0.3138424230517853,1.0,0.11849545173766261,0.073061676019509,-0.10840001170280736,0.00686873012887482,0.28082849857289455,0.1593870340764253,-0.013320589046043657,-0.24339083338973244,-0.012226222724151243,0.08743388735031848,0.1597629812351883,-0.26634115742718806,-0.2487848439880379,0.23208667065068952,0.2129094441456063,0.37720862501120456,0.42926679390973543,0.2723473722118947,0.5722341883559989,0.29730259267172604,0.5722341883559989,0.07086730595927587,0.17624944076018847,-0.09972450281852867,-0.026639981081096054,0.23046398377344907,0.11208706070000547,0.1238774113245065,-0.3564510850411852,-0.09252437977672036,0.2009759169949766,0.20800159123960826,-0.19097480942557574,-0.17066677315854673,0.08757451300221439,0.13669006556848878,0.27676808613249426,0.48651721250274155,0.11955904266264582,0.1975291074816083,0.2600104486490394,0.7600360232183736,-0.08898073979744243,-0.09893822979586743,-0.06468947986610973,-0.10055486376304441,0.41797754972022666,0.03870760791525333,0.13121951691011477,-0.22585410582344692,-0.1519401853038501,0.10336849719340671,0.1855606011700277,0.10034943186145488,0.07283722376155093,0.4272885313831101,-0.15570302649307854,0.3596718698344211,0.4524900810172588,0.301904826446581
-0.08268303400519453,0.07709561782630586,0.11849545173766261,1.0,0.2513079841052721,0.05464489470917569,-0.07222844554575646,-0.017024925074967726,-0.05578585157697603,0.047839430678775156,-0.028233202772920244,-0.2479620482254657,-0.10191317787197023,0.06185457971848067,-0.038412532696063845,0.24436293057107214,-0.13418153807464783,0.49455238592940276,0.4085353993607595,-0.05565652280496269,0.1701869938847417,-0.018162919718956318,0.12755761488351836,-0.018162919718956318,0.8851261641537301,0.09065806377918185,-0.09228657168197521,-0.06528205777335581,0.036538248743068415,-0.13140225698364183,0.006697102262132395,-0.24980646678273505,-0.41578324571461356,0.06549685997417576,0.06962250864260724,-0.20820909234310073,0.2993740904315637,-0.19532703226257536,0.270705070620382,0.25922178213228253,-0.05381856761791071,0.10222766360564793,-0.1444525155519053,-0.010495378911566482,-0.07980282518161957,0.6226517655950192,0.0892190479551684,0.03660892848276334,-0.21534603170457006,0.21079767928303125,-0.20187257960217103,-0.022833752695028915,-0.16195463431686502,-0.2871817175837764,0.2441405564372393,-0.027343256949985267,-0.2516822401931353,0.20021149236719232,-0.32348049465190276,-0.041421600856426925,0.365192100734779,-0.27171899564532537,0.0013694981397597294
-0.35448023177442556,-0.17173520003117063,0.073061676019509,0.2513079841052721,1.0,0.7198261240545477,0.61603169919622,0.036270267357321646,-0.4171861345757437,-0.22897713930027683,-0.0017748452293616264,0.29838419203379124,0.5204992841935008,-0.19555441950237298,0.18367302283700307,0.18813407152301143,-0.44337390520035025,0.6470631309234156,0.3021595247648463,-0.25947153974473225,0.39384113441382257,0.33510737080764497,-0.12933302608892097,0.33510737080764497,0.27985681170889837,0.8556397674965152,0.686762056142925,0.5944234750462376,-0.014714075767615895,-0.3925887598744524,-0.19001958907586985,-0.05949395271035063,0.289818365875132,0.5790310639763535,-0.16985905354734782,0.06697349479902896,0.10629821876933258,-0.4773116497450913,0.6575426014495459,0.41760227800714317,-0.17571882852712717,0.29328936740945494,-0.48653659802445226,-0.31162435529230037,0.20148978250166688,0.1837434671017647,0.8244834387801887,0.7804652000743884,0.5640306647300379,-0.1441519665435709,-0.42118951439657165,-0.18346760277068508,-0.09980169039857466,0.4069687981642302,0.6271678229266449,-0.07229506789684424,0.031540567844269084,-0.12266026550196672,-0.33653103413095786,0.6488788830071366,0.39908455420507427,-0.013332197961707056,0.4092991095950646
-0.3244700008057357,-0.37251115522576916,-0.10840001170280736,0.05464489470917569,0.7198261240545477,1.0,0.7883815025394844,0.013724930488589344,-0.2985786202432877,-0.4224136675867604,0.10952980191511603,0.4071891913945012,0.38363143251967136,-0.2942649144798329,0.021689845324454032,-0.03808513585943265,-0.34736392616055484,0.5254830451705308,0.22140775430023094,-0.3849210288295704,0.35998390301101696,0.2276706849427667,-0.33141013962597193,0.2276706849427667,0.12278153596263149,0.6805032823653306,0.8982304754118627,0.7297566211842405,-0.21996012373527132,-0.3563812690781956,-0.3947706065959241,0.16368581816619637,0.4417258686601865,0.48956372780046997,-0.23277008014621214,-0.0017372335199909972,-0.113622274340045,-0.42293317548178105,0.6293836392878659,0.3492732360267282,-0.3072213822851388,0.33152574416307623,-0.2831623228604368,-0.12031995915123106,0.03162525036943448,0.02676989590983157,0.5497808883947433,0.8994774051930912,0.6999199553587463,-0.06443508795150137,-0.2822894420381066,-0.4009396155511685,0.14839497529050263,0.5024976998042413,0.5746179444997368,-0.16549768917972024,-0.10599617528391166,-0.37852167017486144,-0.21344663959276894,0.7009540220327033,0.5323369347340533,-0.13604887547468664,0.4181416870969695
-0.20443700067331383,-0.24479620140497838,0.00686873012887482,-0.07222844554575646,0.61603169919622,0.7883815025394844,1.0,-0.07817155213309002,-0.2924367284288427,-0.39045270763634876,-0.017344232588298123,0.6921004695898235,0.4726004290256533,-0.23386063315548136,-0.011472123124686056,-0.19492552209982617,-0.3082660051869984,0.40843989005503767,0.05184958096217579,-0.4085838256635249,0.40364311328668123,0.3113514174413077,-0.13808321051963296,0.3113514174413077,0.16935094556203498,0.5123942288730906,0.6206938164412282,0.8651237959195203,-0.29049931379431815,-0.3500340164429247,-0.34744897464429825,0.018643140718698503,0.6229226542280366,0.4943392935405514,-0.14544216584203534,-0.018423082432264766,-0.2761919725101782,-0.3864293164286332,0.5165070366442711,0.11433241344353583,-0.3358606091680518,0.38454193317660773,-0.21031964688085125,-0.11923191370640132,0.16131656500327304,-0.040938678924389064,0.42664332196631755,0.6887523372398664,0.8715066788942935,-0.34172694022424926,-0.378524367230362,-0.3615047021886225,-0.06644423130644726,0.7169962653120385,0.35144708188367535,-0.13992849329995435,-0.07382646207037755,-0.5506629740842477,-0.23276293592535735,0.5674692135809759,0.41010806327805843,-0.09251405886348223,0.48085260978367617
0.2677682434395829,0.2828987070715008,0.28082849857289455,-0.017024925074967726,0.036270267357321646,0.013724930488589344,-0.07817155213309002,1.0,0.15991764712306764,-0.03096307372278524,-0.14833884082735588,-0.1907588691869086,-0.1349667698198731,0.03710537510238243,0.020293054728971572,0.06876426887186317,0.09481150058015023,0.017501356761319323,0.05768246424716293,0.37812090696121925,-0.16040036386943302,0.04565799281867715,0.1532759876043565,0.04565799281867715,-0.09795321096465051,0.06250273831264692,0.07780871586454373,-0.1297608707665019,0.6812794481720205,0.10829532652840541,-0.1518180328365099,-0.14596513194198368,-0.15886357118280361,-0.13518863641473525,0.009274103459321163,0.019862826093722488,0.07214020665454686,-0.04760933852531733,-0.10415873745163291,-0.1165256425179213,0.3877589566520149,-0.19419511378209656,0.0732874294171262,-0.11123884569109593,0.12718835311847668,-0.21509092829753043,-0.04009602726330059,0.1482678391449636,-0.13827353921593225,0.5891686738059049,-0.06361056368448256,0.02720301368831171,-0.08179615179858186,-0.1270112731824501,-0.13476287830406244,-0.05218899913826954,0.0884495455632826,0.20586615442738607,0.1816354857678716,-0.12782256652184393,0.043292362155189584,0.35336573305576446,-0.3168515642410589
0.5546138990180343,0.2739258217419723,0.1593870340764253,-0.05578585157697603,-0.4171861345757437,-0.2985786202432877,-0.2924367284288427,0.15991764712306764,1.0,0.6249886834681475,0.49206605702376566,-0.03232983207974511,-0.22588734920263945,0.2166875369759508,0.29709917237470573,0.2804359979950977,0.5230502410937472,-0.36965269738830997,0.16018452173094438,0.3617971997108334,-0.2761188525112466,-0.24559201876879963,0.10561965094782334,-0.24559201876879963,-0.16122867855288073,-0.39526697558144125,-0.21644121118496412,-0.4206883921872216,-0.049604906239144195,0.8207260280156607,0.5659595604563947,0.3180623817708602,-0.14010775734085823,-0.25022973788066616,0.1794490219529373,0.34905984632168546,0.35644847495618476,0.2963560205239396,-0.4080129655144496,0.1252844749125592,0.3340779342531488,-0.381642545481026,0.5293741130150345,0.4947295978943103,-0.055008371127997016,0.04831084252026022,-0.3380727897923472,-0.3397335638028057,-0.3674298934072843,0.27405478877429934,0.643590188228541,0.6145661952331782,0.4500961705237555,-0.32856529731199685,-0.38773730121508404,0.16518021761062582,0.3489179601906566,0.39306156314435287,0.5153695245025408,-0.23699726368624452,0.07992973309909226,0.2861028611651711,-0.14997771140437793
0.508613131028211,0.1482360567798814,-0.013320589046043657,0.047839430678775156,-0.22897713930027683,-0.4224136675867604,-0.39045270763634876,-0.03096307372278524,0.6249886834681475,1.0,0.6495607622197817,-0.002254022908265418,0.012357842720498651,0.1727729020942404,0.6170218329580861,0.551976600928819,0.4891129184726902,-0.3335603911092638,0.1517927374847602,0.3121047127259349,-0.27080945353940555,-0.4766913221845536,-0.051569266425967535,-0.4766913221845536,-0.07088590374036033,-0.261204725230553,-0.32683641253112405,-0.37474264973183014,-0.06976132723015578,0.5489498207390782,0.9009908111753328,0.3893814870206291,-0.25448955895311864,-0.12406593382952176,0.07540286062789116,0.6274241653070269,0.5756328240327083,0.30055950659573566,-0.420650322686254,0.12663585584608236,0.24269650104464957,-0.4773180411459143,0.46654543910462326,0.18031854321209767,-0.3125890993934354,0.10429314845505185,-0.053785645609510116,-0.2826539110938566,-0.30900250219010683,0.11568983711927903,0.47192231250402256,0.915250907082761,0.5087408799126635,-0.2447752793656756,-0.2280704756715842,0.10379240098387026,0.5447413779800765,0.5366513598176018,0.3958883548952519,-0.1860214394639821,-0.07478170812724688,0.08717862097240789,-0.2137257184901051
0.4734763959051416,0.23200800839623115,-0.24339083338973244,-0.028233202772920244,-0.0017748452293616264,0.10952980191511603,-0.017344232588298123,-0.14833884082735588,0.49206605702376566,0.6495607622197817,1.0,0.19355111847388798,0.3507448101611553,0.3219099042569132,0.6366901744203975,0.5324526513187379,0.450963686124955,-0.2669546525004735,0.02039394034021894,-0.10281647294943062,-0.18191675132230078,-0.4543052650887005,0.053369593219431556,-0.4543052650887005,-0.07533208429839164,-0.02855745112333588,0.17756920958852884,-0.025107608029812538,-0.24192855939294935,0.32465823314779635,0.4982492972260837,0.822088585923202,0.021637955557543363,0.19004032933038195,0.23784142059927602,0.6797087277032361,0.5024241775215069,0.2016953209590046,-0.12539303084694522,0.11529166993517766,-0.14811811601589844,-0.3488518805463186,0.41971969282168214,0.20563480706569173,-0.43872869526461766,0.21178100304681322,0.09615399482667364,0.14143262169284868,0.04064193943354963,-0.11668679272969193,0.4527496874398633,0.5117504517481735,0.8673990817586829,0.017311721473680437,0.010799754088699882,0.26198317199929777,0.5470254737195658,0.3315926010854389,0.36796809422796095,0.2327765238342777,0.2303384157744326,-0.15212899146706324,-0.07921796732732077
0.12243360796653166,-0.08432397031652399,-0.012226222724151243,-0.2479620482254657,0.29838419203379124,0.4071891913945012,0.6921004695898235,-0.1907588691869086,-0.03232983207974511,-0.002254022908265418,0.19355111847388798,1.0,0.4014811333913769,-0.11857050369091647,0.027430552160089224,-0.18863788902868087,0.03131139209837949,0.004832228700035011,-0.0032098320645540094,-0.07703879954087846,0.14816589203703756,0.19815657408913187,-0.14144422674536966,0.19815657408913187,0.00947697817310782,0.24409089959901129,0.29886554701112666,0.5876675402483807,-0.36093265867181845,-0.21210591787327038,-0.05151795484368716,0.1735804809993596,0.7512431239740631,0.22092237043401575,-0.18198660958819285,0.02955301444919132,-0.2935845393986168,-0.05555595498386976,0.12506979280854008,0.12618483967135438,-0.03971511542181045,0.02109450806087019,0.05911613151655558,-0.056592030872329925,0.12170548138406966,-0.12820987560502034,0.2500958930059596,0.3418766287745116,0.6274411610690014,-0.359259159591233,-0.08291926837424934,-0.06204692636434876,0.034959403398313806,0.7992746985135762,-0.09220116859185512,-0.08070308307212976,0.0528541807334779,-0.49729833167564874,-0.0279506632220643,0.34250415774178194,0.18085660277852192,0.12174047716391928,0.32393099258898483
0.1954288143131002,0.19164596738752576,0.08743388735031848,-0.10191317787197023,0.5204992841935008,0.38363143251967136,0.4726004290256533,-0.1349667698198731,-0.22588734920263945,0.012357842720498651,0.3507448101611553,0.4014811333913769,1.0,0.051139654955007975,0.4295401595416738,0.20608412505374182,-0.08841268140437049,0.053934423290740906,-0.1637684208300036,-0.20595268068501377,0.08871860847855985,0.1786334555024256,0.16755758342423915,0.1786334555024256,-0.015502551509429904,0.46210943218846745,0.3677382788906219,0.4688892082033055,-0.031724696792126826,-0.2638734271889348,-0.05089527608962285,0.29121911834669234,0.19102123661680318,0.8204279367155181,0.08394323277786565,0.3950030403384229,0.04894728483560241,-0.23012431416050944,0.18837166389307877,-0.03126167425254829,-0.21724750674712204,-0.0655118312599923,0.0722345525508346,0.11684744830672278,0.1267721821202164,0.06692270401164496,0.5223005836449168,0.47710110155437135,0.5485102445752233,-0.32632965923057705,-0.2089761762959934,-0.10128030483664877,0.21074000853782832,0.47935129571552376,0.47485056723122754,0.12056785196245025,0.397375234090886,-0.11409392109840022,0.04759432660593589,0.32287422868684423,0.26627696448947674,-0.2023297392823083,0.21767376873598812
0.47918859471809505,0.7401971263295991,0.1597629812351883,0.06185457971848067,-0.19555441950237298,-0.2942649144798329,-0.23386063315548136,0.03710537510238243,0.2166875369759508,0.1727729020942404,0.3219099042569132,-0.11857050369091647,0.051139654955007975,1.0,0.08472932113114148,0.10397034977125443,0.25913107254791307,-0.3665029079996275,-0.001956103245631606,0.1187156300654134,-0.058071337806754476,0.18050838683492473,0.6578305879552262,0.18050838683492473,0.05521538660727845,-0.10643839091893036,-0.19615479127095467,-0.12334291179364765,0.1336708850144219,0.19198437048146297,0.22983606659922093,0.28608818635568706,-0.17389580600078572,-0.01738055224467955,0.8832338666273766,0.2135309590176039,0.1640760962719789,0.1291192361544131,-0.2685425108871795,0.04117892110879506,0.12961412266013336,-0.16343650098551155,0.2705542687819944,-0.11501340200520066,0.14915340369263355,0.13912876102790048,-0.20686636475851866,-0.2496484158854036,-0.1364671452428152,0.05727802279286132,0.44553193909764754,0.2558552371275965,0.3247283147215023,-0.10612221870034204,-0.21047429183277533,0.8866478695265264,0.1995465509478469,0.20492400346803724,0.19509080263295314,-0.13836669033835283,-0.003662795041993059,0.07537981705660478,-0.09573098657139302
0.40863393608647297,0.2186463997541528,-0.26634115742718806,-0.038412532696063845,0.18367302283700307,0.021689845324454032,-0.011472123124686056,0.020293054728971572,0.29709917237470573,0.6170218329580861,0.6366901744203975,0.027430552160089224,0.4295401595416738,0.08472932113114148,1.0,0.8154336928112432,0.15558519038019003,-0.2554003039384702,-0.19724071464765563,0.09036259691339088,-0.3782630406613955,-0.4931946019779536,0.022268703572764316,-0.4931946019779536,-0.13070387445787157,0.08266249977340176,0.11140226274722922,-0.0400803641529905,-0.04224072100055581,0.28131173261590825,0.469373682514068,0.5323630360903455,-0.12587851938495695,0.2765979617425332,0.007638574259297046,0.896034761720467,0.7091831542743741,-0.03741547436511868,-0.18836839070553427,-0.10319553673402297,0.04850955861910991,-0.4275540533792636,0.3461359903348134,0.0369185004455945,-0.432456273845387,0.2684672597113242,0.4196291997544388,0.18587074411725477,0.09424130819033638,-0.09859986355782162,0.19671482497692833,0.5287793413374265,0.5239787974105435,-0.00858785927640122,0.12267185850720869,0.03527041585122423,0.5924088087785739,0.38916365161538485,0.13901050148016772,0.11600331823655304,-0.10825315347773454,0.060158969398141374,-0.29402063427745084
0.26247541393012763,0.20852228122063157,-0.2487848439880379,0.24436293057107214,0.18813407152301143,-0.03808513585943265,-0.19492552209982617,0.06876426887186317,0.2804359979950977,0.551976600928819,0.5324526513187379,-0.18863788902868087,0.20608412505374182,0.10397034977125443,0.8154336928112432,1.0,0.10484378491526768,-0.1716209939023122,-0.04229971724893155,0.047046011535296244,-0.37783276373925395,-0.3599131536133911,0.0337514675707387,-0.3599131536133911,0.07181299609828513,0.03002225582284333,0.08104819643706856,-0.1988941469723178,0.038063252680025236,0.33851515264850923,0.36360419390463283,0.388240158061558,-0.3291849056842938,0.22498289695030171,0.02530001914696208,0.616653643272779,0.9451239915648164,-0.03902571456338678,-0.1848854313580803,-0.01366369331056878,0.014455710344606524,-0.4617074235936847,0.16366090407034384,0.029966927491566382,-0.3872194918596875,0.3849483239840518,0.4462268310506662,0.1385504265955732,-0.07599384115911016,0.041186827758867055,0.15050774747852116,0.46549584044723225,0.4460362497461872,-0.28956056234684,0.08201103558431715,0.03610485491012082,0.288806108973636,0.6150438671762581,0.008809503141775466,-0.06177716954684174,0.03643320681275223,0.029856306978139943,-0.3395700479152914
0.5768513600094637,0.291404235139385,0.23208667065068952,-0.13418153807464783,-0.44337390520035025,-0.34736392616055484,-0.3082660051869984,0.09481150058015023,0.5230502410937472,0.4891129184726902,0.450963686124955,0.03131139209837949,-0.08841268140437049,0.25913107254791307,0.15558519038019003,0.10484378491526768,1.0,-0.45463535527339405,-0.0894255457927605,0.345734927940914,-0.3716443472284691,-0.20365914397798035,0.2482596480665645,-0.20365914397798035,-0.16236120262802772,-0.3304261916644756,-0.24506359318191775,-0.26306176907509377,0.15799300408884487,0.3560037325155301,0.4830936424543458,0.34735202080098454,-0.04715851249866623,-0.14287974779380402,0.28008298095068457,0.30227231111635594,0.17058465568941103,0.8788979882933313,-0.40525343401571046,-0.16699633570793387,0.3195039110290932,-0.4274080123309257,0.5591005190006949,0.1878729461958078,0.03199150192141962,-0.025086935658461935,-0.31018880261294923,-0.2291471787643168,-0.1963846890378254,0.32662193147381746,0.5043253968266836,0.4598097316100225,0.41795746757016694,-0.22562838136830826,-0.4332087850349522,0.2410296614956326,0.4004860786987781,0.34479690503437616,0.7757055609227743,-0.23019155361127258,0.09746233170155709,0.2786539506486983,-0.24264006276581077
-0.5657071153462837,-0.37308142414214496,0.2129094441456063,0.49455238592940276,0.6470631309234156,0.5254830451705308,0.40843989005503767,0.017501356761319323,-0.36965269738830997,-0.3335603911092638,-0.2669546525004735,0.004832228700035011,0.053934423290740906,-0.3665029079996275,-0.2554003039384702,-0.1716209939023122,-0.45463535527339405,1.0,0.49744821745424,-0.26830705797679144,0.5751639863905356,0.21097112632867912,-0.2093565046182957,0.21097112632867912,0.4954107192420761,0.6487026691096146,0.4184082840825203,0.3766273498022806,-0.09367919278879933,-0.34570752620313855,-0.24265484381969604,-0.3940433953555721,0.05891436160179263,0.25056605532243154,-0.22627936226791914,-0.33926141711852653,-0.13767021077915834,-0.42659704511451424,0.8500927947301177,0.44503872547011764,-0.19829013702842516,0.5463628749807569,-0.5414912467838644,-0.21261941371400248,0.14312113550122138,0.16907208253775086,0.4370953800378404,0.48280380527579736,0.18093315980991592,0.02623341924386073,-0.557655920036877,-0.2795330064604967,-0.33748562078513183,0.06547431379901708,0.5345877006849179,-0.24942473054148112,-0.20793615516389297,-0.24236657804246398,-0.36788814865541725,0.4927847619725658,0.47042582363758606,-0.1524469579923168,0.4815916048783386
-0.18404335281208212,-0.13064253789798166,0.37720862501120456,0.4085353993607595,0.3021595247648463,0.22140775430023094,0.05184958096217579,0.05768246424716293,0.16018452173094438,0.1517927374847602,0.02039394034021894,-0.0032098320645540094,-0.1637684208300036,-0.001956103245631606,-0.19724071464765563,-0.04229971724893155,-0.0894255457927605,0.49744821745424,1.0,0.27791341537484554,0.27345453976521017,0.2485086248530757,-0.17423715917534935,0.2485086248530757,0.25115672879331696,0.2206061657418453,0.06446887537158351,-0.08106028146674214,-0.11129353150785158,-0.07012692192170669,0.2369267062819437,-0.3093002466658,-0.05490665265184035,-0.041616010451268844,-0.1273530583058553,-0.23263155580674244,-0.021439208103186138,-0.22957418170533556,0.2629942950610702,0.8076666214763392,0.29127211062420716,0.05764019875085821,-0.2815912080848306,-0.021836334901172632,0.1909159582036329,-0.0440305855404034,0.10517605767711931,0.07107930343434352,-0.1907052922798266,0.1877552874971187,0.12866596903739705,0.27543270824348937,-0.06510808857004463,-0.1895636188478391,0.15357918798002473,-0.040194056843554,-0.19707534560007656,-0.025527274881610832,-0.0659059241695598,0.07864135585486927,0.4348522704391024,0.048090183064328544,0.15348608524095161
0.45047762375648026,0.3532485241643964,0.42926679390973543,-0.05565652280496269,-0.25947153974473225,-0.3849210288295704,-0.4085838256635249,0.37812090696121925,0.3617971997108334,0.3121047127259349,-0.10281647294943062,-0.07703879954087846,-0.20595268068501377,0.1187156300654134,0.09036259691339088,0.047046011535296244,0.345734927940914,-0.26830705797679144,0.27791341537484554,1.0,-0.382385080925163,0.11825446822740772,0.19457670394429782,0.11825446822740772,-0.21093385336989265,-0.18062164244014817,-0.3538324968803288,-0.500713652471205,0.22292786307729634,0.22688982641354902,0.33681188227169934,-0.17255024310945488,-0.12780948004605733,-0.24854400773303786,-0.03648123558295487,0.10808632476718494,0.047026348815942566,0.24193662118400527,-0.37869073442733775,0.1602427222819758,0.9719550060653491,-0.38732291594606905,0.3551893343949984,0.08380127398539626,0.3441213245703753,-0.17988434654383473,-0.11768650037448063,-0.3475990754359349,-0.42803139159294895,0.42021391134502806,0.451627466352217,0.4573936100249674,-0.07439964822390688,-0.20311031725606532,-0.2793733729270324,0.053167414887687045,0.18397322591011991,0.09466453135470149,0.44008998709206054,-0.3826801409966236,-0.13680290949510057,0.6234284602454124,-0.39828987959471907
-0.3192394018163055,-0.25183432643868575,0.2723473722118947,0.1701869938847417,0.39384113441382257,0.35998390301101696,0.40364311328668123,-0.16040036386943302,-0.2761188525112466,-0.27080945353940555,-0.18191675132230078,0.14816589203703756,0.08871860847855985,-0.058071337806754476,-0.3782630406613955,-0.37783276373925395,-0.3716443472284691,0.5751639863905356,0.27345453976521017,-0.382385080925163,1.0,0.4480261829468039,-0.19498818015986355,0.4480261829468039,0.23662661967518517,0.41270340929601995,0.287986287713083,0.37205069704790755,-0.33702778178852455,-0.21460219068154174,-0.09320223764749187,-0.22977478691455588,0.21262387521567702,0.1569217150125122,0.019456624404311524,-0.2513674580665869,-0.3266075631112427,-0.32001170507908927,0.5118933995834347,0.3759609068800062,-0.32944713417273536,0.8735247541779368,-0.3493284793727017,-0.12035975962072124,0.2953824412103039,0.03399079269241655,0.11041251002119577,0.2815292232927351,0.27373548917450036,-0.11749104835516112,-0.30423849798019376,-0.2146293335796624,-0.21159948129175182,0.2898944720402711,0.498679586850107,0.04396982430204124,-0.09502160989577488,-0.25627793460823484,-0.20228827491454782,0.41989844925666375,0.32112261384298724,-0.1990841177979207,0.8480313274778455
-0.11467262757042794,0.1050529101206303,0.5722341883559989,-0.018162919718956318,0.33510737080764497,0.2276706849427667,0.3113514174413077,0.04565799281867715,-0.24559201876879963,-0.4766913221845536,-0.4543052650887005,0.19815657408913187,0.1786334555024256,0.18050838683492473,-0.4931946019779536,-0.3599131536133911,-0.20365914397798035,0.21097112632867912,0.2485086248530757,0.11825446822740772,0.4480261829468039,1.0,0.24431944944452413,1.0,0.05768290873639658,0.39747823029931584,0.2359911898370589,0.2979499086008455,0.05686306547181197,-0.1587926012848524,-0.25526023806401343,-0.41133209059531667,0.20028547423091547,0.33771181085777524,0.2505051033507213,-0.4187722648156778,-0.3251615036996666,-0.1813554214523851,0.1934723936030178,0.2919545958342282,0.19606765123170672,0.33651838194427114,-0.1848547120111501,0.013940574825992159,0.8825807449336005,-0.15640804439670167,0.18506576227741584,0.21404825122770327,0.32605122323783686,0.14622728455307712,-0.10274051701435727,-0.26807391731337843,-0.36980733661800763,0.23689817225013152,0.22362458091387777,0.34791844948844414,-0.24717897684739606,-0.21441206090943052,0.021783973143490235,0.03641674949621424,0.32606355007788984,0.2398680307414379,0.5267105886753206
0.4590983828045013,0.8464231922115312,0.29730259267172604,0.12755761488351836,-0.12933302608892097,-0.33141013962597193,-0.13808321051963296,0.1532759876043565,0.10561965094782334,-0.051569266425967535,0.053369593219431556,-0.14144422674536966,0.16755758342423915,0.6578305879552262,0.022268703572764316,0.0337514675707387,0.2482596480665645,-0.2093565046182957,-0.17423715917534935,0.19457670394429782,-0.19498818015986355,0.24431944944452413,1.0,0.2443194494445241,0.271388647759894,-0.06479148735028435,-0.282629589010269,-0.07806644638462212,0.3183414740984414,0.12000199031093714,-0.05734548381294758,0.02921808030510898,-0.27607794672961106,0.09056825191706273,0.700011250940188,0.08391805826899167,0.09537719800050877,0.09218744594548374,-0.06112842399492641,-0.22055633483879486,0.15132915226810795,-0.14273437039917042,0.23817863339821702,0.15313850452728536,0.33508028049102123,0.3735027100116336,-0.18478738615265425,-0.2473513663969209,-0.07908057921461537,-0.0021281170092711417,0.19389932158284123,0.032619409430895106,-0.026678522286175628,-0.07103832563280311,-0.1295542053641881,0.6168017967395517,0.21128247124128505,0.2232717313526205,0.27018688279563197,-0.10353216194488758,0.03245616224567086,0.0064324186298213475,-0.17115350484996536
-0.11467262757042794,0.1050529101206303,0.5722341883559989,-0.018162919718956318,0.33510737080764497,0.2276706849427667,0.3113514174413077,0.04565799281867715,-0.24559201876879963,-0.4766913221845536,-0.4543052650887005,0.19815657408913187,0.1786334555024256,0.18050838683492473,-0.4931946019779536,-0.3599131536133911,-0.20365914397798035,0.21097112632867912,0.2485086248530757,0.11825446822740772,0.4480261829468039,1.0,0.2443194494445241,1.0,0.05768290873639658,0.39747823029931584,0.2359911898370589,0.2979499086008455,0.05686306547181197,-0.1587926012848524,-0.25526023806401343,-0.41133209059531667,0.20028547423091547,0.33771181085777524,0.2505051033507213,-0.4187722648156778,-0.3251615036996666,-0.1813554214523851,0.1934723936030178,0.2919545958342282,0.19606765123170672,0.33651838194427114,-0.1848547120111501,0.013940574825992159,0.8825807449336005,-0.15640804439670167,0.18506576227741584,0.21404825122770327,0.32605122323783686,0.14622728455307712,-0.10274051701435727,-0.26807391731337843,-0.36980733661800763,0.23689817225013152,0.22362458091387777,0.34791844948844414,-0.24717897684739606,-0.21441206090943052,0.021783973143490235,0.03641674949621424,0.32606355007788984,0.2398680307414379,0.5267105886753206
-0.10399723309554998,0.08490157481395723,0.07086730595927587,0.8851261641537301,0.27985681170889837,0.12278153596263149,0.16935094556203498,-0.09795321096465051,-0.16122867855288073,-0.07088590374036033,-0.07533208429839164,0.00947697817310782,-0.015502551509429904,0.05521538660727845,-0.13070387445787157,0.07181299609828513,-0.16236120262802772,0.4954107192420761,0.25115672879331696,-0.21093385336989265,0.23662661967518517,0.05768290873639658,0.271388647759894,0.05768290873639658,1.0,0.15555188623047045,-0.04549826734983702,0.24013572432521565,0.021870852794775294,-0.18042740017846337,-0.09330764201513779,-0.2142317276775467,-0.22397470684565432,0.11912507628394159,0.13768876327817858,-0.23318757360585415,0.14815212560735597,-0.21660600324007484,0.4198976192865672,0.1752222729761865,-0.21776456989480034,0.20880698342748288,-0.17017922695636345,0.00040658374268751974,-0.01547418844199499,0.686697284675808,0.03222126548256682,0.10738622404072902,0.061641588272365135,0.019094315189767654,-0.31843933595542606,-0.12855666345831712,-0.2333222959363276,0.00884065440496696,0.20133834564110598,0.03438987082568801,-0.23933275262759535,0.08642890939657334,-0.3230863374464606,0.16382190306941266,0.39406937326265434,-0.37703294309201174,0.1449988713540659
-0.31479048729597436,-0.16511253571764586,0.17624944076018847,0.09065806377918185,0.8556397674965152,0.6805032823653306,0.5123942288730906,0.06250273831264692,-0.39526697558144125,-0.261204725230553,-0.02855745112333588,0.24409089959901129,0.46210943218846745,-0.10643839091893036,0.08266249977340176,0.03002225582284333,-0.3304261916644756,0.6487026691096146,0.2206061657418453,-0.18062164244014817,0.41270340929601995,0.39747823029931584,-0.06479148735028435,0.39747823029931584,0.15555188623047045,1.0,0.7490827560598253,0.6451324992194045,0.01827647219645017,-0.24922327993906881,-0.16003286760069985,0.004449934958561105,0.2599637605936331,0.5289515667622854,-0.004487963687786399,0.08468852385078318,0.008295531559281711,-0.34306899719496503,0.7246635277963466,0.44816598935879715,-0.08525890060517057,0.3182928487436924,-0.3928998902597013,-0.29729393780047386,0.32359137809722466,0.14421324380839934,0.7711901704294745,0.8125586907018176,0.5614318012594997,0.01987772800794073,-0.33406708585448974,-0.1686734494534683,-0.03542048092919028,0.42419004917358966,0.6005735283209072,0.10796522571478212,0.19724783457904957,-0.14458215562951085,-0.1072795151892503,0.7136715944202165,0.38015858211718084,0.06516365200261447,0.5338718688198327
-0.22780413343650244,-0.30872064096797763,-0.09972450281852867,-0.09228657168197521,0.686762056142925,0.8982304754118627,0.6206938164412282,0.07780871586454373,-0.21644121118496412,-0.32683641253112405,0.17756920958852884,0.29886554701112666,0.3677382788906219,-0.19615479127095467,0.11140226274722922,0.08104819643706856,-0.24506359318191775,0.4184082840825203,0.06446887537158351,-0.3538324968803288,0.287986287713083,0.2359911898370589,-0.282629589010269,0.2359911898370589,-0.04549826734983702,0.7490827560598253,1.0,0.6805199583619788,-0.07706164642127464,-0.13918982693124354,-0.272554477064978,0.30392352989205107,0.4244881539088046,0.5068315071115082,-0.07636953504242529,0.14807105266506143,0.07054704399083521,-0.2961878771878856,0.5815244638705446,0.3238309581904626,-0.24690022106325604,0.2745701235180962,-0.15432620061095143,-0.12477782285538923,0.08891016568551546,-0.009986702151941543,0.6038778947342142,0.9260737087554102,0.6750777677679857,0.05297858527602873,-0.24423195367397552,-0.2740130627041897,0.29844494122839615,0.400851080567079,0.531064876098755,0.02346837183973916,0.07986462512663696,-0.16147656332977325,-0.025083979550576868,0.7221423114921781,0.5121159953535376,0.020475084306781268,0.4538963227103463
-0.22691090967392633,-0.2604770009184546,-0.026639981081096054,-0.06528205777335581,0.5944234750462376,0.7297566211842405,0.8651237959195203,-0.1297608707665019,-0.4206883921872216,-0.37474264973183014,-0.025107608029812538,0.5876675402483807,0.4688892082033055,-0.12334291179364765,-0.0400803641529905,-0.1988941469723178,-0.26306176907509377,0.3766273498022806,-0.08106028146674214,-0.500713652471205,0.37205069704790755,0.2979499086008455,-0.07806644638462212,0.2979499086008455,0.24013572432521565,0.6451324992194045,0.6805199583619788,1.0,-0.10996456282188925,-0.3226577718017845,-0.28955718897813354,0.10582512744458239,0.5097795264670733,0.5170744616768399,0.029059574358767035,0.024303880235339078,-0.21939579369118684,-0.28997147115752075,0.5851397549330585,0.12544493325993705,-0.42173240711367316,0.363496946299612,-0.18872802577008624,-0.19110534480804767,0.1683684358175149,0.05870384602530961,0.4084373187379986,0.7603725289007046,0.9264920605874059,-0.24031885212590612,-0.41738676757819254,-0.3522695405819988,-0.0005000333479194906,0.7093691060048404,0.371708952179838,0.05641121507744732,0.01451936742491313,-0.39598034722723535,-0.15239775128778482,0.6624510255043559,0.3843117958402255,-0.18053614993223502,0.5266252837047474
0.15530439226212955,0.2592940852117788,0.23046398377344907,0.036538248743068415,-0.014714075767615895,-0.21996012373527132,-0.29049931379431815,0.6812794481720205,-0.049604906239144195,-0.06976132723015578,-0.24192855939294935,-0.36093265867181845,-0.031724696792126826,0.1336708850144219,-0.04224072100055581,0.038063252680025236,0.15799300408884487,-0.09367919278879933,-0.11129353150785158,0.22292786307729634,-0.33702778178852455,0.05686306547181197,0.3183414740984414,0.05686306547181197,0.021870852794775294,0.01827647219645017,-0.07706164642127464,-0.10996456282188925,1.0,-0.0018737015170446141,-0.09627519490100167,-0.16068682084427466,-0.2897857155124373,0.05948652004148953,0.20830175745524768,-0.02948619531392162,0.09037762197493776,0.17728122280514824,-0.1212331170876641,-0.1860629306289891,0.24275005647669123,-0.31352991374619665,0.02645972941758898,-0.1492728485447859,0.13849641926546252,-0.0981961793740337,-0.14519773589918486,-0.010594525550225192,-0.15901109447522413,0.4473596071182006,-0.18811654337949588,-0.03860252950354255,-0.14339255071999255,-0.2565168489585376,-0.19959937231873223,0.1534073361058628,0.09191444018644024,0.4090282963027577,0.1685393401909929,-0.18097228521530864,-0.008526559761623875,0.18887345859541424,-0.3791673045905265
0.3731733966991184,0.15842183988664463,0.11208706070000547,-0.13140225698364183,-0.3925887598744524,-0.3563812690781956,-0.3500340164429247,0.10829532652840541,0.8207260280156607,0.5489498207390782,0.32465823314779635,-0.21210591787327038,-0.2638734271889348,0.19198437048146297,0.28131173261590825,0.33851515264850923,0.3560037325155301,-0.34570752620313855,-0.07012692192170669,0.22688982641354902,-0.21460219068154174,-0.1587926012848524,0.12000199031093714,-0.1587926012848524,-0.18042740017846337,-0.24922327993906881,-0.13918982693124354,-0.3226577718017845,-0.0018737015170446141,1.0,0.5583204925890887,0.370551868259931,-0.21474317009310898,-0.13634835380120094,0.2979500787503241,0.39377432762694964,0.5118774821941294,0.2496928555575012,-0.29278119080755405,0.042591130959348106,0.22174102078009733,-0.24999054746583563,0.454455929660829,0.4698261780050563,0.04507222908849698,0.13711289757386017,-0.24321445213690693,-0.2837959885213242,-0.24175057117600193,0.2759395608423681,0.5318431265568956,0.618296419704344,0.446600801534169,-0.3305131456665939,-0.24204014338604735,0.27155720386378635,0.4384783747669373,0.5574081332899737,0.5311891705940114,-0.15633699143099147,0.049395068492553526,0.28902328271279787,0.019771104696991865
0.39009209283544466,0.03598999983253122,0.1238774113245065,0.006697102262132395,-0.19001958907586985,-0.3947706065959241,-0.34744897464429825,-0.1518180328365099,0.5659595604563947,0.9009908111753328,0.4982492972260837,-0.05151795484368716,-0.05089527608962285,0.22983606659922093,0.469373682514068,0.36360419390463283,0.4830936424543458,-0.24265484381969604,0.2369267062819437,0.33681188227169934,-0.09320223764749187,-0.25526023806401343,-0.05734548381294758,-0.25526023806401343,-0.09330764201513779,-0.16003286760069985,-0.272554477064978,-0.28955718897813354,-0.09627519490100167,0.5583204925890887,1.0,0.29751859440621226,-0.1713378698772277,-0.06164859440429903,0.21472043121071058,0.5882859113492485,0.4493155694350273,0.36856740712242164,-0.3132999706351719,0.27233118300663267,0.31041649573871294,-0.27974770161233387,0.4359024343009431,0.138615168706741,-0.0731082894727044,0.03779876237739545,-0.0719745537285533,-0.2709554862806207,-0.23564038428811487,0.1762738881750714,0.501595152071677,0.9455413209361361,0.45479167588907826,-0.24736954749227458,-0.1259296455698309,0.2862540840469299,0.5458707954164222,0.4928295715983311,0.47325257908681756,-0.09365103867396203,0.007508052716001498,0.19151289105958477,-0.003771890961713826
