Fp1,Fz,F3,F7,FT9,FC5,FC1,C3,T7,TP9,CP5,CP1,Pz,P3,P7,O1,Oz,P8,TP10,CP6,CP2,C4,T8,FT10,FC6,FC2,F4,F8,Fp2,AF7,AF3,AFz,F1,F5,FT7,FC3,FCz,C1,C5,TP7,CP3,P1,P5,PO7,PO3,POz,PO4,PO8,P6,P2,CPz,CP4,TP8,FC4,FT8,F6,F2,AF4,AF8,O2,P4,C6,C2
1.0,0.43700579711281395,-0.6019701127424171,0.7513295197629184,-0.709585218468771,0.1519806076473742,0.6867360272794294,-0.3183499294243178,0.24786397626745146,-0.5993909627131607,0.013804189961439537,0.11165065237471992,0.3832403427533318,0.07084835457079437,0.33841935211578167,0.673674884108861,-0.49960111876947333,-0.5612942260191484,-0.6438682966555137,-0.212819254019474,-0.5140043603473151,-0.5538529859548156,0.2881583793694309,-0.5538529859548156,0.486586787307581,-0.6787068927977271,0.04885204493812351,0.6997937162523822,-0.3332172963375658,0.37468800289583076,-0.48285930392674997,0.36430103127131314,-0.03990995737847292,0.46067719121991146,-0.0451185669556212,0.42800029391801425,0.6950895394416785,-0.6211045107751686,-0.5290571331922697,-0.7576891863843647,0.4204552890916961,-0.5101651303971763,0.8590824640636748,0.21476891727685357,-0.4816051775531124,0.5689113949341872,-0.4553038409827239,0.032942776618069616,0.5705757621443821,-0.3716681655362946,0.15557233048035746,-0.5353703245778022,0.18967518484506038,0.015555627457685819,0.6698838378339427,-0.024635742520076713,0.43880156422659644,0.3705244113200073,-0.610041419136267,-0.4496128825751823,-0.770278704796803,0.19645519882496695,-0.4459728772184504
0.43700579711281395,1.0,0.2588641079790856,0.28948803340021256,-0.7020232848448543,-0.6261883708392854,0.0741680410294395,-0.6839152836262843,0.8126316936128843,-0.45558730860715374,-0.30195256311523305,0.5010483644886008,-0.40139653783173196,0.41508457836948054,-0.1335283006653867,0.5317216858075602,-0.11777322606464001,0.19043601181693465,-0.17248664973985692,-0.3688858511143634,-0.09213168415472263,0.2985044408567421,0.8765536311366512,0.2985044408567421,0.447158035381357,-0.5874136847054962,-0.7207955941455552,0.11942912343589068,-0.7447777489313032,0.7692582953426068,-0.49184094343504714,-0.13600478846637687,0.3940585300588362,-0.444506161244821,0.3487165149892582,-0.07101637267792571,0.3440005658594206,-0.17521242028365552,0.04595051584728908,-0.34170686188221333,0.0383395653711959,-0.1430895505814161,0.3576559501822782,0.7946742396357729,0.318920405481774,0.4325001985741628,-0.6884168431415839,-0.7194111808553656,0.13562875945383238,-0.7498149416458756,0.6970234831368629,-0.5098401782907872,-0.16310745262355764,0.30873750994759486,-0.04447135199047007,0.3263164886501195,0.003251659452890418,0.18187770374310977,-0.18008938483271528,0.15253008820771813,-0.37243204214916453,-0.12313268585432935,0.04562294629708808
-0.6019701127424171,0.2588641079790856,1.0,-0.5382854511731278,0.28160366063565234,-0.5692476964605783,-0.698287186551468,-0.2207477026650064,0.3314445458865964,0.16182558696359348,-0.1484298791369956,0.33371554208450227,-0.6555584783964121,0.12937976605298654,-0.45896689359756127,-0.4658187026748952,0.5775013535385495,0.6279125178423871,0.4706090969831558,-0.16111077563340243,0.7297486196266258,0.8705911667062308,0.2810587669967045,0.8705911667062308,-0.19081496981149598,0.18435550661400615,-0.575475912643521,-0.7485931442994369,-0.1723383835740865,0.15493913491258005,0.008619725467088408,-0.49404782217833004,0.31158969529141445,-0.7763307212157698,0.20842247527516097,-0.5007759436306405,-0.6144482839012843,0.5536140043739962,0.3960906894461767,0.4691831341169841,-0.6817514256159297,0.699074082527552,-0.6475592249328171,0.31634743934951676,0.7478215970552011,-0.3048318104401348,0.03873382459396175,-0.5499264015688484,-0.6636309123433538,-0.14580781673360202,0.2446771334620421,0.026515739056271876,-0.29662306751998485,0.20929823451775115,-0.524166400854735,0.16337563593135868,-0.43977751590273334,-0.5156037701380466,0.5507277473678482,0.39766537262095847,0.4346140158073264,-0.5944140394961186,0.7250622542811122
0.7513295197629184,0.28948803340021256,-0.5382854511731278,1.0,-0.4897411673493212,0.1703370401413022,0.8040213274013306,-0.32191137469453884,0.2657221695112219,-0.3697395243526818,-0.04089904345772996,0.26009545746780904,0.31580029869772913,-0.2450788825588883,0.34172606538122025,0.503361015958809,-0.5316457980931149,-0.473560277389833,-0.7561982824595557,-0.368112058678453,-0.4979338705546847,-0.4987656546258083,0.12736764286110325,-0.4987656546258083,0.7351786047127223,-0.47010339394559636,0.14256387945053056,0.5672706846368843,-0.21554308344935855,0.27277941523037075,-0.2971550912452408,0.1691894589689879,0.20313105185933514,0.3044028814002658,-0.3585603583706485,0.35811060094943853,0.4190532414424285,-0.6449680449788543,-0.39330078987684797,-0.7533987158332639,0.27422787326996567,-0.5251365363665802,0.5723201219677928,0.050139760302466294,-0.42405183008940794,0.6930474910599616,-0.3218232044689319,0.1498638821348243,0.5360625057969644,-0.2224178455700794,0.17953141400546024,-0.35751171291349415,0.07728272369597974,0.040828854536641,0.40701464027227036,-0.3239633726066554,0.4206447721200102,0.283372899404703,-0.6344336647146107,-0.29503580461038026,-0.7044939093339221,-0.09248085129457247,-0.4787512482854483
-0.709585218468771,-0.7020232848448543,0.28160366063565234,-0.4897411673493212,1.0,0.47821565801450594,-0.26206779027053795,0.7412542805333293,-0.6648915344954411,0.4687902900198442,0.544682812637456,-0.49304906877815347,0.27402167927074217,-0.5297157002971535,-0.17698095144336573,-0.7082689860712359,0.48162733628686566,0.31995493817010395,0.48702080898075706,0.2913102527348561,0.41854954053249455,0.15617729279625192,-0.7750306959746265,0.15617729279625192,-0.6499881741821779,0.8618710331520576,0.48152362045013924,-0.39864526847987525,0.7069907988041557,-0.620192557449037,0.4367011406002875,0.03403029964166726,-0.28581652812905867,0.10150041788235872,-0.4162522096191446,-0.2644854571258861,-0.5772798002335598,0.3952983865183734,0.3134786657816256,0.635497851739939,-0.30357131429981143,0.40277665479729147,-0.7090234631883054,-0.6917385689126475,0.0795149860526178,-0.6536595765762556,0.825759076167956,0.47558765601587255,-0.31177693672384477,0.7124744694343896,-0.433370843886484,0.38580362915917,0.19998638867438026,-0.5201133534156428,-0.17568317145622656,-0.48406733549600156,-0.23870368734402733,-0.58702336116024,0.4055340559569346,0.22932257139378362,0.6570376270202697,-0.16265408386106978,0.22613447225076486
0.1519806076473742,-0.6261883708392854,-0.5692476964605783,0.1703370401413022,0.47821565801450594,1.0,0.521699373980658,0.7876817270451058,-0.7638962702346989,0.11129139136862742,0.7355746155074032,-0.6503796003776982,0.9050228099653841,-0.5973496118317974,0.3766468145394427,-0.13013177036368323,-0.12858377528062023,-0.330515559800432,-0.11123064099011094,0.23897106832268433,-0.27537516196293854,-0.5624257717647069,-0.818105074868689,-0.5624257717647069,-0.39439805247977705,0.4330900564691604,0.9169004234778081,0.3739086857633237,0.6708447847409612,-0.4676414742163965,0.2401430021031946,0.5474233194634,-0.4070191056767179,0.8285696906992882,-0.5493090854724599,0.36267682533500184,0.05608219257022935,-0.23350571094366557,-0.09811506216033955,-0.029601892872936783,0.2334770310921597,-0.26166325158521825,0.1372252065869475,-0.8086430094151857,-0.5149540462730747,-0.28280703626065307,0.5155153299616376,0.8666845560805296,0.38290969254894325,0.6411652943904529,-0.4973538298930608,0.10358806031956645,0.5220494023142667,-0.6716564529473019,0.5232884839295899,-0.6067163977127173,0.34723846891948895,-0.10187823598090018,-0.218236263246483,-0.17037173776321468,-0.01693077138297501,0.23859427690509605,-0.42884328977819014
0.6867360272794294,0.0741680410294395,-0.698287186551468,0.8040213274013306,-0.26206779027053795,0.521699373980658,1.0,0.18395411609240647,-0.031005789979777973,-0.41989972800405234,0.357891954590426,-0.15995939829615696,0.6314418178753844,-0.5047833305195698,0.2756002633393186,0.3906348986348356,-0.5931628992795359,-0.4049048395827894,-0.7101025155929032,-0.31044883565279374,-0.5066440558415055,-0.6436086179337384,-0.1687324259903064,-0.6436086179337384,0.35552390759634855,-0.26291936750501627,0.40565082630778077,0.7661211495862719,0.15499268717757475,0.12762529075045656,-0.30540924689485466,0.5059074949768593,-0.06501080820286115,0.5750726204511583,-0.5668248375534275,0.3395254718689916,0.3959935390752848,-0.6879314253238956,-0.24048375521935564,-0.7478985893291814,0.33942080169074895,-0.5580205328005059,0.6004564401025781,-0.2642811070370083,-0.5545997044340562,0.3871269437503966,-0.10696933196126898,0.36059713907508845,0.7920246137854969,0.11129505103934394,0.07680795728796172,-0.4074860463425244,0.3596870550393113,-0.3560874702534645,0.436685261112824,-0.5589434817301367,0.3234830331075059,0.24967585436390477,-0.6743704564227434,-0.13571398342170127,-0.7133423734303395,0.02897925707279764,-0.6067745903720615
-0.3183499294243178,-0.6839152836262843,-0.2207477026650064,-0.32191137469453884,0.7412542805333293,0.7876817270451058,0.18395411609240647,1.0,-0.7532378476200295,0.2550369259571424,0.7183394380391822,-0.7848154271333689,0.6421157833883645,-0.6070324025375167,0.07169290773227721,-0.41081164272365084,0.14055513188549607,0.07549898182484063,0.19278808367190295,0.31461122601314734,0.02554773158324206,-0.22593047146902653,-0.8137629947429874,-0.22593047146902653,-0.7006217010742661,0.6866167407061823,0.7253309245498807,0.09664003257027003,0.8328209730168759,-0.5266716504968498,0.319119401643389,0.41281343358548667,-0.43345340502475793,0.5118972733881514,-0.5049291027018391,0.034962195186507374,-0.23237695304734607,0.09303054835321256,0.2544756376502831,0.27113069786943944,0.010173972829532373,0.017769836827492797,-0.2554177071934104,-0.7804104405324322,-0.20334017877292015,-0.6143176569539727,0.6586829805333373,0.6833910727621137,0.17194559783173935,0.7971651967189126,-0.4407030761191458,0.21585573163150668,0.42776960775560613,-0.7554896877816952,0.062196465127245575,-0.5675129043997993,-0.01318482531317831,-0.29905665921987545,0.11201877101683615,0.17543367450435882,0.29304594849354965,0.1851025726121665,-0.15828057843463383
0.24786397626745146,0.8126316936128843,0.3314445458865964,0.2657221695112219,-0.6648915344954411,-0.7638962702346989,-0.031005789979777973,-0.7532378476200295,1.0,-0.17847796022206866,-0.554242010430206,0.7347222039800158,-0.6293433471304352,0.3722844139029356,-0.06824847258211153,0.2834558238303994,0.007872054865400336,0.0027071353321626666,-0.27397480238776595,-0.37450165026951315,0.02308621144986717,0.29256463750448386,0.8647814007142607,0.29256463750448386,0.6635710968412009,-0.6342431035069723,-0.7253139847865174,-0.10210825104229751,-0.649237101896373,0.7393685125364479,-0.2163849415413577,-0.3691687230983681,0.4610122804797621,-0.5988885160240753,0.3661273348656496,0.000525304729800058,0.13011089787117533,0.07594324454266822,-0.07473722639129911,-0.34458825539672455,-0.23041916134177318,-0.009152714249597542,0.09500403927647091,0.8313175721770274,0.26636583465774266,0.5184142114308908,-0.7085495545913707,-0.6880417884601024,-0.08518150540551096,-0.6140324094853338,0.6565663612080257,-0.2090250618928093,-0.4429650654960417,0.5728128910119834,-0.333322071762368,0.37335244526560724,-0.0009972828042487938,0.06908241242085236,0.03502845068333865,0.002194737612976125,-0.37573295447299804,-0.31974275185514645,0.13012003590333757
-0.5993909627131607,-0.45558730860715374,0.16182558696359348,-0.3697395243526818,0.4687902900198442,0.11129139136862742,-0.41989972800405234,0.2550369259571424,-0.17847796022206866,1.0,-0.09183464993579739,-0.034133413062031284,-0.1062345204350143,-0.041415267094198516,0.34314958409248336,-0.4413937068961629,0.4808385886323699,-0.053984695702301105,0.37139708051880044,0.4586489302261892,0.05864851038416069,0.12879428213524388,-0.3015214309668221,0.12879428213524388,-0.2537124415698895,0.4522993738678655,0.28730879933429176,-0.530093863795313,0.29242732407963823,-0.24596603679962978,0.9281673330841078,-0.3835203780601238,-0.011575732155141075,-0.18304481831332806,0.09717375613582441,0.26813415358151244,-0.36909478663414924,0.5571223050049573,0.1615800017099277,0.5123412944465513,-0.18788899319876942,0.09368273520065404,-0.6382629699473639,-0.1816780614933399,0.13140623135885487,-0.310867271055944,0.15878402688093246,0.3036802893488474,-0.45845801583715523,0.3305106272952152,-0.16259771174083143,0.9366457545221215,-0.2949495541960935,0.050300467597791707,-0.3926809223518451,0.026765258544022712,0.14959192486934633,-0.3165121021573738,0.5026260559610598,5.105231753831727e-05,0.5160138864717617,0.04678638401129393,0.08107698537865006
0.013804189961439537,-0.30195256311523305,-0.1484298791369956,-0.04089904345772996,0.544682812637456,0.7355746155074032,0.357891954590426,0.7183394380391822,-0.554242010430206,-0.09183464993579739,1.0,-0.5236365630407338,0.714985269600012,-0.538077929086662,-0.1791879963980733,-0.14936021949753697,-0.007711230707002761,0.17976246290501913,0.14321610245686334,0.017342374687255264,0.06511462064235814,-0.15279462236326546,-0.5820915214298416,-0.15279462236326546,-0.4797214891424885,0.5457917793806877,0.5640547746025498,0.2782795794452891,0.5788395711079772,-0.18784199123889464,-0.015234694597370509,0.7400407416878307,-0.21588793231691797,0.5906826706500051,-0.41646912545687803,-0.10857315288880803,0.003998625188626979,-0.08015816731400009,0.24671519719708107,0.13864768161723495,0.026737195066779667,0.038238265692858354,0.07204473522652663,-0.5738261690454743,-0.13733281713634685,-0.3582764049964925,0.5919803583081521,0.48672957488857904,0.3792865729718838,0.5689232616390555,-0.17514276927379954,-0.1493772099986628,0.7795125881807744,-0.6059919598460419,0.4166233717421725,-0.5180091450647282,-0.07267796647882846,-0.21620586985519766,-0.06020860647794302,0.22734063556561587,0.09326801858136038,0.06102501976560169,-0.09698284244370856
0.11165065237471992,0.5010483644886008,0.33371554208450227,0.26009545746780904,-0.49304906877815347,-0.6503796003776982,-0.15995939829615696,-0.7848154271333689,0.7347222039800158,-0.034133413062031284,-0.5236365630407338,1.0,-0.6867866311401712,0.3734109398471074,-0.1391168289871069,0.15141506901394047,-0.11040915219845518,-0.015192238059910032,-0.188444329877571,-0.4496408044759769,0.2425057082525028,0.35162241520659304,0.7035165659004091,0.35162241520659304,0.7329396450153425,-0.49259819746270084,-0.5976262520892085,-0.20778062858680635,-0.5085097036137277,0.5973005653911481,-0.07172538482877347,-0.3400831757462659,0.655531318265814,-0.5302453667341078,0.43277868685629983,-0.008341199515750759,0.07996236965194645,0.054950998936662145,-0.0922192895483091,-0.17886007927746753,-0.24464066325661954,0.27297158784870545,0.08207468256795802,0.7170717156137919,0.32788472178330985,0.653883237391575,-0.4830667461885903,-0.5778937989026399,-0.20932275810033518,-0.5012021783251802,0.3896878353874422,-0.059811780167156714,-0.40286844032944913,0.827525236059259,-0.27151374489958907,0.42830274246336736,0.0246536320527831,0.12941219732917505,-0.024071952586167886,-0.08480977325262427,-0.2521221312525142,-0.3680614368643657,0.3591626922222754
0.3832403427533318,-0.40139653783173196,-0.6555584783964121,0.31580029869772913,0.27402167927074217,0.9050228099653841,0.6314418178753844,0.6421157833883645,-0.6293433471304352,-0.1062345204350143,0.714985269600012,-0.6867866311401712,1.0,-0.4981715971510955,0.37948248842661914,0.08549057051073843,-0.15190681038032158,-0.3441728075269724,-0.23580540110799852,0.28388055791169864,-0.4432639887262003,-0.651424212431905,-0.6647505599320825,-0.651424212431905,-0.3086313855979692,0.2948374077308912,0.8299085841729944,0.5259552967270268,0.5128632937085064,-0.33853249742432495,0.05141089538093852,0.6449279569785807,-0.4912632718692168,0.8859474623727275,-0.5340858886416603,0.37753168628263406,0.22808157324288547,-0.328615526866973,-0.16740247075039982,-0.1960523404709091,0.34241471973057763,-0.4483486125311926,0.32396456267689405,-0.6744896497703238,-0.5963525668343479,-0.154846327035447,0.3976529404050444,0.7998855796920541,0.5492273007926421,0.4950971362122849,-0.3037212134330818,-0.07410748145706923,0.6011979487530033,-0.6923787098622763,0.6803903924898698,-0.5610152893394019,0.36928687290616646,-0.01330102000730749,-0.29071207755863476,-0.18689022306999903,-0.18249164330735143,0.345522603906285,-0.5663187140606518
0.07084835457079437,0.41508457836948054,0.12937976605298654,-0.2450788825588883,-0.5297157002971535,-0.5973496118317974,-0.5047833305195698,-0.6070324025375167,0.3722844139029356,-0.041415267094198516,-0.538077929086662,0.3734109398471074,-0.4981715971510955,1.0,0.032739654529890604,0.4273046938652669,-0.009844103417988961,0.007114707537161123,0.3640835162935728,0.1903576644890917,-0.15951259795065117,0.2497607220579004,0.6461397064807263,0.2497607220579004,0.1590885291001743,-0.3718207177551625,-0.5441332444298946,-0.12235760704426489,-0.6309031204694074,0.29917143689054293,-0.023880264840729838,-0.1765271995151453,0.193365046932968,-0.33210038892614224,0.9387751480490213,0.04501411806664858,0.3478482004558482,0.1432703675243311,-0.04844907070245044,0.23304309259452724,0.11882197480593915,-0.0872973958688467,0.18716910321108526,0.6439806504097221,0.24354034055419246,0.19075694094667303,-0.5176003704841322,-0.5177661434216593,-0.23616365291000882,-0.6601535309709329,0.11813756818323153,-0.0028008072063285603,-0.35867038576280746,0.5735506714970557,-0.0888517550342216,0.9576082579516805,0.0649451678551242,0.3858643320010378,0.09561249956654048,-0.14045633227362583,0.14098582122010228,0.37013278861771287,0.06965047964578783
0.33841935211578167,-0.1335283006653867,-0.45896689359756127,0.34172606538122025,-0.17698095144336573,0.3766468145394427,0.2756002633393186,0.07169290773227721,-0.06824847258211153,0.34314958409248336,-0.1791879963980733,-0.1391168289871069,0.37948248842661914,0.032739654529890604,1.0,0.12233113169046275,0.04543890022520806,-0.6931970400720172,-0.2991156802105976,0.4230279092565175,-0.6392220878676116,-0.4433719729732077,-0.14477597392240643,-0.4433719729732077,0.07008044098503832,-0.16405574036759557,0.4587048467533853,0.1318426349358505,0.024872649743412606,-0.09561495147291003,0.4812997867042487,-0.17132745269351332,-0.1761988655614214,0.32281020121359366,-0.033637128957735817,0.9067426516721778,0.08160819533247843,-0.055934427585726726,-0.3674508228431436,-0.25219049495373225,0.1307506972199597,-0.5798837274985206,0.13673759320629356,-0.1472197376573777,-0.3999822849381624,0.08105029086883277,-0.29725518093518255,0.5071199518213102,0.06511875821008897,-0.002809394209740926,-0.2170507032371541,0.3423493128894716,-0.2732179707333053,-0.14930178504552852,0.2554122917833164,-0.049675399329202646,0.8178401672385721,0.034952916779238924,-0.07207613334127266,-0.48862719309848146,-0.21813609720643984,0.22253150275797673,-0.5507149219775636
0.673674884108861,0.5317216858075602,-0.4658187026748952,0.503361015958809,-0.7082689860712359,-0.13013177036368323,0.3906348986348356,-0.41081164272365084,0.2834558238303994,-0.4413937068961629,-0.14936021949753697,0.15141506901394047,0.08549057051073843,0.4273046938652669,0.12233113169046275,1.0,-0.6946611745920974,-0.15444808659316717,-0.25070248662134365,-0.29217139281771626,-0.5759451129299479,-0.18741716195739805,0.502729769232313,-0.18741716195739805,0.4289902701486619,-0.5413756964551568,-0.19077443264311245,0.5961709678209434,-0.5550780760258616,0.46732844347919733,-0.43098219237126645,0.32727007229520905,0.30599668254644247,0.11061268747368545,0.3053525098242392,0.17798048977227476,0.8370497195900728,-0.6911686122760466,-0.12732987273280438,-0.41938773111668215,0.5280622447112749,-0.5772589751096799,0.6927289351071281,0.4427858292261003,-0.059991401848229396,0.5395629281291481,-0.5634827178015369,-0.22202839436707036,0.485486803958458,-0.6231945347568544,0.2530591295250163,-0.4061159588731563,0.024338520809386904,0.14115621223690236,0.2654205587723124,0.3289617779997915,0.3008172260639178,0.6540686772149695,-0.7019777031075628,-0.10179023745854358,-0.4576467079564771,0.44625941580496403,-0.4469179415408069
-0.49960111876947333,-0.11777322606464001,0.5775013535385495,-0.5316457980931149,0.48162733628686566,-0.12858377528062023,-0.5931628992795359,0.14055513188549607,0.007872054865400336,0.4808385886323699,-0.007711230707002761,-0.11040915219845518,-0.15190681038032158,-0.009844103417988961,0.04543890022520806,-0.6946611745920974,1.0,0.14167544285057204,0.42609051794590774,0.5975414399018553,0.36754609801132554,0.27213833629415646,-0.1429553194430965,0.27213833629415646,-0.41062446241874473,0.38905716372684257,-0.05359742990624887,-0.7128077523789719,0.1658910127975091,-0.22702525946664376,0.48141128221067275,-0.4509676890754439,-0.3604077724914093,-0.2617452531122422,0.06545315904361697,-0.05091036831592635,-0.5913208571928025,0.86959059935989,0.03636256796385037,0.5442892682194534,-0.45849899554106666,0.3959418734737169,-0.67155230285866,-0.0541132672092245,0.13168861681395633,-0.497687679938953,0.2788828226377857,0.01768774153368023,-0.6345438815971715,0.22478719335235176,-0.03755964724100832,0.43930649651506853,-0.21002243679820626,-0.08355545500778773,-0.2135051806158573,-0.004668463515162015,-0.1286081749896043,-0.6798743227249788,0.8766089913848858,-0.031253758703055225,0.5576282638831885,-0.2093832598370088,0.4027371839495947
-0.5612942260191484,0.19043601181693465,0.6279125178423871,-0.473560277389833,0.31995493817010395,-0.330515559800432,-0.4049048395827894,0.07549898182484063,0.0027071353321626666,-0.053984695702301105,0.17976246290501913,-0.015192238059910032,-0.3441728075269724,0.007114707537161123,-0.6931970400720172,-0.15444808659316717,0.14167544285057204,1.0,0.4355300540427571,-0.19776617803532404,0.4933926229058972,0.7682237325803709,0.14159519779026492,0.7682237325803709,-0.3071154581001025,0.4543287195303288,-0.40367745393410426,-0.2660552280098165,0.03621304726622809,0.1906692078124979,-0.19599470891057214,0.010808247074288182,0.34762521145950426,-0.46236142885472803,0.041704113273070165,-0.6889965476407581,-0.289497190975313,0.18636935021760492,0.8305328608962222,0.43235333189594566,-0.24372585579451844,0.43550532656528645,-0.3467589252580944,0.138141371638101,0.784946595447643,-0.30848877703128175,0.2391362685326815,-0.42413047802201803,-0.08139150862089409,0.04152269207275148,0.36539071189843486,-0.15050819537834334,0.17116566550673484,-0.03237277399495099,-0.38973002714238847,0.02027388255945728,-0.5978984888660387,-0.17906311257243945,0.2164727024340114,0.8822610939388658,0.42143439784004433,-0.12659186820084,0.47698618888574146
-0.6438682966555137,-0.17248664973985692,0.4706090969831558,-0.7561982824595557,0.48702080898075706,-0.11123064099011094,-0.7101025155929032,0.19278808367190295,-0.27397480238776595,0.37139708051880044,0.14321610245686334,-0.188444329877571,-0.23580540110799852,0.3640835162935728,-0.2991156802105976,-0.25070248662134365,0.42609051794590774,0.4355300540427571,1.0,0.3100048201699005,0.2876600653458636,0.4181140738019176,-0.11217714586531297,0.4181140738019176,-0.5767309299235629,0.45259702430661286,-0.14068032250577372,-0.497997384605989,-0.005496618567135623,-0.31000883431236537,0.2992915343247177,-0.09182656334393029,-0.11556162512117411,-0.2803699382550773,0.4573210392245638,-0.36536015424813045,-0.1992414680219516,0.4704853652109478,0.2956821083523585,0.906594985180806,-0.1710225248471595,0.30451695957054886,-0.5372291284255808,-0.06001787623890615,0.34336456807191634,-0.5504530133049441,0.23038016450347173,-0.14072533914359553,-0.5424825643197662,-0.009936364208125357,-0.24530568899448843,0.27524544731886263,-0.0408304725010568,-0.08691763644571056,-0.30201966283312726,0.37156060805713254,-0.3285469867748477,-0.2697468644619759,0.4384718929751003,0.18068064246188298,0.8439108386532429,0.1079139279581584,0.30834908354646473
-0.212819254019474,-0.3688858511143634,-0.16111077563340243,-0.368112058678453,0.2913102527348561,0.23897106832268433,-0.31044883565279374,0.31461122601314734,-0.37450165026951315,0.4586489302261892,0.017342374687255264,-0.4496408044759769,0.28388055791169864,0.1903576644890917,0.4230279092565175,-0.29217139281771626,0.5975414399018553,-0.19776617803532404,0.3100048201699005,1.0,-0.23666108341746464,-0.26177691827069277,-0.3113919901394003,-0.26177691827069277,-0.4268736059874868,0.41064996659314074,0.36785798872260506,-0.1978895916029081,0.2965117261187365,-0.4253009960444249,0.5925617459414748,-0.06949326873266642,-0.5893515571137306,0.2809906610707142,0.183693905867254,0.3094040821464583,-0.1269224733947831,0.5401350164349895,-0.10879599528719736,0.43211576595286705,0.18482216287074396,-0.15507574129086799,-0.2046168059968891,-0.23503018145447097,-0.30238926275051864,-0.3590609670128965,0.2886715491061823,0.42908893612524646,-0.21597848062060251,0.3099572076260896,-0.27284402992730683,0.5344007878706902,-0.006656601436210597,-0.19327910099138032,0.12533229519904238,0.15176153035862594,0.22233849463017694,-0.10730384605233925,0.5525092295544489,-0.24601888131042657,0.47276092011879195,0.5529098646596167,-0.1331264328126793
-0.5140043603473151,-0.09213168415472263,0.7297486196266258,-0.4979338705546847,0.41854954053249455,-0.27537516196293854,-0.5066440558415055,0.02554773158324206,0.02308621144986717,0.05864851038416069,0.06511462064235814,0.2425057082525028,-0.4432639887262003,-0.15951259795065117,-0.6392220878676116,-0.5759451129299479,0.36754609801132554,0.4933926229058972,0.2876600653458636,-0.23666108341746464,1.0,0.5851833287593063,-0.016887067578731194,0.5851833287593063,-0.17347260108745996,0.27515392621060003,-0.25843514764925185,-0.5233567907859545,0.24365183060432427,-0.04230887000824343,-0.087373789154951,-0.20640250750725814,0.15578205143651017,-0.4601956533585789,-0.03884723091832141,-0.6007291497421352,-0.48071940673450153,0.35388567981345176,0.22702065739398491,0.34885393216056154,-0.4797550255939283,0.975486615043652,-0.49292331394118905,0.06035743248132925,0.486510997981563,-0.19860934167834068,0.37296055669314104,-0.2788648557590608,-0.47935572430499596,0.23592738098576968,0.024775282418794713,-0.028685593443142556,-0.03715833417077759,0.15296954353839637,-0.3662641350702108,-0.05710549570331396,-0.5259160482976066,-0.4879425341614868,0.3469385364794862,0.26021398618780994,0.31213452859428015,-0.4985806968466612,0.887395301864379
-0.5538529859548156,0.2985044408567421,0.8705911667062308,-0.4987656546258083,0.15617729279625192,-0.5624257717647069,-0.6436086179337384,-0.22593047146902653,0.29256463750448386,0.12879428213524388,-0.15279462236326546,0.35162241520659304,-0.651424212431905,0.2497607220579004,-0.4433719729732077,-0.18741716195739805,0.27213833629415646,0.7682237325803709,0.4181140738019176,-0.26177691827069277,0.5851833287593063,1.0,0.382158473480702,1.0,-0.14819089319843212,0.20243001639688016,-0.5724884011952394,-0.5271105624174514,-0.18388830562490371,0.3344759092173754,-0.030012573157803604,-0.31457305927909046,0.5980814862233615,-0.7447657303725238,0.31803233337059555,-0.4723179905832081,-0.4244680240162031,0.3515655830251076,0.6577642267717227,0.4150957483156761,-0.5411757913417002,0.5626103035207402,-0.46282558882947045,0.411325981249355,0.9620191890808673,-0.2048215674192464,-0.03411069052725217,-0.5682430322916966,-0.45716510957458556,-0.19204075446408406,0.3062561155017174,-0.00039256640167473916,-0.2022030980640141,0.27159197514588207,-0.5154180818925422,0.28108879534486425,-0.40002813829243394,-0.2570503825102284,0.34759438799279513,0.6178802483051696,0.37456421741147433,-0.361491251002275,0.625847844811489
0.2881583793694309,0.8765536311366512,0.2810587669967045,0.12736764286110325,-0.7750306959746265,-0.818105074868689,-0.1687324259903064,-0.8137629947429874,0.8647814007142607,-0.3015214309668221,-0.5820915214298416,0.7035165659004091,-0.6647505599320825,0.6461397064807263,-0.14477597392240643,0.502729769232313,-0.1429553194430965,0.14159519779026492,-0.11217714586531297,-0.3113919901394003,-0.016887067578731194,0.382158473480702,1.0,0.3821584734807017,0.5470085379594374,-0.6430462590155629,-0.8138457213221048,0.015416740822295301,-0.7594552643251883,0.764165167233024,-0.3451034736549373,-0.25660648331555336,0.5016894575902349,-0.5799639667862196,0.6102566104195984,-0.04423569818717973,0.33069166953558876,-0.05091986311555362,0.02159224253359205,-0.2537909234602377,-0.0011674261045345967,-0.015043147612878468,0.28605514989183173,0.9734763197147394,0.3913330716171508,0.5455559376735045,-0.7404870971984877,-0.7906184717336047,-0.03624709300050654,-0.7641046707384067,0.6460444180934082,-0.30083516614320593,-0.3619887844564072,0.6251158129589102,-0.2352605676692982,0.6158828070366003,-0.004923622638726163,0.3067845976120268,-0.08600927666957778,0.07404974935635256,-0.2957937653007743,-0.030661819584028735,0.17503929277618058
-0.5538529859548156,0.2985044408567421,0.8705911667062308,-0.4987656546258083,0.15617729279625192,-0.5624257717647069,-0.6436086179337384,-0.22593047146902653,0.29256463750448386,0.12879428213524388,-0.15279462236326546,0.35162241520659304,-0.651424212431905,0.2497607220579004,-0.4433719729732077,-0.18741716195739805,0.27213833629415646,0.7682237325803709,0.4181140738019176,-0.26177691827069277,0.5851833287593063,1.0,0.3821584734807017,1.0,-0.14819089319843212,0.20243001639688016,-0.5724884011952394,-0.5271105624174514,-0.18388830562490371,0.3344759092173754,-0.030012573157803604,-0.31457305927909046,0.5980814862233615,-0.7447657303725238,0.31803233337059555,-0.4723179905832081,-0.4244680240162031,0.3515655830251076,0.6577642267717227,0.4150957483156761,-0.5411757913417002,0.5626103035207402,-0.46282558882947045,0.411325981249355,0.9620191890808673,-0.2048215674192464,-0.03411069052725217,-0.5682430322916966,-0.45716510957458556,-0.19204075446408406,0.3062561155017174,-0.00039256640167473916,-0.2022030980640141,0.27159197514588207,-0.5154180818925422,0.28108879534486425,-0.40002813829243394,-0.2570503825102284,0.34759438799279513,0.6178802483051696,0.37456421741147433,-0.361491251002275,0.625847844811489
0.486586787307581,0.447158035381357,-0.19081496981149598,0.7351786047127223,-0.6499881741821779,-0.39439805247977705,0.35552390759634855,-0.7006217010742661,0.6635710968412009,-0.2537124415698895,-0.4797214891424885,0.7329396450153425,-0.3086313855979692,0.1590885291001743,0.07008044098503832,0.4289902701486619,-0.41062446241874473,-0.3071154581001025,-0.5767309299235629,-0.4268736059874868,-0.17347260108745996,-0.14819089319843212,0.5470085379594374,-0.14819089319843212,1.0,-0.6066345302884971,-0.3146933532879211,0.25889426317733555,-0.4279050857809971,0.47324595532257596,-0.22438918626511067,-0.12848803819772953,0.48046667803825227,-0.17408130490406895,0.098058762466603,0.1380574664134236,0.35340796815820835,-0.3429057629078358,-0.3199166738463928,-0.5574700103296925,0.06985170524794315,-0.17005971521694774,0.3628180403829258,0.5190117399347826,-0.1249219523579545,0.8710161386318045,-0.5071591135618464,-0.282172605019224,0.19598021566856685,-0.41667792039572454,0.35708419117135803,-0.22378184573575002,-0.28176716031579574,0.5804637451771233,-0.0396471802425642,0.1509630803939723,0.18084628429887353,0.30720178858063546,-0.38004363715798845,-0.2506832836640041,-0.5482642806683053,-0.16891746049355705,-0.07644105826262829
-0.6787068927977271,-0.5874136847054962,0.18435550661400615,-0.47010339394559636,0.8618710331520576,0.4330900564691604,-0.26291936750501627,0.6866167407061823,-0.6342431035069723,0.4522993738678655,0.5457917793806877,-0.49259819746270084,0.2948374077308912,-0.3718207177551625,-0.16405574036759557,-0.5413756964551568,0.38905716372684257,0.4543287195303288,0.45259702430661286,0.41064996659314074,0.27515392621060003,0.20243001639688016,-0.6430462590155629,0.20243001639688016,-0.6066345302884971,1.0,0.5158441693875252,-0.26149572945777716,0.7158311977831731,-0.4560080569755171,0.45087978371465703,0.18137478289511852,-0.11777928369961231,0.16191656326595613,-0.26199128474325234,-0.2649589602432365,-0.45284467484545027,0.39765546930152235,0.5443194913182836,0.6256796401485004,-0.10900201138308693,0.2857208584911299,-0.5205345895383403,-0.5638265677833928,0.19773747608801037,-0.5425691164753642,0.8345682360894009,0.507433334826071,-0.09331388228022884,0.7458953529669118,-0.24643704320612453,0.40875899347737626,0.38574340608234065,-0.387895348354975,-0.10245571523624161,-0.3061684520454264,-0.15755706386823576,-0.31055863247000376,0.4290621599475212,0.4460479427260704,0.6595166903491669,0.13490313298399484,0.18567070061898167
0.04885204493812351,-0.7207955941455552,-0.575475912643521,0.14256387945053056,0.48152362045013924,0.9169004234778081,0.40565082630778077,0.7253309245498807,-0.7253139847865174,0.28730879933429176,0.5640547746025498,-0.5976262520892085,0.8299085841729944,-0.5441332444298946,0.4587048467533853,-0.19077443264311245,-0.05359742990624887,-0.40367745393410426,-0.14068032250577372,0.36785798872260506,-0.25843514764925185,-0.5724884011952394,-0.8138457213221048,-0.5724884011952394,-0.3146933532879211,0.5158441693875252,1.0,0.29245514682450185,0.7397308000479563,-0.5270114312524861,0.41769299860787273,0.4237370164982667,-0.3812287469817027,0.7701506883896493,-0.5057008973758601,0.4172005434643787,-0.00876098722022775,-0.12235800254682114,-0.12250449753748435,-0.0033437376039540125,0.24565848204988802,-0.2236063815630994,0.027226319766466504,-0.7600258630608153,-0.5240376175530409,-0.19751991603630414,0.5504631498526218,0.9797373631067827,0.3028431166187711,0.7437099041287698,-0.48726660734494565,0.323185400873634,0.4322223543171317,-0.5294837621074117,0.4234586107357852,-0.5174784519266775,0.4355205016027393,-0.06804356484786216,-0.10259430481001722,-0.21944308246048955,0.037970940051320706,0.2972092787548582,-0.38041645266637825
0.6997937162523822,0.11942912343589068,-0.7485931442994369,0.5672706846368843,-0.39864526847987525,0.3739086857633237,0.7661211495862719,0.09664003257027003,-0.10210825104229751,-0.530093863795313,0.2782795794452891,-0.20778062858680635,0.5259552967270268,-0.12235760704426489,0.1318426349358505,0.5961709678209434,-0.7128077523789719,-0.2660552280098165,-0.497997384605989,-0.1978895916029081,-0.5233567907859545,-0.5271105624174514,0.015416740822295301,-0.5271105624174514,0.25889426317733555,-0.26149572945777716,0.29245514682450185,1.0,0.08797545628203128,0.20501159481720288,-0.4128485911184044,0.6526917008930909,-0.04802663004866423,0.6039605521889279,-0.21660349164809473,0.22937726071177883,0.6525627014574727,-0.7245640430622644,-0.11756355276986585,-0.6252349436940425,0.5660964964186698,-0.5491631427157869,0.7701570701830518,-0.05119548334453723,-0.4233745578110184,0.3959941374505685,-0.10748259026832958,0.24090223698140822,0.835416940358768,0.033725971601963486,0.09398588814425639,-0.4569678099628392,0.4740053732311066,-0.24026126648295162,0.5445113074731647,-0.18478813613072276,0.23125735453435972,0.43726713998168676,-0.7049864074168759,-0.050804592319348744,-0.5820064374930108,0.3961693631239721,-0.5778143808273576
-0.3332172963375658,-0.7447777489313032,-0.1723383835740865,-0.21554308344935855,0.7069907988041557,0.6708447847409612,0.15499268717757475,0.8328209730168759,-0.649237101896373,0.29242732407963823,0.5788395711079772,-0.5085097036137277,0.5128632937085064,-0.6309031204694074,0.024872649743412606,-0.5550780760258616,0.1658910127975091,0.03621304726622809,-0.005496618567135623,0.2965117261187365,0.24365183060432427,-0.18388830562490371,-0.7594552643251883,-0.18388830562490371,-0.4279050857809971,0.7158311977831731,0.7397308000479563,0.08797545628203128,1.0,-0.46115176285623083,0.3554742878554564,0.3820836189399173,-0.2689849575316271,0.4555484403516043,-0.5153314356162741,-0.012217410168833452,-0.343907194339221,0.17437354335130742,0.2378599519635046,0.14961807467216162,-0.11680363155068949,0.2560547131904891,-0.24347908529849874,-0.6885454725015694,-0.1764693846043353,-0.33907529208269016,0.7658231849854352,0.720300379126468,0.17916238754192923,0.9628118066199627,-0.3275105155653066,0.27708227383886663,0.43349841047101345,-0.4629722460024292,0.0600564057664264,-0.5303529205703219,-0.03371960270001699,-0.32086976758402364,0.19092023147201692,0.16806754743643612,0.18484249070613878,0.07891950030146443,0.07594545835405173
0.37468800289583076,0.7692582953426068,0.15493913491258005,0.27277941523037075,-0.620192557449037,-0.4676414742163965,0.12762529075045656,-0.5266716504968498,0.7393685125364479,-0.24596603679962978,-0.18784199123889464,0.5973005653911481,-0.33853249742432495,0.29917143689054293,-0.09561495147291003,0.46732844347919733,-0.22702525946664376,0.1906692078124979,-0.31000883431236537,-0.4253009960444249,-0.04230887000824343,0.3344759092173754,0.764165167233024,0.3344759092173754,0.47324595532257596,-0.4560080569755171,-0.5270114312524861,0.20501159481720288,-0.46115176285623083,1.0,-0.2620196607655349,0.04771592710587846,0.602670300550875,-0.28339872954025364,0.34267679479977203,0.07237059130156377,0.3658808906931815,-0.11608626741901494,0.23830087892571397,-0.3729938817235165,-0.07766931719769984,-0.06881246193551958,0.37870364107786375,0.7401944970757018,0.4064840449917801,0.5000566858091738,-0.556689958008746,-0.5378289731654959,0.3027385835407286,-0.4557083317733357,0.7548292511126915,-0.2846835014600904,-0.0751446321885021,0.46804216175655944,-0.002623150771742954,0.3092199443418184,0.10106008573532961,0.18332172697987983,-0.16749600680660048,0.2826122098448199,-0.46320620130372436,-0.05031203814037195,0.013451429245712385
-0.48285930392674997,-0.49184094343504714,0.008619725467088408,-0.2971550912452408,0.4367011406002875,0.2401430021031946,-0.30540924689485466,0.319119401643389,-0.2163849415413577,0.9281673330841078,-0.015234694597370509,-0.07172538482877347,0.05141089538093852,-0.023880264840729838,0.4812997867042487,-0.43098219237126645,0.48141128221067275,-0.19599470891057214,0.2992915343247177,0.5925617459414748,-0.087373789154951,-0.030012573157803604,-0.3451034736549373,-0.030012573157803604,-0.22438918626511067,0.45087978371465703,0.41769299860787273,-0.4128485911184044,0.3554742878554564,-0.2620196607655349,1.0,-0.26256554718941033,-0.10498498550300991,0.0345662680307399,0.12088911291757273,0.45651861883629646,-0.32144711712461793,0.5816680094123756,0.08584163974822798,0.47048070478376025,-0.13502385204918857,-0.026353842881699868,-0.5292240893381942,-0.2303216070707553,-0.043743907099761246,-0.2800424124439544,0.16313931091525552,0.4537219536621642,-0.3482556901105731,0.3974407137346125,-0.2460387192454533,0.9258329159996465,-0.22742298474949216,0.029614974738706282,-0.2560983694123941,0.042596640420882716,0.3084670970435202,-0.2543942786453305,0.5212106053334762,-0.11616640047473036,0.46183801721276463,0.14804491569910375,-0.06371657894159359
0.36430103127131314,-0.13600478846637687,-0.49404782217833004,0.1691894589689879,0.03403029964166726,0.5474233194634,0.5059074949768593,0.41281343358548667,-0.3691687230983681,-0.3835203780601238,0.7400407416878307,-0.3400831757462659,0.6449279569785807,-0.1765271995151453,-0.17132745269351332,0.32727007229520905,-0.4509676890754439,0.010808247074288182,-0.09182656334393029,-0.06949326873266642,-0.20640250750725814,-0.31457305927909046,-0.25660648331555336,-0.31457305927909046,-0.12848803819772953,0.18137478289511852,0.4237370164982667,0.6526917008930909,0.3820836189399173,0.04771592710587846,-0.26256554718941033,1.0,-0.05295690446419331,0.6929027575941762,-0.10594651610803066,-0.06708315015204837,0.4316328633959853,-0.35403362055954124,0.12932605860355972,-0.15440505469550664,0.26500429079052473,-0.2075404238812884,0.554446870018036,-0.2730456514833219,-0.2410810906007885,0.05355220367868247,0.3027240149185916,0.3562388105482633,0.671917208495696,0.3367481810447529,-0.04142056609799725,-0.33650933300944125,0.826996560826028,-0.2737437178173946,0.5532167116828026,-0.13238569178820114,-0.03589177775815167,0.29454992132928204,-0.3418014123282564,0.12646481010012733,-0.2246606858132552,0.4098913526897328,-0.2727204278429748
