Fp1,Fz,F3,F7,FT9,FC5,FC1,C3,T7,TP9,CP5,CP1,Pz,P3,P7,O1,Oz,P8,TP10,CP6,CP2,C4,T8,FT10,FC6,FC2,F4,F8,Fp2,AF7,AF3,AFz,F1,F5,FT7,FC3,FCz,C1,C5,TP7,CP3,P1,P5,PO7,PO3,POz,PO4,PO8,P6,P2,CPz,CP4,TP8,FC4,FT8,F6,F2,AF4,AF8,O2,P4,C6,C2
1.0,0.5396726011138887,0.23832559679119006,0.20696308370645053,0.2262412514401079,0.06990573061973712,0.0425879426484883,0.01053339305706104,-0.047183630025063907,0.07060386251055992,0.33530274899329593,0.09118227586116552,0.1425306774853712,0.201364000019884,0.03203638954977034,0.47012072784993747,0.33948310332713416,-0.031191655588426223,0.009588635572851334,-0.0845391571742752,0.263145666514462,-0.2259925739815991,0.060038650860245756,-0.2259925739815991,0.1440640627555798,0.1123841528356797,-0.11163483390639593,-0.1011668442622184,-0.05525106849309888,-0.09272545973057139,-0.09118220675668072,0.3071639417585277,-0.04203193145308421,-0.07888130461388829,0.15631766160047664,0.15810773617829002,0.3462067241343175,0.15972382502740765,-0.11752480407344802,-0.08901302730339672,-0.13376612894307174,0.17710238699720604,0.2960912113176763,0.4804685458163619,-0.13915149562907134,0.1827864771229244,0.049149955428115386,-0.15863701414546966,-0.08801074233573779,-0.0702929975525048,-0.1454966002792804,-0.1308133176537302,0.27519602571145735,0.05528882816403272,-0.06967934812666338,0.011969810626888412,-0.30908648342968525,0.341781641006248,0.17139661935121583,-0.13469832549139862,0.018584445525802015,-0.1782724525748248,0.036206685602000264
0.5396726011138887,1.0,0.06943893549122415,0.24755574460301635,0.1443533574016504,-0.18737406549641425,-0.24476100387070465,0.03738635254308143,0.19907857369864917,0.2986510114772335,0.672917369383351,-0.17470206802377056,0.3943816376260222,0.33546974590486556,0.508967135977923,0.6447258376094704,0.43071638330768036,-0.29305336281417943,0.06904018076327754,-0.3899887261129682,-0.1204601192670491,-0.4064409122545861,-0.02392763467146711,-0.4064409122545861,0.012888664436058442,0.05853772583624737,-0.4765632063463711,-0.3775920968672153,-0.053197086119268266,0.10773513260325737,0.17720218349499894,0.6514462769382361,-0.3608891264149994,0.19325189490043126,0.2432198965105144,0.4246598591010255,0.5556668465776068,0.2925366940168568,-0.404377841614926,-0.18874263454433696,-0.43843507939397874,-0.23171638614106735,0.08782964081721724,0.6791124522504003,-0.3519468799737467,0.0008707837184157892,-0.07800456056660159,-0.48965755955368895,-0.36940185929585934,-0.1659599014261591,0.10180652597128251,0.19216481309571118,0.6064316211158007,-0.15110611544354946,0.09857308051206434,0.25634663430259425,0.33760158782963523,0.5378344289627323,0.23662714475465949,-0.34703399332538876,-0.025520039466557003,-0.43541341461994304,-0.25445724510665474
0.23832559679119006,0.06943893549122415,1.0,0.18587921230236681,0.3994680645485037,0.6659743579139831,0.7367709701609788,0.5124819042527197,0.14337793223075082,-0.26150643751197544,-0.2608115995918973,0.21443480297652057,0.251851087118721,-0.22409231526618448,-0.003900720068619156,-0.2027583841276185,0.19056714869646663,0.573666744060972,0.5897125291224556,0.12135866152377031,0.3544524541618069,0.6093039694502127,0.2637892639480657,0.6093039694502127,0.24214295483775133,0.395394300696368,0.6039543030344949,0.6254899610137189,0.42273582303258694,0.02276477148627876,-0.4545033804679563,-0.3285222135179339,0.23766016049523558,0.20127600409187404,-0.3397448867477829,-0.10243865305184725,-0.3026845690626383,0.05801400770675806,0.5215116600240867,0.41835499044472246,0.03793599941378396,0.2826142026125016,-0.06893393659271757,0.0643851573845701,0.5679830994868813,0.18272255662078704,0.27905813229968096,0.5633221987691237,0.621217804952766,0.40793923062162857,0.08831372371551519,-0.32294927947950525,-0.3353941888421468,0.14009600255943758,0.1786654228794139,-0.1333768456733462,-0.16518520032161685,-0.34177486283057695,0.004934821827153057,0.5042392760623449,0.5238249924738343,0.02355821740741967,0.22835317159908222
0.20696308370645053,0.24755574460301635,0.18587921230236681,1.0,0.30301546368551857,0.09491755850121683,-0.049901232861893824,0.10170467077504525,-0.051630571848842566,-0.1813654829639359,0.10459647014404709,-0.4551331146537965,-0.07017636898954505,-0.03156001527692938,0.06766491992247425,0.1679508616781665,0.05216550579144491,0.21377492638897666,-0.008746719558578508,-0.01568034700670206,0.26560655024902896,-0.13604404160743577,0.09552097643935813,-0.13604404160743577,0.8115543723926961,0.11876893566714981,0.04978114710204023,-0.09927498836078098,0.11671048772696209,-0.12663454361766585,-0.24833129218823624,0.14680211098247123,-0.40696246895254157,-0.00857119929428449,-0.028845783368297434,-0.04501366650488239,0.12934605158781376,-0.06079492533511722,0.17528104319880736,-0.0604980470402639,-0.0325366567390518,0.233624520038683,-0.15155382245040544,0.0935723366261216,-0.17730458739432392,0.7886211000148446,0.1689856254358589,0.06659756215012681,-0.14546291728224947,0.08840550743824342,-0.11629673237658658,-0.2461970785387423,0.12248896872675738,-0.45550120964324026,-0.04072245438301769,-0.16844536027152976,-0.0351434958626234,0.20685317238552176,-0.038052850847948155,0.15932452182118198,0.10561996685739865,0.058014718272108426,0.18972911523092242
0.2262412514401079,0.1443533574016504,0.3994680645485037,0.30301546368551857,1.0,0.6676845897074639,0.44741431542510035,0.5366808665247654,0.10909414821963774,-0.30880910455181076,-0.1991539677746338,-0.001147920100036174,0.14431039539599907,-0.21988379899413782,0.12288238403162487,0.062449657131289325,0.13739593321888632,0.5233826089522905,0.30235850608891834,0.1496130504689987,-0.006822870915004161,0.022190631397903466,0.12395712948487413,0.022190631397903466,0.1768343708786519,0.5291785981872791,0.5252207729173952,0.2650050809158215,0.41347171062573457,-0.1612770136444951,-0.5132463127337983,-0.31695686949071467,-0.06863575200450349,0.07824230094795895,-0.3316969694027013,0.04307237572959555,-0.05704333939333954,-0.03996387854129411,0.355203919254049,0.1696021528041793,0.09766213738500422,-0.07700133076967701,-0.28810096703736693,-0.046703283663578926,0.10105828819861949,0.21977372633289266,0.8560150254497266,0.5551321115925246,0.3288368399292632,0.43333604818662835,-0.02651702717902969,-0.4408729603278826,-0.3300487070816418,-0.1534336860201613,0.05489986715427787,-0.3617879436483131,0.08890856195270798,-0.07108963572183062,-0.054199303460000924,0.1981789659899188,-0.06683911605360776,0.10614477922265696,-0.0644379988508686
0.06990573061973712,-0.18737406549641425,0.6659743579139831,0.09491755850121683,0.6676845897074639,1.0,0.7299051341427261,0.6256809984606951,0.1712318967085668,-0.412930981556913,-0.44635933561086294,0.18104908810932885,0.034045466113894626,-0.2432625988753819,-0.013092686234191367,-0.2880233725353555,0.10182194796492558,0.6024894426751148,0.4872798857450945,0.3859459292766699,0.19987526628816765,0.3071207203599603,0.168557145990671,0.3071207203599603,0.03331695937999769,0.49512649381718354,0.8716029002408606,0.501642832180961,0.4379328159885361,-0.039464006063812236,-0.6152095272771851,-0.5816936798841054,0.2025080345149709,-0.030396083632021224,-0.40604073604966656,-0.08294696495656484,-0.4423452627615184,-0.06907018625479867,0.4896127954196315,0.44167266248805925,0.28330661353652054,0.12023940076231249,-0.29512317811210015,-0.3096891858310539,0.347089615599438,0.021633532596891023,0.5262459955129605,0.8673048859799252,0.5397807006628677,0.5125435039529161,0.028417606559858494,-0.5325714646663682,-0.5658479874211305,0.051843803928678316,0.02799722906515219,-0.38825635419594406,-0.059283765872244286,-0.45832726736046864,-0.11005172029696375,0.431124956759383,0.24459541164217405,0.27040515357836836,0.08301276817635944
0.0425879426484883,-0.24476100387070465,0.7367709701609788,-0.049901232861893824,0.44741431542510035,0.7299051341427261,1.0,0.3197933221773943,0.09567203043216549,-0.308610022892549,-0.3887471781968744,0.3413843343783083,0.1711345976283043,-0.3384971507319786,-0.08804687727812759,-0.382697552463822,0.008129136548516602,0.47726084464705215,0.6737578449773303,0.13352430717325045,0.31487457951438297,0.6187393717058347,0.19634455894550532,0.6187393717058347,-0.0686951711507719,0.3065670867007972,0.6576991239960551,0.8850110499477257,0.10993569172780408,-0.09446464632323762,-0.4804401729465936,-0.5623657447338613,0.343591641385079,0.1348796167697793,-0.46561602166582294,-0.18590662355417711,-0.4853896663602712,-0.15095660331629443,0.4668991406806848,0.6603287603535539,0.05533872951054072,0.24928070757817022,-0.08393869612959697,-0.268580664781702,0.6107260534558027,-0.10996954933871296,0.33615564027297623,0.6647889367346688,0.9080358106666513,0.2100846012037045,-0.01068690566050117,-0.3292414956195835,-0.5119966635084681,0.3030723773569004,0.13660550657206383,-0.25930066444910294,-0.23399164822314097,-0.5105798625613416,-0.1937309282894005,0.4300938480720544,0.5183862204847621,0.05513787038773111,0.2601453590371167
0.01053339305706104,0.03738635254308143,0.5124819042527197,0.10170467077504525,0.5366808665247654,0.6256809984606951,0.3197933221773943,1.0,0.30103862002233944,-0.2770579464822792,-0.3432929375841258,0.0745559886200281,0.16679046588068255,-0.02899148356699193,0.18625248950652643,-0.13560390304628567,0.08247225414951083,0.41865104976089124,0.27325857833398254,0.421727032784573,-0.17071172492262676,0.23173986353165363,0.012409367655023797,0.23173986353165363,-0.005608721515140987,0.35943922587180094,0.5091886704828044,0.10432171289709564,0.8631464688152622,0.13956376311892144,-0.41854663124349845,-0.41925850546534527,0.14968696171493848,0.09157304207964513,-0.15457587321389446,0.11834991144790023,-0.25677646313659747,0.0018050134467286689,0.32293801418629514,0.21477857052708652,0.38702960528972163,-0.20351161112463384,-0.1724568183587064,-0.1750243084554809,0.3160233848104007,0.02598445046835866,0.45306290480858397,0.5480838251333098,0.16163596989087187,0.8944269542071336,0.23054607771735217,-0.34169311226602256,-0.43924731153553453,-0.02116802956441975,0.12215946686580735,-0.23762446059960396,0.20027572124099702,-0.3241035796383942,0.021148803480074904,0.2702647186765805,0.02494163185216738,0.3842101934312063,-0.21673046156526896
-0.047183630025063907,0.19907857369864917,0.14337793223075082,-0.051630571848842566,0.10909414821963774,0.1712318967085668,0.09567203043216549,0.30103862002233944,1.0,0.5232270141059396,0.3514786117682898,0.4078085744478088,0.5653224486073742,0.2078002746258646,0.3836500468827314,0.08409221395945336,0.6173503469561442,-0.0759220488970942,0.43879539788732685,0.3073366037313778,-0.07310881309582681,-0.025872165609243148,0.3126360525428544,-0.025872165609243148,-0.3652832719694952,-0.022588334813320073,-0.018702074273289127,-0.12941118009596436,0.14421233416178447,0.9120632240246442,0.4124461656501292,0.2740215997853675,0.366618944306069,0.33315593341167915,0.08201601708053324,0.2915299405739229,-0.0042839910922802486,0.5486288407236957,-0.15542166129229892,0.39305509875166206,0.23569594124974885,-0.13023008771213915,0.18803430006424643,0.12073004915995286,0.18120031382481047,-0.33587742329579123,-0.04554418172809366,0.01651675431674288,-0.022190836994360575,0.19504212094024834,0.941632745941518,0.42472971707602775,0.28266595647270987,0.45807711762998693,0.42239990394933613,-0.06245550824267975,0.2791921237772103,-0.05264621681585554,0.5073901759456036,-0.11246063984553262,0.16527300476746978,0.21763538910848165,-0.15691874338733086
0.07060386251055992,0.2986510114772335,-0.26150643751197544,-0.1813654829639359,-0.30880910455181076,-0.412930981556913,-0.308610022892549,-0.2770579464822792,0.5232270141059396,1.0,0.7301140180330319,0.4415811953053435,0.33724277119494783,0.3705018241458466,0.16831867497266706,0.4211623559862525,0.4545604287604805,-0.5133333496516522,0.059464933631211234,-0.019055796941510206,0.0506970611527613,-0.37152463244742107,0.2901515927284097,-0.37152463244742107,-0.3287482084995114,-0.3885594552421963,-0.6130993557488833,-0.4212431715264911,-0.3629037036408338,0.619450542739517,0.9294760120801402,0.6660455555299246,0.3056483592528317,0.07301375994744846,0.25125508651313755,0.0013571611507989282,0.37160322121917283,0.4102067001879869,-0.5491715643764677,0.0903455640507718,-0.09534425131168126,-0.027719790437125996,0.3425858593756468,0.3596028187756887,-0.23817291164721552,-0.3270652200178029,-0.44150745009223075,-0.6199134909224653,-0.34194063767725685,-0.4014590746875013,0.5131416066745125,0.8834276407590681,0.6716268822151407,0.4849135487984569,0.13277051095714745,0.12864664856601232,0.14648663301172646,0.31118991227278414,0.38416250515951095,-0.5768678280781137,-0.01977725086792174,-0.18244709849010546,-0.08658875392524534
0.33530274899329593,0.672917369383351,-0.2608115995918973,0.10459647014404709,-0.1991539677746338,-0.44635933561086294,-0.3887471781968744,-0.3432929375841258,0.3514786117682898,0.7301140180330319,1.0,0.03244668386253191,0.3645329752803418,0.24958920339954474,0.15904192255042662,0.6802187327208704,0.37651547076808034,-0.41835648287266314,0.09463878595466903,-0.3236363640934271,-0.08586140000744415,-0.44880259477572504,0.2505928643517182,-0.44880259477572504,-0.11587766184910901,-0.23492306245805608,-0.684982291751254,-0.49574168379345224,-0.4589245999445726,0.37193477446152945,0.6424686729503428,0.9438646110036472,-0.16062211770963364,0.1429376022219892,0.19250446768078153,0.059515259408207837,0.6162330292774375,0.3001363509773227,-0.47902564410675263,-0.06727506467203892,-0.3885027904892671,-0.19510351625412417,0.3092105564975635,0.6388906800230343,-0.40642879574824203,-0.1367631946863058,-0.3568386106838802,-0.7085717168819924,-0.44463818990470155,-0.5084343635257681,0.27177643875732127,0.5719965014923587,0.9474076032887362,0.09689685173839874,0.10551709245276011,0.09842093894597519,0.1354934640138009,0.5905875413580495,0.272063185785099,-0.4434149303753053,0.05922872644992073,-0.42776332061104666,-0.2671632370774556
0.09118227586116552,-0.17470206802377056,0.21443480297652057,-0.4551331146537965,-0.001147920100036174,0.18104908810932885,0.3413843343783083,0.0745559886200281,0.4078085744478088,0.4415811953053435,0.03244668386253191,1.0,0.20951553428561553,-0.05007069944782216,-0.2640514660501771,-0.29088354912221875,0.26735246900401255,-0.0713554866013203,0.2323306508931038,0.42497060422967553,0.27097842470659644,0.15248477306715388,0.4654811365877085,0.15248477306715388,-0.4517312535189431,-0.09609148334375858,0.09686967522041537,0.247217132305496,-0.031759443366875924,0.41907512245083217,0.2971343653670176,-0.08998908869959768,0.9099884152170175,0.05128049118357783,-0.1810918370278672,-0.30918503101356337,-0.33811755288586365,0.2089605020457002,-0.11125845239808083,0.3011251154520427,0.29855060375223774,0.2134821479803105,0.10822212227845475,-0.006733174817867423,0.20413537316627003,-0.4771068109529385,-0.11815966085983136,0.06719167748629853,0.32467713076939086,0.004205481014359382,0.3867687637398622,0.3196088562183052,-0.07966791145296968,0.8782810191421143,0.13512819519763883,-0.2054895385810122,-0.3388532862596583,-0.4353157582730602,0.14643947185171763,-0.14667005602612365,0.19201956145068233,0.17826094283702765,0.1718932823847796
0.1425306774853712,0.3943816376260222,0.251851087118721,-0.07017636898954505,0.14431039539599907,0.034045466113894626,0.1711345976283043,0.16679046588068255,0.5653224486073742,0.33724277119494783,0.3645329752803418,0.20951553428561553,1.0,0.09507656768797565,0.244546763108985,0.29211916236757035,0.4959297427488385,0.018414121808327338,0.33057538247152535,0.0038273840695886765,0.028244900580806667,0.06196823020820435,0.23354067742373835,0.06196823020820435,-0.28850436624794923,-0.14502111945577215,-0.11220270794729603,0.08116509825512344,0.06401214003355479,0.50118939504308,0.2390949363606839,0.2810003122339795,0.12334669510984396,0.8854629536080283,0.03226675581026287,0.23130504458579043,0.1994434527423867,0.4301714453044475,-0.0233056424846346,0.18846634091255807,-0.03338648666763068,-0.030928634841804758,0.5842202807233592,0.4140353146153971,0.2972852414817022,-0.24437883139321223,-0.04052722160840412,-0.08579742255969296,0.149249311078795,0.049825818964731185,0.5439865249566077,0.24107374378933535,0.3345120538632755,0.3781828254482614,0.8773950288266174,0.07625135320540963,0.07897826045703253,0.162578894003873,0.40495673866225257,-0.011946947328488479,0.14398313008928837,-0.03426145828012212,0.004902199484019406
0.201364000019884,0.33546974590486556,-0.22409231526618448,-0.03156001527692938,-0.21988379899413782,-0.2432625988753819,-0.3384971507319786,-0.02899148356699193,0.2078002746258646,0.3705018241458466,0.24958920339954474,-0.05007069944782216,0.09507656768797565,1.0,0.532328758115927,0.41311092740260913,0.24104163288872096,-0.24606868149003439,-0.17511090348851865,-0.035358005710356875,0.032916585904509965,-0.3873322704581731,-0.3880152865822462,-0.3873322704581731,-0.09394783858624449,-0.16831427368791715,-0.4008565374917452,-0.42656314000759193,0.012082992429117624,0.3262562460038713,0.4362585533024455,0.3016712340179787,-0.0667290864920948,-0.01155460930344433,0.9345827183913777,0.5087503016803624,0.364007165876259,0.19171520399714245,-0.2299532636714273,-0.14511128785188496,-0.011750947477136802,0.027484090028901443,0.31630036967758673,0.24021598014091747,-0.11917006835286104,-0.04157487981021991,-0.22752743651667975,-0.3249585678766414,-0.3653873902712117,-0.012285424025151417,0.2630687782386786,0.4195802611836098,0.2677781864201697,0.13174956203531712,0.08044046885666116,0.6480489052364253,0.45890307503789485,0.3970105212096743,0.220020938584388,-0.1976296094951918,-0.07437190697066046,-0.07125904391335555,0.03396048459557546
0.03203638954977034,0.508967135977923,-0.003900720068619156,0.06766491992247425,0.12288238403162487,-0.013092686234191367,-0.08804687727812759,0.18625248950652643,0.3836500468827314,0.16831867497266706,0.15904192255042662,-0.2640514660501771,0.244546763108985,0.532328758115927,1.0,0.31248312778480936,0.4270882236231977,-0.2596835874479802,0.13584635317080887,-0.07890393458014824,-0.20384370051276818,-0.13787898473360788,-0.47800287621157517,-0.13787898473360788,-0.18323032056541855,-0.11181466106767694,-0.22920574490366458,-0.23675663151213092,0.09673220288388212,0.3291877407409659,0.17485342532959394,0.11401780359962972,-0.34478679131050993,0.11223685169697646,0.4154993594788437,0.8821816977470798,0.24018819473885952,0.3191099620306731,-0.3342873770810296,0.0785418509427861,-0.09427381578162294,-0.23313102978942676,-0.014930836479836547,0.05496294149328584,0.028022115607706028,-0.15062301602068012,-0.028221045560881928,-0.1571243433425239,-0.23431083492051685,0.09568502482942363,0.34915219918945056,0.24292414286472533,0.1085282939852145,-0.13471264453661574,0.039208177797145215,0.35766409076818223,0.8237272959377837,0.25674769031461536,0.31276445016567866,-0.34792382772506775,-0.2177747359868637,-0.08532966923867882,-0.18445953419497998
0.47012072784993747,0.6447258376094704,-0.2027583841276185,0.1679508616781665,0.062449657131289325,-0.2880233725353555,-0.382697552463822,-0.13560390304628567,0.08409221395945336,0.4211623559862525,0.6802187327208704,-0.29088354912221875,0.29211916236757035,0.41311092740260913,0.31248312778480936,1.0,0.3155053711904177,-0.23048979814726628,-0.10123116930569777,-0.4286427836888848,-0.24996785683005,-0.4745166967821924,-0.053003294570080906,-0.4745166967821924,0.09619692431948357,-0.048058737438580336,-0.4881166306776919,-0.5591841265363061,-0.22613188905988643,0.05174398262591528,0.35248740094724346,0.6641475971676813,-0.4571868047729211,0.12139736244124771,0.3637259668743282,0.3231861370911649,0.9464999208333895,0.23091436496962914,-0.33020058449769807,-0.30496557862074575,-0.44811240576068667,-0.32260593654556524,0.34187142916078966,0.6427434394117363,-0.34959660495732436,0.14702895048606407,-0.04023026625823331,-0.5046299385592778,-0.4886053918737417,-0.27712882677546485,0.03297877282365907,0.25004527883740896,0.6684074791481764,-0.2615238636820265,0.11294249466755205,0.22687878259351937,0.2643366702240085,0.8793288800478626,0.2449014097914471,-0.36962303157616716,-0.2620720963050169,-0.5030620489200276,-0.3442730259318248
0.33948310332713416,0.43071638330768036,0.19056714869646663,0.05216550579144491,0.13739593321888632,0.10182194796492558,0.008129136548516602,0.08247225414951083,0.6173503469561442,0.4545604287604805,0.37651547076808034,0.26735246900401255,0.4959297427488385,0.24104163288872096,0.4270882236231977,0.3155053711904177,1.0,-0.14033992264991,0.3469769665336099,0.2341110580211904,0.21607364318451439,-0.17555113711774945,0.1341682909629875,-0.17555113711774945,-0.12508846558292877,-0.0391005175425728,-0.08218582590855449,-0.17291288915867936,0.00032434059931192854,0.5716578022153294,0.37622620479847213,0.3685265619526123,0.2183309868854754,0.24929648499745588,0.1745808656156018,0.4284326642719647,0.2575211391010939,0.9323351658330601,-0.22587220709286196,0.2849769189133575,0.15569404101938175,0.15366558816436257,0.3229212601862194,0.33788027184882685,0.08273003532145409,-0.08084625008534675,0.01810758881866707,-0.08361795021699567,-0.07138886313589288,0.01717756827976554,0.5855224270905633,0.4120342006174645,0.40137878935246907,0.376864246077001,0.3137276681194349,0.08258630169194589,0.1911909934961301,0.2226368733354944,0.8824666022894684,-0.22975686738094225,0.0629935426565583,0.1046386221323626,0.08771540471845503
-0.031191655588426223,-0.29305336281417943,0.573666744060972,0.21377492638897666,0.5233826089522905,0.6024894426751148,0.47726084464705215,0.41865104976089124,-0.0759220488970942,-0.5133333496516522,-0.41835648287266314,-0.0713554866013203,0.018414121808327338,-0.24606868149003439,-0.2596835874479802,-0.23048979814726628,-0.14033992264991,1.0,0.3283517491485813,0.20233465844734297,0.16760009264355777,0.5097391075397619,0.0531614276455257,0.5097391075397619,0.3855673696077868,0.3760656067572559,0.7096235482429839,0.4317844185820786,0.41495375153984326,-0.13011291345767245,-0.571049792491274,-0.4186065100952817,0.03288306654702168,0.14374288517791742,-0.22975467324742707,-0.24088018487614354,-0.2560868752433534,-0.16958195894140815,0.952629772435665,0.13421050012259317,0.24836578024612327,0.18908681165203736,-0.14233669975190702,-0.12359158567344523,0.5572066774085751,0.4012717714559929,0.6488476888858535,0.7355702761069043,0.5005655114139744,0.4954117994003717,-0.05225257157732768,-0.5350689367776058,-0.40216087084467245,-0.0809483960054661,0.19183102464768195,-0.23668302137861602,-0.21657934364015238,-0.24052488275193162,-0.11857865648034502,0.8415785010652163,0.22064681448313853,0.25894941229696766,0.19005520473695656
0.009588635572851334,0.06904018076327754,0.5897125291224556,-0.008746719558578508,0.30235850608891834,0.4872798857450945,0.6737578449773303,0.27325857833398254,0.43879539788732685,0.059464933631211234,0.09463878595466903,0.2323306508931038,0.33057538247152535,-0.17511090348851865,0.13584635317080887,-0.10123116930569777,0.3469769665336099,0.3283517491485813,1.0,0.14892084915856532,0.25919409407661964,0.4245348215471092,0.4026297388609422,0.4245348215471092,-0.08801503169352301,0.3207330244580371,0.3997155319603877,0.5727440046583966,0.1377033143093097,0.30535981680404534,-0.05064760875989546,-0.05154580444028217,0.26411347750705605,0.19771298834666715,-0.23451445403470006,0.03394875197683878,-0.17516170963269795,0.25542415312016314,0.31628442296157416,0.8574022395478991,0.14427526318389425,0.2030380460641374,0.05400815173867411,0.15561896373668466,0.5592460855039696,-0.09031007685410578,0.29900551831219124,0.4311632628431935,0.6747847412587976,0.21120855379903145,0.40069343607422725,0.09309042959330512,0.03501668537929581,0.32645884029959304,0.23069663031450466,-0.054454513634283795,0.05578253377829,-0.1460559991428363,0.21853462913307034,0.36739632085068713,0.6778764791267217,0.14816405878770716,0.22113073365224215
-0.0845391571742752,-0.3899887261129682,0.12135866152377031,-0.01568034700670206,0.1496130504689987,0.3859459292766699,0.13352430717325045,0.421727032784573,0.3073366037313778,-0.019055796941510206,-0.3236363640934271,0.42497060422967553,0.0038273840695886765,-0.035358005710356875,-0.07890393458014824,-0.4286427836888848,0.2341110580211904,0.20233465844734297,0.14892084915856532,1.0,0.2517898607624314,0.0234374069634375,0.1966500312289474,0.0234374069634375,-0.034459727764140906,0.020953191888886308,0.399807813208306,0.07685928135734636,0.49477033103384926,0.36089085506192486,-0.028776201565616718,-0.36682895672738564,0.5747157241982184,-0.014928617193803988,-0.0630177536538942,-0.05292274647623006,-0.46385499957365856,0.2405873986639072,0.19468755397839885,0.31196127882930147,0.9456856441146582,0.291991165382496,-0.05506525513541697,-0.26785383505930543,0.20577656044675546,0.023856432462193346,0.1652591420508855,0.4745262205430444,0.14585399559858023,0.5766227605311117,0.35391416538386294,-0.017350964818629383,-0.29807532373534296,0.4593573036878351,0.09563198065294237,-0.16143115463838786,-0.07473577060966755,-0.45373331113838095,0.26851141012673413,0.14564381938922596,0.047654158454788036,0.8916218063257164,0.2805075086071372
0.263145666514462,-0.1204601192670491,0.3544524541618069,0.26560655024902896,-0.006822870915004161,0.19987526628816765,0.31487457951438297,-0.17071172492262676,-0.07310881309582681,0.0506970611527613,-0.08586140000744415,0.27097842470659644,0.028244900580806667,0.032916585904509965,-0.20384370051276818,-0.24996785683005,0.21607364318451439,0.16760009264355777,0.25919409407661964,0.2517898607624314,1.0,0.15324418445959,0.2824858369728289,0.15324418445959,0.3681902064213847,-0.14221249231975533,0.28006378814594357,0.3858751250662238,-0.05667300264236071,0.037927647919144304,0.03657460442753168,-0.07630966457523866,0.349670646238583,0.04671873692213447,0.04295857578442178,-0.2103057266342976,-0.27661559398112595,0.16353014164842455,0.23386520975682218,0.40286515331364264,0.21609065240420297,0.9729512631675948,0.26285450261623833,0.11027255539882795,0.2646398266630541,0.3696860661720515,-0.09091665333558581,0.23111941613036502,0.3717085538294131,-0.038759219542794945,-0.03929184310125309,0.06010247421106588,-0.029718852459953263,0.39817252393908303,0.14102579189825007,-0.02322481938178273,-0.4094722487636397,-0.17761313851564842,0.13961305737678212,0.18694530630209732,0.4060181956025049,0.22755447826984432,0.9001463409306113
-0.2259925739815991,-0.4064409122545861,0.6093039694502127,-0.13604404160743577,0.022190631397903466,0.3071207203599603,0.6187393717058347,0.23173986353165363,-0.025872165609243148,-0.37152463244742107,-0.44880259477572504,0.15248477306715388,0.06196823020820435,-0.3873322704581731,-0.13787898473360788,-0.4745166967821924,-0.17555113711774945,0.5097391075397619,0.4245348215471092,0.0234374069634375,0.15324418445959,1.0,0.0032015832014669382,1.0,0.029954352074553155,0.04172045081483764,0.4748424575240983,0.6921879095759299,0.14364278754538032,-0.04598273235178208,-0.3678422596046531,-0.5025147454487391,0.20898489836709738,0.20683129648622603,-0.35757945190085944,-0.14291628682138513,-0.4712117842936058,-0.13337834897449358,0.5466263611250268,0.3612494837175996,0.033655293624811254,0.1955644153938529,0.014467756494815534,-0.3115634076259808,0.8141001539230152,-0.03159118341039565,0.10933998024171729,0.43906810090750537,0.651666799627727,0.24495059668816924,0.018189001698920442,-0.30496095578635596,-0.4635160987263197,0.16312538410287178,0.14047992797970316,-0.2373131374799924,-0.21325933997925606,-0.5024163892270338,-0.14515342634090747,0.5054698606413498,0.356039831783193,0.04102336359949976,0.2084452333143537
0.060038650860245756,-0.02392763467146711,0.2637892639480657,0.09552097643935813,0.12395712948487413,0.168557145990671,0.19634455894550532,0.012409367655023797,0.3126360525428544,0.2901515927284097,0.2505928643517182,0.4654811365877085,0.23354067742373835,-0.3880152865822462,-0.47800287621157517,-0.053003294570080906,0.1341682909629875,0.0531614276455257,0.4026297388609422,0.1966500312289474,0.2824858369728289,0.0032015832014669382,1.0,0.0032015832014669144,0.10718575760798196,0.24398228117225979,0.1581537863215349,0.21651625713114986,0.0418215464892345,0.26241014337627594,0.1516869417658426,0.21474481403889922,0.4243342378312711,0.16507752478986765,-0.390237976567431,-0.47798494275310904,-0.0650382146044746,0.11103189360335097,-0.0007969748634375296,0.3298602494194338,0.15393861252051572,0.2450209377741593,0.019832435890348436,0.3878528183810014,-0.021783435166667097,0.09497698865070532,0.05745060565173364,0.09004390397901793,0.26579171071161023,-0.026301446733348586,0.3170413288348772,0.13264702917005056,0.22339595612608315,0.3264453933812872,0.21742583680149344,-0.2942707197160199,-0.45200766291540656,-0.11202491576710022,0.03215678237577004,0.04926121779853511,0.43399283963550817,0.12430178033626041,0.21711796272219722
-0.2259925739815991,-0.4064409122545861,0.6093039694502127,-0.13604404160743577,0.022190631397903466,0.3071207203599603,0.6187393717058347,0.23173986353165363,-0.025872165609243148,-0.37152463244742107,-0.44880259477572504,0.15248477306715388,0.06196823020820435,-0.3873322704581731,-0.13787898473360788,-0.4745166967821924,-0.17555113711774945,0.5097391075397619,0.4245348215471092,0.0234374069634375,0.15324418445959,1.0,0.0032015832014669144,1.0,0.029954352074553155,0.04172045081483764,0.4748424575240983,0.6921879095759299,0.14364278754538032,-0.04598273235178208,-0.3678422596046531,-0.5025147454487391,0.20898489836709738,0.20683129648622603,-0.35757945190085944,-0.14291628682138513,-0.4712117842936058,-0.13337834897449358,0.5466263611250268,0.3612494837175996,0.033655293624811254,0.1955644153938529,0.014467756494815534,-0.3115634076259808,0.8141001539230152,-0.03159118341039565,0.10933998024171729,0.43906810090750537,0.651666799627727,0.24495059668816924,0.018189001698920442,-0.30496095578635596,-0.4635160987263197,0.16312538410287178,0.14047992797970316,-0.2373131374799924,-0.21325933997925606,-0.5024163892270338,-0.14515342634090747,0.5054698606413498,0.356039831783193,0.04102336359949976,0.2084452333143537
0.1440640627555798,0.012888664436058442,0.24214295483775133,0.8115543723926961,0.1768343708786519,0.03331695937999769,-0.0686951711507719,-0.005608721515140987,-0.3652832719694952,-0.3287482084995114,-0.11587766184910901,-0.4517312535189431,-0.28850436624794923,-0.09394783858624449,-0.18323032056541855,0.09619692431948357,-0.12508846558292877,0.3855673696077868,-0.08801503169352301,-0.034459727764140906,0.3681902064213847,0.029954352074553155,0.10718575760798196,0.029954352074553155,1.0,0.1536513019741693,0.16234954067972263,0.017401569693344495,0.17764684990074803,-0.33716440559533223,-0.30843006866994904,0.022404491525670773,-0.3184126771066946,-0.09415180817926348,-0.00737316657250125,-0.17669224953462376,0.15854337520298137,-0.11670674949050826,0.3964091335275246,-0.1664111057737566,-0.012862262951528862,0.39724248254210426,-0.16001336741604638,0.16835078290479472,-0.07663977818907423,0.9685204995433025,0.20763302879812545,0.1464526919343853,-0.029396145063493462,0.11659461438826096,-0.3285586148093916,-0.31159555726942806,-0.008201816713239002,-0.48040748995090016,-0.13875818471803225,-0.009530002318852168,-0.17866583441758438,0.21117369577391443,-0.10219626994475872,0.33222671777186924,0.07550735321638119,0.045726852979799774,0.37769946185155906
0.1123841528356797,0.05853772583624737,0.395394300696368,0.11876893566714981,0.5291785981872791,0.49512649381718354,0.3065670867007972,0.35943922587180094,-0.022588334813320073,-0.3885594552421963,-0.23492306245805608,-0.09609148334375858,-0.14502111945577215,-0.16831427368791715,-0.11181466106767694,-0.048058737438580336,-0.0391005175425728,0.3760656067572559,0.3207330244580371,0.020953191888886308,-0.14221249231975533,0.04172045081483764,0.24398228117225979,0.04172045081483764,0.1536513019741693,1.0,0.4738459891647975,0.2919463891567698,0.4084536642629363,-0.2328562059215447,-0.4929649041071987,-0.23340804342074378,-0.0481510704205117,-0.1566576601628059,-0.15165881319683505,-0.1335309203424213,-0.07289240479582619,-0.06893908842206398,0.3094539040150272,0.1229561543031457,0.037640754243312445,-0.13812687471508656,-0.4114566856900925,0.05620858646947838,-0.05549652505568626,0.152411742036544,0.6622039502775928,0.4744573591726074,0.3040115076792468,0.32786929785827684,-0.054382666313264584,-0.4334980608205503,-0.2523580368367393,-0.24993166889561108,-0.10502706866468182,0.014380951268736205,-0.03271213720878948,-0.07466865359854111,-0.14426518258965004,0.4534535374989588,0.3689260390514561,0.058001379938305606,-0.1222113958308369
-0.11163483390639593,-0.4765632063463711,0.6039543030344949,0.04978114710204023,0.5252207729173952,0.8716029002408606,0.6576991239960551,0.5091886704828044,-0.018702074273289127,-0.6130993557488833,-0.684982291751254,0.09686967522041537,-0.11220270794729603,-0.4008565374917452,-0.22920574490366458,-0.4881166306776919,-0.08218582590855449,0.7096235482429839,0.3997155319603877,0.399807813208306,0.28006378814594357,0.4748424575240983,0.1581537863215349,0.4748424575240983,0.16234954067972263,0.4738459891647975,1.0,0.5753719947313006,0.495606813601401,-0.13216889255595757,-0.6909789690090771,-0.7350867301584569,0.22739569474723012,-0.02283614386617132,-0.4265123055510128,-0.1896045829425953,-0.5324570097532936,-0.11707097812329625,0.6781417840986826,0.3992592159581027,0.3874454660481182,0.28410083461025826,-0.2788093963082485,-0.3631275518131815,0.5078406710990098,0.17957957554622214,0.5578661630343004,0.9715928156174316,0.6024732655846013,0.5766690651624096,-0.04336449660768012,-0.6250436916670641,-0.6959061938965098,0.0035874718417529283,0.06438107145071556,-0.3530699765802457,-0.19928253473445168,-0.5192597566514895,-0.12013732122259484,0.6424844395202907,0.2687190444101305,0.4001840420482692,0.2839337591040681
-0.1011668442622184,-0.3775920968672153,0.6254899610137189,-0.09927498836078098,0.2650050809158215,0.501642832180961,0.8850110499477257,0.10432171289709564,-0.12941118009596436,-0.4212431715264911,-0.49574168379345224,0.247217132305496,0.08116509825512344,-0.42656314000759193,-0.23675663151213092,-0.5591841265363061,-0.17291288915867936,0.4317844185820786,0.5727440046583966,0.07685928135734636,0.3858751250662238,0.6921879095759299,0.21651625713114986,0.6921879095759299,0.017401569693344495,0.2919463891567698,0.5753719947313006,1.0,0.0693232789447559,-0.2526497443421375,-0.4742855267708765,-0.5869859784207848,0.3076106346062472,0.18320216719580415,-0.4349622951413023,-0.26730330833936483,-0.5806758822858097,-0.2262256139595254,0.4997515942422035,0.5858237428578533,0.059105529975575825,0.38684349738550394,-0.05454347279630866,-0.2590974574515941,0.6070629707330426,-0.03232298567191691,0.283412401491992,0.5812972393746133,0.9589511553903788,0.11568288288844301,-0.14688577657690294,-0.3334183617523114,-0.5363498377123707,0.2647336619677295,0.13968717930598365,-0.14561291837718396,-0.33250929822187597,-0.5536793154454478,-0.2915246678283251,0.49522057282591286,0.5720584491482102,0.08847992260789964,0.4346830755617971
-0.05525106849309888,-0.053197086119268266,0.42273582303258694,0.11671048772696209,0.41347171062573457,0.4379328159885361,0.10993569172780408,0.8631464688152622,0.14421233416178447,-0.3629037036408338,-0.4589245999445726,-0.031759443366875924,0.06401214003355479,0.012082992429117624,0.09673220288388212,-0.22613188905988643,0.00032434059931192854,0.41495375153984326,0.1377033143093097,0.49477033103384926,-0.05667300264236071,0.14364278754538032,0.0418215464892345,0.14364278754538032,0.17764684990074803,0.4084536642629363,0.495606813601401,0.0693232789447559,1.0,0.09515846302815742,-0.3852638116298378,-0.42037293078666543,0.1363494858011454,0.09438908268131968,0.001619086542067368,0.11951310609538739,-0.24373477873658297,0.030504295001054973,0.3959248763113892,0.10737617393609074,0.5245242880371123,-0.019145457541594656,-0.16041276756647507,-0.04638095452886129,0.2693723641841605,0.23901480248033768,0.46726159965274877,0.5387882504825554,0.1045749480917176,0.9548050367273772,0.19841708911306905,-0.30349060179842086,-0.4398323310110697,-0.06782038471992573,0.1446217395072214,0.023031591655485895,0.19848463745004627,-0.25518187540227927,0.06278587838350325,0.3739962104522039,0.042982116012247225,0.5384874063523638,0.005632750041651079
-0.09272545973057139,0.10773513260325737,0.02276477148627876,-0.12663454361766585,-0.1612770136444951,-0.039464006063812236,-0.09446464632323762,0.13956376311892144,0.9120632240246442,0.619450542739517,0.37193477446152945,0.41907512245083217,0.50118939504308,0.3262562460038713,0.3291877407409659,0.05174398262591528,0.5716578022153294,-0.13011291345767245,0.30535981680404534,0.36089085506192486,0.037927647919144304,-0.04598273235178208,0.26241014337627594,-0.04598273235178208,-0.33716440559533223,-0.2328562059215447,-0.13216889255595757,-0.2526497443421375,0.09515846302815742,1.0,0.583598090702447,0.340854667095916,0.40389486877948516,0.3282687383107203,0.2522810724814325,0.28691313534398344,0.004781790011368565,0.5633742973576817,-0.17164319219311813,0.299828559128322,0.3273957982638558,0.020545060228411464,0.27407390674817456,0.16251722934776552,0.18801657626157178,-0.3017934404654554,-0.25413661500325013,-0.10739740579658212,-0.14633776311892296,0.1341602541359227,0.9430018591353895,0.5849232443553608,0.3591291802174233,0.5269772479835421,0.4271896606626211,0.10956266761007223,0.2538026371633908,-0.03379230468316983,0.5745084438580286,-0.1227414326936433,0.13121330618935692,0.28559267735219784,-0.015122885669445635
-0.09118220675668072,0.17720218349499894,-0.4545033804679563,-0.24833129218823624,-0.5132463127337983,-0.6152095272771851,-0.4804401729465936,-0.41854663124349845,0.4124461656501292,0.9294760120801402,0.6424686729503428,0.2971343653670176,0.2390949363606839,0.4362585533024455,0.17485342532959394,0.35248740094724346,0.37622620479847213,-0.571049792491274,-0.05064760875989546,-0.028776201565616718,0.03657460442753168,-0.3678422596046531,0.1516869417658426,-0.3678422596046531,-0.30843006866994904,-0.4929649041071987,-0.6909789690090771,-0.4742855267708765,-0.3852638116298378,0.583598090702447,1.0,0.6565233880520892,0.2352802038260245,0.06054533061248785,0.41247463917117017,0.07926578731255748,0.3802436986754986,0.4302916057268933,-0.5320570684835824,0.04259491368522936,-0.03375277128663732,0.026117540169326225,0.40213831552235685,0.32758046957983855,-0.20232740537231805,-0.2788091522572909,-0.5059669145502558,-0.681521017074188,-0.40214081928328815,-0.4170063824620288,0.4904365506157089,0.9396365562151231,0.6811265346802134,0.44699269569402633,0.14044370301288814,0.2882133818471536,0.20913229940419548,0.3516740922160303,0.4183678408449798,-0.5404552306981455,-0.05318513329662955,-0.0958870143021705,0.015431081918284427
0.3071639417585277,0.6514462769382361,-0.3285222135179339,0.14680211098247123,-0.31695686949071467,-0.5816936798841054,-0.5623657447338613,-0.41925850546534527,0.2740215997853675,0.6660455555299246,0.9438646110036472,-0.08998908869959768,0.2810003122339795,0.3016712340179787,0.11401780359962972,0.6641475971676813,0.3685265619526123,-0.4186065100952817,-0.05154580444028217,-0.36682895672738564,-0.07630966457523866,-0.5025147454487391,0.21474481403889922,-0.5025147454487391,0.022404491525670773,-0.23340804342074378,-0.7350867301584569,-0.5869859784207848,-0.42037293078666543,0.340854667095916,0.6565233880520892,1.0,-0.2135883603944322,0.11792378994062146,0.3175563473182467,0.08581111482220004,0.6600698821435782,0.3653421675123305,-0.4434185912472505,-0.20223469213036305,-0.3811627739119982,-0.1408946440529995,0.3250583167681476,0.6962535444786472,-0.4547980255305846,0.015081558959901518,-0.38193448058793983,-0.7651849822413364,-0.5455029830919942,-0.5025665099835803,0.2545357156316476,0.5687530563683918,0.9737590098979744,-0.001884573243509675,0.0913117178116971,0.21726391017357902,0.11032196567441929,0.6448315254389732,0.33368807258525307,-0.38551573203419265,0.028447069692436978,-0.4026117367420428,-0.20933971104425914
