Fp1,Fz,F3,F7,FT9,FC5,FC1,C3,T7,TP9,CP5,CP1,Pz,P3,P7,O1,Oz,P8,TP10,CP6,CP2,C4,T8,FT10,FC6,FC2,F4,F8,Fp2,AF7,AF3,AFz,F1,F5,FT7,FC3,FCz,C1,C5,TP7,CP3,P1,P5,PO7,PO3,POz,PO4,PO8,P6,P2,CPz,CP4,TP8,FC4,FT8,F6,F2,AF4,AF8,O2,P4,C6,C2
1.0,0.08072895846336985,-0.7900838812015548,0.2577461276461942,0.1901738091641935,-0.5880206640630778,0.5828286424039674,-0.03064040220391313,-0.5290186891150279,0.791299031770478,0.38366535199359997,-0.1566093837679013,0.18698042400444995,-0.7087936210254785,0.8044547153119005,0.23618809266901544,-0.011887311236012886,0.0982486320124569,-0.5329946430634416,0.4261851521841929,-0.42937986903527503,-0.6764113034211127,-0.03337055739438275,-0.6764113034211127,0.3193074301270366,0.13106009007865294,-0.3843967187755457,0.6401770151615649,-0.1093821307383085,-0.5055599538736434,0.8094364031853929,0.3868831210487245,-0.005535395750391722,0.13717531111431688,-0.7408129646634951,0.8199233022972896,0.1682079547738684,-0.02558145170940904,0.14346626042982955,-0.5402684597744308,0.5252456360584884,-0.49795176187103674,0.868317319881173,-0.014907912837897358,-0.7875416192988919,0.2936452109521465,0.04149020937174737,-0.5353472160872832,0.6613858468328617,-0.019199246023140083,-0.32040009310465395,0.7232767206541445,0.34170111611590775,-0.1505591671608629,0.3355885315098048,-0.7425848397825883,0.8291257588048341,0.22280975815889914,-0.11469818690707508,0.09298824742387839,-0.4559951533112991,0.4023805094202483,-0.5553664857980185
0.08072895846336985,1.0,0.1493568643516249,-0.2527152044128596,0.7741266690196977,-0.07307247173309929,-0.1438736976293722,-0.1420118614095873,0.11468423215890668,-0.21713235631269298,-0.2524123301343317,0.326586405429733,0.34906469380543553,0.34688607709426267,-0.37721934966142434,-0.4706057072453791,-0.03958708785854632,-0.006173483753147905,0.23914144987117664,0.09342968117964688,-0.31679638501778146,0.10852731659360561,0.7283910204181677,0.10852731659360561,-0.2534111223987276,0.6862887061255842,-0.011610562388822127,-0.14610716158188136,-0.1871281208489528,0.14484945210664305,-0.24470081304355354,-0.09829090805168406,0.3943031590409455,0.14674332634862705,0.26858925358926,-0.35207887745514754,-0.4488836849652666,-0.03670029658305936,-0.11362428570386948,0.2846302719317638,0.11840415073201617,-0.36511500810648756,-0.03996874361479197,0.9554268606927878,0.1792254127395245,-0.2510868372396392,0.5920654246261265,-0.03396251416092177,-0.18612703426467683,-0.16808149764857055,0.04118153113597088,-0.20109581400498946,-0.20406018543392593,0.335117126037583,0.21366204916077164,0.27728910320654415,-0.3094905659487223,-0.4098048888048663,-0.06416714188416223,-0.11854241867615879,0.30147213303534154,0.1675367160358393,-0.3081467675507503
-0.7900838812015548,0.1493568643516249,1.0,-0.18472429369360516,-0.05779584037147451,0.5329025836815611,-0.6571456510945909,-0.0821476163666298,0.5600437093458288,-0.8031336749219726,-0.2167944353635933,0.13512580164693822,-0.24583906165593147,0.8881942114457148,-0.7806366183594255,-0.16890262826879734,0.20648250306966512,-0.18174022369444456,0.6299831587612552,-0.3237048971259197,0.20169282118865536,0.8870790181722492,0.2502358478210824,0.8870790181722492,-0.14178020754031703,0.006702870681545674,0.4206439844743833,-0.5858753527415278,0.0246662159627783,0.5328665737728898,-0.815583802155992,-0.15004625391469517,0.028131677110456468,-0.22352627590145896,0.8880347263470414,-0.790637273750695,-0.10908768527920304,0.19575701343690333,-0.24286364310584635,0.5922513425826484,-0.4275073039845482,0.2445984117457726,-0.6110886679550568,0.22902153540258618,0.9718231065356218,-0.18261571109007171,0.12138033030284727,0.5063645854390625,-0.6632440816306637,-0.08744848868760104,0.33887468992866276,-0.792036100215641,-0.1134888417449456,0.1203388377752948,-0.42952415236633024,0.8822131046026305,-0.8028657048653185,-0.1911611018383871,0.19550868677138564,-0.21941609828205416,0.5565609640797343,-0.34601345897914043,0.3052646721622279
0.2577461276461942,-0.2527152044128596,-0.18472429369360516,1.0,-0.16953812956011616,-0.2642913201833757,0.0849405980593831,0.39104739042313674,-0.33144232666508333,0.3105521615310751,0.4504346792137488,-0.2636025631920038,0.10606039235816857,-0.15789893347149628,0.3879655095197467,0.18843861745051999,0.6348734840147481,-0.1927078919566891,-0.31803788300861574,0.06842535029442287,-0.17205274876415932,-0.16372662078102998,-0.4518539215682318,-0.16372662078102998,0.9164928693081603,-0.3218204506182694,-0.08630554793196865,0.1192968183719694,0.24204066179154557,-0.2568556615604711,0.33778650276059446,0.24380437413894385,-0.2024289600419344,-0.12413517958347342,-0.10685497892877102,0.37262825072572314,0.1486651743291502,0.7014673018096329,-0.13885492096005683,-0.2755739388350095,0.07521921537777856,-0.2643125036285701,0.267357589084296,-0.32757876146040343,-0.2250009061768691,0.9704495953793267,-0.11563683674846244,-0.23322265984474466,0.06819401185207183,0.39195669527308485,-0.23419080022851888,0.3640582825216928,0.4014573319890805,-0.2263726944336127,0.16852813041002984,-0.09790315945045322,0.35228943519374223,0.16933251774949165,0.551952530974428,-0.18698810230912496,-0.2893930873166607,0.057211327394564644,-0.3039323873729687
0.1901738091641935,0.7741266690196977,-0.05779584037147451,-0.16953812956011616,1.0,-0.19172407704512073,-0.002877259012473937,-0.1435656678784866,-0.051905389258591,-0.17956564024105923,-0.16930068298974082,0.2640779618853311,0.4725313363691334,0.1307659395869497,-0.1429708391924455,-0.5785693342805648,-0.017757723408265855,0.046068233018011086,0.11825798001283742,0.13769129979337122,-0.2489068606315854,0.03203178634280377,0.4860256700346146,0.03203178634280377,-0.14868621212586147,0.8747970375969107,-0.1315359793732887,-0.006700152715035077,-0.17056783422965316,-0.0938622455569593,-0.17797039050296032,-0.07672682004855255,0.33798492229652666,0.1869531576671896,0.050708291502291565,-0.09691629765265872,-0.5811564737085623,0.007835773409926824,-0.021113310036275347,0.15247389873976722,0.1644271587605971,-0.310387065478722,0.06482630379667838,0.7354239416378358,-0.03688823731639362,-0.19462511986594266,0.8866025758172683,-0.18725232317678628,-0.05742506227304213,-0.16429334785834693,-0.07687753340677012,-0.20553050361073588,-0.1610645255738061,0.22271957760016534,0.3633763021865547,0.07015456171747018,-0.08166289257389013,-0.5652777994538261,-0.015771983765579103,-0.034382250456983725,0.1733292018663976,0.2048061062932574,-0.2785485886484331
-0.5880206640630778,-0.07307247173309929,0.5329025836815611,-0.2642913201833757,-0.19172407704512073,1.0,-0.3349004390297914,-0.37100869048860735,0.7939525432704767,-0.5831859958088866,-0.13275267551196884,-0.027089371313887358,-0.058725036507145806,0.32639592043405186,-0.5500446331411754,0.19055850720243103,0.12398572683340742,0.09784533149331626,0.07949916204362864,-0.6719056660617093,0.23880432285466105,0.49349299470996416,-0.015381930846953318,0.49349299470996416,-0.3241396056429639,-0.1954957080453519,0.7130032797160636,-0.3631711203146995,-0.3449761306208378,0.6266303915891546,-0.5880641282092665,-0.26353197672303186,-0.11097847220216939,0.02292980993682658,0.31892867697774946,-0.5633946412133252,0.27989167486064653,0.015792466934288017,-0.038910954261397554,0.06703229364107176,-0.6766639461094824,0.3206541926567428,-0.5308512549667196,0.05141975210906169,0.5183388698530292,-0.3168298729323284,-0.06061987887044336,0.9788064396633621,-0.37783496470593436,-0.35335339991250725,0.6522584039368332,-0.5823861491836844,-0.19109542575233474,-0.03140396510573692,-0.11549489261642558,0.3280116671522152,-0.5276646346279427,0.18052683213627083,0.08722932626033131,-0.017765000521348266,0.11788124200233971,-0.6454138169196685,0.36816339703894235
0.5828286424039674,-0.1438736976293722,-0.6571456510945909,0.0849405980593831,-0.002877259012473937,-0.3349004390297914,1.0,0.12449799310151971,-0.41915927925904234,0.4781897590402615,0.44833397631577554,-0.020448744563597906,0.08079781283830127,-0.5985468530580298,0.6484478183097343,0.19442348734569703,-0.08014268944062229,0.5669635055484624,-0.5056820810847423,0.4067939600353765,0.006350749440470532,-0.39318837801635415,-0.16668159083015882,-0.39318837801635415,0.14099092249507672,-0.062438261499744324,-0.18408086042662608,0.8276135679778354,0.1179708969435552,-0.3913919456910273,0.5377760314552601,0.42572752458626395,0.08988825387619369,0.06353976824010578,-0.5724379893541703,0.661459480247596,0.13765112917656264,-0.09936451758220531,0.6689161897861821,-0.5359406106630759,0.4264763749766604,-0.11564544240347838,0.6416236993340528,-0.23299936398018944,-0.5971557892587734,0.11981908513040627,-0.02050101327996924,-0.3644776423008297,0.9293263682013054,0.17627535535588723,-0.25686098862362694,0.4291289112140103,0.4288874392880144,-0.10179104950754186,0.1479632582064468,-0.5674494251507601,0.6412502896704078,0.1680784859999564,-0.15390576801748468,0.6481325288789946,-0.49108018618037313,0.35864602252535865,-0.14229702231257974
-0.03064040220391313,-0.1420118614095873,-0.0821476163666298,0.39104739042313674,-0.1435656678784866,-0.37100869048860735,0.12449799310151971,1.0,-0.2927249784029234,0.11853141330364214,-0.044047390703813784,0.365896966350532,0.09685042316751886,0.0607816484952298,0.046706076372732545,-0.20498897557736184,0.1902624485606128,0.11062141621798591,0.13472630785570489,0.21212854122610264,0.3079768524255421,-0.10791787407976476,-0.2283709956875678,-0.10791787407976476,0.4170221320035454,-0.062479690932880194,-0.5465114381509649,0.07775857166942206,0.9335932989250555,-0.2777670017882054,0.058896467553915734,-0.05040354922103498,0.2727105104418202,-0.12664746804951083,0.12327448265850892,0.03227595390048027,-0.22309059383489815,0.13141609045557381,0.11234546877478538,0.1815808889343656,0.17843374406986187,0.2532966142554081,-0.020443917881357847,-0.1447909573969259,-0.047808338875584284,0.3650369106269337,-0.12286349441127306,-0.43023296461053145,0.004391251119257254,0.985098538083305,-0.18015509971487786,0.11851986874177327,-0.13937500191926053,0.34317940020420395,0.0758882063688102,0.12030713781060415,0.01358775173171774,-0.19253545135205494,0.24330490175863145,0.12940575608840327,0.13154548451036813,0.17444633479780283,0.21472344553429754
-0.5290186891150279,0.11468423215890668,0.5600437093458288,-0.33144232666508333,-0.051905389258591,0.7939525432704767,-0.41915927925904234,-0.2927249784029234,1.0,-0.5973028961159261,-0.13508875972558412,0.03535375372746145,-0.08091558948097143,0.36140485445111054,-0.6503193365124715,0.01730162394125741,0.0921149954853794,-0.03728155688837713,0.286454583174405,-0.6018873909185283,0.1497693358587949,0.4953543532153643,0.1276063803887594,0.4953543532153643,-0.3056398306192197,-0.06774106971977223,0.5261172119686297,-0.38441385477284407,-0.24054829125609778,0.8781287890516996,-0.6221388366433451,-0.17060044055039694,-0.02639887677041804,-0.15512663798565288,0.3479542463735697,-0.6624310718806802,0.0772036135125005,0.006488149154917932,-0.22790178268798553,0.27005558143705183,-0.6137991823878323,0.24740452680302932,-0.44626596126542745,0.2089464734658319,0.5526342694079862,-0.3897480698418374,0.03216070648494618,0.7769003235032917,-0.49895561231178137,-0.2977463808229684,0.8651276468134598,-0.632692801533223,-0.17207212744302933,0.01138625448624805,-0.2819398964960572,0.33561115880138803,-0.6222046576021584,-0.01697679271651551,0.12704145237763728,-0.19398818439118762,0.35377201063312547,-0.5875456680993774,0.28428498967036114
0.791299031770478,-0.21713235631269298,-0.8031336749219726,0.3105521615310751,-0.17956564024105923,-0.5831859958088866,0.4781897590402615,0.11853141330364214,-0.5973028961159261,1.0,0.24763143221701037,-0.24219564963931461,0.15369002878994417,-0.6976009139799323,0.7826103867613451,0.3846109256597547,-0.17407782433914418,0.11472729156853785,-0.42065499999707195,0.49551655481451473,-0.13500637607335106,-0.7816313138006372,-0.22828335040656927,-0.7816313138006372,0.2892598579998329,-0.14691875416365716,-0.3502276218334779,0.47992145468983166,-0.020077461123600124,-0.5064710235177314,0.9753585512150511,0.15285906650077835,-0.18398086287577864,0.16028017712711035,-0.7004234201250612,0.7384946236249668,0.3106368457291092,-0.10727809158924723,0.15441211172029254,-0.39997120422558397,0.5619363435081224,-0.1937675502367257,0.6233673567756389,-0.2832192152378016,-0.8247232138034626,0.34846285752223677,-0.26445555174637864,-0.5225612748084921,0.5281400327714558,0.10985343489935372,-0.3558932664434668,0.9619571072571553,0.1955908675246284,-0.19302609564175813,0.29527842220247746,-0.713578324598648,0.764821978880577,0.3741404753236928,-0.16927450816871234,0.1348517723749294,-0.3768383155983657,0.4434626324748899,-0.23752221485325337
0.38366535199359997,-0.2524123301343317,-0.2167944353635933,0.4504346792137488,-0.16930068298974082,-0.13275267551196884,0.44833397631577554,-0.044047390703813784,-0.13508875972558412,0.24763143221701037,1.0,-0.098145964325869,-0.2943073469929674,-0.29672037175909105,0.5027987230769635,0.39795925803524057,0.40076219335075114,-0.032910549093584165,-0.5889644899651449,0.03832106458232108,-0.22443957998405756,-0.03637241083564257,-0.31954247717815365,-0.03637241083564257,0.5024796580480368,-0.2583604437425748,0.0400048088764588,0.4711091647148557,-0.06680040092854372,-0.06623184437429847,0.3467088313846743,0.8213216113224943,0.037432656720680746,-0.308134336481895,-0.25322474016041163,0.4993749777036445,0.36437403433759685,0.42890877764695706,0.07474310575473775,-0.6300314436657367,0.029040445745030046,-0.30916018598165096,0.4900853693952699,-0.3927418605048162,-0.22763615758150194,0.4623865490400611,-0.025794560942856988,-0.11945199568272526,0.47658170681345496,-0.017548851796684934,-0.06412923162044727,0.23691068039176508,0.8954228199098835,-0.13813392264487928,-0.1966082424799925,-0.2577528588722772,0.497329499764955,0.3027537565182168,0.3750281394818754,0.024788235577681766,-0.5916220190794836,-0.03728176545533971,-0.2910242306266448
-0.1566093837679013,0.326586405429733,0.13512580164693822,-0.2636025631920038,0.2640779618853311,-0.027089371313887358,-0.020448744563597906,0.365896966350532,0.03535375372746145,-0.24219564963931461,-0.098145964325869,1.0,0.09656611890333767,0.2781008836586878,-0.230144177253563,-0.3076751079234186,-0.025509707382411248,-0.04744364614142644,0.1096083614940972,-0.03433487699148084,0.22143617786457703,0.14270694172124607,0.312455982285924,0.14270694172124607,-0.26709862062543016,0.25340306301262705,-0.3186924665389402,-0.14287009077485685,0.3888949905061996,0.016877671611103942,-0.30173922554084337,-0.12929252631249866,0.913554358268175,-0.006079988891319495,0.24203365946938898,-0.22999328247273537,-0.2784062638714077,-0.21015293595382561,-0.08782707943349442,0.12129626881057504,-0.10579798906501219,0.275851557888716,-0.2859489127763578,0.3574325208721249,0.16661768796067114,-0.2987602967624289,0.268952211455825,-0.057004794019728744,-0.07091784773223761,0.3292971169952776,-0.003666029641122551,-0.2722534763017458,-0.22503190567585496,0.9631710188348656,0.05219297354126821,0.246490600929579,-0.20739874819230086,-0.266347077657551,-0.04421466506251,-0.13138630277739974,0.11296126222713118,-0.11105330658948574,0.277704018539067
0.18698042400444995,0.34906469380543553,-0.24583906165593147,0.10606039235816857,0.4725313363691334,-0.058725036507145806,0.08079781283830127,0.09685042316751886,-0.08091558948097143,0.15369002878994417,-0.2943073469929674,0.09656611890333767,1.0,-0.09867140356600772,-0.054135510388734875,-0.19413482209061347,-0.08702658136478711,0.3905939230860929,-0.10512007376218678,0.08787031752226176,-0.024899792857653338,-0.21150071935637488,0.10217028526768145,-0.21150071935637488,0.07936032902413148,0.4015619756787751,-0.1428880828922676,-0.0520392590460367,-0.02177962090986788,-0.09073407422483026,0.0734711491239802,-0.4056873299165738,0.05226166515256212,0.6650211657575081,-0.15692558297887402,-0.02342378223379867,-0.223799910081802,-0.14449789786957243,0.26099971770425895,-0.05295214297313491,0.08591257207987792,-0.0584005784877928,0.0014897486780461437,0.32373458083005674,-0.19262044935045125,0.12876017695536615,0.3897982207306689,-0.07592254159825525,0.030193942375645294,0.05349783838956054,-0.07238397574346905,0.13228993472037132,-0.397088028693634,0.11721496931692389,0.8034541393252578,-0.13013988673335333,-0.01325331650404481,-0.18392276224984724,-0.16445485146846,0.18326320716399996,-0.0303431681626655,0.10054993177284782,-0.06787681314311392
-0.7087936210254785,0.34688607709426267,0.8881942114457148,-0.15789893347149628,0.1307659395869497,0.32639592043405186,-0.5985468530580298,0.0607816484952298,0.36140485445111054,-0.6976009139799323,-0.29672037175909105,0.2781008836586878,-0.09867140356600772,1.0,-0.7418858616095817,-0.3362692075264473,0.15031424050453365,-0.1371671175714953,0.6483523809964189,-0.10527080229249647,0.17754028345168882,0.7326987650940581,0.38042720194929297,0.7326987650940581,-0.12127308850177893,0.22084906746449687,0.23996452329646722,-0.5894839222499251,0.14076122124515664,0.41344185700956865,-0.7146190028925619,-0.24214667095782105,0.17127916876102045,-0.07402721111306464,0.983974706005712,-0.745353644537472,-0.2676155368647341,0.15366663336009498,-0.15560017663909875,0.6326303579134602,-0.21619797445304917,0.18758632237960862,-0.5756563237849649,0.41451139443893154,0.8740831848431871,-0.13777901962195735,0.2583238458056788,0.30423315253237865,-0.619394168560915,0.06021048228696369,0.16830158410572538,-0.685158472690832,-0.20435377118788203,0.2917543194041202,-0.23436127448160593,0.9748680755482443,-0.7666013794948947,-0.31424845569771154,0.16351027421888434,-0.13308289692672332,0.549462086674527,-0.11414000808174954,0.27460982850936455
0.8044547153119005,-0.37721934966142434,-0.7806366183594255,0.3879655095197467,-0.1429708391924455,-0.5500446331411754,0.6484478183097343,0.046706076372732545,-0.6503193365124715,0.7826103867613451,0.5027987230769635,-0.230144177253563,-0.054135510388734875,-0.7418858616095817,1.0,0.4247582295705743,0.05772222115224249,0.024424316183407457,-0.5950312973761118,0.39786190773175917,-0.2365185624555377,-0.6362762979411216,-0.2856494939475811,-0.6362762979411216,0.411402736549626,-0.2274010711217647,-0.34014357870620404,0.6763069673480476,-0.005433877869811653,-0.6166194379941007,0.8372697737213579,0.42162245956852923,-0.1569071301215501,0.11353152662328259,-0.7322940154187668,0.9838029317885059,0.34290799094333874,0.04636511368831461,0.18427060069306472,-0.6062125630929058,0.43395581912788317,-0.2901503717220059,0.7325251092457323,-0.4364420712015201,-0.8159617314152681,0.4134586765247416,-0.20006693214953386,-0.5157989262771363,0.7485535818908025,0.06474215570910571,-0.4204165733549338,0.7400145992329207,0.4497774641782237,-0.26712283421371036,0.19440986508349162,-0.7289116990009196,0.9803879706293845,0.38720268632043037,-0.03345641436207303,0.16758302024221686,-0.5808786885136143,0.32790484592759894,-0.3327234020998939
0.23618809266901544,-0.4706057072453791,-0.16890262826879734,0.18843861745051999,-0.5785693342805648,0.19055850720243103,0.19442348734569703,-0.20498897557736184,0.01730162394125741,0.3846109256597547,0.39795925803524057,-0.3076751079234186,-0.19413482209061347,-0.3362692075264473,0.4247582295705743,1.0,0.10493548198997002,0.1413296431314762,-0.4058071462362793,-0.12863549910113084,-0.00019678995200291468,-0.2295775790085696,-0.3352831253846915,-0.2295775790085696,0.18478185458216037,-0.48406695943273675,0.28822639727414967,0.2690864811320895,-0.25651453752436654,-0.013534295724422125,0.4045311831876266,0.23925165037589782,-0.2753937278516596,-0.0211598472103517,-0.3178088588205333,0.36778668538239695,0.9745446397859273,0.06687303918545154,0.12490677114487982,-0.4721711485366295,-0.1257822458587781,-0.03315023270150742,0.2710071537945586,-0.5017910812648744,-0.23515107849644287,0.21428261469002624,-0.5544830074122945,0.2513492734553906,0.29691007201355,-0.21031415042767576,0.11089224520386602,0.3669874805890105,0.3387553549622395,-0.2902618800801432,-0.10820893551267873,-0.3414633955920977,0.4143422027492988,0.9702303211759985,-2.3646440478398097e-05,0.11504614849173668,-0.41181602707742593,-0.17774765325174283,0.06568752685887334
-0.011887311236012886,-0.03958708785854632,0.20648250306966512,0.6348734840147481,-0.017757723408265855,0.12398572683340742,-0.08014268944062229,0.1902624485606128,0.0921149954853794,-0.17407782433914418,0.40076219335075114,-0.025509707382411248,-0.08702658136478711,0.15031424050453365,0.05772222115224249,0.10493548198997002,1.0,-0.12580999508970178,-0.16705892410673306,-0.3343311669100096,-0.17939379717250048,0.2539783095772463,-0.18619740172987,0.2539783095772463,0.6156246558724696,-0.1887290307672282,0.0058299766271922545,0.04975986718054199,0.16606708548578544,0.14565016202944583,-0.14918461286029575,0.23484343158378218,-0.041527742621252924,-0.2883512025155726,0.1749969934896376,0.04318015786217914,0.10809835188970895,0.8971476537581821,-0.17956819288538667,-0.15171868354505846,-0.3492940945628536,-0.2913579725717837,0.10667955698851714,-0.06674679249682336,0.16290346003067716,0.617800135225816,0.07550467554607442,0.09610286773982168,-0.07112101015342408,0.21998188803863533,0.11683116643621408,-0.15559978678460756,0.3167782375787292,-0.059068791702667996,-0.033736587536596294,0.1753198671401716,0.02680441195497372,0.06641913420086071,0.8864823513366821,-0.1640584869449883,-0.1374257229129267,-0.32194643829817776,-0.25800071160391724
0.0982486320124569,-0.006173483753147905,-0.18174022369444456,-0.1927078919566891,0.046068233018011086,0.09784533149331626,0.5669635055484624,0.11062141621798591,-0.03728155688837713,0.11472729156853785,-0.032910549093584165,-0.04744364614142644,0.3905939230860929,-0.1371671175714953,0.024424316183407457,0.1413296431314762,-0.12580999508970178,1.0,-0.11141871055518277,0.15941202961107945,0.3179209325067204,0.00448844834365602,-0.023345196890446226,0.00448844834365602,-0.08940662064973716,0.15715482066300795,0.007895447305281992,0.4546293793941741,0.1663124973369505,-0.015753406545642924,0.10673341314298936,0.013968993582929088,-0.03570024608156892,0.3140063290124126,-0.1328335496961088,0.042150029447222834,0.13843022851027542,-0.19296975659013454,0.9205993815522117,-0.1651124034281881,0.16713181026737847,0.16134921596400356,0.22434536874772376,-0.023851417358616095,-0.055719694922771255,-0.10201405654916389,0.14276951817457706,0.012772465354704799,0.5154594194701864,0.14304732554850697,-0.004120232270118208,0.0696844386213969,-0.06927823796291681,-0.0850913812368262,0.23309873207847034,-0.13094787435122318,0.018866993521670917,0.11341871792889678,-0.16152732453405436,0.8913917563852773,-0.1472442273820234,0.17208915854804932,0.21760598736838688
-0.5329946430634416,0.23914144987117664,0.6299831587612552,-0.31803788300861574,0.11825798001283742,0.07949916204362864,-0.5056820810847423,0.13472630785570489,0.286454583174405,-0.42065499999707195,-0.5889644899651449,0.1096083614940972,-0.10512007376218678,0.6483523809964189,-0.5950312973761118,-0.4058071462362793,-0.16705892410673306,-0.11141871055518277,1.0,0.1431305293359677,0.3408801672984114,0.5439187600063049,0.40386469821902077,0.5439187600063049,-0.2595876787568392,0.2239586880240633,0.06720095706260498,-0.43779474302350857,0.24956470958402788,0.308353634019973,-0.4680184667781301,-0.35114410520709066,0.03356071601184888,-0.2003370323187294,0.6610997333896105,-0.6147061026186909,-0.3772292542476724,-0.0776662373191194,-0.1923298408556589,0.979018699298818,0.08424581942917186,0.3749184164763058,-0.42258398957794807,0.3587418434698627,0.6078447132063574,-0.32452538284161814,0.1836139591122269,0.07527722764681019,-0.5636861492776913,0.13749047186077626,0.1832682481379979,-0.4343762379456404,-0.3693374557989396,0.1114885764158335,-0.33301500921238486,0.6359705306239541,-0.5995510213989128,-0.37278942325552866,-0.05157167263482706,-0.1390407929430711,0.9640702032702241,0.1342556649785244,0.359058583825688
0.4261851521841929,0.09342968117964688,-0.3237048971259197,0.06842535029442287,0.13769129979337122,-0.6719056660617093,0.4067939600353765,0.21212854122610264,-0.6018873909185283,0.49551655481451473,0.03832106458232108,-0.03433487699148084,0.08787031752226176,-0.10527080229249647,0.39786190773175917,-0.12863549910113084,-0.3343311669100096,0.15941202961107945,0.1431305293359677,1.0,0.05373503140591707,-0.23912384629613276,0.22578483918380524,-0.23912384629613276,0.196807958741231,0.222759578276607,-0.37369369193793933,0.29488973841296795,0.22841943638813106,-0.41396235685245025,0.535727588478284,0.24620495844088575,0.012324696200720962,0.11422398493379858,-0.10549571456012256,0.41749038125280613,-0.16666041294436562,-0.22346703095526227,0.280749507913988,0.10372092400104939,0.9712383783436601,-0.04765104645157314,0.49312322113056933,0.04006160945007403,-0.3188361354358946,0.12684658728402062,0.1525306318101269,-0.6519530192754005,0.405991301356267,0.22765421018240958,-0.5641241049804009,0.49457333993023767,0.1387592056685493,-0.012464871204265107,0.0298211429608704,-0.12076943399193717,0.39238375447048607,-0.1351152972478923,-0.2956232957061902,0.2629554203488554,0.0582515741474658,0.9520551681289352,-0.11444626750493302
-0.42937986903527503,-0.31679638501778146,0.20169282118865536,-0.17205274876415932,-0.2489068606315854,0.23880432285466105,0.006350749440470532,0.3079768524255421,0.1497693358587949,-0.13500637607335106,-0.22443957998405756,0.22143617786457703,-0.024899792857653338,0.17754028345168882,-0.2365185624555377,-0.00019678995200291468,-0.17939379717250048,0.3179209325067204,0.3408801672984114,0.05373503140591707,1.0,0.2964373748051933,-0.16935697947594924,0.2964373748051933,-0.1330914054337017,-0.12775526930847503,-0.0546510282652556,0.015260134073177233,0.37933254682677847,0.1909899658217097,-0.1591332771992276,-0.16736416013786676,0.04180264337672693,-0.020490569775764862,0.23535821228647938,-0.2619903978704349,0.07828174892209691,-0.2706588370011348,0.3128928616196897,0.31276800419704553,-0.00027487834918696373,0.942507255001363,-0.31478487314211817,-0.24196355981969692,0.2262376610953051,-0.18265219278986125,0.006334758091169844,0.1907874296245722,-0.09678774359930492,0.31069813005858304,0.20290616460662175,-0.10834227127802516,-0.23657062971487267,0.19881711520889034,-0.09331346040391181,0.23084958827411248,-0.22338800268228443,-0.008486150351838702,-0.07378373069625102,0.3455123101095473,0.28170379804768464,0.006153188848530519,0.9214313532643384
-0.6764113034211127,0.10852731659360561,0.8870790181722492,-0.16372662078102998,0.03203178634280377,0.49349299470996416,-0.39318837801635415,-0.10791787407976476,0.4953543532153643,-0.7816313138006372,-0.03637241083564257,0.14270694172124607,-0.21150071935637488,0.7326987650940581,-0.6362762979411216,-0.2295775790085696,0.2539783095772463,0.00448844834365602,0.5439187600063049,-0.23912384629613276,0.2964373748051933,1.0,0.20169482407350578,1.0,-0.07765248595861031,-0.01774741690025101,0.3720494647954589,-0.31026225410552405,0.04924991366015046,0.4967791546314095,-0.7528443522238532,0.0969819226150368,0.07848695932308115,-0.1907259517787766,0.7446795496993593,-0.6246083439693811,-0.16077044203989563,0.21684570601197442,-0.01944732757452272,0.47938160115373457,-0.3431631743755954,0.2893705547798286,-0.455963159812005,0.16691060095785176,0.9087443150082856,-0.15395531472932872,0.3004758754567617,0.44433092687393233,-0.39360480514397383,-0.09564925275897705,0.29571501200746503,-0.7647360521314488,0.06990268271746901,0.0855830946870063,-0.41551610580471193,0.7531729412310779,-0.6443229132940218,-0.2898915680023772,0.2240990835334318,-0.026771465635214174,0.4685432441693287,-0.2875336690701517,0.3076007680790006
-0.03337055739438275,0.7283910204181677,0.2502358478210824,-0.4518539215682318,0.4860256700346146,-0.015381930846953318,-0.16668159083015882,-0.2283709956875678,0.1276063803887594,-0.22828335040656927,-0.31954247717815365,0.312455982285924,0.10217028526768145,0.38042720194929297,-0.2856494939475811,-0.3352831253846915,-0.18619740172987,-0.023345196890446226,0.40386469821902077,0.22578483918380524,-0.16935697947594924,0.20169482407350578,1.0,0.2016948240735057,-0.3961479115895697,0.48112219437578674,0.009697268232382475,-0.17811125985412937,-0.10987491241185061,0.198888428660278,-0.23533545880498816,-0.12077738638069081,0.3016692840185073,0.23117071099245085,0.3229467044165179,-0.272451718759906,-0.334751591431826,-0.22659552046138928,-0.08918633961533869,0.4141851939160198,0.21708900907044568,-0.14241809160468022,-0.036748664935246804,0.8224771675939455,0.2690639459624494,-0.4042255343869212,0.4194708537827939,0.007082415333084219,-0.09874629058137714,-0.24425833781450274,-0.031076037701477977,-0.21563224827773878,-0.27859298082400535,0.29429822489598745,-0.045519621638900595,0.33468221229928047,-0.2363615418239742,-0.30214378626933863,-0.20216176682398038,-0.09207372235545803,0.4107159244802869,0.25776528549616157,-0.13906315785043627
-0.6764113034211127,0.10852731659360561,0.8870790181722492,-0.16372662078102998,0.03203178634280377,0.49349299470996416,-0.39318837801635415,-0.10791787407976476,0.4953543532153643,-0.7816313138006372,-0.03637241083564257,0.14270694172124607,-0.21150071935637488,0.7326987650940581,-0.6362762979411216,-0.2295775790085696,0.2539783095772463,0.00448844834365602,0.5439187600063049,-0.23912384629613276,0.2964373748051933,1.0,0.2016948240735057,1.0,-0.07765248595861031,-0.01774741690025101,0.3720494647954589,-0.31026225410552405,0.04924991366015046,0.4967791546314095,-0.7528443522238532,0.0969819226150368,0.07848695932308115,-0.1907259517787766,0.7446795496993593,-0.6246083439693811,-0.16077044203989563,0.21684570601197442,-0.01944732757452272,0.47938160115373457,-0.3431631743755954,0.2893705547798286,-0.455963159812005,0.16691060095785176,0.9087443150082856,-0.15395531472932872,0.3004758754567617,0.44433092687393233,-0.39360480514397383,-0.09564925275897705,0.29571501200746503,-0.7647360521314488,0.06990268271746901,0.0855830946870063,-0.41551610580471193,0.7531729412310779,-0.6443229132940218,-0.2898915680023772,0.2240990835334318,-0.026771465635214174,0.4685432441693287,-0.2875336690701517,0.3076007680790006
0.3193074301270366,-0.2534111223987276,-0.14178020754031703,0.9164928693081603,-0.14868621212586147,-0.3241396056429639,0.14099092249507672,0.4170221320035454,-0.3056398306192197,0.2892598579998329,0.5024796580480368,-0.26709862062543016,0.07936032902413148,-0.12127308850177893,0.411402736549626,0.18478185458216037,0.6156246558724696,-0.08940662064973716,-0.2595876787568392,0.196807958741231,-0.1330914054337017,-0.07765248595861031,-0.3961479115895697,-0.07765248595861031,1.0,-0.2304128799607322,-0.1938915927358566,0.26172022012810225,0.34637473457731527,-0.17262838836552186,0.33939919063988305,0.4355653953065564,-0.22563065036602903,-0.07796269475134615,-0.07008086363218666,0.4247357184577265,0.15162010088055627,0.638713451101676,0.005727155969343525,-0.2691231604797577,0.1935590545619344,-0.27180559956998024,0.44124980884447773,-0.34664091358845844,-0.15726397708679557,0.943171721574624,-0.06453125026046856,-0.32455230505720184,0.16301794338834819,0.42145932021917043,-0.20539589927810237,0.31718225020567076,0.49762681208862203,-0.24883972795936016,0.14489977017356542,-0.06289551909230962,0.38088390122716204,0.14935853714258573,0.5425756013370743,-0.046131300458448855,-0.2747069091219528,0.16005221767776023,-0.3001367621943981
0.13106009007865294,0.6862887061255842,0.006702870681545674,-0.3218204506182694,0.8747970375969107,-0.1954957080453519,-0.062438261499744324,-0.062479690932880194,-0.06774106971977223,-0.14691875416365716,-0.2583604437425748,0.25340306301262705,0.4015619756787751,0.22084906746449687,-0.2274010711217647,-0.48406695943273675,-0.1887290307672282,0.15715482066300795,0.2239586880240633,0.222759578276607,-0.12775526930847503,-0.01774741690025101,0.48112219437578674,-0.01774741690025101,-0.2304128799607322,1.0,-0.15248367162806287,-0.05381881328765359,-0.05761235355407649,-0.07995054023467196,-0.15625083736086978,-0.13360193482200974,0.30626654290099087,0.14764867879069024,0.1559051951900497,-0.18092791374277814,-0.4867150308330804,-0.13612838826654922,0.0732025666361779,0.22446391068168692,0.260578143322745,-0.19793265798567586,0.0851723705117729,0.657690375792369,0.031887916928652484,-0.3067575111001719,0.7728916812898823,-0.20571482720904638,-0.10764924176963293,-0.07529637867695747,-0.09845214386011854,-0.19594210857337124,-0.24056870738982516,0.24365891827247643,0.30123981039580083,0.15752436897810476,-0.18175411016885598,-0.4603076175466491,-0.12343382898779634,0.08899933918788663,0.23599447239390103,0.2985173046091192,-0.12156439785708899
-0.3843967187755457,-0.011610562388822127,0.4206439844743833,-0.08630554793196865,-0.1315359793732887,0.7130032797160636,-0.18408086042662608,-0.5465114381509649,0.5261172119686297,-0.3502276218334779,0.0400048088764588,-0.3186924665389402,-0.1428880828922676,0.23996452329646722,-0.34014357870620404,0.28822639727414967,0.0058299766271922545,0.007895447305281992,0.06720095706260498,-0.37369369193793933,-0.0546510282652556,0.3720494647954589,0.009697268232382475,0.3720494647954589,-0.1938915927358566,-0.15248367162806287,1.0,-0.2708344227253251,-0.5788857353488093,0.4075614695807165,-0.3195368520164105,-0.117935788937071,-0.22834155634019768,-0.07383267906698394,0.21943254639095078,-0.3631079910718436,0.3220737800055563,0.16678850502065848,-0.0749471557778226,0.0498421350214434,-0.3922492652767576,-0.006476486608056776,-0.2887837172010578,0.05535003847077978,0.35906071149364516,-0.13611641287864273,-0.055238669365723386,0.7802467660288495,-0.23835989248726167,-0.5313779953776253,0.3723011967358688,-0.33997145172139115,0.13219857994237547,-0.31003457278718854,-0.23154034059423753,0.22004513957528837,-0.353406365717069,0.26432460262776264,-0.05178469497410525,-0.0573851498470782,0.08162902467041934,-0.3678351176550855,0.01249990505497347
0.6401770151615649,-0.14610716158188136,-0.5858753527415278,0.1192968183719694,-0.006700152715035077,-0.3631711203146995,0.8276135679778354,0.07775857166942206,-0.38441385477284407,0.47992145468983166,0.4711091647148557,-0.14287009077485685,-0.0520392590460367,-0.5894839222499251,0.6763069673480476,0.2690864811320895,0.04975986718054199,0.4546293793941741,-0.43779474302350857,0.29488973841296795,0.015260134073177233,-0.31026225410552405,-0.17811125985412937,-0.31026225410552405,0.26172022012810225,-0.05381881328765359,-0.2708344227253251,1.0,0.10727203094959901,-0.30966626407058784,0.5599158840977064,0.5786030171600098,-0.05858554783921965,0.007637461961846132,-0.5526799377505598,0.7026827755364532,0.24378678960809208,-0.019797461493937664,0.568944204261149,-0.5086015673027791,0.3589827112192639,-0.1461397107355121,0.7265062832309626,-0.24611767215178224,-0.5230225994245206,0.20833763270372357,-0.03981479417646579,-0.38430610523133124,0.8555394882268123,0.10290768295885537,-0.07258617755880568,0.45580622158663875,0.4862613827745899,-0.2571610493625806,0.16077370770023963,-0.5468395830066135,0.6801685326994503,0.24376222568182443,-0.05879848531696863,0.5586637672875402,-0.41443033830803805,0.22256366222707372,-0.12426792120186296
-0.1093821307383085,-0.1871281208489528,0.0246662159627783,0.24204066179154557,-0.17056783422965316,-0.3449761306208378,0.1179708969435552,0.9335932989250555,-0.24054829125609778,-0.020077461123600124,-0.06680040092854372,0.3888949905061996,-0.02177962090986788,0.14076122124515664,-0.005433877869811653,-0.25651453752436654,0.16606708548578544,0.1663124973369505,0.24956470958402788,0.22841943638813106,0.37933254682677847,0.04924991366015046,-0.10987491241185061,0.04924991366015046,0.34637473457731527,-0.05761235355407649,-0.5788857353488093,0.10727203094959901,1.0,-0.17019443800709802,-0.05440889757444495,0.030541998652029743,0.29909121046090464,-0.13886360656476734,0.21157472501640945,0.006274465233920361,-0.2661349386143138,0.06927508337826704,0.1973512222941682,0.2537739115881352,0.18587153340652113,0.33025257255696533,0.01855998858670631,-0.15966543885296583,0.0890461319784644,0.2566895451122696,-0.0955035577670562,-0.43208284046566253,0.056419957995208735,0.9426809629006746,-0.18510119965900979,-0.02209484554074816,-0.11558857940997073,0.3571151512737835,-0.06309949928068288,0.20480797048740318,-0.03528383671076211,-0.24023825838212315,0.21764643148659016,0.19764386162428488,0.19819274108103002,0.19230845290739257,0.2686207364068245
-0.5055599538736434,0.14484945210664305,0.5328665737728898,-0.2568556615604711,-0.0938622455569593,0.6266303915891546,-0.3913919456910273,-0.2777670017882054,0.8781287890516996,-0.5064710235177314,-0.06623184437429847,0.016877671611103942,-0.09073407422483026,0.41344185700956865,-0.6166194379941007,-0.013534295724422125,0.14565016202944583,-0.015753406545642924,0.308353634019973,-0.41396235685245025,0.1909899658217097,0.4967791546314095,0.198888428660278,0.4967791546314095,-0.17262838836552186,-0.07995054023467196,0.4075614695807165,-0.30966626407058784,-0.17019443800709802,1.0,-0.49882879159237414,-0.017416425388162276,-0.032792395032839275,-0.12334844018623342,0.41520578263576724,-0.6130488097507288,0.04870914958600257,0.07252834655382477,-0.1596729750845034,0.2676974551682558,-0.4355102425439652,0.21706919458112012,-0.31635701939157235,0.18950734023781368,0.5586297402434597,-0.24542268703508152,0.012428544915759492,0.6004284053512075,-0.4083597102306832,-0.2681980923793362,0.7353005387883953,-0.49173446958968997,-0.06243770005232036,0.01895282323131148,-0.2926705069768349,0.398990870535822,-0.6044284242560402,-0.03282426558772257,0.20058446901642052,-0.13258163788018526,0.32054764780209394,-0.3922835949236067,0.2634684698172044
0.8094364031853929,-0.24470081304355354,-0.815583802155992,0.33778650276059446,-0.17797039050296032,-0.5880641282092665,0.5377760314552601,0.058896467553915734,-0.6221388366433451,0.9753585512150511,0.3467088313846743,-0.30173922554084337,0.0734711491239802,-0.7146190028925619,0.8372697737213579,0.4045311831876266,-0.14918461286029575,0.10673341314298936,-0.4680184667781301,0.535727588478284,-0.1591332771992276,-0.7528443522238532,-0.23533545880498816,-0.7528443522238532,0.33939919063988305,-0.15625083736086978,-0.3195368520164105,0.5599158840977064,-0.05440889757444495,-0.49882879159237414,1.0,0.29364997933687254,-0.19935181384195086,0.14886816656208032,-0.701237023547473,0.8035432683142218,0.33534726098998224,-0.06153922770367433,0.1971076075088859,-0.46562979896735107,0.6146109436973318,-0.2450922616123809,0.6997970346876904,-0.32629498590312345,-0.8297217944297798,0.3827239606025028,-0.24142604056808634,-0.5278022506353899,0.6110314605323822,0.06487708975117729,-0.400252596895473,0.9663246639482859,0.3175824497487753,-0.2539652398940175,0.2599792042641359,-0.7068566121138856,0.8272608006129198,0.3933842057261494,-0.1294161035811827,0.17821745923876983,-0.437585482766148,0.5003453735979115,-0.27405877050340544
