Fp1,Fz,F3,F7,FT9,FC5,FC1,C3,T7,TP9,CP5,CP1,Pz,P3,P7,O1,Oz,P8,TP10,CP6,CP2,C4,T8,FT10,FC6,FC2,F4,F8,Fp2,AF7,AF3,AFz,F1,F5,FT7,FC3,FCz,C1,C5,TP7,CP3,P1,P5,PO7,PO3,POz,PO4,PO8,P6,P2,CPz,CP4,TP8,FC4,FT8,F6,F2,AF4,AF8,O2,P4,C6,C2
1.0,0.40486349907614955,-0.24395324608196367,0.654729841838043,-0.10498971900965644,0.6292888228125018,0.4089656988941094,-0.08411064106085282,-0.17934999869562132,-0.3706877898454315,-0.240624885078405,-0.4723061687774447,0.01677735577367249,0.30185454216090013,0.7906761127598726,0.009685862583537498,0.08748033102909114,-0.5422448916541266,-0.4617229393982077,0.2934718796481044,-0.3211607319246469,-0.24534481957284818,0.3292040977197679,-0.24534481957284818,0.5526077744569303,-0.092138379497922,0.4524432015004522,0.350031812318474,-0.13691911000598458,-0.2971369060021046,-0.358120834072712,-0.3064851924176352,-0.4461076849120589,-0.03583134595092253,0.33711467486525964,0.7474837789230496,0.03039770158450471,0.1809173746299239,-0.5177257658970488,-0.5080031016233915,0.23871656062759006,-0.36685464858559547,0.8288745740600937,0.33706105970422495,-0.34121750054887146,0.6790498020310847,-0.1272841903155665,0.5438115736017064,0.12741779495458488,-0.1751721669604803,-0.26176870832361604,-0.36976101542170436,-0.2876274400528275,-0.3911765506711493,-0.06605082136838308,0.34512864338577437,0.5588940868058626,-0.19692238143174595,-0.2029999196546075,-0.637759698423218,-0.49885428635687135,0.21100724887164177,-0.35699362439683824
0.40486349907614955,1.0,0.10310045539849196,0.597863036582402,-0.4868384540295415,0.21717782450389894,0.2671430622008546,-0.5127200193978874,-0.28077805338618594,-0.30401654019061447,0.2114303722436242,-0.19617640697681202,-0.16314200362771636,-0.24409801820449684,0.2473451666768298,0.15845170835863648,-0.13021186327019707,0.2826953723907614,0.018741183496788688,0.0735268229862905,0.05241947175569853,0.09632877280580379,0.8355710402129167,0.09632877280580379,0.422831166753146,-0.5941207445267828,0.28032922982916003,0.11514154495237797,-0.3314225812000517,-0.3542028125778783,-0.2495306958647108,0.03434986340831222,-0.09212336887697761,-0.15809528100117545,-0.15740595313342295,0.17538574594642486,0.1855436652868939,-0.1382330279077091,0.28016144094088363,0.017742067309728732,-0.0043846039018041166,-0.017234632363271947,0.26264199461389426,0.9196708097477091,-0.1702587597054508,0.4890389886529576,-0.584688558318792,0.26544938733124257,0.19756796635605414,-0.45561399642797507,-0.3315505147487855,-0.1731443415005834,0.10832402974397233,-0.02860882216768771,-0.2212898475539089,-0.21967062618347338,0.09263578438850747,-0.02811570355644716,-0.4274588245672259,0.16423998937092052,-0.013608303556332971,-0.13956475448108013,-0.04005906115834985
-0.24395324608196367,0.10310045539849196,1.0,-0.2074413541247955,0.14525268947681635,-0.26342785967067694,-0.23746851086910187,-0.18839775672475492,-0.09817879052303424,0.4488842690984534,0.5221134870492018,0.4259050302194097,0.1292826425716159,-0.38789706040548017,-0.4353041424389112,0.3426649185366328,-0.05887804667003376,0.6381645640196154,0.15477247936304422,-0.44543324855328603,0.4636021329876716,0.7935086937094236,-0.004251922889217368,0.7935086937094236,-0.2569197174911582,-0.010607221353050957,-0.20732354901905578,-0.36269544744762783,-0.07147866331629832,-0.11479504906527765,0.45762789807302773,0.43723444732704436,0.36723116725500815,-0.03906486214975372,-0.3537049637552737,-0.447888069794029,0.29850995410288744,-0.19759512388234685,0.5412637958681759,0.13599540861955822,-0.3193579195687288,0.42734128835577445,-0.36373773385223135,0.05422516215521155,0.7026467633046564,-0.32937754883048614,-0.07150385155295765,-0.38500839372970613,-0.3978896347827462,-0.22850069322021704,-0.20123457872357886,0.3870565925969457,0.3886468764638583,0.24925279381528945,-0.12789172130852255,-0.4011835234391406,-0.5271559690729366,0.41361405750466484,-0.27442192181496566,0.5164655713379707,0.0855087628093661,-0.45888390346610863,0.412418272810808
0.654729841838043,0.597863036582402,-0.2074413541247955,1.0,-0.061546640865968866,0.3687937423525765,0.6407821421737373,-0.2564398203675326,0.01875284961780239,-0.45074025508927357,-0.45777086954372204,-0.709103418610583,-0.2537991584936676,0.18158536271575454,0.6501875848914295,-0.09657224774710683,-0.03366963084658657,-0.28587559545650926,-0.36655960098431745,0.43328045969312623,-0.4329393824245986,-0.14799867223721028,0.4253298805943184,-0.14799867223721028,0.795626159024671,-0.11484742763393455,0.3441500458617538,0.6328130340999187,-0.1233141972309112,-0.10654172823783739,-0.425006350867748,-0.5757058885835648,-0.5850397717764172,-0.2911663356778961,0.2345972721084248,0.6076771797702588,-0.02047601937870414,0.03168245001799764,-0.26063246077526225,-0.3923448942195732,0.39124155885757816,-0.4981095803315625,0.588533874652764,0.4355175469263124,-0.24674265052102365,0.9394253408120558,-0.08914536943039994,0.3133088773914967,0.4264840641745015,-0.21259514738081575,-0.10231008661815658,-0.4304781076728246,-0.5049873133100107,-0.5532150622259963,-0.2574386952886492,0.21618982852764962,0.5830272269097256,-0.3045728526455109,-0.3080356256840927,-0.38179323923510783,-0.4137484539188546,0.32065543420131537,-0.5070929598856082
-0.10498971900965644,-0.4868384540295415,0.14525268947681635,-0.061546640865968866,1.0,0.20903197676698276,0.09674895163620206,0.5595247403540421,0.24601733286093433,0.21434281824972978,-0.29885632855619243,0.06236448464388095,0.16661411626967895,0.2643363500715738,0.20102429642408756,-0.12026302935606321,0.30907142446605423,-0.3082510258945472,-0.20190237156196197,0.030777026197425374,-0.11731024247113057,0.12946073962927118,-0.5120457571979059,0.12946073962927118,-0.05831653982054547,0.9391011613638871,0.17035081853341028,0.19097848807697068,0.48475803502675974,0.2500111004574698,0.19277572875865553,-0.305980735533651,-0.09172062834980702,0.023581564935852683,0.2872216190501238,0.2674686802099633,-0.05154995797242602,0.2811057958142654,-0.2754174606628925,-0.22447734002681158,0.29034913946017904,-0.15599734248036792,-0.13453245281351142,-0.5908460992057165,0.2554137583922117,-0.10295468496313505,0.9032258959689085,0.030483012947107885,-0.050186670483034615,0.39029343729348853,0.19063934199555232,0.003090849355741275,-0.24738911786779402,-0.21641357339065623,0.07091583461428938,0.3084187302589108,0.3084713218923032,0.038335039540750286,0.42610811933673065,-0.2393411931025948,-0.2854779530565003,0.18768870955600508,-0.19750095170214352
0.6292888228125018,0.21717782450389894,-0.26342785967067694,0.3687937423525765,0.20903197676698276,1.0,0.13673555972719226,0.2819030851380785,-0.22050014021700248,-0.11400976627091013,-0.10874189954236413,-0.2679235475824359,-0.0007584979646835547,0.11059075629507215,0.6547606653176271,0.08731647261451374,-0.17731501193396368,-0.5175403937548907,-0.3709328877720111,0.10427191095826513,-0.3387043346558026,-0.13643645551903974,0.25513458213657614,-0.13643645551903974,0.3067065624127026,0.2381807706727474,0.647658870381413,0.1531395877800818,0.028789468094092933,-0.281020339749063,-0.15524590490672122,-0.18147638414710096,-0.3221448282687748,-0.08710093005560608,0.1693801900682833,0.6538252239432583,0.1287143374456749,-0.04846672110358648,-0.4786851038669726,-0.3998400332638019,0.17127037869739517,-0.4020853266697713,0.5422929343565391,0.23725754601790142,-0.176551122508101,0.40164679716204027,0.2445376535107266,0.8677407192640879,-0.018571112294103326,0.026515380780917124,-0.158404270403677,-0.15672825831249304,-0.05083584667605966,-0.39554594199930265,0.0049640534786782,0.2717727284506372,0.6289700866610972,-0.15529709860970048,-0.13717642111309128,-0.4808516866895014,-0.40390966961799885,0.10398378072258407,-0.41414328491806873
0.4089656988941094,0.2671430622008546,-0.23746851086910187,0.6407821421737373,0.09674895163620206,0.13673555972719226,1.0,0.13015476850996915,0.3661686153366831,-0.6066024997051926,-0.47616122952235757,-0.44895617404262206,-0.08088515559247823,0.585128129935929,0.5184202346721047,-0.4652608568001872,0.17286138539180343,-0.27032349996590976,0.15895142602364476,0.7364138581717222,-0.23082182848451943,-0.346368043072139,0.038186624886292896,-0.346368043072139,0.4854684005195541,-0.023968393947463494,0.15319591942974567,0.8974873288835894,0.17338009876151378,0.24195551874904261,-0.5630065922201823,-0.529283083543835,-0.46793140336332495,-0.14839028728494447,0.608102908852097,0.45575744648510896,-0.4173575694893121,0.11456524702205605,-0.21878985437214196,0.11443273377659002,0.6775021346637744,-0.34091694758097585,0.23827463541323676,-0.006986809494334181,-0.25793295936909194,0.5312646716293,-0.014424675762408891,0.1045027022406273,0.8247152869987354,0.1374067767909641,0.15990865394979312,-0.6473661138397692,-0.5920766788001974,-0.40055558348566234,-0.20822048063766987,0.5361504171545822,0.35584577075131646,-0.5302544797218265,-0.1096397347347654,-0.36175222864461526,0.08237274855602617,0.5644391222156395,-0.35429234654929354
-0.08411064106085282,-0.5127200193978874,-0.18839775672475492,-0.2564398203675326,0.5595247403540421,0.2819030851380785,0.13015476850996915,1.0,0.30623769016081126,0.24688584299604574,-0.1364960529066393,0.08766304863799335,0.34582070240160745,0.11668531744999766,0.09033860558092341,-0.2660823524821195,0.1131739929897605,-0.2631966298420105,0.0986492905458997,0.1765478019496196,-0.30492056895360686,-0.15148778627233347,-0.40287535289765647,-0.15148778627233347,-0.21264209544956314,0.5606204467172615,0.16131562135284275,0.24392964231025077,0.6928642081026937,0.36669150502210973,0.24777158633949492,-0.039069862028902926,-0.08947657612005375,0.2583705187007349,0.15280396105636432,0.11460298981882681,-0.2372490391313891,0.15332496234058265,-0.09590686173676884,0.09036894178847896,0.3292990550135214,-0.35445689935824737,-0.039225410928928665,-0.5062817393716931,0.19669748474619958,-0.2893698623945603,0.5840892844727124,0.21215830120849064,0.18902239407081375,0.7990991220439205,0.3884646894709251,0.1353472299439473,-0.08886218377875002,-0.04495253423023934,0.3065636989296496,0.213658108332677,0.16863307882044437,-0.169401641532281,0.3432639484295775,-0.07326797751591796,0.05483182532769424,0.3019379697114273,-0.3843247371203517
-0.17934999869562132,-0.28077805338618594,-0.09817879052303424,0.01875284961780239,0.24601733286093433,-0.22050014021700248,0.3661686153366831,0.30623769016081126,1.0,-0.13201411223419826,-0.4058736174083636,-0.06652675232486725,0.2687011328766701,0.45683885020017495,0.058033518114505814,-0.37481631981628194,0.13630943620114444,-0.14549417418563745,0.23167707143686467,0.42741237028849427,-0.17512570932906027,-0.10396393061160702,-0.3267689495076265,-0.10396393061160702,-0.006013917004095504,0.19032455718527078,-0.13490458214035997,0.40635191035282303,0.3045031374313458,0.9679411128475912,-0.1342243388806408,-0.3127525907104557,-0.09389456042188365,0.22385885028731006,0.4729383146253964,0.07790836964910765,-0.35001502429578774,0.15135284411539254,-0.09293451727160551,0.2673936634474834,0.4524392162105242,-0.12783044796403648,-0.017276907083608642,-0.43262524032570393,0.12901138985457816,0.0068107904869220415,0.21598299670150375,-0.21343546001891933,0.3897648153851523,0.2649628188625977,0.93167168917733,-0.20941307479757543,-0.39313416687917946,-0.09742528895804292,0.3083323717921751,0.38379693934114206,0.05467445370426624,-0.1899074946810569,0.10609436721450438,-0.1349631135397271,0.23431772163512182,0.42633997330611323,-0.07972448215859125
-0.3706877898454315,-0.30401654019061447,0.4488842690984534,-0.45074025508927357,0.21434281824972978,-0.11400976627091013,-0.6066024997051926,0.24688584299604574,-0.13201411223419826,1.0,0.5777277159949816,0.3289932647502756,0.13507028679669147,-0.6777339063095982,-0.343171522359227,0.656593562747668,-0.19919172349401792,0.3506659640704774,-0.33078830535646836,-0.7405843508149813,-0.04889358976988864,0.44681368086960843,-0.1837336271154385,0.44681368086960843,-0.37837958662690047,0.2703099899213465,-0.07681885743666561,-0.47573580882336186,0.1474874378274734,-0.0017049931529426127,0.9225267896783665,0.6078367626963457,0.2899183392788472,0.06599046108371136,-0.6723693974918628,-0.29831892571125135,0.6197429681152503,-0.13043601047395495,0.3886458647381278,-0.2737369497631466,-0.5844046131280289,0.06512072546013802,-0.19691561312145406,-0.12755645233813545,0.5550836358666376,-0.39880100591276535,0.2655050513862083,-0.1426342588888227,-0.6480795900716753,0.09390013894018821,0.06385874957753891,0.9219856511530721,0.6000773565640832,0.22915516131746191,0.15368224890778917,-0.6390733391705125,-0.1830363961594824,0.6392048781234786,-0.009366204530813793,0.4801974777545822,-0.2824151871961727,-0.5846647105987725,0.025191730527316665
-0.240624885078405,0.2114303722436242,0.5221134870492018,-0.45777086954372204,-0.29885632855619243,-0.10874189954236413,-0.47616122952235757,-0.1364960529066393,-0.4058736174083636,0.5777277159949816,1.0,0.6210688522849642,0.11820458901879434,-0.6516308185251056,-0.4041886497238769,0.7083736173994599,-0.17574947993802373,0.649006449935603,0.13326132165166826,-0.6644741638084615,0.4168935007600156,0.4068779729223527,0.253019256809528,0.4068779729223527,-0.3989096114510584,-0.29365970923127427,-0.0646092101899855,-0.5784416425063692,-0.19307410111359746,-0.3305395625167526,0.5783742141350888,0.94997279283246,0.5956516796638849,0.09016237224244703,-0.637558264135974,-0.4262115916229102,0.636328945450767,-0.23167231585912082,0.6346284133083182,0.1630835766970676,-0.683578082427409,0.4781035722357301,-0.22131443413856644,0.37279035453286763,0.38959550639687485,-0.4733645358280483,-0.27283806619851486,-0.08340429642090104,-0.39541865724946995,-0.27004709109495784,-0.28780561960656426,0.5853376444368761,0.8910892647963248,0.5724817285622261,0.049764387856899996,-0.6600803306662228,-0.4169246031096343,0.6209634032636162,-0.1565411320911516,0.663547803686123,0.16949969606518583,-0.7382895256962968,0.4369256259199877
-0.4723061687774447,-0.19617640697681202,0.4259050302194097,-0.709103418610583,0.06236448464388095,-0.2679235475824359,-0.44895617404262206,0.08766304863799335,-0.06652675232486725,0.3289932647502756,0.6210688522849642,1.0,0.27784847710344696,-0.18851885859711698,-0.5727433431303556,0.2931127508375852,-0.0401734805156992,0.3381057893659934,0.399607694362824,-0.5196058077685882,0.6889778690283378,0.34060100992331716,-0.024614131575257617,0.34060100992331716,-0.5782883590827829,0.07600935906472021,-0.1840444877732368,-0.5074148537204385,0.023950397720039384,0.021239628934865182,0.388133288496369,0.6579467759097906,0.928361439708575,0.26456699345564433,-0.18052456077862497,-0.5298549908452582,0.27674298615792364,-0.13481022203847481,0.35360707601885033,0.40597283947720364,-0.44544878879961836,0.7011196006632988,-0.4002055251599191,-0.06263132804476204,0.5089791486660264,-0.8010422017929256,0.07871562739856322,-0.3037263164106824,-0.18959476670278919,-0.08857525844008292,0.0015084589739402876,0.3069385625772384,0.5680242248050222,0.8297821046732788,0.24518911099865823,-0.21419710449579826,-0.5245416617399141,0.5842321303570034,0.06352831588202941,0.4329982544362118,0.39561020308123973,-0.48899846269747577,0.6396018695632799
0.01677735577367249,-0.16314200362771636,0.1292826425716159,-0.2537991584936676,0.16661411626967895,-0.0007584979646835547,-0.08088515559247823,0.34582070240160745,0.2687011328766701,0.13507028679669147,0.11820458901879434,0.27784847710344696,1.0,0.09809008559274174,-0.05846296823306394,-0.08573178647781703,0.3950902497722451,-0.02272656816620818,0.22977379161513511,-0.0710903017073599,0.08204945469799281,0.15407097907332373,-0.10846874875187598,0.15407097907332373,-0.2748263088198677,0.14355069034605197,-0.0717485913158214,-0.055368304613893395,0.1794685785700729,0.3007766843206043,0.21839361068929217,0.21887861384610227,0.21913623961422207,0.933625200059663,0.12090333442989425,-0.01610680224534581,-0.11163286848772044,0.4211373568972264,0.05071348615799024,0.2625128916157688,-0.04280955709230832,0.16709626540117153,0.02672851881442475,-0.13383525183424047,0.15459090834716863,-0.2960290496894272,0.11974008052470649,-0.02373742850994502,-0.0519101839995441,0.2850929053466795,0.279180452492638,0.212170523101175,-0.03620779633356233,0.3546598734174786,0.887463353515647,0.17719574637580543,-0.10322901474309953,0.08787203864633694,0.298244506336274,-0.01898961316215852,0.18622308694424616,-0.02329392801308002,0.14682736936345997
0.30185454216090013,-0.24409801820449684,-0.38789706040548017,0.18158536271575454,0.2643363500715738,0.11059075629507215,0.585128129935929,0.11668531744999766,0.45683885020017495,-0.6777339063095982,-0.6516308185251056,-0.18851885859711698,0.09809008559274174,1.0,0.47857244862756554,-0.5999112805667608,0.3867633319211564,-0.6198848023131676,0.14753353483977133,0.6610949279964576,0.056154002035740745,-0.3855781926000542,-0.3636976217422897,-0.3855781926000542,0.17618273880740862,0.2662867914474375,0.06697907079491884,0.6016989606063504,0.09185958031303142,0.3619167831220517,-0.654971306689606,-0.5689686637590501,-0.2230216258833852,0.13419430015824663,0.9701484629889606,0.5032537746930403,-0.5555871886203252,0.3414550235099107,-0.6175356620424219,0.10624482813962907,0.6490902242479298,0.012025033385135102,0.20303161795506391,-0.4258094186016702,-0.30446250659780616,0.20886664190600093,0.24246942764594182,0.13545321426189685,0.5387437876345808,0.17106107545093843,0.29935169804199346,-0.6999916263484768,-0.6446458018500709,-0.20149501328394434,0.07886145101801428,0.9461990572074582,0.3516550319969822,-0.4325220334505708,0.27449239578542867,-0.6841531948518716,0.12596054557273334,0.6081680487074722,0.04896798961583034
0.7906761127598726,0.2473451666768298,-0.4353041424389112,0.6501875848914295,0.20102429642408756,0.6547606653176271,0.5184202346721047,0.09033860558092341,0.058033518114505814,-0.343171522359227,-0.4041886497238769,-0.5727433431303556,-0.05846296823306394,0.47857244862756554,1.0,-0.05645595277330819,0.2767133353604362,-0.6531676971905372,-0.4885774548354388,0.4299606061267782,-0.4231586504373312,-0.41153497322478627,0.07759503428813672,-0.41153497322478627,0.5288000496068374,0.20472893744795487,0.525842635724,0.5450170797370752,-0.0014273901496245655,-0.04488557212452336,-0.395328548923538,-0.4771610557561572,-0.555733757322229,-0.09336600427142201,0.5092763013561822,0.9796205944820898,0.007041406085098348,0.3412827286214415,-0.591373031371355,-0.5082527525308024,0.43034717713316295,-0.4242245812644503,0.6721369569182563,0.1210776172299527,-0.42681687242428334,0.7010674661905185,0.22171521770088726,0.6358414151451173,0.2575614930705734,-0.022900041088170862,0.012996704619419234,-0.3934888306494045,-0.3980923926908674,-0.5252335058364304,-0.07943879540426976,0.5077612846384759,0.872491604165323,-0.25704547632114433,0.11772243291304274,-0.697924892338854,-0.49495142056149916,0.3944652216883298,-0.4368359841464803
0.009685862583537498,0.15845170835863648,0.3426649185366328,-0.09657224774710683,-0.12026302935606321,0.08731647261451374,-0.4652608568001872,-0.2660823524821195,-0.37481631981628194,0.656593562747668,0.7083736173994599,0.2931127508375852,-0.08573178647781703,-0.5999112805667608,-0.05645595277330819,1.0,-0.22515270769026935,0.26297508308324247,-0.5047565618372589,-0.7980065379297064,0.06500878465405187,0.2890708869715589,0.26426699828002065,0.2890708869715589,-0.012751522218694987,-0.02561548557257804,0.14942975681600365,-0.46203928708086395,-0.2650100183665483,-0.3228403414843917,0.622771440154703,0.6192538438589034,0.38139080110540075,-0.1246933818573578,-0.5927908025110934,-0.035938654525559686,0.9785935851691898,-0.14100555853854793,0.2551396739734627,-0.47131482853911916,-0.7863126111786922,0.18314872494952913,0.19668764078497325,0.3247172578956132,0.26921712217881016,-0.008112488044296488,-0.003534039554632778,0.04796296278256819,-0.5472606027256799,-0.47332995279225504,-0.21975790577632087,0.5738218605782133,0.6485540314545793,0.263621726666209,-0.030924659918825915,-0.605488457895263,0.03540222820303085,0.8167889922945247,-0.2020034595607524,0.31499073106584713,-0.456072326356353,-0.8277172778900553,0.12065616827426096
0.08748033102909114,-0.13021186327019707,-0.05887804667003376,-0.03366963084658657,0.30907142446605423,-0.17731501193396368,0.17286138539180343,0.1131739929897605,0.13630943620114444,-0.19919172349401792,-0.17574947993802373,-0.0401734805156992,0.3950902497722451,0.3867633319211564,0.2767133353604362,-0.22515270769026935,1.0,-0.10290543903526592,0.09380561142847328,0.22447890344014124,0.10084653253418925,-0.1804125140952913,-0.29828573858683227,-0.1804125140952913,0.019563259462237886,0.2536542177557538,0.07567365882734037,0.1643497610509864,0.2633566167377077,0.14011712073338986,-0.12766420138051796,-0.15369151189123298,-0.02415693319238203,0.4371530706798335,0.36502128588599103,0.29780816171727925,-0.19615048474976393,0.9306279421396123,-0.06491485034187275,0.09487092650164272,0.25557169650658257,0.14214252567724106,-0.0583482266084445,-0.2805191936702573,-0.23995212967875743,-0.0350284435340284,0.19022283127874312,-0.05525080985183631,0.07653301805034965,0.2843238078218141,0.004398898357484752,-0.21674325009243364,-0.2932439413877803,0.06386719916958712,0.17892561067688523,0.3038058653077177,0.09445235397910128,-0.0885169886634445,0.8023751158600813,-0.15225186289793122,0.04398587948153356,0.2227855029032996,0.12280692184720328
-0.5422448916541266,0.2826953723907614,0.6381645640196154,-0.28587559545650926,-0.3082510258945472,-0.5175403937548907,-0.27032349996590976,-0.2631966298420105,-0.14549417418563745,0.3506659640704774,0.649006449935603,0.3381057893659934,-0.02272656816620818,-0.6198848023131676,-0.6531676971905372,0.26297508308324247,-0.10290543903526592,1.0,0.45810037606861154,-0.3119729588244968,0.4262064529922048,0.5568297188015101,0.19919119624829004,0.5568297188015101,-0.30051415595118525,-0.4214152489678395,-0.32385619891336515,-0.3662726719044533,-0.082072547831629,-0.09601920015347465,0.39525409299380637,0.6034088188367087,0.3386547838990141,-0.02325394938014827,-0.5922221543697552,-0.6940780580713108,0.22032990865847654,-0.24187479942419582,0.9545030474693891,0.48609507174334976,-0.3199477041508364,0.42928663076097484,-0.5806249142157268,0.28919253828267366,0.402357502851964,-0.3685325588362251,-0.4135008955741795,-0.41681281355020494,-0.1658244120504476,-0.09571669488359827,-0.14282004785002703,0.4314799959260229,0.5744544333017212,0.42469184018529954,-0.13426351523707358,-0.6360316674633901,-0.6847705341354463,0.21747688970758292,-0.16926979216894356,0.9329915181614385,0.45474912844601323,-0.4181319968701702,0.41406871857476335
-0.4617229393982077,0.018741183496788688,0.15477247936304422,-0.36655960098431745,-0.20190237156196197,-0.3709328877720111,0.15895142602364476,0.0986492905458997,0.23167707143686467,-0.33078830535646836,0.13326132165166826,0.399607694362824,0.22977379161513511,0.14753353483977133,-0.4885774548354388,-0.5047565618372589,0.09380561142847328,0.45810037606861154,1.0,0.3236426895160337,0.5318910572674946,0.0683390072560755,0.0004568792149952941,0.0683390072560755,-0.33429482074365713,-0.32825827091837295,-0.2960243852849023,0.019754214364257977,0.11657505436144483,0.23895849980323725,-0.22918179404858408,0.18355918474665076,0.3091615167666705,0.25009781795139463,0.15398295413897764,-0.5282161890422578,-0.5222643047583309,-0.09972287488032393,0.46150422043148254,0.9838495876065224,0.2524148911316631,0.43886132746368556,-0.6100882084275667,-0.046728569597496585,0.12476981626040116,-0.5033067713813335,-0.3114199447165407,-0.28774735331289963,0.42974438695179323,0.20442262546804135,0.13268976749857692,-0.2252599480265825,0.0632026203110769,0.4115573011323324,0.11175510563494695,0.12960547058542732,-0.6006308338049308,-0.3689354400012522,0.03074075092902374,0.40563273195711197,0.9620327132865808,0.22512600189344245,0.44893549037669606
0.2934718796481044,0.0735268229862905,-0.44543324855328603,0.43328045969312623,0.030777026197425374,0.10427191095826513,0.7364138581717222,0.1765478019496196,0.42741237028849427,-0.7405843508149813,-0.6644741638084615,-0.5196058077685882,-0.0710903017073599,0.6610949279964576,0.4299606061267782,-0.7980065379297064,0.22447890344014124,-0.3119729588244968,0.3236426895160337,1.0,-0.16657001741349045,-0.32745126748289854,-0.06786628695237759,-0.32745126748289854,0.350472587658639,-0.06422759988108534,0.09409753410941164,0.7105084256139338,0.2005385149064571,0.3180225468498468,-0.7175495147480947,-0.6329095710921047,-0.571371451007426,-0.04977234966060483,0.6764601725509644,0.3694405012216315,-0.7507975825348121,0.14045726879947162,-0.3021051924692552,0.28222482079526284,0.914292358608259,-0.28406801383918356,0.13286505322639097,-0.1404067806280931,-0.38368054287764464,0.38841625223960013,-0.0425755215010554,0.1661718185019503,0.7153098360956356,0.31429486415337077,0.25842523975769544,-0.718629757583883,-0.6649619834090785,-0.4324180734011755,-0.11523784543134018,0.6292626910119012,0.27239088220598306,-0.8303039046104546,0.10812679478519228,-0.43278339165356705,0.2830827613967405,0.9053653413810752,-0.22373448962818485
-0.3211607319246469,0.05241947175569853,0.4636021329876716,-0.4329393824245986,-0.11731024247113057,-0.3387043346558026,-0.23082182848451943,-0.30492056895360686,-0.17512570932906027,-0.04889358976988864,0.4168935007600156,0.6889778690283378,0.08204945469799281,0.056154002035740745,-0.4231586504373312,0.06500878465405187,0.10084653253418925,0.4262064529922048,0.5318910572674946,-0.16657001741349045,1.0,0.43184195412181764,0.09341041545893643,0.43184195412181764,-0.3666839297271877,-0.16592501786198674,-0.24287598645892175,-0.3094044070406591,-0.23346192462796403,-0.15380232767583243,0.031637054231861486,0.42979619187435786,0.6442491891733175,0.13248101947662505,0.07473199734845734,-0.4009505414571805,0.05876991447215101,-0.10538308291434881,0.35626017049823755,0.5075561978844276,-0.1565023945437038,0.9477551983656572,-0.4425497354386106,0.07440095243351136,0.30836288586023536,-0.5023198015018365,-0.19659503370020456,-0.25672021308933396,-0.06194573801498964,-0.21351015976572957,-0.21998506175539062,0.035322177560733026,0.2751555991018496,0.6835225319435789,-0.012366507870899567,0.018132814449602214,-0.5374128440644605,0.2461928266152146,0.01906902924617307,0.3291440646340735,0.5247419525556442,-0.27267018897007883,0.9097493547221968
-0.24534481957284818,0.09632877280580379,0.7935086937094236,-0.14799867223721028,0.12946073962927118,-0.13643645551903974,-0.346368043072139,-0.15148778627233347,-0.10396393061160702,0.44681368086960843,0.4068779729223527,0.34060100992331716,0.15407097907332373,-0.3855781926000542,-0.41153497322478627,0.2890708869715589,-0.1804125140952913,0.5568297188015101,0.0683390072560755,-0.32745126748289854,0.43184195412181764,1.0,0.10742086649203511,1.0,-0.12752581135065713,0.07368067737555706,-0.002230477673275384,-0.2707521349249213,0.004572236680777391,-0.07833954472257576,0.4846222979963925,0.4108471922017368,0.3446762598021836,0.09529774838873523,-0.3209326127712772,-0.37793634428166556,0.30189084986159015,-0.23691487624975194,0.4615738410984543,0.0713181127160569,-0.16826781813015426,0.3912927676435538,-0.20890542222483466,0.10601334569690331,0.73383234652528,-0.21944107718352637,0.03522475678377101,-0.15648625469818608,-0.3691983681422682,-0.0899068640165876,-0.09260612564043888,0.4570585618161747,0.3445840164376954,0.2512125581022613,0.06015517978563712,-0.3279969249499041,-0.38942279148372244,0.3834701555349774,-0.22475961465127037,0.46531470099572536,0.03201663428251432,-0.3509942571815138,0.401126309332848
0.3292040977197679,0.8355710402129167,-0.004251922889217368,0.4253298805943184,-0.5120457571979059,0.25513458213657614,0.038186624886292896,-0.40287535289765647,-0.3267689495076265,-0.1837336271154385,0.253019256809528,-0.024614131575257617,-0.10846874875187598,-0.3636976217422897,0.07759503428813672,0.26426699828002065,-0.29828573858683227,0.19919119624829004,0.0004568792149952941,-0.06786628695237759,0.09341041545893643,0.10742086649203511,1.0,0.10742086649203508,0.49478114160367204,-0.5401581814008795,0.4009244963559727,-0.08270415339364073,-0.20771389359811263,-0.359976477103129,-0.04147418958966669,0.10800245209245202,0.08916395996445109,-0.10925835354328765,-0.25543169677490346,0.021829277229898216,0.31068285122378664,-0.24629174451114444,0.23379743939737876,-0.027246658011989826,-0.13714754882229802,-0.008700375477102147,0.33423577836408935,0.8859685042124693,-0.11995481468859732,0.37789499215330286,-0.5318201371867907,0.2322092382100345,0.07422560168413152,-0.482539949498201,-0.28798888342201723,-0.07219554258900399,0.16168838633119376,0.10449879900625789,-0.07546973392298333,-0.3043356374847406,-0.016981383619952793,0.08375159807592032,-0.5082036201579927,0.16052522447646272,-0.0636381086656117,-0.22021661071793827,-0.07127328579843174
-0.24534481957284818,0.09632877280580379,0.7935086937094236,-0.14799867223721028,0.12946073962927118,-0.13643645551903974,-0.346368043072139,-0.15148778627233347,-0.10396393061160702,0.44681368086960843,0.4068779729223527,0.34060100992331716,0.15407097907332373,-0.3855781926000542,-0.41153497322478627,0.2890708869715589,-0.1804125140952913,0.5568297188015101,0.0683390072560755,-0.32745126748289854,0.43184195412181764,1.0,0.10742086649203508,1.0,-0.12752581135065713,0.07368067737555706,-0.002230477673275384,-0.2707521349249213,0.004572236680777391,-0.07833954472257576,0.4846222979963925,0.4108471922017368,0.3446762598021836,0.09529774838873523,-0.3209326127712772,-0.37793634428166556,0.30189084986159015,-0.23691487624975194,0.4615738410984543,0.0713181127160569,-0.16826781813015426,0.3912927676435538,-0.20890542222483466,0.10601334569690331,0.73383234652528,-0.21944107718352637,0.03522475678377101,-0.15648625469818608,-0.3691983681422682,-0.0899068640165876,-0.09260612564043888,0.4570585618161747,0.3445840164376954,0.2512125581022613,0.06015517978563712,-0.3279969249499041,-0.38942279148372244,0.3834701555349774,-0.22475961465127037,0.46531470099572536,0.03201663428251432,-0.3509942571815138,0.401126309332848
0.5526077744569303,0.422831166753146,-0.2569197174911582,0.795626159024671,-0.05831653982054547,0.3067065624127026,0.4854684005195541,-0.21264209544956314,-0.006013917004095504,-0.37837958662690047,-0.3989096114510584,-0.5782883590827829,-0.2748263088198677,0.17618273880740862,0.5288000496068374,-0.012751522218694987,0.019563259462237886,-0.30051415595118525,-0.33429482074365713,0.350472587658639,-0.3666839297271877,-0.12752581135065713,0.49478114160367204,-0.12752581135065713,1.0,-0.0304241206095701,0.6402982634969655,0.4973179484363216,0.1660911975032698,-0.08647851289290326,-0.2094640879703032,-0.4960790267699139,-0.4023213641905928,-0.2947132206800486,0.25045564169693435,0.48512642034089826,0.0880406938455445,0.09755946563281849,-0.2505923522870422,-0.4073703473787632,0.34839757421966716,-0.49502839415246513,0.5911205055677964,0.2939204875779036,-0.20128864251462208,0.8446953282818651,-0.04315095921372616,0.24459066498034568,0.3136029367059625,-0.23730196982780413,-0.07858074863050388,-0.4120762362295101,-0.39681225339417336,-0.4920700324644633,-0.25446013898801667,0.18226708920091156,0.4304013097289638,-0.17841183071145705,-0.2594301489162818,-0.3382157049333544,-0.4352615730549589,0.26606317857141426,-0.5361915025699492
-0.092138379497922,-0.5941207445267828,-0.010607221353050957,-0.11484742763393455,0.9391011613638871,0.2381807706727474,-0.023968393947463494,0.5606204467172615,0.19032455718527078,0.2703099899213465,-0.29365970923127427,0.07600935906472021,0.14355069034605197,0.2662867914474375,0.20472893744795487,-0.02561548557257804,0.2536542177557538,-0.4214152489678395,-0.32825827091837295,-0.06422759988108534,-0.16592501786198674,0.07368067737555706,-0.5401581814008795,0.07368067737555706,-0.0304241206095701,1.0,0.24856099438897847,0.1671974011469342,0.4917739558185749,0.23994982398116665,0.27257530687599396,-0.24112236836516218,-0.028851382703085054,0.07508596702901428,0.2730358295432252,0.3081031920652225,0.05248232313339459,0.30217343998813323,-0.36931513322002624,-0.3389014805005935,0.18756750012189355,-0.1684462777711881,-0.027059088752720666,-0.6261334517913983,0.24068733940650106,-0.08873543150022505,0.9662515334229069,0.11630467648181159,-0.09301270010588092,0.42401951694094026,0.2111753082821119,0.09338014006345452,-0.1860615877237811,-0.15861445532992505,0.14654891846117193,0.3183531542390945,0.36537536059118775,0.14053974031357253,0.4592575548476127,-0.29327174535057793,-0.37856553087921907,0.09206232196214878,-0.20594227596618223
0.4524432015004522,0.28032922982916003,-0.20732354901905578,0.3441500458617538,0.17035081853341028,0.647658870381413,0.15319591942974567,0.16131562135284275,-0.13490458214035997,-0.07681885743666561,-0.0646092101899855,-0.1840444877732368,-0.0717485913158214,0.06697907079491884,0.525842635724,0.14942975681600365,0.07567365882734037,-0.32385619891336515,-0.2960243852849023,0.09409753410941164,-0.24287598645892175,-0.002230477673275384,0.4009244963559727,-0.002230477673275384,0.6402982634969655,0.24856099438897847,1.0,0.22575918357656002,0.4500589877054076,-0.13272694798035958,0.06912010626105324,-0.13243114933036268,-0.08689125989096076,-0.07026007801274643,0.1676447317671722,0.5289609079115143,0.26421547165157605,0.18174522929015424,-0.23470597286003117,-0.3367529537339426,0.2110663598833651,-0.3695018118007906,0.4585531591847217,0.21926096819678578,-0.06589699345801342,0.4184147320971842,0.20137134727974493,0.6565347515579599,0.04132142426429113,0.013762019792923593,-0.07915506536422835,-0.12494328135609471,0.0273159973555514,-0.28092778950469083,-0.07852814924300745,0.12312165285917114,0.4211237939892923,0.04854604856789556,-0.010811940430590024,-0.2453973086817768,-0.3799751384547335,0.058803656831427166,-0.4211734855741489
0.350031812318474,0.11514154495237797,-0.36269544744762783,0.6328130340999187,0.19097848807697068,0.1531395877800818,0.8974873288835894,0.24392964231025077,0.40635191035282303,-0.47573580882336186,-0.5784416425063692,-0.5074148537204385,-0.055368304613893395,0.6016989606063504,0.5450170797370752,-0.46203928708086395,0.1643497610509864,-0.3662726719044533,0.019754214364257977,0.7105084256139338,-0.3094044070406591,-0.2707521349249213,-0.08270415339364073,-0.2707521349249213,0.4973179484363216,0.1671974011469342,0.22575918357656002,1.0,0.2949300426256353,0.34523201758711564,-0.4364243534305433,-0.5368199797806718,-0.4694479633898439,-0.028948444885416213,0.6331903821273341,0.5459773648132976,-0.37116492870935025,0.17757276211853618,-0.2709698731944145,0.006816909687188829,0.7078624709111133,-0.3867051325237425,0.3023816722069028,-0.11866980326487148,-0.1503830259266247,0.5686851901342438,0.19245215920085162,0.2238157977183712,0.8157519280882481,0.3506966090899789,0.29677149633690497,-0.4760949308759326,-0.6098397110773084,-0.37914367718692876,-0.05989431625668179,0.6081217909807138,0.4938013544073954,-0.46499771519414174,0.02928197378095395,-0.3799136168091647,-0.005476049632426993,0.5794030781485836,-0.389085127791145
-0.13691911000598458,-0.3314225812000517,-0.07147866331629832,-0.1233141972309112,0.48475803502675974,0.028789468094092933,0.17338009876151378,0.6928642081026937,0.3045031374313458,0.1474874378274734,-0.19307410111359746,0.023950397720039384,0.1794685785700729,0.09185958031303142,-0.0014273901496245655,-0.2650100183665483,0.2633566167377077,-0.082072547831629,0.11657505436144483,0.2005385149064571,-0.23346192462796403,0.004572236680777391,-0.20771389359811263,0.004572236680777391,0.1660911975032698,0.4917739558185749,0.4500589877054076,0.2949300426256353,1.0,0.3803557225002126,0.3201879227559952,-0.12771023786475447,0.009767682137056869,0.16436763015675834,0.17340274838711095,0.023650327552747753,-0.17995495219172405,0.2790764881879985,0.07854618790145229,0.08373291960295064,0.34666625084350267,-0.3645095594378262,-0.09907174399405382,-0.4379821459788611,0.23926974196780432,-0.13676902480328576,0.44624876311134365,0.041767809597646074,0.19166781906047456,0.674086684631714,0.31227364375576844,0.04831947270576207,-0.08063356143782831,-0.080707191734983,0.11166766307245185,0.11348757370398237,-0.03612070690719828,-0.0739808041583978,0.3168058522437951,0.08476029176038433,0.018492118250004057,0.3092311799597816,-0.4041377497491224
-0.2971369060021046,-0.3542028125778783,-0.11479504906527765,-0.10654172823783739,0.2500111004574698,-0.281020339749063,0.24195551874904261,0.36669150502210973,0.9679411128475912,-0.0017049931529426127,-0.3305395625167526,0.021239628934865182,0.3007766843206043,0.3619167831220517,-0.04488557212452336,-0.3228403414843917,0.14011712073338986,-0.09601920015347465,0.23895849980323725,0.3180225468498468,-0.15380232767583243,-0.07833954472257576,-0.359976477103129,-0.07833954472257576,-0.08647851289290326,0.23994982398116665,-0.13272694798035958,0.34523201758711564,0.3803557225002126,1.0,0.005564252349826453,-0.1989091012167472,0.0038414254967385395,0.30028972162089107,0.37461167163123776,0.0009796721104444043,-0.29521626214396396,0.18616135799497438,-0.01955620494210027,0.29090476136566673,0.3591556263527332,-0.08826083472487231,-0.1079473090335445,-0.46958092036743937,0.17857305831374096,-0.10777591549008865,0.25368414479670925,-0.2113536595924137,0.3227899700931098,0.3710257739869819,0.9570413508108269,-0.058978201690334346,-0.2802279906113808,0.028373277330176996,0.37186128252230927,0.2962984732608368,-0.01796996762618058,-0.10825867757088348,0.17484699050470076,-0.03747674822173585,0.2591629824234622,0.32963295455798053,-0.041424341219054424
-0.358120834072712,-0.2495306958647108,0.45762789807302773,-0.425006350867748,0.19277572875865553,-0.15524590490672122,-0.5630065922201823,0.24777158633949492,-0.1342243388806408,0.9225267896783665,0.5783742141350888,0.388133288496369,0.21839361068929217,-0.654971306689606,-0.395328548923538,0.622771440154703,-0.12766420138051796,0.39525409299380637,-0.22918179404858408,-0.7175495147480947,0.031637054231861486,0.4846222979963925,-0.04147418958966669,0.4846222979963925,-0.2094640879703032,0.27257530687599396,0.06912010626105324,-0.4364243534305433,0.3201879227559952,0.005564252349826453,1.0,0.614137931332943,0.3784172121774073,0.16052574011682735,-0.622909943525155,-0.3522010905545684,0.6100043463873202,-0.06729218169679381,0.4650807398879059,-0.20309217836380747,-0.5587623058517001,0.0913683621272003,-0.17546140137259775,-0.08471145557350253,0.6170332754155401,-0.36860574665896106,0.25141571589708817,-0.20547522231439236,-0.5536051949589866,0.11076825653341399,0.047944930463256805,0.8741415706332183,0.5776041872028231,0.3097216280131617,0.22910014220785618,-0.6152530565964259,-0.2816296974393655,0.6590209464039897,-0.010265552529234168,0.5309949413712227,-0.23485104880345253,-0.5884891702578904,0.01937936499978918
