Fp1,Fz,F3,F7,FT9,FC5,FC1,C3,T7,TP9,CP5,CP1,Pz,P3,P7,O1,Oz,P8,TP10,CP6,CP2,C4,T8,FT10,FC6,FC2,F4,F8,Fp2,AF7,AF3,AFz,F1,F5,FT7,FC3,FCz,C1,C5,TP7,CP3,P1,P5,PO7,PO3,POz,PO4,PO8,P6,P2,CPz,CP4,TP8,FC4,FT8,F6,F2,AF4,AF8,O2,P4,C6,C2
1.0,0.35538965147050716,0.12403464418463271,0.2160150788532734,-0.516503361056195,0.05877149904638963,0.08887346891328649,-0.6643461520459497,0.5114478614991985,-0.35895029861930555,-0.3444564702609019,0.7608420243643899,0.40445693510328246,0.24600442946031967,0.4580253123082893,0.09812182603815552,-0.07662899877925886,-0.2530711900398286,-0.19813987419696172,-0.4348254662785844,0.5032483360201567,-0.10171402011260286,0.32071379973704706,-0.10171402011260286,0.23896488392433454,-0.3038302649075537,0.08481834567078562,0.11633397436327961,-0.4665081549866254,0.43073131708944523,-0.25090355031506373,-0.23900274966136104,0.6850720104627441,0.2879042058764271,0.1798831524461625,0.4065893303681829,0.06376699509068742,-0.07640094507343352,-0.3588439291899408,-0.5273700521274682,-0.2950797814166105,0.5732908191759203,0.9088969839557121,0.3586004160828254,-0.08729212706311085,0.31209835174899564,-0.4149152793252511,0.021572551462330957,0.1083936144325902,-0.5929174474559028,0.5067365840571803,-0.4784637238275057,-0.21666433446047872,0.7858134398963199,0.46925929528881105,0.2875579737390338,0.3317375299449673,0.10094048168002753,-0.03828683421833674,-0.3272564827697392,-0.5369013498088091,-0.5943853648805726,0.5396225942786511
0.35538965147050716,1.0,0.713843835815161,-0.3679036327158135,-0.19780279109704582,-0.49768084894139475,-0.24906007583498793,-0.10254833543560762,0.8402159743092212,-0.1593633128985201,0.394098164082641,0.27103032467523264,0.13888357705235718,0.5108699416279685,0.08457283629199279,-0.27849141170448144,0.566595364925896,0.358939191245351,0.1563108375718598,-0.13430700916355137,0.8174893568267902,0.5861269971344975,0.8717954588956521,0.5861269971344975,-0.14505766283628505,-0.09677862508569403,-0.34464445939064703,-0.16616091042858108,0.04554444362615021,0.789798349769566,-0.04118961446677473,0.3372778143008258,0.3857970409883054,0.09079084262284214,0.5264309724052927,-0.05114330996759795,-0.22979899177729493,0.5576785961168507,0.2502571763233043,-0.007825667898300241,-0.17510092174653144,0.8136167703797585,0.2666159738494044,0.952893417185762,0.42885723539856296,-0.30003151301109177,-0.23501516542267323,-0.5077230883804139,-0.21517353114429835,-0.03254825545988903,0.7593533806861406,-0.18221227289805378,0.3962012116942748,0.34989295073171855,0.1400703399226225,0.6146471996893674,-0.03934348785434008,-0.19953759348951378,0.5434010253331529,0.2742281233568174,-0.06995980125728414,-0.07851046100522584,0.7991769014126977
0.12403464418463271,0.713843835815161,1.0,-0.5594808499925663,-0.41227887893544873,-0.7435476807032119,-0.5774812426728952,-0.2009844531442962,0.6460656856993069,-0.4277910116429852,0.11385511418450227,-0.08879650467185234,-0.2595321351849423,0.5444310900707124,-0.27421326592874196,-0.4307494866269248,0.47089871665875793,0.3829194968224949,0.023026117122141306,-0.3292967070338591,0.5718628689970463,0.7388525815052639,0.620685682352761,0.7388525815052639,-0.4026752553449666,-0.4081560575666876,-0.6338460426203615,-0.5561953589414927,-0.1248863287974403,0.4993887339643077,-0.3608758554337124,-0.10836616629652562,-0.01286051270452088,-0.3128255184526036,0.5773125189711114,-0.33903157225431074,-0.3952974781384074,0.45791770005127364,0.3637376675442038,0.015117698385285204,-0.46662764531171463,0.5959917589685599,0.023313150981359783,0.7166285741507539,0.6675683610186455,-0.4673383294496951,-0.4810597688715291,-0.7134730944565636,-0.551651710713502,-0.10112912972113454,0.5249038934434154,-0.4021660647702862,0.030729316182723083,-0.01056805270179728,-0.13614288221498988,0.5865798450732593,-0.43341696305676897,-0.3840076105939602,0.4685819670900439,0.36075587529124353,-0.03569254459065056,0.00792000051219481,0.576095638021307
0.2160150788532734,-0.3679036327158135,-0.5594808499925663,1.0,0.2838983814989751,0.75449961340495,0.7703920618102621,0.05287032518541898,-0.23517526886435333,0.04205228999892567,0.07681629581318289,0.18160842611261266,0.6191172136105256,-0.38054041455149223,0.6435151794646283,0.5349577411532485,-0.21881816876895432,-0.19959872874026605,0.15338313109353363,0.22986922594739453,-0.03495457750874199,-0.326594188960452,-0.23344447630089435,-0.326594188960452,0.8718443095107599,0.31889359920715876,0.6993592775503195,0.6934454404580699,0.07153194253520029,-0.13431748104581176,0.09892816050797412,0.1780729815887329,0.22129740930642539,0.6185432169759617,-0.364632083805495,0.581941541174413,0.5613512715893441,-0.3093093758312811,-0.19854148228963514,-0.09336966384372303,0.3297338343049037,-0.1527339199703996,0.3593776401588773,-0.4515874747285948,-0.32121472615216423,0.9427111326702885,0.3090041864620662,0.7889594158222546,0.7692693420379296,0.04232426167437225,-0.1935029456498317,0.0019306859321090606,0.2511895537539724,0.19119563333001413,0.6537246971425149,-0.3781502041901991,0.6959564459399901,0.6181846046831737,-0.1120079167415713,-0.17342762223314379,0.02808513854149228,-0.019345130940360784,-0.005780568113036924
-0.516503361056195,-0.19780279109704582,-0.41227887893544873,0.2838983814989751,1.0,0.5441216021099335,0.5017543383201739,0.8183006183341769,-0.2849026472955303,0.5398913132926698,0.4137154689323744,-0.2688867669096159,0.3127332634943798,-0.6107434589917464,0.01643676471988777,0.02697847022225095,0.23896641458758675,0.36508963958887697,0.5305833391005359,0.3104328708879131,-0.283752644684139,-0.19475808958642118,-0.17426352481955742,-0.19475808958642118,0.21467792118781903,0.9078854318308718,0.4815014516220861,0.5005474274979045,0.6911301443948626,-0.1557581699498016,0.49706521634275236,0.4137633362599188,-0.19030760964197926,0.3884973806003529,-0.5673079291017185,0.0005885468242228996,0.07193566273961248,0.22574393410857252,0.3948878327815411,0.5329848323900884,0.28855441723874753,-0.41252818176892475,-0.4267586911816234,-0.3679085532497506,-0.3262300381330941,0.032274292196383475,0.9154145302157759,0.4889189674165293,0.4618825571387495,0.7396616001679645,-0.2685125620098117,0.5835885384918815,0.43117410907371245,-0.31658414984411076,0.1686626893143533,-0.6414948060189353,0.06365281834631724,0.06970975764272631,0.24165513996314125,0.3693012103994013,0.49345744448904266,0.34563754985417444,-0.339758878328222
0.05877149904638963,-0.49768084894139475,-0.7435476807032119,0.75449961340495,0.5441216021099335,1.0,0.751267870125021,0.27123351279693253,-0.34838841863235126,0.3057828189906224,-0.09052512119438012,0.2310588797192281,0.6248250814631375,-0.6512779072463019,0.5112519833921014,0.33002538238383955,-0.03251317811159494,-0.11472953370743412,0.2766952357738167,0.06659925172739212,-0.30257246455190506,-0.5688529335127729,-0.38711889015339557,-0.5688529335127729,0.6622424957951917,0.5869890525036399,0.8891102787231027,0.7439057089547638,0.25701512199272586,-0.21705513725891626,0.29905601879225713,0.03438923835228579,0.2359805887186641,0.6424640928642285,-0.6549300723506202,0.5512153187602638,0.33826337956746777,-0.08753975031067224,-0.1151660027022191,0.05594528514527867,0.1769588218595715,-0.3843529312272208,0.15367663065690504,-0.6140062204796519,-0.5773801393426216,0.6180343291695953,0.5967678904012043,0.9735345865622771,0.7462011075754567,0.20227927595727876,-0.33087998422643555,0.2711599974319299,0.05199974017839757,0.17948429727282433,0.4976659294441249,-0.6949650494796987,0.49417848514049073,0.33113253049974606,-0.009353695202299452,-0.10206108493838106,0.12550504794090583,-0.07687125241634342,-0.30668108297525876
0.08887346891328649,-0.24906007583498793,-0.5774812426728952,0.7703920618102621,0.5017543383201739,0.751267870125021,1.0,0.2888523297007988,-0.13544901608916907,0.5211083979000636,0.28664212713868703,0.20130331436931642,0.6776275010584245,-0.43047626746467266,0.6418212548297214,0.628048132191793,0.020843805093731113,-0.10967011489405357,0.29993895259652176,0.3331305237876486,0.03206783330250781,-0.43138105189806725,-0.14555228939966572,-0.43138105189806725,0.7064716448358025,0.5432808485731567,0.6906308936514506,0.9393174025741123,0.2788569072909563,-0.0015319638468542847,0.48947155264693915,0.41974979095012155,0.2566240243691664,0.6436691826942117,-0.432412724510767,0.6052380208583554,0.6277208450410987,-0.11184051695230567,-0.12259559553196409,0.10729980102955977,0.44684087835844083,-0.07932726396320751,0.1532269408867142,-0.3319453892067362,-0.5084953526561324,0.6739972468373512,0.4700066252170917,0.7184832779279103,0.9227859562926237,0.21138075892920385,-0.12076829826335708,0.44609728196041365,0.4025365225102112,0.18076359872011064,0.5251127037890253,-0.4651305404133308,0.6766391344441466,0.5935607173040423,0.04169749009747656,-0.1989286164436605,0.10732224688896401,-0.08190793418111696,0.016715443914830843
-0.6643461520459497,-0.10254833543560762,-0.2009844531442962,0.05287032518541898,0.8183006183341769,0.27123351279693253,0.2888523297007988,1.0,-0.1532790369434089,0.5538892106097258,0.5618634655343461,-0.4836309161428639,0.09840222302500128,-0.3987831782639273,-0.051270084025115736,-0.04968891873482926,0.37834374834881657,0.5717695753163891,0.5978447610147531,0.40556203080587855,-0.2108074452266707,0.12940383419224485,-0.033228242626114776,0.12940383419224485,0.12471054422220723,0.7602378202439075,0.32082241446742676,0.353673447134193,0.8872028247964806,-0.06435510970608169,0.5638629013254038,0.4751571993252245,-0.32823070202392934,0.2017877025805262,-0.3170927766008133,-0.04101913194721289,0.03578330424816777,0.3634918509350699,0.5746424331628819,0.6693688900451685,0.26925343005103913,-0.3449765380873476,-0.5200193123450008,-0.19995553118669018,0.05731060078806919,-0.1128289949227453,0.779164474428604,0.26473232904630384,0.3237618961788335,0.9617859782354045,-0.1676087233325199,0.6631531651319794,0.5506202180925971,-0.49687587810731365,0.04005626768003107,-0.4423484991391054,-0.03128624825935554,0.029387867928276072,0.36876946838716557,0.583238252151891,0.75293881042855,0.5242285715390274,-0.31711005400281406
0.5114478614991985,0.8402159743092212,0.6460656856993069,-0.23517526886435333,-0.2849026472955303,-0.34838841863235126,-0.13544901608916907,-0.1532790369434089,1.0,-0.15501984347519174,0.2840721172940018,0.41633656945864195,0.20011190655459613,0.43817903271096753,0.2369707373513677,-0.16110650680544042,0.5983842906188971,0.3740749269335054,0.09759936721424121,-0.18371012605375148,0.8225503137799903,0.5231435849489954,0.759322471811267,0.5231435849489954,-0.013034636009720995,-0.12321183908315303,-0.2087833552674706,-0.034784588509317066,0.005148181325463852,0.9276058229772762,-0.06307019267524341,0.2313765776857571,0.4951821282675574,0.10450536249898393,0.45772269522958603,0.15101307830839744,-0.11510706307215228,0.5529287957922585,0.2978214208410486,-0.11109249640595265,-0.1742330130784278,0.8299814274653965,0.43066810472964556,0.8099176330321731,0.44371021059506405,-0.1496297137265692,-0.2832396644847492,-0.3695214082760868,-0.09708847068942209,-0.07753434583581413,0.8814926633018624,-0.23261764554075015,0.29936846770992104,0.4874294572333021,0.18100172566823153,0.49993394170929883,0.09476592008362619,-0.1189893589741085,0.5636521071831923,0.26118673327249947,-0.10616920363173905,-0.1595869540312423,0.7629886989343236
-0.35895029861930555,-0.1593633128985201,-0.4277910116429852,0.04205228999892567,0.5398913132926698,0.3057828189906224,0.5211083979000636,0.5538892106097258,-0.15501984347519174,1.0,0.3169684206906595,-0.07110780538458558,0.1252304424852135,-0.2909381898041982,0.18038631935646887,0.3721803131867756,0.07985739055624445,0.0497559965937286,0.3036743857814692,0.5517142262134253,-0.2015910076312387,-0.2313784433706264,-0.08868568295165445,-0.2313784433706264,0.12397135619940616,0.5787793524345303,0.3634211583186819,0.5810483849812393,0.5327314986757145,0.0007192444103614019,0.9155672598192155,0.4716105031062974,0.01826644850534603,0.20758326874557467,-0.28500002413576786,0.24515649362864828,0.3739583229699365,0.04902823086617705,0.022073066308944782,0.4350946873724418,0.5252698036608678,-0.24755738380189052,-0.2929342802457967,-0.1779414601549664,-0.37047201734464646,-0.04258136555854722,0.5182115284582784,0.2683836291726239,0.5505011216270186,0.434023915169561,-0.08723409333882041,0.9468588217909476,0.31620884179111225,-0.11016314615852395,-0.0755141276702634,-0.29934436866037994,0.23278758601520974,0.32537127739670896,-0.004337028839591632,-0.08253690123021176,0.3101337832214118,0.1664863832886264,-0.316548520700168
-0.3444564702609019,0.394098164082641,0.11385511418450227,0.07681629581318289,0.4137154689323744,-0.09052512119438012,0.28664212713868703,0.5618634655343461,0.2840721172940018,0.3169684206906595,1.0,-0.1795620333729851,0.23473509009689184,0.24048159205139524,0.17305061016371534,0.18485106913738228,0.5330357426713277,0.4579592988255907,0.5541860933287219,0.5784152296054663,0.3738931692414011,0.4053779816139595,0.37200782371294316,0.4053779816139595,0.2105649677268174,0.4092618543826836,0.037301430739057735,0.310638122687593,0.5716203312668908,0.40005979578298745,0.3715240817876252,0.9306870337113881,0.007289411298148944,0.23227282607420713,0.2820680040941989,0.07993399073593482,0.25765305891841256,0.458177948476211,0.4265820738691583,0.5005264605532569,0.46331561039289604,0.2586180789333099,-0.25579726459309976,0.32756490140980443,0.2725970883560334,0.03927923887978701,0.3059351221977471,-0.05699225313118486,0.2476275385519044,0.5697184120116825,0.14539624667414355,0.3648524044231739,0.9077534857864811,-0.13144867983948794,0.10710566278138833,0.19011500785985544,0.18704537651424644,0.2296375352442053,0.4800546959171313,0.359753885149984,0.5111903506173138,0.4099826752543115,0.2848968241168129
0.7608420243643899,0.27103032467523264,-0.08879650467185234,0.18160842611261266,-0.2688867669096159,0.2310588797192281,0.20130331436931642,-0.4836309161428639,0.41633656945864195,-0.07110780538458558,-0.1795620333729851,1.0,0.5170357229398659,0.15980708583948494,0.478655483506718,-0.028691069784056545,-0.023205339458532474,-0.2066947215594319,-0.16279409249626253,-0.3757078855220127,0.2868104094649819,-0.19677592954651646,0.1211764030806545,-0.19677592954651646,0.1896746356134051,-0.01717006422192647,0.26028797772791357,0.29480013443217545,-0.2880538613881598,0.4542805141158587,-0.022470238350989536,-0.03926635573633898,0.898861077099862,0.4711209518279428,0.08873004537204625,0.46121561755906854,-0.09822177713069632,-0.013552884222340168,-0.280454734700588,-0.4533882345178079,-0.23327290584183952,0.3816670589733393,0.726268903799797,0.22415117903237028,-0.24403255023737158,0.20533482882825127,-0.16369429181150197,0.18533322597552776,0.23820436415027132,-0.48312561815401006,0.41260205357935464,-0.23974730753686785,-0.09956314133316546,0.9702480453437733,0.44633080895054933,0.1393870470718787,0.3352506397116401,-0.09783822129256292,-0.04342524292193152,-0.31601276728817285,-0.5321229377609736,-0.5364824014489052,0.3174054381261223
0.40445693510328246,0.13888357705235718,-0.2595321351849423,0.6191172136105256,0.3127332634943798,0.6248250814631375,0.6776275010584245,0.09840222302500128,0.20011190655459613,0.1252304424852135,0.23473509009689184,0.5170357229398659,1.0,-0.20437759431797078,0.7593106663204736,0.23080355027073418,0.21559827425343767,-0.022399869388882884,0.31997414699615084,-0.02494499250852008,0.256472047779417,-0.18975217966590713,0.10067502916144948,-0.18975217966590713,0.5855647375770222,0.4073414955893851,0.5661877918738484,0.6813743767617002,0.13275288425600212,0.294992035295075,0.17054649674059716,0.31392608909842945,0.5394237118197244,0.9291502204295393,-0.22221541473008546,0.6810631861965128,0.23566256329887228,0.13922223702761632,-0.09146866403143143,-0.030182277321093718,0.05679598028111752,0.17866442118836445,0.48289544877182816,-0.02535208351659987,-0.26700338089794734,0.5224048804162109,0.2969807605062538,0.5764145187778725,0.6252383856370679,0.06552423737724497,0.11641741990066888,0.0213910021396612,0.31236811316013235,0.4866250798135206,0.8591185944440312,-0.25678081360600846,0.6347070844345065,0.20351527156369706,0.189004449946639,-0.11362550654101596,0.03110889262664719,-0.3029911717145718,0.2554596467327061
0.24600442946031967,0.5108699416279685,0.5444310900707124,-0.38054041455149223,-0.6107434589917464,-0.6512779072463019,-0.43047626746467266,-0.3987831782639273,0.43817903271096753,-0.2909381898041982,0.24048159205139524,0.15980708583948494,-0.20437759431797078,1.0,0.020208453610488775,0.07365267701662263,0.21050681634494248,-0.048420838537187684,0.057984126681284665,0.12914507045902693,0.42849968627918994,0.569255776690871,0.437315511075004,0.569255776690871,-0.1815745540844459,-0.47320695893262016,-0.4463301547525365,-0.36126122558005114,-0.22730813338900957,0.43027071952289797,-0.14994396937487042,0.1765943793337454,0.18786977481423103,-0.24252145766519695,0.9754126837229269,0.039236282162475565,0.04864365071886285,0.26907096854513785,-0.13249911183863983,0.0968081611060314,-0.060439096022636724,0.5141661504498025,0.2338661935467198,0.6318421296988052,0.5089044990981105,-0.21555099755066268,-0.5613608084235371,-0.5904745525680724,-0.3969100218312909,-0.332789429938594,0.3080233425330853,-0.318351640020157,0.16922547577604385,0.18580624471911705,-0.12622864338779832,0.9295498749105728,-0.10836199427046234,0.03424089185680517,0.20570273175326936,-0.13365912902485472,0.019580612648438443,0.15740152052651943,0.4187185212950865
0.4580253123082893,0.08457283629199279,-0.27421326592874196,0.6435151794646283,0.01643676471988777,0.5112519833921014,0.6418212548297214,-0.051270084025115736,0.2369707373513677,0.18038631935646887,0.17305061016371534,0.478655483506718,0.7593106663204736,0.020208453610488775,1.0,0.5631852305444782,0.09923974248717121,-0.1580423353995289,0.19278346328861082,0.1821883642033392,0.36679447647965124,-0.1123418827097081,0.14178850662793524,-0.1123418827097081,0.704300283509837,0.13034752192027757,0.5512163231702286,0.6567968566575999,0.029055621537891107,0.3160901675823364,0.24630824932311512,0.30082097980083067,0.5223601948716373,0.7600532952116971,0.02282620529315526,0.951156755398202,0.5855101229291205,-0.006427390103942015,-0.256611184775705,-0.11302194253201543,0.23074440026753396,0.3104824165888688,0.6005296480258386,0.02054071420929897,-0.07842072305419152,0.6555007489669821,0.02151030297023771,0.5088425722303748,0.6646307768150596,-0.0902133754505821,0.1868577672090325,0.030041292808782188,0.26550382140391315,0.4589127636307676,0.7166199113899493,-0.0011401574703065586,0.8258423649571327,0.5332856695310699,0.06982052933457965,-0.2936999687087537,0.02701391507609598,-0.22755270172234593,0.33776236465820014
0.09812182603815552,-0.27849141170448144,-0.4307494866269248,0.5349577411532485,0.02697847022225095,0.33002538238383955,0.628048132191793,-0.04968891873482926,-0.16110650680544042,0.3721803131867756,0.18485106913738228,-0.028691069784056545,0.23080355027073418,0.07365267701662263,0.5631852305444782,1.0,-0.14300123084685792,-0.2837284689933847,0.1235774847037877,0.6253269579457391,0.11832141590047328,-0.2321520595355376,-0.06139486901854653,-0.2321520595355376,0.5425606618279368,0.05646053804838099,0.34460954023706564,0.5379168164845008,-0.012247174635603712,-0.025536367490382707,0.3838146753873691,0.34963785871150316,0.022899483386263218,0.22341685627497004,0.0466686395853259,0.6171987316924935,0.9701828321775261,-0.22993587163982426,-0.33234301490665014,0.14002827413106486,0.6075245575291456,0.07628495211254072,0.16702752716305264,-0.18775943942745996,-0.28385702265579393,0.5692497591862943,-0.0003294518075887043,0.3354180496662205,0.5546596724977938,-0.10285840172768025,-0.1753755457414228,0.26607472995656906,0.23281990038424646,-0.05111489169765433,0.10861065512382899,0.006094072115243328,0.5669561280927835,0.8671243426237601,-0.13761457265545263,-0.4408205815671039,0.06457320102161068,0.053747515290755256,0.08020435858915537
-0.07662899877925886,0.566595364925896,0.47089871665875793,-0.21881816876895432,0.23896641458758675,-0.03251317811159494,0.020843805093731113,0.37834374834881657,0.5983842906188971,0.07985739055624445,0.5330357426713277,-0.023205339458532474,0.21559827425343767,0.21050681634494248,0.09923974248717121,-0.14300123084685792,1.0,0.6104013817295268,0.6752517978734105,-0.004303644881290277,0.4832406218989218,0.47263131587671686,0.5543885103544987,0.47263131587671686,0.018125253314885407,0.29710514946848277,0.06172908577166494,0.10695132566873984,0.4591563620631222,0.6079134706993978,0.15062529439384872,0.3744812225895131,0.147532182583987,0.15605744251695003,0.24554851500506128,0.09478864807641536,-0.06958490869763778,0.946136009216505,0.5537320152619727,0.5156155041572513,-0.13948117758505105,0.4176369998844799,-0.10638916579501399,0.479481079578502,0.30675110059099203,-0.2458136335195645,0.16385724432645143,-0.04162876641062018,0.008517902110071477,0.4064920841791602,0.3567160193546899,0.10898498241847922,0.470665862466572,0.0067495665263398895,0.055631976676078776,0.15060538790731814,-0.11177393243344971,-0.15847888102440724,0.9186343539444252,0.514779596601905,0.454972024692825,0.20509001343327718,0.3939396937174288
-0.2530711900398286,0.358939191245351,0.3829194968224949,-0.19959872874026605,0.36508963958887697,-0.11472953370743412,-0.10967011489405357,0.5717695753163891,0.3740749269335054,0.0497559965937286,0.4579592988255907,-0.2066947215594319,-0.022399869388882884,-0.048420838537187684,-0.1580423353995289,-0.2837284689933847,0.6104013817295268,1.0,0.47625090272359977,-0.004571339507529762,0.31523191547443036,0.5794387194408004,0.5053132225456918,0.5794387194408004,0.016999123814534105,0.42943093905862684,0.08186724859786595,-0.01668845092856446,0.7019642159292389,0.41989915331071814,0.19061915016749942,0.29240792560410256,0.05634481129222455,0.12627599551013213,0.046077300106127296,-0.16079465700140075,-0.18667790329429992,0.6570049718972732,0.9515444424538353,0.43590793123661487,-0.15531052938376472,0.22747976793034116,-0.14621794442219613,0.30374016231865114,0.366354231063396,-0.25653869176484034,0.3742538390228362,-0.09327635421306654,-0.021083555632285225,0.6959828108990109,0.3484757666960651,0.12222043955680353,0.4461992986491667,-0.12605547447852586,0.016220117299663335,-0.06142876302017746,-0.3266289787954497,-0.17379324781776767,0.6807629652760221,0.9343875359379901,0.3761168891824246,0.32581297426679856,0.22370483549278236
-0.19813987419696172,0.1563108375718598,0.023026117122141306,0.15338313109353363,0.5305833391005359,0.2766952357738167,0.29993895259652176,0.5978447610147531,0.09759936721424121,0.3036743857814692,0.5541860933287219,-0.16279409249626253,0.31997414699615084,0.057984126681284665,0.19278346328861082,0.1235774847037877,0.6752517978734105,0.47625090272359977,1.0,0.3072009718599786,0.10434779901440125,0.3047125085822149,0.25863149072727676,0.3047125085822149,0.32748465877388755,0.5864389516398831,0.4092373970075988,0.3737684411246159,0.7019898637028882,0.20289789009339762,0.4374634395299529,0.462117982038572,0.04512153233053511,0.3508874371465735,0.08834897093801476,0.23660824291247082,0.19435620992157698,0.6967579356103061,0.36577335320695165,0.8267886729172368,0.08739492116071293,-0.019708607563483093,-0.09141387012904657,0.06869888247032967,0.08783531296789593,0.058440317688359826,0.49647003180538135,0.30381929418099235,0.34431680554927635,0.627226064066798,-0.023358507044419007,0.38366913795540103,0.5648572203939015,-0.1513971678170055,0.24450255920914885,-0.056295418196509614,0.03569996107454012,0.15210454150111863,0.6913233811605055,0.39636650926197814,0.7531107124956664,0.4520453613366589,0.008156342440739974
-0.4348254662785844,-0.13430700916355137,-0.3292967070338591,0.22986922594739453,0.3104328708879131,0.06659925172739212,0.3331305237876486,0.40556203080587855,-0.18371012605375148,0.5517142262134253,0.5784152296054663,-0.3757078855220127,-0.02494499250852008,0.12914507045902693,0.1821883642033392,0.6253269579457391,-0.004303644881290277,-0.004571339507529762,0.3072009718599786,1.0,-0.048028676121608944,0.1402718351305063,0.011618756063350654,0.1402718351305063,0.3352828531611564,0.29180088643058366,0.18886584477832657,0.33239160454232214,0.40079354051219707,-0.01249914105695032,0.5710965529419519,0.7106431308141128,-0.2394216803760544,0.06341509453895952,0.1546218035523795,0.2211157953362473,0.6676912723547465,0.009940359504380396,-0.005399482303624156,0.5065896797291495,0.9050422873362599,-0.1294904886994875,-0.30064977625923206,-0.06925928613549136,0.019308814546942787,0.24673760850549292,0.3011968041285261,0.12984008020501625,0.363179411105088,0.3618436186954582,-0.1497991372047771,0.5405262122178816,0.5986373258009404,-0.3705479426746569,-0.1089962415859886,0.0954114314655296,0.40366513455012715,0.648517919402142,0.02956588194417096,-0.06841394385032232,0.4878895361041721,0.598079278775946,-0.12820920475996997
0.5032483360201567,0.8174893568267902,0.5718628689970463,-0.03495457750874199,-0.283752644684139,-0.30257246455190506,0.03206783330250781,-0.2108074452266707,0.8225503137799903,-0.2015910076312387,0.3738931692414011,0.2868104094649819,0.256472047779417,0.42849968627918994,0.36679447647965124,0.11832141590047328,0.4832406218989218,0.31523191547443036,0.10434779901440125,-0.048028676121608944,1.0,0.49417921062234055,0.8654877938984755,0.49417921062234055,0.19934900601818534,-0.1848920516839322,-0.1402986177983191,0.06322474622362775,-0.019708840907033103,0.8185361153996485,-0.0702837738415823,0.3584466673000213,0.4580350104985171,0.19847747566640392,0.45209118056551717,0.2499294180398967,0.18924875264312774,0.4120614215703223,0.217382341851523,-0.13878833124569648,-0.03787190979551815,0.9703519684127988,0.47104888673234246,0.8249415104355144,0.3838964359222144,0.06562172618326842,-0.32094206976404677,-0.2930818476741995,0.050863428903169965,-0.110660535938536,0.7378495060398457,-0.24663213816819385,0.40886818762675425,0.3955643715546967,0.2373330643770371,0.508056769579627,0.23803113875459173,0.19351008232667635,0.4796318642262886,0.1885254815994547,-0.1621216404060439,-0.19780690212518312,0.9733916268393262
-0.10171402011260286,0.5861269971344975,0.7388525815052639,-0.326594188960452,-0.19475808958642118,-0.5688529335127729,-0.43138105189806725,0.12940383419224485,0.5231435849489954,-0.2313784433706264,0.4053779816139595,-0.19677592954651646,-0.18975217966590713,0.569255776690871,-0.1123418827097081,-0.2321520595355376,0.47263131587671686,0.5794387194408004,0.3047125085822149,0.1402718351305063,0.49417921062234055,1.0,0.6482746400787098,1.0,-0.050014743236702804,-0.14682519168353853,-0.2980690686787174,-0.33487883514743916,0.30889916545340657,0.54696712713083,-0.04603335363751413,0.2363909057237467,0.03268953060327452,-0.08889787068983226,0.6811327202349423,-0.11047660138452302,-0.15046827431929993,0.5383130964596486,0.5129231192356253,0.35249983655343725,-0.06360763207294502,0.4457932447672853,0.0051704805599690614,0.6131614746243029,0.8193269625843151,-0.2454216817069913,-0.16041752559599814,-0.4712266939357976,-0.2809788452193275,0.2666599043844808,0.5200548255850184,-0.17392589298361674,0.4465517138654538,-0.08562237454810012,-0.0027767650998108107,0.5929515078316183,-0.18940385361292128,-0.08308386918626938,0.600091423847957,0.5924841070307445,0.3614156859016611,0.517692590250647,0.45586852741708167
0.32071379973704706,0.8717954588956521,0.620685682352761,-0.23344447630089435,-0.17426352481955742,-0.38711889015339557,-0.14555228939966572,-0.033228242626114776,0.759322471811267,-0.08868568295165445,0.37200782371294316,0.1211764030806545,0.10067502916144948,0.437315511075004,0.14178850662793524,-0.06139486901854653,0.5543885103544987,0.5053132225456918,0.25863149072727676,0.011618756063350654,0.8654877938984755,0.6482746400787098,1.0,0.6482746400787098,0.12054519831832594,-0.03100663671452473,-0.11481454129742058,-0.040477297235410645,0.22460516975061368,0.7949363515070229,0.11402476989980725,0.35327220426963674,0.3989970991854027,0.1404921088565311,0.49687240025941604,0.051601471259478476,0.042740442559233545,0.5872757206573402,0.3699662280069604,0.10269330210058653,-0.06404327001368257,0.8121814408283733,0.33308208830988595,0.8932475719562046,0.40528238016148543,-0.12914664496395142,-0.14237478882705895,-0.35202602603515554,-0.035847630812557776,0.09844054054529708,0.7451075517153387,-0.08098544018684618,0.455140587817104,0.2599943892409792,0.14535515388083037,0.5770917652685275,0.02753331357661778,0.10699250028189124,0.6143242863464662,0.4098496131399373,0.020642288679258134,0.03418052538275516,0.8188740565610723
-0.10171402011260286,0.5861269971344975,0.7388525815052639,-0.326594188960452,-0.19475808958642118,-0.5688529335127729,-0.43138105189806725,0.12940383419224485,0.5231435849489954,-0.2313784433706264,0.4053779816139595,-0.19677592954651646,-0.18975217966590713,0.569255776690871,-0.1123418827097081,-0.2321520595355376,0.47263131587671686,0.5794387194408004,0.3047125085822149,0.1402718351305063,0.49417921062234055,1.0,0.6482746400787098,1.0,-0.050014743236702804,-0.14682519168353853,-0.2980690686787174,-0.33487883514743916,0.30889916545340657,0.54696712713083,-0.04603335363751413,0.2363909057237467,0.03268953060327452,-0.08889787068983226,0.6811327202349423,-0.11047660138452302,-0.15046827431929993,0.5383130964596486,0.5129231192356253,0.35249983655343725,-0.06360763207294502,0.4457932447672853,0.0051704805599690614,0.6131614746243029,0.8193269625843151,-0.2454216817069913,-0.16041752559599814,-0.4712266939357976,-0.2809788452193275,0.2666599043844808,0.5200548255850184,-0.17392589298361674,0.4465517138654538,-0.08562237454810012,-0.0027767650998108107,0.5929515078316183,-0.18940385361292128,-0.08308386918626938,0.600091423847957,0.5924841070307445,0.3614156859016611,0.517692590250647,0.45586852741708167
0.23896488392433454,-0.14505766283628505,-0.4026752553449666,0.8718443095107599,0.21467792118781903,0.6622424957951917,0.7064716448358025,0.12471054422220723,-0.013034636009720995,0.12397135619940616,0.2105649677268174,0.1896746356134051,0.5855647375770222,-0.1815745540844459,0.704300283509837,0.5425606618279368,0.018125253314885407,0.016999123814534105,0.32748465877388755,0.3352828531611564,0.19934900601818534,-0.050014743236702804,0.12054519831832594,-0.050014743236702804,1.0,0.36539701834311045,0.8062893251948794,0.7461416380095229,0.2986580337983115,0.14838385194960288,0.2994958014299505,0.32009475878311183,0.39872158193417656,0.6497530861332288,-0.12431524702023083,0.6713473121147626,0.6418031437005699,-0.02503618230732134,-0.04085385629543701,0.045735288683786374,0.36064338259160045,0.06158066199318174,0.4368332764115845,-0.17610041821854816,-0.13651381103853766,0.8955921503114032,0.3357329240265152,0.7553833324366402,0.8317499301650183,0.18186460917822217,0.012135559312215745,0.11051177626086907,0.4408752513415008,0.26589876677190777,0.6519006520855987,-0.13958969855767353,0.7189311334919131,0.7225794289537235,0.16560303704742668,0.008885304406980814,0.1839731844055681,0.12288706578299256,0.1905095487961979
-0.3038302649075537,-0.09677862508569403,-0.4081560575666876,0.31889359920715876,0.9078854318308718,0.5869890525036399,0.5432808485731567,0.7602378202439075,-0.12321183908315303,0.5787793524345303,0.4092618543826836,-0.01717006422192647,0.4073414955893851,-0.47320695893262016,0.13034752192027757,0.05646053804838099,0.29710514946848277,0.42943093905862684,0.5864389516398831,0.29180088643058366,-0.1848920516839322,-0.14682519168353853,-0.03100663671452473,-0.14682519168353853,0.36539701834311045,1.0,0.6508590414560506,0.6463662905553023,0.7766910900085344,0.04154524061102357,0.6422968437566734,0.44545058169984025,0.11799186989240565,0.5056237242428521,-0.4401151685617316,0.13891273668217524,0.11326305308627314,0.3276962722451333,0.4059215820571687,0.5260089968182801,0.2314288425636536,-0.2902113976144205,-0.18245072064362974,-0.23894299242091702,-0.35388871593332377,0.11108037074644349,0.942351031833652,0.5569159298582924,0.5897542171461633,0.725279469284837,-0.13238650566655058,0.6013117214098254,0.49543011563569966,-0.04776734029440415,0.29649326458616404,-0.5128714230748842,0.1238054176700629,0.1320450386262391,0.33653422196738897,0.3896339308664782,0.4542241606986668,0.30598915797350834,-0.2557692837014537
0.08481834567078562,-0.34464445939064703,-0.6338460426203615,0.6993592775503195,0.4815014516220861,0.8891102787231027,0.6906308936514506,0.32082241446742676,-0.2087833552674706,0.3634211583186819,0.037301430739057735,0.26028797772791357,0.5661877918738484,-0.4463301547525365,0.5512163231702286,0.34460954023706564,0.06172908577166494,0.08186724859786595,0.4092373970075988,0.18886584477832657,-0.1402986177983191,-0.2980690686787174,-0.11481454129742058,-0.2980690686787174,0.8062893251948794,0.6508590414560506,1.0,0.7986104690405774,0.48245740706587437,-0.00537202070734068,0.5009146159978226,0.17253990435907685,0.4245526575506772,0.6729220215601993,-0.40837498613913514,0.6124203944787725,0.41690081592113776,0.07744118571749034,0.01963890446234492,0.17302362401829047,0.22154898706207587,-0.2307936473986071,0.277763299958917,-0.41119069671387626,-0.38428421332686374,0.6192069883831681,0.6451173135927446,0.9280995046909238,0.8241357855976039,0.33621267467034427,-0.16631617945023155,0.36320541843098914,0.2528890410400066,0.27533273708360106,0.53980924798968,-0.4599284562485338,0.5030165077459359,0.464062735826864,0.16016086819919068,0.07749845981045947,0.25632426403334385,0.0847097580045559,-0.17581554881786826
0.11633397436327961,-0.16616091042858108,-0.5561953589414927,0.6934454404580699,0.5005474274979045,0.7439057089547638,0.9393174025741123,0.353673447134193,-0.034784588509317066,0.5810483849812393,0.310638122687593,0.29480013443217545,0.6813743767617002,-0.36126122558005114,0.6567968566575999,0.5379168164845008,0.10695132566873984,-0.01668845092856446,0.3737684411246159,0.33239160454232214,0.06322474622362775,-0.33487883514743916,-0.040477297235410645,-0.33487883514743916,0.7461416380095229,0.6463662905553023,0.7986104690405774,1.0,0.43844517580196257,0.133840494208354,0.6293102123034652,0.45784689852390853,0.4153146733262979,0.6865134473268856,-0.3517996214913883,0.6541542936897318,0.569670589594834,0.022351675627357,-0.07744852444246544,0.1551276586272244,0.4084198767886814,-0.03832416410215739,0.23207055467537088,-0.23696741692815249,-0.42736741862872557,0.608770337323897,0.5635015988098413,0.7341664075504023,0.9519917901808159,0.3101509502119612,-0.029337498448028736,0.5262658539608365,0.4770332452330897,0.2921293986361506,0.5624248580213713,-0.3926056526340722,0.6704686643755936,0.5546732151552748,0.1432396741995803,-0.10523943328390879,0.2040453094351701,-0.030016817107832917,0.02705727783491518
-0.4665081549866254,0.04554444362615021,-0.1248863287974403,0.07153194253520029,0.6911301443948626,0.25701512199272586,0.2788569072909563,0.8872028247964806,0.005148181325463852,0.5327314986757145,0.5716203312668908,-0.2880538613881598,0.13275288425600212,-0.22730813338900957,0.029055621537891107,-0.012247174635603712,0.4591563620631222,0.7019642159292389,0.7019898637028882,0.40079354051219707,-0.019708840907033103,0.30889916545340657,0.22460516975061368,0.30889916545340657,0.2986580337983115,0.7766910900085344,0.48245740706587437,0.43844517580196257,1.0,0.1733721940244597,0.6873296355469294,0.5259683962933452,-0.001061046772771962,0.2985824360180079,-0.13416052893420466,0.08000487651848387,0.10065085734476795,0.5136669004692551,0.6305101822467416,0.6810678218225671,0.23652755344323398,-0.14904845604767564,-0.26589085025996917,-0.013818441129083144,0.14238717454521976,-0.046972487303580036,0.7688173589230222,0.2948723256186165,0.4199821418090375,0.9411779278034712,0.039575702378976105,0.6510051174206443,0.6633777876814401,-0.2360118606876857,0.13311792135954936,-0.2491052777280873,0.005300081889753222,0.13611620680038633,0.5346991488116569,0.6878711222514122,0.740341855330536,0.5300897856967685,-0.13389063136854448
0.43073131708944523,0.789798349769566,0.4993887339643077,-0.13431748104581176,-0.1557581699498016,-0.21705513725891626,-0.0015319638468542847,-0.06435510970608169,0.9276058229772762,0.0007192444103614019,0.40005979578298745,0.4542805141158587,0.294992035295075,0.43027071952289797,0.3160901675823364,-0.025536367490382707,0.6079134706993978,0.41989915331071814,0.20289789009339762,-0.01249914105695032,0.8185361153996485,0.54696712713083,0.7949363515070229,0.54696712713083,0.14838385194960288,0.04154524061102357,-0.00537202070734068,0.133840494208354,0.1733721940244597,1.0,0.14241167014708453,0.39704818262308195,0.6218054210831859,0.2569112978115289,0.47175312351264126,0.26952956666956224,0.03162561932276669,0.5917707892750357,0.3268977357547709,-0.002183166455816319,-0.0324542443983408,0.8053979470171914,0.4376324279676005,0.7726252310697213,0.39204362941107535,-0.07689984431182562,-0.1175886520614803,-0.22229027805259477,0.07833452726153686,0.017400173889674735,0.8516334080923342,-0.0783894383540569,0.45936178332543565,0.540249185575697,0.22522469993883062,0.4865024263871244,0.17465226894212002,0.03329831519697026,0.5979267914707795,0.2928266886010215,-0.02577875748728642,-0.06323042284474048,0.7462399891613352
-0.25090355031506373,-0.04118961446677473,-0.3608758554337124,0.09892816050797412,0.49706521634275236,0.29905601879225713,0.48947155264693915,0.5638629013254038,-0.06307019267524341,0.9155672598192155,0.3715240817876252,-0.022470238350989536,0.17054649674059716,-0.14994396937487042,0.24630824932311512,0.3838146753873691,0.15062529439384872,0.19061915016749942,0.4374634395299529,0.5710965529419519,-0.0702837738415823,-0.04603335363751413,0.11402476989980725,-0.04603335363751413,0.2994958014299505,0.6422968437566734,0.5009146159978226,0.6293102123034652,0.6873296355469294,0.14241167014708453,1.0,0.5178204390443159,0.16878712872350105,0.29520606566526414,-0.12234962405813132,0.32077060667976515,0.42324714056573043,0.1698476503715497,0.0892078797521656,0.5017323690500917,0.4702187526217886,-0.1292078700159053,-0.1262046115613384,-0.04095989107796584,-0.23508209017033252,0.040398598476220536,0.589527951876808,0.3071734094668373,0.6125900990813925,0.528615522898297,0.0014265190159175685,0.9140906793871776,0.46551449073239687,-0.015686347302097746,0.04755019862003699,-0.14610381674723635,0.23059108472617484,0.41894020792104514,0.15525430191327846,0.06679035740441995,0.4155025311681261,0.2656822538215681,-0.18768832493190557
-0.23900274966136104,0.3372778143008258,-0.10836616629652562,0.1780729815887329,0.4137633362599188,0.03438923835228579,0.41974979095012155,0.4751571993252245,0.2313765776857571,0.4716105031062974,0.9306870337113881,-0.03926635573633898,0.31392608909842945,0.1765943793337454,0.30082097980083067,0.34963785871150316,0.3744812225895131,0.29240792560410256,0.462117982038572,0.7106431308141128,0.3584466673000213,0.2363909057237467,0.35327220426963674,0.2363909057237467,0.32009475878311183,0.44545058169984025,0.17253990435907685,0.45784689852390853,0.5259683962933452,0.39704818262308195,0.5178204390443159,1.0,0.142134839947024,0.33827857629970487,0.19322813334361932,0.22144653081232987,0.4108568553305426,0.3301608852211847,0.24595955084802845,0.4142905406210234,0.667751474660224,0.2559274168197552,-0.1393940119905923,0.2940500637906451,0.0710731705834168,0.1487990808391645,0.34398595081619787,0.057095557930420864,0.39431387614739044,0.4636583556097275,0.17208744292934328,0.4727986528163244,0.8950857252791661,0.0021908748816985174,0.13816372192500675,0.15802234451095215,0.40467942385898703,0.3967671626359019,0.33154309875229443,0.16895429122810898,0.3873745480074965,0.330422530635707,0.26587425329585584
