Fp1,Fz,F3,F7,FT9,FC5,FC1,C3,T7,TP9,CP5,CP1,Pz,P3,P7,O1,Oz,P8,TP10,CP6,CP2,C4,T8,FT10,FC6,FC2,F4,F8,Fp2,AF7,AF3,AFz,F1,F5,FT7,FC3,FCz,C1,C5,TP7,CP3,P1,P5,PO7,PO3,POz,PO4,PO8,P6,P2,CPz,CP4,TP8,FC4,FT8,F6,F2,AF4,AF8,O2,P4,C6,C2
1.0,0.535861259103947,-0.07124869063104704,-0.042323617770806864,-0.27317309896192965,0.2290455058995449,-0.09026233958004284,0.2940934184439811,0.006319977268674839,-0.08288503660633248,0.4712450386416886,-0.11349656633640731,0.1364191000897236,-0.19055209458294278,0.18998378199558769,0.25875574289102926,0.09058967530459683,0.04035365509802762,-0.11756338707040212,0.22248340062523617,0.1285366189683983,-0.24355936875871265,0.44313194062104955,-0.24355936875871265,-0.183379824909014,-0.30511086842537766,0.1778278934920649,-0.18035070214327148,0.30514275040256184,-0.02423779439233293,-0.15368336078033512,0.3539247776232246,-0.08667565948468124,0.04615774061439821,-0.3603743155107848,0.11803334478206957,0.2934958256336375,0.11357564567866144,0.08542801342839508,0.05530783989827035,0.16092914929102234,0.14510482125837962,0.24253262925590455,0.4675009841944614,-0.13252585192402302,-0.0972097879803996,-0.04810222132592398,0.21118892131545497,0.048857126359848645,0.23627887627065974,-0.03631392307263798,-0.02998012736547164,0.4492317381528609,-0.010905028333797546,0.19822565871035977,-0.0647344668535898,0.2077358376005351,0.2802522223028314,0.1868452748472084,0.008616774884015388,-0.05185133527102299,0.15768147197321192,0.10795195044408835
0.535861259103947,1.0,0.1323557874608412,-0.252505559965101,-0.2721546077364749,-0.14451562970325843,-0.03273469006593474,0.23917488186192457,0.3292202275465469,0.26029212082999315,0.41558053111668575,0.19236516784500257,0.07984532857546638,0.48535193441784996,0.23374299979833857,0.017928508821069368,0.3022790203306097,-0.03359028550014287,0.18975773961991774,0.276753092210443,0.1503430478762394,0.007093420520717922,0.7059642015617629,0.007093420520717922,-0.21178339631723056,-0.296162827692299,-0.2627263477468566,0.02488268004541553,0.21925168274295384,0.2123573676585694,0.09390735558370956,0.37788203435637246,-0.04976677204029448,-0.07457364921827447,0.3128216124276463,0.15849711193089264,-0.11011224936777579,0.28037192034442737,-0.094497177696494,0.3655376109343831,0.2419953164525582,0.19013977145270425,0.4944482788872351,0.6190719414462822,0.14205260214088458,-0.21220522590623334,-0.12235658928454843,-0.20490029166185333,0.2067500578843375,0.19583666889214835,0.30160942294986065,0.2682118810102869,0.5247718738768519,0.1518354025666819,0.10215361531843513,0.5029892587642792,0.2599245171291449,0.035034456302720396,0.4565474249222949,0.06786192734936293,0.11454478146358882,0.16792125103028727,0.3238809614714331
-0.07124869063104704,0.1323557874608412,1.0,0.43331400217287586,0.2566983701078868,0.10292059828582566,0.5491236724231484,0.39644568367244515,0.1482322363074552,0.0270313574369756,-0.14758460159641196,0.45808743455215817,0.29870578772239,0.2701725303164302,0.09762169939731573,-0.06439096775922964,0.17361057449328124,0.42008856603230954,0.5782580883938998,0.25417152215999733,0.11993698389634046,0.7226295576367919,0.09110608406690335,0.7226295576367919,0.39802456897910915,0.16593291820817035,-0.0018119123247890584,0.4135693668799471,0.22982105914224163,0.21645314821260603,-0.09608724229355449,-0.23116091355575372,0.4710329392973563,0.25395541288912077,0.18346247105459648,-0.034405134603441745,-0.08729739349746705,0.10583468311048196,0.1773813420207474,0.19788927454359026,0.22833111609968504,0.1065771298850681,-0.13027816137911133,0.2059111220658415,0.7196538216380749,0.299712517516776,0.1970342227868673,0.0626100969783493,0.5039936381121308,0.4651246771660303,0.1390129572387798,0.06955702152324257,-0.03256150579503488,0.5459079833693834,0.42507279916216006,0.23391692313502535,0.17150837185384263,-0.0639188987033763,0.24008417975368643,0.4544202795548271,0.616934173092444,0.15628209910970745,0.12239177157203744
-0.042323617770806864,-0.252505559965101,0.43331400217287586,1.0,0.14292810245553408,0.2798140959816712,0.41181954332176013,0.16037976194068626,0.15848670388689073,-0.11795876246032437,-0.27795098141245184,0.22560774736165545,-0.003374186380040675,0.07436464112885004,0.1841941597710242,0.008432066239194779,0.15234294821933594,0.36872185325476164,0.45421275557645885,0.24659145771379734,0.17047288655205484,0.39676412281327245,-0.16972344002453882,0.39676412281327245,0.8401480640079017,0.0981453917977128,0.26676136834316805,0.4084921250209512,0.16820657473198922,0.240544713046209,-0.20065000677973868,-0.29302317021877766,0.28502878348772276,0.07929505898236633,0.07485806337466513,0.18161837938787545,0.09223838977686076,0.1183048536771634,0.16803880136484453,0.26462278886418356,0.2605423543261408,0.17108081378907106,-0.11315413985471737,-0.1673444466320793,0.47986031807637763,0.8840269032444359,0.04093064629729053,0.27068352086164743,0.24163455868380215,0.22275068002870171,0.10784170171570778,-0.05098203587896618,-0.25407363941621647,0.23793080105309078,0.14261383131099564,0.05346103821162129,0.2608747055878266,-0.008558826293189601,0.12043537482811961,0.3628226813468295,0.5089487901514748,0.21316356718504906,-0.06283892945753218
-0.27317309896192965,-0.2721546077364749,0.2566983701078868,0.14292810245553408,1.0,0.5487704250695434,0.027676191852674708,0.3883720407464822,-0.14673255623142112,0.18551571316044962,-0.009432946385911469,0.10403970807413432,0.368470717976874,0.04522410878922423,0.19366065125505963,0.13717078356763449,0.10899961467264227,0.2536150379402935,0.28791701717425716,0.25696304941033915,0.25346487307524024,0.41578884249737263,-0.3006477965806427,0.41578884249737263,0.09795273714231742,0.9183851963585825,0.6008573731952529,0.09165978396532563,0.10295364067660481,-0.09037884906795243,0.26661689875306804,0.022343035090876446,0.30738173166402344,0.2959535951256317,-0.0026220739568451725,0.3018504562395379,0.132758269112225,0.15575936362115098,0.40591220335874895,0.20327031034051027,0.2924555126347646,0.18676817611950322,-0.27208471663526884,-0.07803758525942997,0.37741689055282723,0.09004090524176239,0.887549234850718,0.5894918538093983,0.08601946379145603,0.4119338792479584,-0.09725847084278426,0.258652884146264,0.0693251758775719,0.26199595408199633,0.4490476724603358,0.1489448180989743,0.23930811936003635,0.16521122228714058,0.15409373843516894,0.42795463282448104,0.382256824608757,0.2657990438611467,0.1997975507255666
0.2290455058995449,-0.14451562970325843,0.10292059828582566,0.2798140959816712,0.5487704250695434,1.0,0.14657377755160383,0.4561143474423891,-0.002661620498298769,-0.10027100468018678,0.081397957373219,-0.17346937765714196,0.313799979423274,-0.11393675673248532,0.22448635426600352,0.4563497438450801,-0.006703342815610325,0.4614763257194993,0.13928719964112404,0.1515976250233197,0.27150829978141716,0.11011304436075729,-0.1489820728174245,0.11011304436075729,0.11689153865224312,0.49228324895056275,0.9333840774144627,0.04337168532088393,0.31781420748601585,0.03360179249664006,-0.03272859365056987,0.08247152398305993,0.11383408480917859,0.21426152450756195,-0.1970987748273754,0.3533524061804388,0.4730070959482529,0.014460298661388754,0.5717000134088516,0.1359175277675611,0.1414690482360857,0.23113358228600087,-0.028347170153114585,-0.004266499776592494,0.1354076966498847,0.13999713991101143,0.5482774425452946,0.9520052245179494,0.2069230969874149,0.41964030455638185,-0.06738818977758256,-0.020444453341172317,0.03271867546649861,0.09552763817186474,0.44979613893119347,-0.010322566252094687,0.3854735706020764,0.48376219858900527,0.08016209339836468,0.5768207833428726,0.2241911788635188,0.16116889116291686,0.24013494242838176
-0.09026233958004284,-0.03273469006593474,0.5491236724231484,0.41181954332176013,0.027676191852674708,0.14657377755160383,1.0,0.28500580863894537,0.02819683832167891,-0.424880509119335,-0.10513243960209046,0.5025594569448233,0.25377284286339424,0.31739660152745186,-0.3094634709005741,0.05052865276673009,-0.07039054770392808,0.6922983574813927,0.35695115951954404,-0.10233119319393369,0.05556667970097835,0.4658144963165585,0.3707842336591415,0.4658144963165585,0.3791411072009661,-0.02999305303755741,0.17085321036730208,0.8830599001989364,0.3606616033394865,-0.000635934474300364,-0.45003000656364994,-0.1948703982227388,0.5149986783702597,0.3841808661779121,0.32800885135597047,-0.3513190936049095,0.07000411063425066,-0.14417462436791947,0.4575059793348464,0.019499190069399496,-0.05178725727415734,0.07954633784934657,0.0466804878390761,0.25266359390205967,0.42535694881599867,0.3551258824125094,0.06338794763058683,0.1694653721868019,0.8715167049397917,0.3630148696015795,0.04421079465879667,-0.33317456968890496,-0.11292565869184178,0.5669282306744919,0.36735005106251034,0.3081050554495287,-0.20726317832105473,0.13651758097130368,-0.05272643370000878,0.5213420997402017,0.4012154702954732,-0.14699207676314283,-0.023156188943539647
0.2940934184439811,0.23917488186192457,0.39644568367244515,0.16037976194068626,0.3883720407464822,0.4561143474423891,0.28500580863894537,1.0,0.18259651838103527,0.15302953072899958,0.41793994187432243,0.24927413230032167,0.27461219511234664,0.10648669925414828,0.09776949864127671,0.44450740078160306,0.28075046497375106,0.2612657121893089,0.40074324548735135,0.44848047079551123,0.14267788988505425,0.41446400535278843,0.08332735676193,0.41446400535278843,0.07305650788919622,0.24452747048289167,0.3711521110841474,0.2735885332521263,0.7768699786949735,0.11610127918632153,0.15950389081475724,0.3181482617091782,0.31921582634999474,0.09683271680683872,0.037398020568576676,0.1056988656704437,0.40303051039581694,0.31079399767549765,0.40315943961396555,0.3482664907898456,0.4374988169964167,0.16210997493001056,0.22483684410591354,0.13153614500044322,0.5175404590731018,0.05575321569576733,0.4092058385331775,0.41862396691155923,0.3744801039049154,0.9509063265715755,0.10518433347574499,0.2936973139645104,0.3733845435247324,0.2957407666055478,0.40379215454842227,0.2223813392401953,0.0954638812365056,0.44480665126697627,0.34980339991753967,0.34213450852466987,0.3853793422863394,0.3959209222035054,0.0791938576869249
0.006319977268674839,0.3292202275465469,0.1482322363074552,0.15848670388689073,-0.14673255623142112,-0.002661620498298769,0.02819683832167891,0.18259651838103527,1.0,0.2876212684417174,0.1875536782257276,0.2629065663096981,-0.34395993219180915,0.521310125914404,0.2940925622531855,0.131933695292588,0.19917509684193183,0.17673400121779134,0.4680665325678887,0.2570038864947293,0.287439038239359,0.19571808916634298,0.20280090901627315,0.19571808916634298,0.25762818972682444,-0.24033561930766223,-0.04404897774666832,0.17077123894718438,0.11892337882230113,0.8952217274193554,0.19659672228220262,0.19720162202792502,0.1444269293752111,-0.4036498070690839,0.4774928634515654,0.3049378816469853,0.08913351776025774,0.12253776544178506,0.020710706580251367,0.5252626826310898,0.28756785849525635,0.2999738843734469,0.47483829213726525,0.06474242176159938,0.3915680150533489,0.19756153833431336,-0.19558738835184453,-0.021772499546410046,0.1145250095639097,0.22133705156930056,0.9308451904238121,0.3554169333932476,0.2548561150327194,0.29191099052845826,-0.17223242953995355,0.4859967020447513,0.37019462541983994,0.13838493977953378,0.38229903840720086,0.2903387686361252,0.39735874010744215,0.24573083901651085,0.20651989389143488
-0.08288503660633248,0.26029212082999315,0.0270313574369756,-0.11795876246032437,0.18551571316044962,-0.10027100468018678,-0.424880509119335,0.15302953072899958,0.2876212684417174,1.0,0.0016479570519102292,0.004192362733385315,-0.10082429009767437,0.33626941660504145,0.4165709502493867,-0.08926639095856005,0.35297034933019933,-0.3620901039754619,0.34217920022746806,0.547744115403737,0.12891487129962667,0.1371480627015408,-0.08332716977900712,0.1371480627015408,-0.008375219802089572,0.1987248973287857,-0.16712389230318295,-0.2832664182687541,-0.11668493004646742,0.2929264807557082,0.9071713317756755,0.06724880584851745,-0.16065609278682016,-0.171970979012246,0.30171640761926827,0.4766248632632086,-0.03532307921904075,0.38899745748959985,-0.12766533171035105,0.49520907912396045,0.5472843999587055,0.1455150539624376,0.2306720867106365,-0.08396648891353559,0.25385900744868856,-0.03895809030623827,0.16840288201283643,-0.1199330550463331,-0.24553964081318455,0.11640066678962438,0.26861099752101664,0.9112435050216865,0.13873077179950147,-0.12977241233298242,-0.05895145822542046,0.3396676749122722,0.27486092491657893,-0.09322790028552988,0.45368150291543774,-0.07899660557604243,0.2285436424251616,0.5089915175111327,0.10597533755592117
0.4712450386416886,0.41558053111668575,-0.14758460159641196,-0.27795098141245184,-0.009432946385911469,0.081397957373219,-0.10513243960209046,0.41793994187432243,0.1875536782257276,0.0016479570519102292,1.0,-0.021828410024207767,0.0028724328337131405,-0.05071978047103188,-0.08673349329607866,0.4784991893372914,0.13951365208988295,-0.0023018599335859107,-0.0003566856107901293,-0.07203801819417853,0.10240870907128728,-0.18239964470044884,0.47609331681533823,-0.18239964470044884,-0.46773929016706284,-0.04993661061245327,0.06118456620816228,-0.05923902265561214,0.36073745422398407,0.005228605040562359,-0.019971926690542326,0.937603148002797,-0.05843748124931934,-0.12506534778727352,-0.15311931927952357,-0.026106406503121193,0.5080939544603087,0.1398316663171237,0.06111352015324013,0.06802201213141457,-0.06655350891463523,0.14155210106647464,0.1172003197046911,0.41341555130315416,-0.06489239767507968,-0.45614140248433954,0.07097847642136772,0.06468034819387253,0.05404661662434702,0.34712039292732166,0.11086913870825692,0.07142038346334639,0.927311280120456,0.07365661679033748,0.06681553590175243,0.05581110644127452,-0.03633622358975754,0.46103937235832093,0.1667049281223086,0.0014299044315537626,0.07240838330385364,-0.027451033517156696,0.17056231851703776
-0.11349656633640731,0.19236516784500257,0.45808743455215817,0.22560774736165545,0.10403970807413432,-0.17346937765714196,0.5025594569448233,0.24927413230032167,0.2629065663096981,0.004192362733385315,-0.021828410024207767,1.0,0.07727102421421128,0.45941786000806,0.1369786861990325,-0.3603883870581813,0.09879103633711868,0.26226803892742157,0.32465939237350777,0.39668866236223405,0.1749141277028684,0.47653295665437184,0.33850766539657995,0.47653295665437184,0.3162615437989069,0.12589207455878745,-0.14041980369458817,0.6371012954533188,0.35833523084675234,0.35773215751250104,-0.0848247484174609,0.019991079966455827,0.7079953569838483,0.16640232851129255,0.39855725985328605,0.03245116724406233,-0.35292161650071446,0.10841316221271438,0.08928931776058228,0.22270714486998527,0.45269329231724925,0.22504564892547826,0.12412908483021681,0.3109791862532033,0.5345599668724064,0.34085413890900546,0.17551749612986356,-0.11323620320716198,0.6075769687369624,0.3864944900783017,0.2680088738078287,0.07827099497781918,0.10587648115074186,0.8008287698087003,0.17458479911250455,0.49021555711972237,0.0789166701361819,-0.28498335889351634,0.3040393545214799,0.30682871555923746,0.30769598048863284,0.343590975443934,0.16314505668375734
0.1364191000897236,0.07984532857546638,0.29870578772239,-0.003374186380040675,0.368470717976874,0.313799979423274,0.25377284286339424,0.27461219511234664,-0.34395993219180915,-0.10082429009767437,0.0028724328337131405,0.07727102421421128,1.0,-0.053727497204362706,0.1448601226049411,0.07883346812998203,-0.17767470384813222,0.34727097605475726,-0.03959716922723676,0.12943851764218148,0.14472340228080904,0.28541819394492945,0.22681535667964295,0.28541819394492945,0.0024588748487939915,0.4126279639651369,0.2812839582134526,0.12695838471521168,0.056663047507913726,-0.32554437783817464,-0.14661235559029576,0.023388552242117232,0.19182627436342703,0.8727787418508127,-0.10214166767009918,0.10636259047564343,0.018886278648545075,-0.07640323373559618,0.3656985611378871,-0.20090058028664604,0.14919577116107854,0.12067589384644388,-0.10764742897933065,0.267875788284337,0.1737250923223259,-0.032861676660009866,0.4718515010413753,0.37269522662776755,0.32988660318772656,0.22748875803207255,-0.26903948814527995,-0.10538518936314259,0.06513099725733419,0.19739095271613383,0.9124733132537431,0.08030403564878466,0.11809376885590607,0.17005060922536994,-0.14911136415234783,0.3137277407975516,0.03852937870506656,0.06583584047238274,0.33610444492292757
-0.19055209458294278,0.48535193441784996,0.2701725303164302,0.07436464112885004,0.04522410878922423,-0.11393675673248532,0.31739660152745186,0.10648669925414828,0.521310125914404,0.33626941660504145,-0.05071978047103188,0.45941786000806,-0.053727497204362706,1.0,0.15336954320319743,-0.17847505356695392,0.20458528112562177,0.2853247700888564,0.5219856174441618,0.2796553874555773,0.12025740862527111,0.3031747702187248,0.4315508097560705,0.3031747702187248,0.28510824149661135,-0.005324203433173861,-0.16263865656298046,0.4479242061179367,0.10707372683351228,0.38836624817165927,0.2576362370060085,-0.012963191122308954,0.2531277906600555,-0.07637569969234502,0.9538965096447557,0.13954139729568713,-0.2361279272542203,0.15947121499077535,0.17165769748395646,0.5811939698698112,0.3144998615890231,0.13463238402622008,0.6274676148997456,0.2694928473345085,0.42654205483083096,0.17756389237354278,0.05578247524023237,-0.14600736811914097,0.43427780282408035,0.15904811736607571,0.5540913098480879,0.39782440076423037,0.11590507645113764,0.40461262215629323,0.06622665906315005,0.8626602848385653,0.1814928310444485,-0.12103777909195942,0.3611849297171898,0.39428392968438236,0.3638997532300715,0.22486810389839,0.20973951967774296
0.18998378199558769,0.23374299979833857,0.09762169939731573,0.1841941597710242,0.19366065125505963,0.22448635426600352,-0.3094634709005741,0.09776949864127671,0.2940925622531855,0.4165709502493867,-0.08673349329607866,0.1369786861990325,0.1448601226049411,0.15336954320319743,1.0,-0.01576855886305538,0.14726815315937639,-0.11205427901224156,0.05946111803696764,0.5667977145793437,0.32451939689879333,0.223157946989631,0.004652315621453286,0.223157946989631,0.1613203434169859,0.22727761460027984,0.21246393691256882,-0.16888819468702027,-0.11527618566673538,0.39904714227902915,0.40628400687229305,0.050616351518431746,-0.017902603618478136,0.13360348584272433,0.07094826050970184,0.9351199221618871,-0.07201565236847508,0.18113138468521398,-0.026841449770375763,0.20739497632248471,0.5684105747155611,0.3390311264326145,0.19221600657805013,-0.00150582005386106,0.2682093273653299,0.25292099899321024,0.2035337688747223,0.2813554192939888,-0.12743399383365875,0.08253688268701753,0.25537902947743024,0.44796118312533795,0.0934402847912108,0.07469898132353017,0.24239945998537082,0.27383288505590814,0.9204431642410682,0.04756943611247747,0.34657876633314855,0.18059820405271315,0.08260600743319925,0.550230090162823,0.3498248240587127
0.25875574289102926,0.017928508821069368,-0.06439096775922964,0.008432066239194779,0.13717078356763449,0.4563497438450801,0.05052865276673009,0.44450740078160306,0.131933695292588,-0.08926639095856005,0.4784991893372914,-0.3603883870581813,0.07883346812998203,-0.17847505356695392,-0.01576855886305538,1.0,0.18426024214554124,0.2713304942495341,0.123280094399663,-0.24010214307204295,0.19370964619828657,-0.004396096754226989,0.08582773295799212,-0.004396096754226989,-0.15157399550326472,0.06955808714201646,0.45900861736029835,-0.024753815387978145,0.3638828875639267,-0.023467245540272037,0.03761959921067347,0.4300967509683811,-0.118365502297847,-0.03291717948296198,-0.15245679648337485,0.08587791726371775,0.8928518172095414,0.1717787010032663,0.3643748549226272,0.04864730084330249,-0.21835575924741488,0.17183218967471398,0.18170611900424632,-0.004020968570563591,0.06758097687567936,-0.16677610691687217,0.203269767435738,0.48660238029997277,0.13998856222811093,0.4205900433679136,0.03432048213417699,0.022548381556326807,0.43451281785266255,-0.0750485475411299,0.17682830489270124,-0.07556416007744461,0.07376162343220875,0.9610538644004736,0.14725560452073133,0.31973352041980435,0.24530252701647104,-0.16614802498176004,0.1174948113921686
0.09058967530459683,0.3022790203306097,0.17361057449328124,0.15234294821933594,0.10899961467264227,-0.006703342815610325,-0.07039054770392808,0.28075046497375106,0.19917509684193183,0.35297034933019933,0.13951365208988295,0.09879103633711868,-0.17767470384813222,0.20458528112562177,0.14726815315937639,0.18426024214554124,1.0,-0.25465933262709195,0.40357760137620213,0.24307914380212542,0.27338941102468856,0.248420375869866,0.05833086176385711,0.248420375869866,0.27703763594926495,0.1299715830499315,-0.010970587478843413,0.13079401128016774,0.23760747243943364,0.30958188608760334,0.36375051771505434,0.19865110388416923,-0.1951072427718618,-0.28605767700465706,0.0900217951121203,0.18662706445212138,0.13388529004591254,0.931046956942931,-0.1840423271554216,0.4571518165617808,0.29464212273770485,0.2653578060141433,0.12661408420195364,-0.20328779022162938,0.4218103114502364,0.2525549851626228,0.057719793311453355,-0.031583152114185185,0.03667901976741803,0.3915384251843586,0.0717513570221147,0.4022208932893938,0.21013480782546667,-0.07584569591052348,-0.17420251137518536,0.17809670682259046,0.14562833015787918,0.16384306416643216,0.9109931244367918,-0.011352407673253722,0.28441914663152296,0.27170150580313496,0.2020553273400104
0.04035365509802762,-0.03359028550014287,0.42008856603230954,0.36872185325476164,0.2536150379402935,0.4614763257194993,0.6922983574813927,0.2612657121893089,0.17673400121779134,-0.3620901039754619,-0.0023018599335859107,0.26226803892742157,0.34727097605475726,0.2853247700888564,-0.11205427901224156,0.2713304942495341,-0.25465933262709195,1.0,0.372972480579951,-0.057020057924734385,0.20703878785646365,0.3552935653158245,0.30718396993371555,0.3552935653158245,0.3153804410311945,0.17701948367813528,0.4786220785203535,0.5350952749203417,0.2766410280863097,0.12646425636878658,-0.38076879278654535,-0.0902193440575675,0.5556631371806553,0.4096297659196536,0.2927663823681377,-0.08671198341355112,0.2143041856747118,-0.2570996220069711,0.8396794191611093,0.1339302817811943,-0.02746410822371854,0.12684652520375508,0.07907888523660299,0.2435432200255028,0.3696813837454752,0.27337000442947124,0.4273087071087273,0.5180143689747388,0.6668994376156598,0.31403696566266964,0.18934034419092008,-0.23835390332230938,0.04176226431601071,0.5819350644557325,0.5321113328119496,0.31050846302248003,0.08586174815983762,0.3466097741048872,-0.12596671635005596,0.867464069936696,0.46437766221578575,-0.10351740114545654,0.11988680613588555
-0.11756338707040212,0.18975773961991774,0.5782580883938998,0.45421275557645885,0.28791701717425716,0.13928719964112404,0.35695115951954404,0.40074324548735135,0.4680665325678887,0.34217920022746806,-0.0003566856107901293,0.32465939237350777,-0.03959716922723676,0.5219856174441618,0.05946111803696764,0.123280094399663,0.40357760137620213,0.372972480579951,1.0,0.3080895794856367,-0.07261951697134407,0.43887792209672366,0.053956455064353974,0.43887792209672366,0.47851524885026697,0.20066277414340447,0.07233596741867147,0.42370653163150235,0.23345459526215323,0.39431585808893915,0.24070688626871803,-0.021638751151676742,0.30414126758903487,-0.13906819132113024,0.43568272728757634,0.08461496159048895,0.10661493088196033,0.41707637593603814,0.26622142284457984,0.7885369381217381,0.3188814509591748,-0.07959270725257656,0.15408421019412744,0.11247052719215946,0.7091141735297429,0.3990566740719455,0.23989429762983047,0.08904268181080738,0.3601117452101226,0.4653696862691981,0.45338105343968904,0.44465444590271286,0.059030458839335914,0.42974412130547895,0.13886710717925105,0.48580292511599477,0.16428291609642676,0.09271178012883026,0.4785078420289316,0.5147768433979014,0.883612746720608,0.2605916925946124,-0.06384578030795365
0.22248340062523617,0.276753092210443,0.25417152215999733,0.24659145771379734,0.25696304941033915,0.1515976250233197,-0.10233119319393369,0.44848047079551123,0.2570038864947293,0.547744115403737,-0.07203801819417853,0.39668866236223405,0.12943851764218148,0.2796553874555773,0.5667977145793437,-0.24010214307204295,0.24307914380212542,-0.057020057924734385,0.3080895794856367,1.0,0.2246125093512874,0.4402011270492853,-0.05480521116790453,0.4402011270492853,0.3012124580288428,0.2577738554337983,0.10477653903114544,0.06974741368358336,0.15912387794271252,0.3575875990336654,0.5127386637420265,-0.043728310785577595,0.2038123568038247,0.07745522848232396,0.1984168174301567,0.5229713490584464,-0.2384124222641465,0.3308953966492391,0.11763417593622237,0.4447912041774059,0.970984361553273,0.2664411929144507,0.2512247455250232,0.04041894209414536,0.5263097760675864,0.3822784291199636,0.31669187483834577,0.159617459253101,0.07412994411481114,0.41597115740193596,0.2592601963008722,0.6761417997091232,0.06747601286537104,0.194608897602176,0.2609481614969645,0.43004852218609674,0.4833602614257406,-0.19679209982874551,0.44589209300262034,0.18824605388814503,0.29032418143997896,0.9511566395002916,0.18351142813651647
0.1285366189683983,0.1503430478762394,0.11993698389634046,0.17047288655205484,0.25346487307524024,0.27150829978141716,0.05556667970097835,0.14267788988505425,0.287439038239359,0.12891487129962667,0.10240870907128728,0.1749141277028684,0.14472340228080904,0.12025740862527111,0.32451939689879333,0.19370964619828657,0.27338941102468856,0.20703878785646365,-0.07261951697134407,0.2246125093512874,1.0,0.4330853616237349,0.2731853893112721,0.4330853616237349,0.22417977711472484,0.2792884883315004,0.3568625570124302,0.17719398619281274,0.059396556086488174,0.421503799567809,0.0852028710729765,0.15489085739192143,0.2537965533412144,0.27471853671504454,0.08152545517918548,0.4184670423335774,0.21634058945725745,0.2050455146946205,0.15707040023350688,-0.03210063568635273,0.34044345936962195,0.9685056304802655,0.07976519719898743,0.08851562908251337,0.3414000607526492,0.24909031596974665,0.2999688012350538,0.38899535974698624,0.24288396510985755,0.2578140308193962,0.27058873431148595,0.14069258453347802,0.29452438508389983,0.27286157168383524,0.24431240586588665,0.27553847448357216,0.3790234702367288,0.3146995199476861,0.3909616911041661,0.31451284659672585,0.0859288389818248,0.19951389618193457,0.7950403260157413
-0.24355936875871265,0.007093420520717922,0.7226295576367919,0.39676412281327245,0.41578884249737263,0.11011304436075729,0.4658144963165585,0.41446400535278843,0.19571808916634298,0.1371480627015408,-0.18239964470044884,0.47653295665437184,0.28541819394492945,0.3031747702187248,0.223157946989631,-0.004396096754226989,0.248420375869866,0.3552935653158245,0.43887792209672366,0.4402011270492853,0.4330853616237349,1.0,0.05041547225632227,1.0,0.3892622501802638,0.4114658318462874,0.11530852841493963,0.5628965817141712,0.11488775769564862,0.2972072229560766,0.12524650699015333,-0.17444759214713143,0.3974511051524019,0.3537239552342795,0.3077208113262113,0.16356780549313124,-0.03796099669779442,0.18783207914804442,0.2622783037486532,0.23484609427972794,0.5045697030157887,0.4200726221940045,0.07458432202540406,0.01706351148443675,0.8870211528051445,0.3866991157861728,0.3713804983264114,0.18310443411519012,0.5404344697929618,0.48866063749761024,0.17311556556347532,0.2786757795774741,0.0008826215899685582,0.4540106761416038,0.4600656951297088,0.49037996887941704,0.2411607496859386,0.08375735633872693,0.35941771892347174,0.5089706383848256,0.5315452441211312,0.4078894426085855,0.3380736282107095
0.44313194062104955,0.7059642015617629,0.09110608406690335,-0.16972344002453882,-0.3006477965806427,-0.1489820728174245,0.3707842336591415,0.08332735676193,0.20280090901627315,-0.08332716977900712,0.47609331681533823,0.33850766539657995,0.22681535667964295,0.4315508097560705,0.004652315621453286,0.08582773295799212,0.05833086176385711,0.30718396993371555,0.053956455064353974,-0.05480521116790453,0.2731853893112721,0.05041547225632227,1.0,0.05041547225632227,-0.205365754317509,-0.2657698490880969,-0.12596359260311682,0.3750469377256836,0.19837305135191913,0.07385525833981153,-0.1976359994397949,0.4477960869091096,0.17212447532578984,0.2861512522371955,0.32243468342741266,-0.026164131239623686,0.03995690116627654,-0.011228606170598454,0.15271339042774107,0.0922697430874611,-0.0023950397172698176,0.30836862761238476,0.38349588618405767,0.6926087401997016,0.12556350703127275,-0.16945343342128918,-0.0907844112054163,-0.08451278700785726,0.592232485109797,0.1181924608739493,0.24604758882457461,-0.028375791927902204,0.5811298154553324,0.4221204987898769,0.30742588325756953,0.5420464725906334,0.05638689662237734,0.2117266645295822,0.184428742814578,0.2892579895510681,0.04191352528944871,-0.09386660983658339,0.35275238949334686
-0.24355936875871265,0.007093420520717922,0.7226295576367919,0.39676412281327245,0.41578884249737263,0.11011304436075729,0.4658144963165585,0.41446400535278843,0.19571808916634298,0.1371480627015408,-0.18239964470044884,0.47653295665437184,0.28541819394492945,0.3031747702187248,0.223157946989631,-0.004396096754226989,0.248420375869866,0.3552935653158245,0.43887792209672366,0.4402011270492853,0.4330853616237349,1.0,0.05041547225632227,1.0,0.3892622501802638,0.4114658318462874,0.11530852841493963,0.5628965817141712,0.11488775769564862,0.2972072229560766,0.12524650699015333,-0.17444759214713143,0.3974511051524019,0.3537239552342795,0.3077208113262113,0.16356780549313124,-0.03796099669779442,0.18783207914804442,0.2622783037486532,0.23484609427972794,0.5045697030157887,0.4200726221940045,0.07458432202540406,0.01706351148443675,0.8870211528051445,0.3866991157861728,0.3713804983264114,0.18310443411519012,0.5404344697929618,0.48866063749761024,0.17311556556347532,0.2786757795774741,0.0008826215899685582,0.4540106761416038,0.4600656951297088,0.49037996887941704,0.2411607496859386,0.08375735633872693,0.35941771892347174,0.5089706383848256,0.5315452441211312,0.4078894426085855,0.3380736282107095
-0.183379824909014,-0.21178339631723056,0.39802456897910915,0.8401480640079017,0.09795273714231742,0.11689153865224312,0.3791411072009661,0.07305650788919622,0.25762818972682444,-0.008375219802089572,-0.46773929016706284,0.3162615437989069,0.0024588748487939915,0.28510824149661135,0.1613203434169859,-0.15157399550326472,0.27703763594926495,0.3153804410311945,0.47851524885026697,0.3012124580288428,0.22417977711472484,0.3892622501802638,-0.205365754317509,0.3892622501802638,1.0,0.09239571350485655,0.13927141674353638,0.4440094147776925,0.12728236763908748,0.3867716086354377,-0.0687501579661203,-0.41505558860239117,0.3221319843651936,0.07322934273273078,0.302479354130234,0.1510996544266563,-0.08903804571460475,0.28986533024014544,0.13935542784790575,0.31013450417571753,0.3549351672045575,0.21472855498622756,0.016245594727431083,-0.2580405631903791,0.48684289523409874,0.9397291277269614,0.034480985233248815,0.13048818858867117,0.20326667294522713,0.21110180108104132,0.2450881798086807,0.028359111450521578,-0.39641809373547343,0.2493568747122739,0.05877361666489557,0.14227597716612805,0.1893000357889685,-0.1463295033989557,0.24486791643066497,0.2848011024994157,0.43240169324772826,0.24916429090264774,0.07963199677693843
-0.30511086842537766,-0.296162827692299,0.16593291820817035,0.0981453917977128,0.9183851963585825,0.49228324895056275,-0.02999305303755741,0.24452747048289167,-0.24033561930766223,0.1987248973287857,-0.04993661061245327,0.12589207455878745,0.4126279639651369,-0.005324203433173861,0.22727761460027984,0.06955808714201646,0.1299715830499315,0.17701948367813528,0.20066277414340447,0.2577738554337983,0.2792884883315004,0.4114658318462874,-0.2657698490880969,0.4114658318462874,0.09239571350485655,1.0,0.5449560931797816,0.08246972830442653,0.007291154754664452,-0.09306651468270456,0.2902652271969767,0.08990742421729231,0.25518769841637834,0.40471760534564793,-0.04074429581451983,0.36119522850965746,0.08170921780556308,0.21721440943803447,0.32560970093732505,0.15896940032199175,0.3284966577541756,0.2423428411700403,-0.2602566505235188,-0.06348467781744278,0.3541753698649691,0.09711460809542113,0.8578672252301885,0.5624424561198939,0.08200465099374127,0.30267998214058445,-0.1865240815075967,0.2776314396720227,0.07050586647197231,0.23180758321022427,0.45902889094571275,0.14516165906411305,0.22224234219408737,0.13049847618051594,0.1873729768808096,0.39630695981236047,0.263867541667583,0.3096729967634995,0.3536588894121066
0.1778278934920649,-0.2627263477468566,-0.0018119123247890584,0.26676136834316805,0.6008573731952529,0.9333840774144627,0.17085321036730208,0.3711521110841474,-0.04404897774666832,-0.16712389230318295,0.06118456620816228,-0.14041980369458817,0.2812839582134526,-0.16263865656298046,0.21246393691256882,0.45900861736029835,-0.010970587478843413,0.4786220785203535,0.07233596741867147,0.10477653903114544,0.3568625570124302,0.11530852841493963,-0.12596359260311682,0.11530852841493963,0.13927141674353638,0.5449560931797816,1.0,0.13000403273008257,0.24647895760934718,-0.00045597606659900504,-0.01599221796167419,0.0816520592229662,0.14264475210154964,0.28239640459614784,-0.2184188749027277,0.3551553761552983,0.47639893730991273,-0.0011941144532439901,0.6284588201807073,0.04067405036443373,0.13694672495893104,0.3019914787239853,-0.1166721246884994,-0.05484046182104827,0.1398354798027121,0.20472278372271088,0.6148487837443796,0.9799886944780574,0.23837075193712978,0.38704971975290003,-0.05418287033206698,-0.03840453536779484,0.02699165424711127,0.1407085938796989,0.4360213755680655,-0.006111642161117369,0.3709277397345976,0.5287521208640288,0.058154001897543675,0.592311474210538,0.19645388836230065,0.1532418461052959,0.24150976277710123
-0.18035070214327148,0.02488268004541553,0.4135693668799471,0.4084921250209512,0.09165978396532563,0.04337168532088393,0.8830599001989364,0.2735885332521263,0.17077123894718438,-0.2832664182687541,-0.05923902265561214,0.6371012954533188,0.12695838471521168,0.4479242061179367,-0.16888819468702027,-0.024753815387978145,0.13079401128016774,0.5350952749203417,0.42370653163150235,0.06974741368358336,0.17719398619281274,0.5628965817141712,0.3750469377256836,0.5628965817141712,0.4440094147776925,0.08246972830442653,0.13000403273008257,1.0,0.27287345417198455,0.1693487483316587,-0.27808822936955147,-0.06062837082806529,0.5124957856150436,0.2857236272801978,0.45305297083700363,-0.17750150177613774,-0.010313850278984208,0.08540503649951878,0.3507929549025795,0.19206249151845584,0.17061673698412994,0.21867263748762364,0.16136673050246572,0.20652022162333383,0.5748247833525392,0.46580866468040333,0.10327151364256158,0.10877871689513884,0.8426073156739392,0.3890038618475612,0.1677534744525816,-0.13702552715115404,-0.029696447784905516,0.598260665186936,0.2591743915675151,0.5081659649572763,-0.0964666100224139,0.08237347704981546,0.18494260571954452,0.476565174373521,0.4335463809725471,0.05397551208589431,0.11498580771781308
0.30514275040256184,0.21925168274295384,0.22982105914224163,0.16820657473198922,0.10295364067660481,0.31781420748601585,0.3606616033394865,0.7768699786949735,0.11892337882230113,-0.11668493004646742,0.36073745422398407,0.35833523084675234,0.056663047507913726,0.10707372683351228,-0.11527618566673538,0.3638828875639267,0.23760747243943364,0.2766410280863097,0.23345459526215323,0.15912387794271252,0.059396556086488174,0.11488775769564862,0.19837305135191913,0.11488775769564862,0.12728236763908748,0.007291154754664452,0.24647895760934718,0.27287345417198455,1.0,0.07519540458224905,-0.12248653789233778,0.2739387940855867,0.3913050245937092,-0.07295139416849214,0.06089406958987946,-0.1065353200969057,0.3185914402184551,0.23250441254856918,0.31477889993121827,0.2725279857032817,0.14993411148179536,0.0822747239386188,0.24744689658517416,0.12839097184822937,0.23734294912729195,0.10195731159800665,0.1934384144339448,0.2661883452003478,0.4014369173342574,0.8096462305566079,0.0472476092974623,-0.03113312707289234,0.29969077194817334,0.36915422215247856,0.11325813562247744,0.09779906911208339,-0.11272980687850624,0.3371821742426726,0.2590650669461909,0.24841726197467953,0.15320117010577758,0.11380934814404335,-0.030844427628981208
-0.02423779439233293,0.2123573676585694,0.21645314821260603,0.240544713046209,-0.09037884906795243,0.03360179249664006,-0.000635934474300364,0.11610127918632153,0.8952217274193554,0.2929264807557082,0.005228605040562359,0.35773215751250104,-0.32554437783817464,0.38836624817165927,0.39904714227902915,-0.023467245540272037,0.30958188608760334,0.12646425636878658,0.39431585808893915,0.3575875990336654,0.421503799567809,0.2972072229560766,0.07385525833981153,0.2972072229560766,0.3867716086354377,-0.09306651468270456,-0.00045597606659900504,0.1693487483316587,0.07519540458224905,1.0,0.20386947246159123,0.07458473231045552,0.22175086158393054,-0.3252908404452258,0.3311447113299736,0.42411210059361126,-0.06323753650858704,0.2456862238095726,-0.023780317515838357,0.44794773835659263,0.39599196099679945,0.41383201757615096,0.32268441350307336,-0.08791437420442538,0.4491152375740254,0.33696878900583477,-0.12175172100365353,0.034896082526007254,0.08012147996950837,0.21725809650686123,0.7949020155509287,0.34420946163426097,0.11802132962596674,0.32972515899163435,-0.1914312237612269,0.35930209660015305,0.43120447590443917,0.000987299258721776,0.5072990602729446,0.27310282878927944,0.3234137069147994,0.3568010095201682,0.3248808134314463
-0.15368336078033512,0.09390735558370956,-0.09608724229355449,-0.20065000677973868,0.26661689875306804,-0.03272859365056987,-0.45003000656364994,0.15950389081475724,0.19659672228220262,0.9071713317756755,-0.019971926690542326,-0.0848247484174609,-0.14661235559029576,0.2576362370060085,0.40628400687229305,0.03761959921067347,0.36375051771505434,-0.38076879278654535,0.24070688626871803,0.5127386637420265,0.0852028710729765,0.12524650699015333,-0.1976359994397949,0.12524650699015333,-0.0687501579661203,0.2902652271969767,-0.01599221796167419,-0.27808822936955147,-0.12248653789233778,0.20386947246159123,1.0,0.07997767513131158,-0.2745584461980962,-0.18997783192746656,0.26386948966126417,0.48237849834377244,0.044832807485563404,0.3714564326032573,-0.023038651734280095,0.39097753742537056,0.5167089217486647,0.09004028186410638,0.2228919779425883,-0.25275083019653616,0.2242957519824545,-0.08244933754753615,0.24355328063775253,0.0009257912765890347,-0.24548182379346797,0.13687376628386458,0.20222007139624557,0.9238764205060662,0.09392399885308944,-0.21853320152555297,-0.09140429346431729,0.29024027204453684,0.2638602948074006,0.04461348246721449,0.4306601424132647,-0.04204738258823479,0.14940406603510342,0.575314085444249,0.04530301151664503
0.3539247776232246,0.37788203435637246,-0.23116091355575372,-0.29302317021877766,0.022343035090876446,0.08247152398305993,-0.1948703982227388,0.3181482617091782,0.19720162202792502,0.06724880584851745,0.937603148002797,0.019991079966455827,0.023388552242117232,-0.012963191122308954,0.050616351518431746,0.4300967509683811,0.19865110388416923,-0.0902193440575675,-0.021638751151676742,-0.043728310785577595,0.15489085739192143,-0.17444759214713143,0.4477960869091096,-0.17444759214713143,-0.41505558860239117,0.08990742421729231,0.0816520592229662,-0.06062837082806529,0.2739387940855867,0.07458473231045552,0.07997767513131158,1.0,-0.09900996545146698,-0.07103212268748,-0.1113680778994382,0.1388767649475158,0.4593681238781907,0.22696030863947242,-0.015649771261461855,0.08263944960578945,0.0026722827480890666,0.21386616097015723,0.14451427348213214,0.3730668647596854,-0.039595205274026934,-0.4044956482792678,0.09194263210958949,0.09689186950686739,0.023793154523910877,0.2881268130500742,0.12912762154986393,0.14761382509548637,0.903205379574694,0.06982639364693721,0.06714768749510576,0.11043655974819165,0.061033218224906365,0.4404193678912935,0.24592650569406999,0.0036423501117130294,0.0067631654024487104,0.04501866801038894,0.3356158948486045
