Fp1,Fz,F3,F7,FT9,FC5,FC1,C3,T7,TP9,CP5,CP1,Pz,P3,P7,O1,Oz,P8,TP10,CP6,CP2,C4,T8,FT10,FC6,FC2,F4,F8,Fp2,AF7,AF3,AFz,F1,F5,FT7,FC3,FCz,C1,C5,TP7,CP3,P1,P5,PO7,PO3,POz,PO4,PO8,P6,P2,CPz,CP4,TP8,FC4,FT8,F6,F2,AF4,AF8,O2,P4,C6,C2
1.0,0.6073391200647253,0.7448002502220714,0.8523292542773682,0.03940316686016447,0.6348437425436073,0.3437524481292344,0.602516682957611,-0.15705142813941092,0.3258525230395649,0.3269912137348679,0.7411671804547484,0.39002791498836087,0.46944033880885455,0.5986007045831725,0.6949737790657955,0.6110537845938825,0.5550704442810719,0.7598316705073488,-0.13734174975375874,0.023997841518724135,0.47194470363084856,0.44981692419146646,0.47194470363084856,0.7627005713187637,0.00044713416020023363,0.4525402902808605,-0.15897516037428636,0.5943861701425075,0.3861002583625413,0.17318220621560293,-0.030496602605161988,0.8359166353112686,0.13945441976774064,0.14412350136652732,0.2926255829192231,0.686546770531496,0.6219033463990234,0.7011758651076592,0.06046977017343495,-0.2974940012284124,-0.03208154537679263,0.6776226683311892,-0.2508209139471204,0.7003318360317529,0.4505179780222191,-0.25901210689733595,0.41344380328305713,0.17624246510719363,0.1834873334599778,0.1934658890534751,0.09292604130514556,0.26536446474413006,0.5143283701522886,0.16241052076986073,0.27817858859911154,0.2986527897955504,0.7010876241461904,0.4299958605692187,0.7550606890032732,0.05911275753051712,-0.5139367823802892,-0.17529028658222673
0.6073391200647253,1.0,0.6782264005510169,0.689388222368647,0.1807231016829372,0.3497699482966609,0.5752078226747194,0.5129332047987046,0.04063430340817687,0.13552105450897026,0.6965250957896981,0.7934124070006953,0.644000219068061,0.5725439216443297,0.009109192978248973,0.8435412275646025,0.26231430193563215,0.41677162377293464,0.5826683268296828,-0.5583908512479154,0.2557035065668849,0.4078759536393768,-0.14392379601377195,0.4078759536393768,0.6722605461472871,0.28819777136974095,0.013006811729701096,0.254327135373306,0.48754949405434816,0.15053033320710899,0.06516844646355677,0.32175390625605327,0.6014625714834168,0.4921880360634858,0.321094856358998,-0.2719895376307604,0.7709103768886084,0.14442286437785545,0.5255399024020696,0.16237838770494378,-0.5824053344339586,0.2123527247945513,0.6767721620011286,-0.2591633637060269,0.8467220635074355,0.6255381667510351,-0.3831882587882515,0.0910353240670108,0.6196487030462349,0.3578928430033092,0.1798517031641498,0.08644576671735152,0.6377728576187537,0.8424523583857926,0.5136406607995895,0.4569357277053715,-0.2757243054514787,0.7491774461941942,0.04955835290758742,0.5078431213387969,0.329554091939738,-0.4677904115228463,0.04030167772476434
0.7448002502220714,0.6782264005510169,1.0,0.9131048991786311,-0.1924301035069968,0.8186831434581421,0.7810592391022501,0.7257343368377143,0.3192041683541406,-0.09300412976191788,0.7245715579206489,0.9075575051598647,0.6083198439484119,0.15536468419727775,0.2884867908550894,0.8998132305777294,0.5312620198091075,0.7323482023430905,0.4812331522861734,-0.6597605657984079,0.4497326396869054,0.43170315648236196,0.15759571153492646,0.43170315648236196,0.6745098557729942,-0.3248106352050678,0.4112102390893108,0.34487931396544286,0.6590179578862487,0.497046281987488,-0.16500979259337606,0.29718853025854997,0.8063879509198146,0.33474786466949447,-0.14987692330988256,-0.04682806124921768,0.7875539803862999,0.4670860632176824,0.7728595945668489,-0.22693255237871013,-0.7542934238216668,0.3501657753148906,0.5463161929598571,-0.377427917980827,0.7020431831584866,0.7231016857083366,-0.34466802985494366,0.6572924713401912,0.6265167818523492,0.4653982064921652,0.548485779677014,-0.2013764144936813,0.6865092172043397,0.8105701487264725,0.38257738385443535,-0.029069812141040964,-0.025959207387314543,0.8001744679026412,0.20498683734636342,0.8063227214574865,-0.06827635795145644,-0.7797253757923766,0.20986454923833456
0.8523292542773682,0.689388222368647,0.9131048991786311,1.0,-0.03787180801254925,0.7539281455513085,0.5348435489913586,0.8764276324172138,0.10587837242232816,-0.015334736800131591,0.6428344667468876,0.8512284035720424,0.4974389113469055,0.25762274680511504,0.574572017562959,0.7663662733530849,0.5431938499852144,0.7239166527185938,0.6900534951863135,-0.4294719257750511,0.3473446599635008,0.44532832516567866,0.3676832497501572,0.44532832516567866,0.8100242039064284,-0.07573042085062638,0.3685770333969536,0.023982586621380704,0.7654515697298504,0.3060201041661401,-0.13015556980038628,0.23751387661519155,0.8108084877319148,0.20616109727414914,-0.10020516475205736,0.208652271982282,0.6627256428516678,0.4249121943740356,0.742284291155549,-0.0478114124618028,-0.5473010070138513,0.2624970903955967,0.6779969721691091,-0.26273485469185276,0.716770180411874,0.8140704366780687,-0.4016639557638357,0.5204588757050665,0.35314543611439225,0.5998647795100771,0.3892726003991825,-0.20052732558392616,0.5917763463830288,0.7282121802119376,0.1816742059415469,-0.004215312733229819,0.2500214519194398,0.6327581150278545,0.22952749446612858,0.7668313489417387,0.027609838274869323,-0.587318722729273,0.05138702126821653
0.03940316686016447,0.1807231016829372,-0.1924301035069968,-0.03787180801254925,1.0,-0.3332808650490708,0.0022551254822176666,-0.19071782302828344,-0.3047373170706883,0.5037173740645811,-0.19555772495506044,-0.05721521566787283,-0.0731203632952517,0.5632266576919418,-0.01864756964810903,-0.024634743788844112,0.07093410565308045,-0.46794021430474336,0.06268955333302434,-0.021453721942901835,-0.45407642192377173,-0.4601083128324141,-0.4294586367176562,-0.4601083128324141,-0.14320462282404312,0.7036082919888919,-0.6018470937662905,-0.29879662947172847,-0.27038896291,-0.5716341099945554,0.1893179776128965,-0.44162983777675435,-0.35885290584332913,-0.44377727910788256,0.11156061756197426,-0.21266948550303852,-0.25911110266747456,-0.056313662090678764,-0.49841124743153736,0.3426952072463976,0.02146996691929471,-0.39429888222622356,0.3123363265841272,-0.11915327495114376,0.0070585339242025475,-0.10156475470225461,0.6090061932695354,-0.488986204509162,0.019251348637088425,-0.20477878157109777,-0.2542147838752555,0.46987371622486007,-0.2922054656515704,-0.09293203056707203,-0.13546809632112558,0.4261929984507851,-0.08715070353155809,-0.12574958154062943,0.22971311892626223,-0.5029243713241129,-0.0739888545368958,0.13341668610537066,-0.398499127937394
0.6348437425436073,0.3497699482966609,0.8186831434581421,0.7539281455513085,-0.3332808650490708,1.0,0.6455165347224106,0.5984417256506311,0.5670522146756329,-0.44356417738091164,0.6474904687876974,0.8156508138381993,0.3171398005883866,0.010992359585336583,0.49651255052353616,0.6915002215415214,0.5754759634723043,0.8516528672622711,0.3232487119764298,-0.4442595615258789,0.1468924595584167,0.5187613036137998,0.2933725376048244,0.5187613036137998,0.5133625045949638,-0.38049361324748654,0.6435986274005427,0.351083088945365,0.5066158663135152,0.6493618849087522,-0.5374194943137303,0.42269116356013514,0.8346763396266016,0.21734372846748054,-0.2172895330897821,0.28805083566783785,0.6271052020405575,0.6090615534798007,0.8234404228185762,-0.2987896182231123,-0.6429390857956763,-0.000428215186016533,0.14854606562968323,-0.24658128567531354,0.4518527461272002,0.524848604204782,-0.40823642765334106,0.8786843109679079,0.3432991767808918,0.3804922596011013,0.6495748411582648,-0.5925092344838098,0.6607679480138255,0.573846865966506,0.03075771704748932,-0.20622518197410517,0.24008616627159984,0.5328246874991645,0.33856960224305077,0.8392265883874215,-0.06655110776932623,-0.8676634921835208,-0.14181643248921402
0.3437524481292344,0.5752078226747194,0.7810592391022501,0.5348435489913586,0.0022551254822176666,0.6455165347224106,1.0,0.2917818565306117,0.6329367354412881,-0.21025318701313742,0.7382277995681461,0.7960873087447689,0.6293220183249925,0.09116056071255718,-0.22215701546231964,0.8447274901594166,0.32509136390206655,0.5264495392059246,0.09750352753753302,-0.8712854739463789,0.2931421920375331,0.1257171132000307,-0.3395980839359826,0.1257171132000307,0.2737854867867418,-0.23645024861484962,0.13412642666398553,0.6943559517642239,0.3021832871500941,0.470227212626572,-0.34594802664306284,0.311432264840643,0.4923816395588742,0.39298321190198365,-0.22735023493526607,-0.5033378592401392,0.61098373266584,0.35203557030738875,0.5003420394783868,-0.3729534389870989,-0.9415851664103316,0.18006313960176273,0.2173578571089543,-0.4971109506552829,0.4283645747494842,0.4165757284083515,0.012521027577742752,0.5101337546502716,0.9039996987303549,0.18584316405967038,0.7276296156073762,-0.20253288706372258,0.6763093205301466,0.7452286764456452,0.5178990010673655,-0.027590656968992985,-0.5110232626065879,0.6838686463073788,0.09071644214363934,0.5138996490369299,-0.17152926169902086,-0.8713373935514344,0.1525662500456841
0.602516682957611,0.5129332047987046,0.7257343368377143,0.8764276324172138,-0.19071782302828344,0.5984417256506311,0.2917818565306117,1.0,0.06925603823758045,-0.21950634462049334,0.5610325926677174,0.6245620383963816,0.46875431105438414,-0.061597789915625825,0.6210164848202278,0.48822027708336446,0.398255652109352,0.7402951625105588,0.6993116775280392,-0.2958331462362609,0.5620196258276787,0.41218305098541325,0.5527246767418524,0.41218305098541325,0.7395231800491615,-0.11508494894871814,0.2714162943557806,-0.07539938035020763,0.8404132839851731,0.08214179666188497,-0.20927482048332463,0.26899169736472267,0.6264020830427661,0.29138782326073936,-0.25873591145897135,0.28299158156790616,0.4024073391873739,0.16314753522308897,0.6801242999099936,0.08585970195814127,-0.37864331696096765,0.48713295409596963,0.6246145962683262,-0.0034818206026924208,0.5668900984086251,0.9229863718927062,-0.5056078991304979,0.39097865127462406,0.19079661913553475,0.8878613781815834,0.34191940863600717,-0.3724168900226936,0.5244784814438598,0.5825005489147392,0.1590030629473896,-0.31575482519331866,0.3611237564966951,0.30680972759524566,0.017998078635392538,0.6613137467361031,0.22696078852415988,-0.31836155019505696,0.25480381034140187
-0.15705142813941092,0.04063430340817687,0.3192041683541406,0.10587837242232816,-0.3047373170706883,0.5670522146756329,0.6329367354412881,0.06925603823758045,1.0,-0.7841062056693532,0.6437126971145917,0.4474712924784572,0.2702318952662825,-0.39487430918193,-0.1968903322879158,0.3150363378240152,-0.1464843721802848,0.5215575525669058,-0.33413280013437185,-0.6063759321796491,0.01455848022853108,-0.03543168742488104,-0.22253053508152015,-0.03543168742488104,-0.11920614306998807,-0.18905813948596542,0.1252365768903355,0.591847944665131,0.02532458672485828,0.4391183867287383,-0.8766250115984537,0.5609031289892441,0.23956181003196916,0.3427343012920483,-0.478784959419882,-0.23796894820796205,0.1328801935584971,-0.004390593221452851,0.311572778765287,-0.5410438703175655,-0.7141031943456304,-0.1333713275124227,-0.47815091283637295,-0.09323345607727264,-0.0848760485497044,0.20382207374823305,-0.12283829950978355,0.4622363685313384,0.4329273211292997,0.18996916227971625,0.7822971345564704,-0.7571543708872686,0.6672857972210788,0.4498193255459643,0.10361117148333641,-0.45580281207547046,-0.2970234240524135,0.0770771887637387,-0.2757284860409429,0.31076857926611595,-0.25732679336662445,-0.6735373442089478,-0.13789827601140608
0.3258525230395649,0.13552105450897026,-0.09300412976191788,-0.015334736800131591,0.5037173740645811,-0.44356417738091164,-0.21025318701313742,-0.21950634462049334,-0.7841062056693532,1.0,-0.5187352824481943,-0.1618115566741788,0.04699140933448195,0.49049451457532667,-0.052796914175703764,0.00978958562057502,0.11147084729406724,-0.522865904563419,0.2511365121285558,0.23245214725059474,-0.19092731108954475,-0.24587205149714814,-0.036204282560358854,-0.24587205149714814,0.03171139652933177,0.2428536829981276,-0.282238473560523,-0.47098675774440146,-0.13048108256833862,-0.2854610000435093,0.8924723874833529,-0.7312783903695055,-0.15777196709197963,-0.2592241592655539,0.30858756593000936,-0.17331261307230147,0.020917722342477407,0.09669114736117744,-0.30688761596001335,0.3152803735450413,0.3157362475863135,-0.06943573011897851,0.5293373172821304,-0.10613757025786258,0.17284804033362683,-0.2767789545979263,0.47553098833939617,-0.47067459040833065,-0.06258734807977592,-0.4735400306565806,-0.4990680966233013,0.9526091089231212,-0.6035815267721765,-0.1731296207321147,0.1873701546489279,0.562242069649988,-0.06521485705588921,0.24947821928694544,0.232615011033945,-0.23567130942086054,-0.0845540200631896,0.3100814762965645,0.02464129273669457
0.3269912137348679,0.6965250957896981,0.7245715579206489,0.6428344667468876,-0.19555772495506044,0.6474904687876974,0.7382277995681461,0.5610325926677174,0.6437126971145917,-0.5187352824481943,1.0,0.8079766665443756,0.49293144383497534,0.07863251901731388,-0.015131079456337222,0.7223642299080374,0.0688999733727486,0.7263463691619536,0.2586171272499454,-0.6698882034507257,0.36434733034604466,0.3780698234876912,-0.10131392803232724,0.3780698234876912,0.5830073642680242,0.020791860807340013,0.2528976317835223,0.5580326243145922,0.5734281003963357,0.47117671589639676,-0.5672919474866287,0.7806571652825688,0.6456914497535924,0.5114308452925498,-0.07183733730480492,-0.16744719907299194,0.6024096003454931,0.12050680410848305,0.6350079806260188,-0.39569045202324965,-0.7668738769396385,0.2312666252740293,0.13269954254320643,-0.37805030036550274,0.456760041061147,0.6691820405105202,-0.5200103306158346,0.45148830790370464,0.610112928026857,0.5458240240491872,0.6454399651323602,-0.5505419534120363,0.9742429443124082,0.8548429437992926,0.2751343591796013,-0.0784895178422639,-0.2822577964039573,0.4927724713271045,-0.20059171156908087,0.6152063627966052,0.0010273549202484437,-0.6503214561216254,0.056720225294177105
0.7411671804547484,0.7934124070006953,0.9075575051598647,0.8512284035720424,-0.05721521566787283,0.8156508138381993,0.7960873087447689,0.6245620383963816,0.4474712924784572,-0.1618115566741788,0.8079766665443756,1.0,0.6680076677045972,0.284932604367925,0.2466980997286583,0.9390594392245898,0.4196487038401663,0.7570988451527103,0.49345267038826,-0.6827784517312331,0.17343682581753828,0.40945023708973577,0.0630087585767275,0.40945023708973577,0.6313086569470978,-0.02288533995083733,0.30031113002652243,0.33389264569804833,0.5480114933150763,0.47234966103166703,-0.32002674976258966,0.3729478409568503,0.8355743604376192,0.4573470613389381,-0.06933907930265708,-0.09703895906058754,0.7948581321790197,0.39978952952921065,0.7773054813845857,-0.1387937679631138,-0.8232131521260182,0.050536809585010896,0.4665448729356992,-0.2707869287083224,0.7469040230167179,0.670331096874994,-0.3576128020236651,0.531716175762392,0.6238311696338992,0.3887780061496209,0.5883853092182607,-0.2912230706583895,0.7651951003135782,0.8989914599089933,0.3937599053815921,0.09270457263941284,-0.09353000868540377,0.7756132888117149,0.14262916289103025,0.7986675043120609,0.05012647219012196,-0.8611152710956468,-0.10518892810555527
0.39002791498836087,0.644000219068061,0.6083198439484119,0.4974389113469055,-0.0731203632952517,0.3171398005883866,0.6293220183249925,0.46875431105438414,0.2702318952662825,0.04699140933448195,0.49293144383497534,0.6680076677045972,1.0,-0.11825102498122492,-0.16128201103335216,0.6767460755835977,0.06549526515316803,0.49955502705697097,0.4466791783401758,-0.6962153249745032,0.4096354672103365,-0.009793421737673204,0.06654326814945333,-0.009793421737673204,0.2978250856510845,-0.03283906192435811,-0.19475846253300916,0.20637354721903955,0.43038468208459335,0.08421350532646407,-0.011833861244085083,-0.03194299661396354,0.3975677144829243,0.7738205995518401,-0.3430096455080016,-0.5924773927204087,0.45551423909494354,-0.05520689234383653,0.5033250209774814,0.08065445367736347,-0.7256500990947068,0.3417524826728756,0.5481317381408328,0.056785260494432374,0.5816623030734955,0.5664746430046602,-0.024473498895271225,-0.0002845163333884949,0.7317188430195423,0.38218767640854495,0.5359893606052301,0.012050722775516684,0.3952981453695951,0.7616131760488745,0.8900468037892003,-0.1578343330616028,-0.4442295020460345,0.5698092956659457,-0.2878264639408089,0.5193425760564538,0.2147378712773994,-0.5122756226594989,0.322858299768864
0.46944033880885455,0.5725439216443297,0.15536468419727775,0.25762274680511504,0.5632266576919418,0.010992359585336583,0.09116056071255718,-0.061597789915625825,-0.39487430918193,0.49049451457532667,0.07863251901731388,0.284932604367925,-0.11825102498122492,1.0,0.12242361859769742,0.4054967128320221,0.39191161954897896,-0.19649691059050134,0.2860821144949903,0.018089323710978482,-0.3569320828550749,0.3372998896455788,-0.33703590625638885,0.3372998896455788,0.34534343926103683,0.4598217043699738,0.04645385912571834,-0.024776640587580473,-0.07032327528382983,-0.011056662787668734,0.3554377294377189,-0.0023472783900929622,0.24848944575756993,-0.24539059467086455,0.7717229272344549,0.10397256231339566,0.4862992849685734,0.3483292446546408,0.01727147690910903,0.33118910566547394,0.0203903946628242,-0.31114351777232263,0.42975575432681284,-0.3125802544214826,0.5236982971130099,-0.023262739497954765,-0.08905636409537557,-0.03200850317393336,0.0794300056443836,-0.272151002436896,-0.4199262510040327,0.44579355226980827,0.07333848855011135,0.17492890030693314,-0.11869326955005526,0.9285240399356716,0.04219186878136935,0.4656670548880844,0.5608132089048281,0.0065944403827709695,0.19699191184970483,-0.11943355872242882,-0.4189498753592667
0.5986007045831725,0.009109192978248973,0.2884867908550894,0.574572017562959,-0.01864756964810903,0.49651255052353616,-0.22215701546231964,0.6210164848202278,-0.1968903322879158,-0.052796914175703764,-0.015131079456337222,0.2466980997286583,-0.16128201103335216,0.12242361859769742,1.0,0.05248575933037054,0.5258191296009281,0.41292248809775955,0.5172548111324293,0.29584447323755414,-0.1090859177847708,0.36769494935853636,0.7013490436781227,0.36769494935853636,0.44921912317179186,-0.003748934262965876,0.41235383176743506,-0.5129624763795384,0.40259095666773886,-0.0002849512566338832,-0.13863571552146545,-0.0558328110258815,0.4571405092474913,-0.3006823187314288,-0.07378179020820842,0.8396872520592649,0.09616493011374659,0.37194273868862565,0.3977897266613629,0.2568681442260408,0.15525585056775804,-0.1426100966287544,0.34160535726782365,0.19978545878595672,0.2713664942504272,0.41212123098361925,-0.3240830050674489,0.3898106399678139,-0.4760980261002767,0.415950770652105,-0.06084497021507411,-0.29048543841383173,0.011771009784947797,-0.007640597664757918,-0.4790100079871375,-0.12976451678163195,0.9068468132891978,-0.02856877273052948,0.439554681764491,0.40325999093998577,0.12099629583759558,-0.10821620881217867,-0.3334188331429235
0.6949737790657955,0.8435412275646025,0.8998132305777294,0.7663662733530849,-0.024634743788844112,0.6915002215415214,0.8447274901594166,0.48822027708336446,0.3150363378240152,0.00978958562057502,0.7223642299080374,0.9390594392245898,0.6767460755835977,0.4054967128320221,0.05248575933037054,1.0,0.49053871897623014,0.5826651713900471,0.42234851681336233,-0.7388044073328135,0.26208190703853945,0.4374367265150098,-0.12983495600220268,0.4374367265150098,0.5685239901528472,-0.1286794616760089,0.26424894022238216,0.46514585364161504,0.4372168506187778,0.45601039060126136,-0.08683332532119598,0.2848227268703307,0.7493859956307043,0.44294252493901876,0.09736369795962924,-0.2603111244711347,0.898111392727865,0.4303591035854692,0.6913537734292221,-0.07032271952622031,-0.8116041077820232,0.1762992699620723,0.5454709694423248,-0.3597039815361227,0.8187072257168485,0.5717957824734441,-0.29195146354927853,0.5015983637670178,0.7672261406727588,0.24532797914920185,0.44770986310430433,-0.04855492714030598,0.6872156275290612,0.8668333905700488,0.5275391575219328,0.2830799277455875,-0.2525999071700185,0.920025975364421,0.24866682678791285,0.7076919141260959,0.09708142987105983,-0.8317596588787655,0.0619625688514252
0.6110537845938825,0.26231430193563215,0.5312620198091075,0.5431938499852144,0.07093410565308045,0.5754759634723043,0.32509136390206655,0.398255652109352,-0.1464843721802848,0.11147084729406724,0.0688999733727486,0.4196487038401663,0.06549526515316803,0.39191161954897896,0.5258191296009281,0.49053871897623014,1.0,0.36355347494185414,0.4814283082582955,-0.08068718136165173,0.16924791378097653,0.5880305035411935,0.20090394114143578,0.5880305035411935,0.4236657303935291,-0.38317168974551924,0.5295562179683463,0.1995344615290079,0.3172532827758177,0.25709280320625194,0.10852518237498096,-0.09653190768407427,0.5068671558201291,-0.1222031241054142,0.20514335576124548,0.33378853164462663,0.52420001554493,0.8140057429634506,0.5184085864556068,0.2708716982520141,-0.18175942136647535,0.1372539251373323,0.5150525732000484,-0.28722470917232373,0.48675682938128473,0.2459458616831279,-0.10797059929728535,0.6491748654586346,0.23177420097914805,0.16156046991160988,0.07503755594711439,0.020213073587239647,0.06273865524398693,0.07664871564006198,0.0018570002065065089,0.1953464647045688,0.34155484928422447,0.4697954682247026,0.8952739425065285,0.47666091156232865,0.30874751694768054,-0.478706859277908,0.03302593715377628
0.5550704442810719,0.41677162377293464,0.7323482023430905,0.7239166527185938,-0.46794021430474336,0.8516528672622711,0.5264495392059246,0.7402951625105588,0.5215575525669058,-0.522865904563419,0.7263463691619536,0.7570988451527103,0.49955502705697097,-0.19649691059050134,0.41292248809775955,0.5826651713900471,0.36355347494185414,1.0,0.5640080342818342,-0.3304011596430699,0.38324349272608754,0.547839664881408,0.5185459272324712,0.547839664881408,0.6770966124118468,-0.2710014897872708,0.5911731872696121,0.3192262109359072,0.7807049072481614,0.6109672322841724,-0.5236526759196609,0.5378269518248879,0.8454100960357028,0.5764417119060165,-0.2640213071306548,0.20172215469088006,0.5258076433312348,0.43710103057027105,0.9327209063745454,-0.2845339045268477,-0.5528430148128736,0.22172600491710587,0.1878471946807402,-0.19028650728119745,0.38603652525733767,0.6185821545602798,-0.5290794215928033,0.6586750831574889,0.34606505715393276,0.6122732455306511,0.7536437487390127,-0.6760487728093276,0.6865049722400274,0.6008108602383733,0.24391743327457294,-0.3979255272747758,0.10315642520617656,0.38731442218450346,0.012410465295675827,0.9157138552657674,0.16510685274765968,-0.6603748118843458,0.06177589126873512
0.7598316705073488,0.5826683268296828,0.4812331522861734,0.6900534951863135,0.06268955333302434,0.3232487119764298,0.09750352753753302,0.6993116775280392,-0.33413280013437185,0.2511365121285558,0.2586171272499454,0.49345267038826,0.4466791783401758,0.2860821144949903,0.5172548111324293,0.42234851681336233,0.4814283082582955,0.5640080342818342,1.0,0.09117818187773112,0.29283506058228914,0.4800638155231588,0.6156745248202818,0.4800638155231588,0.8351004616864526,0.1601621483912799,0.29477772144486897,-0.1998663353979995,0.8006088912137105,0.1294062183272797,0.22865840126350775,0.0011873094731343942,0.64343126984497,0.38774855235240324,0.1522446135122513,0.22592523412720683,0.4172100167222721,0.42384328281426065,0.6592473918427744,0.2721128448931701,-0.06146978118970907,0.24834497938753938,0.7444056283579464,-0.16020122285629693,0.5401934000955947,0.493032733057496,-0.2853771888288892,0.09225827290947596,0.12118900279773545,0.46606128851985806,0.1628899802884657,0.052109739262036506,0.13917377283695784,0.3358222008367067,0.29989060727109984,0.08633116192125805,0.19807912934130414,0.35975728147416924,0.21897311404460898,0.6322803795682761,0.4664330677997119,-0.13638126257273758,0.08062428736684407
-0.13734174975375874,-0.5583908512479154,-0.6597605657984079,-0.4294719257750511,-0.021453721942901835,-0.4442595615258789,-0.8712854739463789,-0.2958331462362609,-0.6063759321796491,0.23245214725059474,-0.6698882034507257,-0.6827784517312331,-0.6962153249745032,0.018089323710978482,0.29584447323755414,-0.7388044073328135,-0.08068718136165173,-0.3304011596430699,0.09117818187773112,1.0,-0.3146881056222622,0.0824438225239846,0.4615589547948109,0.0824438225239846,-0.03785914982472119,0.14528960458045717,0.21767990762507763,-0.5313608501113435,-0.10214923437442161,-0.10812673565478616,0.3379085932216646,-0.21724216912136798,-0.23592020085288223,-0.37844801427285185,0.342888441051995,0.614520906948456,-0.477375722876162,0.0923452926971816,-0.26482388314289745,0.14646514030335414,0.9499130540862226,-0.24497779298814173,-0.25241831198030273,0.11252751833505902,-0.4966355144337998,-0.5601716001141547,0.013782370163582426,-0.27194914861651304,-0.8423795038551708,-0.30536348325691515,-0.5227026866139891,0.16310367115086546,-0.6592864383678428,-0.8057159381162459,-0.5589502059924052,0.07705107131256911,0.4711880478760262,-0.5720784572870673,0.15254341142549502,-0.28000185561323865,0.12116701777158052,0.7146831684739581,-0.21558203128988074
0.023997841518724135,0.2557035065668849,0.4497326396869054,0.3473446599635008,-0.45407642192377173,0.1468924595584167,0.2931421920375331,0.5620196258276787,0.01455848022853108,-0.19092731108954475,0.36434733034604466,0.17343682581753828,0.4096354672103365,-0.3569320828550749,-0.1090859177847708,0.26208190703853945,0.16924791378097653,0.38324349272608754,0.29283506058228914,-0.3146881056222622,1.0,0.30669591658651685,0.18874047210480288,0.30669591658651685,0.4049717902244638,-0.5421559091818219,0.18940147269765478,0.395928048191679,0.6252176812452633,0.12761512084858392,0.09362773932150589,0.26961310979364117,0.19450629659349797,0.4386951159172731,-0.1691932352914808,-0.2113107683578632,0.2735488207745213,-0.003150129930529111,0.38847397659016986,-0.10887075949870584,-0.24484454031871686,0.9828969685180253,0.35598095456157525,-0.21625435827996917,0.22607547735167313,0.5439535580626558,-0.33187598075879704,0.24974002366701892,0.4675685226836766,0.6423310888512745,0.2620135590061842,-0.10494388062874548,0.3339995297173338,0.3003340035285751,0.48361328161303463,-0.3712884415454449,-0.21837652266043414,0.2396586898566284,-0.17425467625038485,0.33842419173298194,0.22281722738572057,-0.029740629022637702,0.9205554590036595
0.47194470363084856,0.4078759536393768,0.43170315648236196,0.44532832516567866,-0.4601083128324141,0.5187613036137998,0.1257171132000307,0.41218305098541325,-0.03543168742488104,-0.24587205149714814,0.3780698234876912,0.40945023708973577,-0.009793421737673204,0.3372998896455788,0.36769494935853636,0.4374367265150098,0.5880305035411935,0.547839664881408,0.4800638155231588,0.0824438225239846,0.30669591658651685,1.0,0.3033921806402358,1.0,0.6705740787685458,-0.3182937804204903,0.7960556968837109,0.36578064446897546,0.47643028299994306,0.5545839473534578,-0.02077362954424829,0.5513659960523893,0.718649959928769,0.28852743650875196,0.5743441396987681,0.4737183934007129,0.7220796449096366,0.575817453052858,0.7365025469784453,0.09722827586487476,-0.02608528248565215,0.2524623126668698,0.21914875046583873,-0.2247693475022117,0.5250425381630914,0.2777567639134972,-0.799106994657157,0.6284698854935293,0.09298109299983798,0.2776552121828108,0.006271428192985206,-0.2878600664641181,0.4434656310705866,0.23242317360478343,-0.005560698330145322,0.27551187220752676,0.2644282031691236,0.47111945736985295,0.4817872392317561,0.6645417886229867,0.5451364446639896,-0.3063165905207635,0.07283359580186884
0.44981692419146646,-0.14392379601377195,0.15759571153492646,0.3676832497501572,-0.4294586367176562,0.2933725376048244,-0.3395980839359826,0.5527246767418524,-0.22253053508152015,-0.036204282560358854,-0.10131392803232724,0.0630087585767275,0.06654326814945333,-0.33703590625638885,0.7013490436781227,-0.12983495600220268,0.20090394114143578,0.5185459272324712,0.6156745248202818,0.4615589547948109,0.18874047210480288,0.3033921806402358,1.0,0.30339218064023593,0.472095592198893,-0.19829372585599855,0.4691330418885008,-0.4753632494228398,0.6087555357598371,0.1879273361186524,0.03480468508914741,-0.07351308252606631,0.4388550305294037,0.16620957843202286,-0.23095750167653212,0.6101803865541826,-0.030260846663395447,0.25310471537396945,0.5104445323357174,0.03253745112322234,0.295551448796887,0.14424340624745424,0.20873091660711232,0.20293042529830269,0.024427451090154463,0.24331364212485354,-0.3080751050345767,0.19919136029461562,-0.4350515885242378,0.38436119471850877,0.13919864442858712,-0.25189597263950564,-0.13467679621151088,-0.09805324444853795,-0.0909918306013343,-0.4438441131765054,0.5953703422067987,-0.11471282758173271,0.004814620762977412,0.5291032915127545,0.16062651653493512,0.10736401152616579,0.06063022606186753
0.47194470363084856,0.4078759536393768,0.43170315648236196,0.44532832516567866,-0.4601083128324141,0.5187613036137998,0.1257171132000307,0.41218305098541325,-0.03543168742488104,-0.24587205149714814,0.3780698234876912,0.40945023708973577,-0.009793421737673204,0.3372998896455788,0.36769494935853636,0.4374367265150098,0.5880305035411935,0.547839664881408,0.4800638155231588,0.0824438225239846,0.30669591658651685,1.0,0.30339218064023593,1.0,0.6705740787685458,-0.3182937804204903,0.7960556968837109,0.36578064446897546,0.47643028299994306,0.5545839473534578,-0.02077362954424829,0.5513659960523893,0.718649959928769,0.28852743650875196,0.5743441396987681,0.4737183934007129,0.7220796449096366,0.575817453052858,0.7365025469784453,0.09722827586487476,-0.02608528248565215,0.2524623126668698,0.21914875046583873,-0.2247693475022117,0.5250425381630914,0.2777567639134972,-0.799106994657157,0.6284698854935293,0.09298109299983798,0.2776552121828108,0.006271428192985206,-0.2878600664641181,0.4434656310705866,0.23242317360478343,-0.005560698330145322,0.27551187220752676,0.2644282031691236,0.47111945736985295,0.4817872392317561,0.6645417886229867,0.5451364446639896,-0.3063165905207635,0.07283359580186884
0.7627005713187637,0.6722605461472871,0.6745098557729942,0.8100242039064284,-0.14320462282404312,0.5133625045949638,0.2737854867867418,0.7395231800491615,-0.11920614306998807,0.03171139652933177,0.5830073642680242,0.6313086569470978,0.2978250856510845,0.34534343926103683,0.44921912317179186,0.5685239901528472,0.4236657303935291,0.6770966124118468,0.8351004616864526,-0.03785914982472119,0.4049717902244638,0.6705740787685458,0.472095592198893,0.6705740787685458,1.0,0.02788854354888146,0.5544751163996091,0.0724055802455264,0.8944899922476837,0.4485502462918687,0.051226994813838925,0.4322526724246955,0.8236605342001657,0.3292316158200807,0.2743683895311836,0.3032676570504925,0.632701808542376,0.489433803073448,0.7634122834249882,-0.11436520171142056,-0.18642808011643652,0.3339949468956928,0.5575684452485304,-0.4593420732760559,0.5497276295875709,0.5713895075458947,-0.5679960412215447,0.3731397605395363,0.20037833858587012,0.4966713817849889,0.25158192812805313,-0.13585730938078686,0.507427348083507,0.513674699730383,0.1392307365836749,0.14956983960679,0.1441863156507944,0.5135159316739147,0.17138055209777475,0.7508738233493264,0.21982754051021325,-0.2708622358557197,0.11929846893819002
0.00044713416020023363,0.28819777136974095,-0.3248106352050678,-0.07573042085062638,0.7036082919888919,-0.38049361324748654,-0.23645024861484962,-0.11508494894871814,-0.18905813948596542,0.2428536829981276,0.020791860807340013,-0.02288533995083733,-0.03283906192435811,0.4598217043699738,-0.003748934262965876,-0.1286794616760089,-0.38317168974551924,-0.2710014897872708,0.1601621483912799,0.14528960458045717,-0.5421559091818219,-0.3182937804204903,-0.19829372585599855,-0.3182937804204903,0.02788854354888146,1.0,-0.5544148687370919,-0.43687920828776516,-0.13202882745823832,-0.4729250584643969,-0.00963537197177245,-0.05069028118938484,-0.19438164078454584,-0.08680066129201494,0.21967885096276185,-0.06796522519121906,-0.25284688649395826,-0.36719199028892924,-0.34363867868421366,0.27759330151958084,0.13649461769193855,-0.5149188150306866,0.10765878592628547,0.12862233506892232,0.015494974631765643,-0.021123859476807966,0.15507894172961864,-0.6723954875518423,-0.22103861435938132,-0.06457627027090475,-0.24297353906636476,0.16897841526885085,-0.048544163908386374,0.0704873049211955,-0.16080864977991613,0.38223896426113596,-0.04722592536572714,-0.2501506855304481,-0.242247361079351,-0.3518157272321556,0.08632247890789785,0.28407300954478243,-0.5883088300213982
0.4525402902808605,0.013006811729701096,0.4112102390893108,0.3685770333969536,-0.6018470937662905,0.6435986274005427,0.13412642666398553,0.2714162943557806,0.1252365768903355,-0.282238473560523,0.2528976317835223,0.30031113002652243,-0.19475846253300916,0.04645385912571834,0.41235383176743506,0.26424894022238216,0.5295562179683463,0.5911731872696121,0.29477772144486897,0.21767990762507763,0.18940147269765478,0.7960556968837109,0.4691330418885008,0.7960556968837109,0.5544751163996091,-0.5544148687370919,1.0,0.32474009913306445,0.46367237741474127,0.831481976514398,-0.13568411487359863,0.46470737847136245,0.7191517933753017,0.08587344660141152,0.26604793211187366,0.5814088982033602,0.5123290876758126,0.7676299629648013,0.7086106183102143,-0.36916024438420136,0.029869844033964837,0.10304837320686729,-0.1021946086625058,-0.41992405530446725,0.12286557785856825,0.020655654110822385,-0.5507673753331216,0.8132403924782119,-0.05106696016760972,0.055563316042791105,0.2551799027525735,-0.3819811326402535,0.2946645037261958,0.02138582438314004,-0.20452040863440463,-0.0183716306086322,0.3145999334385988,0.33381283888445823,0.45909994763273976,0.7021990607816001,0.04572514707963316,-0.36231451503525164,0.01733837964473544
-0.15897516037428636,0.254327135373306,0.34487931396544286,0.023982586621380704,-0.29879662947172847,0.351083088945365,0.6943559517642239,-0.07539938035020763,0.591847944665131,-0.47098675774440146,0.5580326243145922,0.33389264569804833,0.20637354721903955,-0.024776640587580473,-0.5129624763795384,0.46514585364161504,0.1995344615290079,0.3192262109359072,-0.1998663353979995,-0.5313608501113435,0.395928048191679,0.36578064446897546,-0.4753632494228398,0.36578064446897546,0.0724055802455264,-0.43687920828776516,0.32474009913306445,1.0,0.08472525739527943,0.559610213318616,-0.3344666382179112,0.5857721844116374,0.23557967583192987,0.4043288540985389,0.12300221347359662,-0.41698339085860514,0.4661241874443347,0.3024388164323717,0.3412191877508201,-0.3956255548149875,-0.5522678587219523,0.3114989610981893,-0.22837311921501324,-0.5236550117376906,0.0916845803097061,0.028409613728936977,-0.1903215634733592,0.5098747699311453,0.7357539366255472,0.02748392710286524,0.4945090626098517,-0.30942875178915913,0.5702683998965008,0.31997012808756775,0.35478109939859565,0.008993082161489101,-0.6081492407424304,0.3927297962275622,0.10371972257851114,0.27709191946978484,0.08523994894128947,-0.5408761960630958,0.32737589526380023
0.5943861701425075,0.48754949405434816,0.6590179578862487,0.7654515697298504,-0.27038896291,0.5066158663135152,0.3021832871500941,0.8404132839851731,0.02532458672485828,-0.13048108256833862,0.5734281003963357,0.5480114933150763,0.43038468208459335,-0.07032327528382983,0.40259095666773886,0.4372168506187778,0.3172532827758177,0.7807049072481614,0.8006088912137105,-0.10214923437442161,0.6252176812452633,0.47643028299994306,0.6087555357598371,0.47643028299994306,0.8944899922476837,-0.13202882745823832,0.46367237741474127,0.08472525739527943,1.0,0.38343102221278136,-0.08262132326145943,0.37475540684567277,0.7030622385691249,0.4434138362888505,-0.11630709356346886,0.18749731286079382,0.404738537644217,0.3602554652873068,0.7580413868877848,-0.2200582246536135,-0.25254528804382825,0.5330232662581057,0.4891092078783076,-0.38024081933842974,0.34794768008098675,0.6537753715278661,-0.4399496887437151,0.3533352832750009,0.2524815800784518,0.6906399678047861,0.48517321106762035,-0.2864741276492933,0.4670411813885385,0.46924774126673174,0.25641639702386976,-0.2785882428607564,0.08095091533574496,0.3180655551983992,-0.048675310933905355,0.7420600834879766,0.15499213177718016,-0.23260779874163032,0.35698807963323287
0.3861002583625413,0.15053033320710899,0.497046281987488,0.3060201041661401,-0.5716341099945554,0.6493618849087522,0.470227212626572,0.08214179666188497,0.4391183867287383,-0.2854610000435093,0.47117671589639676,0.47234966103166703,0.08421350532646407,-0.011056662787668734,-0.0002849512566338832,0.45601039060126136,0.25709280320625194,0.6109672322841724,0.1294062183272797,-0.10812673565478616,0.12761512084858392,0.5545839473534578,0.1879273361186524,0.5545839473534578,0.4485502462918687,-0.4729250584643969,0.831481976514398,0.559610213318616,0.38343102221278136,1.0,-0.23710679776412452,0.5359831343668532,0.7252291628077363,0.33368012725169566,0.12942689213739306,0.12727157592271934,0.5830555312899329,0.6674962814276009,0.6920643093652686,-0.6744836434008205,-0.30446103904445276,0.006838340671325174,-0.2423243237617918,-0.5821003999355391,0.08251053879120304,-0.06481380930830122,-0.36426156639270396,0.7193282636162801,0.29367829941838436,-0.13448214790665405,0.5598174965804302,-0.350093570267521,0.46672423813430675,0.28078644349308385,0.09940175214483164,-0.012642469663710021,-0.163653405138521,0.5063436291551167,0.16912605932594732,0.7255690398798699,-0.20063879403469775,-0.5844856361803482,0.002725301202836581
0.17318220621560293,0.06516844646355677,-0.16500979259337606,-0.13015556980038628,0.1893179776128965,-0.5374194943137303,-0.34594802664306284,-0.20927482048332463,-0.8766250115984537,0.8924723874833529,-0.5672919474866287,-0.32002674976258966,-0.011833861244085083,0.3554377294377189,-0.13863571552146545,-0.08683332532119598,0.10852518237498096,-0.5236526759196609,0.22865840126350775,0.3379085932216646,0.09362773932150589,-0.02077362954424829,0.03480468508914741,-0.02077362954424829,0.051226994813838925,-0.00963537197177245,-0.13568411487359863,-0.3344666382179112,-0.08262132326145943,-0.23710679776412452,1.0,-0.6038423498779995,-0.1879783405632588,-0.1258350315710304,0.44748251901662395,-0.12771887882247515,0.07139820668543037,0.04682109236072111,-0.2500383098096958,0.372616817159178,0.4717118099751392,0.23563448171495113,0.4826281345446018,-0.0464865978940951,0.16871599251112768,-0.28605712411565026,0.23460725407794034,-0.41749416882755747,-0.0858796488368002,-0.38412743447079456,-0.6243524037039823,0.9223605820964471,-0.6071702407313152,-0.2749828407371048,0.25590227407910504,0.5155360252500911,-0.06929827758713418,0.22682326841564596,0.20187630787905192,-0.2159952690165009,0.13903723900879442,0.47004646825419205,0.3292055615469598
-0.030496602605161988,0.32175390625605327,0.29718853025854997,0.23751387661519155,-0.44162983777675435,0.42269116356013514,0.311432264840643,0.26899169736472267,0.5609031289892441,-0.7312783903695055,0.7806571652825688,0.3729478409568503,-0.03194299661396354,-0.0023472783900929622,-0.0558328110258815,0.2848227268703307,-0.09653190768407427,0.5378269518248879,0.0011873094731343942,-0.21724216912136798,0.26961310979364117,0.5513659960523893,-0.07351308252606631,0.5513659960523893,0.4322526724246955,-0.05069028118938484,0.46470737847136245,0.5857721844116374,0.37475540684567277,0.5359831343668532,-0.6038423498779995,1.0,0.4556421699902927,0.3483072800726511,0.2089361218763479,0.14512597325187682,0.3889656464154762,0.06571332132532742,0.4622767108149466,-0.4518784870482753,-0.30040257951393795,0.16259342450115563,-0.3138556825414991,-0.32506167270902553,0.10481544569725441,0.31794545854825956,-0.734459260449261,0.4478930038870118,0.20476322696509683,0.3841457385336946,0.36799290584468647,-0.6960551974970499,0.8347476197707633,0.42326013411336116,-0.10893040041481017,-0.057150127543094474,-0.12700841778248115,0.13827601320251862,-0.1965674317192956,0.40298146384963013,0.08951967911741097,-0.29693038502347496,0.0010527200103227466
