Fp1,Fz,F3,F7,FT9,FC5,FC1,C3,T7,TP9,CP5,CP1,Pz,P3,P7,O1,Oz,P8,TP10,CP6,CP2,C4,T8,FT10,FC6,FC2,F4,F8,Fp2,AF7,AF3,AFz,F1,F5,FT7,FC3,FCz,C1,C5,TP7,CP3,P1,P5,PO7,PO3,POz,PO4,PO8,P6,P2,CPz,CP4,TP8,FC4,FT8,F6,F2,AF4,AF8,O2,P4,C6,C2
1.0,0.7195377296725606,0.1421804696812665,0.14369100224283687,-0.5395708075197876,-0.5614973331466437,0.29668933486965554,-0.593558268249156,0.5242942144438915,0.597411959243248,0.09143803423749788,0.7022514020773317,0.022504309336562757,-0.1090187243769462,0.7558050989726965,0.036843210990705186,0.44627583886689665,-0.5442292626832449,-0.3958075972992453,-0.37056807591293284,0.2942974660840145,0.12972537635725073,0.5600194715628684,0.12972537635725073,0.09502230032596751,-0.4656362468103187,-0.5454077621079285,0.22661256964668647,-0.5703193149342545,0.5080837024237642,0.4476942295826065,0.05653350731703557,0.5293030848264949,-0.060709428681766764,-0.33955280928910253,0.6742793335872688,-0.15730687454867928,0.38040241751304993,-0.4039916783138587,-0.3368293561078578,-0.3115253100242907,0.20736870651533224,0.7347735067035781,0.5290917084148217,0.13065849627274584,0.10252701459659612,-0.3895972266779664,-0.4476293293463173,0.17070412943433363,-0.4588937120236709,0.48192445119345306,0.46073389526509895,0.05803472221403941,0.5582977641228808,-0.05901963409928486,-0.28433587809867183,0.6122154109563652,-0.08715007347377836,0.3491449917641887,-0.47924357825135777,-0.2858777669093431,-0.24318795857519235,0.186893549470697
0.7195377296725606,1.0,0.01497303674516268,0.2645214267894241,-0.208099350802961,-0.4077048319101641,0.7099001932559652,-0.5055930987578152,0.11047639310006623,0.2392503201247669,-0.33759524230028765,0.46178662894413247,0.35590093857670074,-0.029834477724845026,0.630147659296079,0.07547320971787838,0.409239961837583,-0.24406659729012903,-0.48303746194171576,-0.3809652483815421,0.31694564955664023,0.0845380086731856,0.8182135323218541,0.0845380086731856,0.11485709175856906,-0.15394272172039836,-0.3945905560750968,0.584324278717466,-0.44283771664591326,0.13148519149617288,0.18080647321592003,-0.3069747471669435,0.35273119658797475,0.28158861443407635,-0.21832248760309297,0.5844634450372918,-0.03229302369472666,0.34873399578617964,-0.13748363582954404,-0.43081662831226786,-0.287005580186103,0.24896404513090412,0.5337628599368919,0.7556551262407706,0.10338224786675301,0.12737212614016086,-0.08124937177316308,-0.2831679689725986,0.5291231187206955,-0.31247357781016816,0.11014969038776024,0.23591412124481395,-0.2608707372376517,0.3859814731638306,0.30258211127710016,-0.203161536559286,0.5569741440308094,-0.012533102225836147,0.33097768491747676,-0.15535318058095637,-0.37125585169257375,-0.206117129919682,0.2347455173500557
0.1421804696812665,0.01497303674516268,1.0,-0.3676910758860614,-0.3472773439884214,-0.36946132334969634,-0.5346229533508947,-0.1276434370608695,0.4997610209849138,0.2365045971259309,0.12042123022457957,0.257842962318764,0.2151282738173629,0.2045807263407076,0.05968943953846681,-0.19509201687521197,0.20800984780038367,0.2832544651727341,0.5074119784867995,0.10707270402687184,0.045382088774893935,0.7705767815673619,0.04359289664152791,0.7705767815673619,-0.23053962722360283,-0.2853216212948809,-0.3485591447851377,-0.5814860463600956,-0.11911658787778116,0.4901931704408974,0.13575433748924792,0.14414083640513523,0.20119810981139677,0.21796008860037483,0.1228201730234585,0.001100744579088136,-0.23538926905350205,0.1507008272087563,0.25182373539860453,0.42792220568193473,0.06000650007511692,-0.04488751777540556,0.0455355557978881,0.042881080602606675,0.6413813034506812,-0.16731501301690782,-0.184458452037509,-0.3074628158641195,-0.5472394529284546,-0.07249655772669572,0.47896142411060383,0.08819869280515522,0.1574088986946071,0.14895712045763818,0.1782459906520232,0.1530330059218326,-0.004036658386047815,-0.18647551795827702,0.145046598127435,0.07383279269748731,0.3917634482001467,-0.022812260850498773,-0.052706517795650644
0.14369100224283687,0.2645214267894241,-0.3676910758860614,1.0,0.39245747985824003,0.2822024814798269,0.5834182105789093,0.0837864451043927,-0.3767084876200721,-0.1558432665909531,-0.06710600148246446,0.018039948470766058,0.5168826097509949,0.2498306207535579,0.2812638985330055,0.44962708451582906,-0.107611720135658,0.024167237072473185,-0.14228831664199706,0.18227311444398775,0.17038197347149325,-0.1835878699044069,0.2744974422160298,-0.1835878699044069,0.8344336501179448,0.3576571969879665,0.30577022221371847,0.6556756166246356,0.19589993913507942,-0.3356691916366346,-0.0562377176745072,-0.016832530696882942,0.13333939631178313,0.5197694761097366,0.13746034294061424,0.30363887104788667,0.36884387921460554,-0.07101671071088134,0.07552938913706253,-0.07332092917230111,0.20520173608914896,0.1974279289257407,0.25456159747752843,0.3177656582917642,-0.05340270236699746,0.765206543823699,0.33834770867324004,0.34023227530384603,0.6349519275529881,0.24405569344903272,-0.2578665590346223,-0.002979780847325834,0.09282893958754296,0.18052758164868657,0.5626294415165057,0.15289569487320254,0.37151516049898314,0.36088935815374307,-0.019954001002134784,0.2348223348747936,-0.015652389311785486,0.2736675224576403,0.241753545138335
-0.5395708075197876,-0.208099350802961,-0.3472773439884214,0.39245747985824003,1.0,0.9205469488177924,0.2894450946182633,0.7439894776115403,-0.6558856574192294,-0.4842022138192825,0.16080665386892254,-0.48299129976786703,0.13334799356537858,0.4452984466621934,-0.3343173652589151,0.5875901997755202,-0.026632701446774598,0.5994268135761395,0.29586761728450794,0.5493940261166665,-0.00026692872921068456,-0.32320510395661467,-0.2439802370648494,-0.32320510395661467,0.31196947853539775,0.9108719945182591,0.8017118097526368,0.37038936576548503,0.6345533805152158,-0.6056998611542102,-0.39567355561673523,0.19384779587497072,-0.3802659706593863,0.17283030739710917,0.3246816143068243,-0.2699482538419985,0.49160101665631695,-0.0020511654988894425,0.5235848735053188,0.2978825856694093,0.416795951940427,0.06543511328655066,-0.4010136731468907,-0.17562750364252244,-0.23259854870124702,0.3133083172691654,0.7980786428625002,0.7863409455134013,0.41651770318265924,0.6430946811885714,-0.5075963477625812,-0.2819978641566691,0.2492509288854053,-0.2964501086815403,0.2567753926165351,0.320653289242748,-0.13919709688037868,0.44037261864410215,0.06041968610609815,0.5925364238608631,0.29120326556236525,0.4338248393558173,0.10068649911886467
-0.5614973331466437,-0.4077048319101641,-0.36946132334969634,0.2822024814798269,0.9205469488177924,1.0,0.11797491343670201,0.7261691089840167,-0.5713170968501639,-0.511610804280602,0.30650141427514244,-0.602527815569826,-0.027425050671959356,0.35429130934373804,-0.4942700023135126,0.6001683107033112,-0.1052078625819537,0.5449943755983744,0.4318119037976045,0.5538296692649697,0.009266378049988575,-0.3870832704758241,-0.4756703011470412,-0.3870832704758241,0.2444961004602511,0.8110691329198766,0.8963207891001325,0.19587758920464887,0.611552401259886,-0.5421459583236742,-0.4376627564713544,0.2932015418404332,-0.5194829038829458,0.01475728642385527,0.24668691768752024,-0.43370200331897757,0.47791855053204974,-0.053190367144710836,0.4743720931016667,0.4173049327023275,0.39637430225026826,0.04483179790830661,-0.4529961345267561,-0.41057205992639073,-0.3021054663014001,0.23046922920984686,0.6840596797432883,0.8435044888158219,0.2315350348668802,0.5851327793898139,-0.4390109082100943,-0.33885893586347493,0.3184113220354961,-0.44461201177641246,0.07125755035627836,0.24620212313959342,-0.31270408903080477,0.40896633552546874,-0.010138820280255038,0.512998067446458,0.3968566845273852,0.4086964935360238,0.06604062121139634
0.29668933486965554,0.7099001932559652,-0.5346229533508947,0.5834182105789093,0.2894450946182633,0.11797491343670201,1.0,-0.22038561042703608,-0.42411136507145464,-0.19995188984722514,-0.4566937489712786,0.02231701416891891,0.3937169938894063,0.08205109222790494,0.30947572751353214,0.3365120420732046,0.22344039816888386,-0.07893254939414215,-0.4744388867720244,-0.17666422964476022,0.3169816806718803,-0.3127046659972832,0.6430405310648166,-0.3127046659972832,0.4104895041577325,0.2954417843867814,0.1349353424012248,0.9448521286410675,-0.10542855469187966,-0.3774807339464517,-0.13435510882781054,-0.40914898204939676,0.055367356418212374,0.3667843478634111,-0.05526725506700049,0.3477206361016224,0.2804752377236883,0.23573802506254415,-0.004065485809810522,-0.39888919990541893,-0.09447701083821101,0.3083888894114111,0.3000424791447201,0.5968082698911665,-0.21213974757385892,0.36037173437583414,0.2911981281502347,0.16868139999366713,0.893525353181456,-0.03401249599719415,-0.33327323274226855,-0.052230428633977324,-0.32488646878725475,0.10499052135223333,0.41079873068239636,-0.09106094787624135,0.37321344909523274,0.21045181453589268,0.23412754127235494,0.11349441203512453,-0.3418218935277207,-0.007095065502482122,0.300953749620756
-0.593558268249156,-0.5055930987578152,-0.1276434370608695,0.0837864451043927,0.7439894776115403,0.7261691089840167,-0.22038561042703608,1.0,-0.31230220319301333,-0.1627917720460461,0.43922586015819387,-0.3251150373419891,-0.18273695549874938,0.3137439358983009,-0.3462281712987921,0.35186945202706754,-0.025390839331344534,0.5591571104787606,0.4384685831000529,0.6898374898073162,-0.17107033937141441,-0.05375788114103818,-0.45154826707144,-0.05375788114103818,0.1388197397171741,0.7071674492694072,0.6542602963869759,-0.06918407052041389,0.8622427589764768,-0.2718502066548944,-0.05204152460264592,0.46265558662828316,-0.17471311932331549,-0.1111149961972315,0.3307495146938033,-0.293038477930788,0.37221835663688047,0.000484321243463109,0.5231611559741829,0.4206412792062822,0.5440487620485783,-0.06572205924785593,-0.3518261815513647,-0.3531354437114601,0.004843836067195641,0.17098795765264832,0.6011815270329804,0.6355355622815662,0.007935253917141961,0.8111939565742159,-0.21879459564129977,-0.0338952786934785,0.47229844529322884,-0.1657975800247528,-0.022489861553493945,0.33189881052714154,-0.16114662263693721,0.32908653607370236,0.06392973908642911,0.5121028307434758,0.4156291676144146,0.5093645668776121,-0.0011424369723170352
0.5242942144438915,0.11047639310006623,0.4997610209849138,-0.3767084876200721,-0.6558856574192294,-0.5713170968501639,-0.42411136507145464,-0.31230220319301333,1.0,0.8040593235667658,0.5035396075707237,0.7119279711230639,-0.38385078365491165,0.11720182344836497,0.5527109163522129,-0.0209384516505032,0.17542868723478086,-0.19087845179918136,0.08173554095348576,0.0372642514716492,0.23851468217619573,0.5356686940874446,0.14598616819927843,0.5356686940874446,-0.25437590487475414,-0.4541597320446193,-0.42991119923552673,-0.36906265081856193,-0.2542360129508471,0.9793798429259253,0.665625878880524,0.4950453099657415,0.5788205932959902,-0.35985220928903733,0.05466597236631324,0.49338875636983276,-0.0753903322695285,0.1935775542074338,-0.07488146075245167,0.14622907160194767,0.09474076516255225,0.20859345507989474,0.530252773059798,0.19158156533374848,0.5077517514889419,-0.16209435001434275,-0.32411643032425697,-0.34468963131594427,-0.33600540781852556,-0.1950862924619939,0.9332983451760101,0.6370230312768884,0.45216690344343163,0.578345528445991,-0.3400316960941437,0.0979367821156401,0.4299716695543216,-0.02350080183271407,0.22065063200482232,-0.20414435991426302,0.19963032366782912,0.046451982929215666,0.22419370936871066
0.597411959243248,0.2392503201247669,0.2365045971259309,-0.1558432665909531,-0.4842022138192825,-0.511610804280602,-0.19995188984722514,-0.1627917720460461,0.8040593235667658,1.0,0.4563879204088048,0.9239098943487899,-0.455088675459106,0.1731063896920161,0.7835257356567757,-0.011492740658120417,0.09972028129503739,-0.34684811497538587,-0.2695487306277314,0.08100868724123197,0.11179300371036986,0.40057065803166203,0.3406775697544347,0.40057065803166203,-0.023009652579982238,-0.28903416877637167,-0.4503484288533119,-0.09917367324996092,-0.1220205118258541,0.7964207897793725,0.8979347190210473,0.475768898612917,0.8318602352524284,-0.42447371256156957,0.07633929187449838,0.7431038801113148,-0.04049590365093217,0.10051511417042254,-0.18306207419296897,-0.1477862238838359,0.1360794500046713,0.15818123691558136,0.683869507826545,0.39263347652730546,0.4179344979280794,0.066613823188437,-0.20293526720247426,-0.34151363149904074,-0.07662262449133886,-0.04767213678226646,0.7526423109304399,0.8659143354663188,0.44099929342426075,0.8241379503008265,-0.3436935212361654,0.1169028778685157,0.6973552654373486,0.04012207213923115,0.15442492300291188,-0.26536795656867496,-0.06763210726665957,0.13345770397656917,0.18860831030571343
0.09143803423749788,-0.33759524230028765,0.12042123022457957,-0.06710600148246446,0.16080665386892254,0.30650141427514244,-0.4566937489712786,0.43922586015819387,0.5035396075707237,0.4563879204088048,1.0,0.24915970390916847,-0.470476835563501,0.3705753526972883,0.1874415561865917,0.5203562754217578,0.13414699445083983,0.09612700276210279,0.4171010814104935,0.4808112089924051,0.07926135537388652,0.07276334445706228,-0.3917722570006424,0.07276334445706228,-0.0017067189980333967,0.22703556972982447,0.2904203058710935,-0.2886848897460993,0.2832350307046359,0.49040495126740913,0.3407472224803025,0.9536106768615684,0.15708995117848487,-0.4276528053804958,0.20988528845747387,0.1665377419501135,0.3126393397122446,0.15919950476111994,0.13170616168671745,0.4580097385319279,0.3732661048633829,0.1135020817407363,0.14693049434196478,-0.2669380702528385,0.12771394528962804,0.08070012467144455,0.2041007849497925,0.3458330383659822,-0.21717925826262013,0.32082454735787025,0.5199043608152674,0.40836026994232,0.8911397988487214,0.2360827579011594,-0.3604452920272577,0.2895537119822278,0.20277731917538483,0.34893998401594795,0.2213466136944147,0.059206124073336336,0.4785636404815044,0.36531993624883463,0.15821093129765043
0.7022514020773317,0.46178662894413247,0.257842962318764,0.018039948470766058,-0.48299129976786703,-0.602527815569826,0.02231701416891891,-0.3251150373419891,0.7119279711230639,0.9239098943487899,0.24915970390916847,1.0,-0.20557814590018944,0.20274261392808635,0.9179790541822999,-0.023093396070096583,0.16296700153778781,-0.3431763984660709,-0.3869339069104393,-0.04277601082254955,0.2024952200758627,0.4199550136405548,0.5502099855594234,0.4199550136405548,0.08143010266952738,-0.30151666140825123,-0.568012175693919,0.08107394668586261,-0.25891316831535205,0.7079890596453947,0.7870964028425425,0.2840593768000449,0.8822136582517766,-0.18637660964670233,0.03254825047469044,0.862121202170598,-0.10191000347692762,0.1290422364675408,-0.19273418634680894,-0.27235826476873115,0.0373271128757074,0.2101100761389195,0.7411158028393934,0.57018780151208,0.4300153876238799,0.14510866873783324,-0.19437738708521662,-0.45117907426442805,0.08861785652564987,-0.15867541010443972,0.6605355800949853,0.7595111645366392,0.2868932054655276,0.8613232480799506,-0.12145510539613052,0.0618084853836127,0.7993281289994298,-0.03163311505504062,0.1703423997863828,-0.2539471436572789,-0.1936600106873075,0.03431283654041382,0.22518670405534214
0.022504309336562757,0.35590093857670074,0.2151282738173629,0.5168826097509949,0.13334799356537858,-0.027425050671959356,0.3937169938894063,-0.18273695549874938,-0.38385078365491165,-0.455088675459106,-0.470476835563501,-0.20557814590018944,1.0,0.1099427293111203,-0.024063025874181375,0.07430889650594005,0.10181566466574565,0.19865987084670744,0.13869188365189866,-0.07205877163781285,0.14187547502425998,0.22623813319759417,0.3773393887651547,0.22623813319759417,0.4635562980669048,0.08835314178204126,-0.0016540760079457534,0.32556934505430224,-0.06969742074097819,-0.3495668376698017,-0.36704140610888697,-0.3799599403316524,-0.09145292320385424,0.962255395443704,0.06847735655874435,0.006134488480575645,0.0749001838281903,0.10703240412205377,0.16432640738797596,0.08712013066871274,-0.032200974083012236,0.08545759401228248,0.0428125521038156,0.3295816421717114,0.23133334373626957,0.4022992227463438,0.0941791808264696,0.009379279412386978,0.3044463923639011,-0.030412388444413213,-0.30768790100984705,-0.36653651124309516,-0.28430526985775373,-0.10514134880516511,0.9189603155899537,0.05965744392770603,0.039003257632476,-0.01495861198689092,0.08434239236432264,0.26031071416990786,0.07788668298408129,-0.05736460319794181,0.08503237247009852
-0.1090187243769462,-0.029834477724845026,0.2045807263407076,0.2498306207535579,0.4452984466621934,0.35429130934373804,0.08205109222790494,0.3137439358983009,0.11720182344836497,0.1731063896920161,0.3705753526972883,0.20274261392808635,0.1099427293111203,1.0,0.25949945610949776,0.7132315061182797,0.19017320405344143,0.5600358445703888,0.42944800396050287,0.7115360396226788,0.47662774670966557,0.3942313443845265,0.21687323350631912,0.3942313443845265,0.429227421234853,0.6442498808200999,0.48253669489197043,0.28055589564771716,0.5163549628942674,0.20821133174167228,0.2168518354196182,0.5239521481475704,0.2818292393995795,0.2517294041910762,0.8430157673217117,0.3701160499436878,0.7117248691190603,0.3028580111862502,0.5741737577898677,0.54909032092665,0.724189046336073,0.5535015466828459,0.27526147979657506,0.34465811191072293,0.4918464804709133,0.5264123249803068,0.7187650071779266,0.5734778275651231,0.38585941915228555,0.6484488227937094,0.323161275193813,0.32375958601092075,0.6350777324076925,0.35146637371609957,0.37169109376194726,0.8472363683776593,0.47901050294941266,0.6988491340970332,0.411912690946634,0.6853520548918652,0.598191412996803,0.7192545322141727,0.5835843887574601
0.7558050989726965,0.630147659296079,0.05968943953846681,0.2812638985330055,-0.3343173652589151,-0.4942700023135126,0.30947572751353214,-0.3462281712987921,0.5527109163522129,0.7835257356567757,0.1874415561865917,0.9179790541822999,-0.024063025874181375,0.25949945610949776,1.0,0.18432856964104538,0.23838178530822265,-0.36954224973433397,-0.48588231763253764,-0.08665762778476283,0.32609318386443076,0.2395341464339698,0.6450008582421115,0.2395341464339698,0.23932136496277925,-0.17248098731809527,-0.4495413162689999,0.38041066162941223,-0.2650537768171025,0.5674641791532603,0.6595118907136487,0.23433485517150907,0.792568320292564,-0.02843311452996796,0.04782507058641455,0.9543353341000465,0.060572117786773245,0.21408199742387218,-0.21139501897823917,-0.35742313666800496,0.012184211506325069,0.3372082406231203,0.7814423773568508,0.6739829193228015,0.29505110086892433,0.2915985867614551,-0.08500665115710856,-0.31535015904080815,0.3838059334270733,-0.13181884967595459,0.5252800458264006,0.6819144263346216,0.26640664617839505,0.8204545293202183,0.0436586107468531,0.08294149385171044,0.8967364208586485,0.12196984973371677,0.25599999817534813,-0.20535636196262785,-0.26015633487415263,0.053677703517548976,0.35479831185126426
0.036843210990705186,0.07547320971787838,-0.19509201687521197,0.44962708451582906,0.5875901997755202,0.6001683107033112,0.3365120420732046,0.35186945202706754,-0.0209384516505032,-0.011492740658120417,0.5203562754217578,-0.023093396070096583,0.07430889650594005,0.7132315061182797,0.18432856964104538,1.0,0.28638826099691217,0.3801446839751232,0.36209641177389956,0.5641088447830176,0.5625819125187334,-0.03653264974713713,0.10328412976123555,-0.03653264974713713,0.48060033152352594,0.6874618746208293,0.686587406528634,0.4996432547393439,0.4050001635788744,0.05131601950715624,0.02275160948861547,0.591251131091017,0.019994747823277374,0.16647738435263895,0.5001520331479165,0.27625156176036864,0.8310793990815075,0.4125483289141515,0.43502868163300457,0.4554128284723499,0.5339234882127616,0.598001647069497,0.2765790715553769,0.22042216905680456,0.10892337959309463,0.5367372950156836,0.6893432237394856,0.7633108599826042,0.5778971058290544,0.5133954531327519,0.16701417218769843,0.18427501035322819,0.6609855471105123,0.14466046745532968,0.27126031702202164,0.5264673312871341,0.3912867570589582,0.7671634152928327,0.4890596658696014,0.5200506045452299,0.5117035148506753,0.5805110464264143,0.6245107868497844
0.44627583886689665,0.409239961837583,0.20800984780038367,-0.107611720135658,-0.026632701446774598,-0.1052078625819537,0.22344039816888386,-0.025390839331344534,0.17542868723478086,0.09972028129503739,0.13414699445083983,0.16296700153778781,0.10181566466574565,0.19017320405344143,0.23838178530822265,0.28638826099691217,1.0,-0.018094604796375306,0.14286998352675725,-0.06708736120278558,0.33077212118999033,0.1759667702771892,0.3467485152501562,0.1759667702771892,-0.06786673259142394,0.07098034632709332,-0.04479482023549779,0.22406117955972127,-0.02052321434332684,0.22039054494894397,0.03864264915104324,0.15263040787233026,0.1311916120092258,0.09509014782854998,0.044656486252330915,0.24978796983631568,0.1958901205109614,0.9432056363997596,0.015557047914247618,0.13130478888241304,-0.058395239886493894,0.2914071130525851,0.3178635447435607,0.3453576994025244,0.1712154873479831,-0.03126571360240074,0.07701157975258197,0.006156039871714484,0.24903523457751603,0.06678087422056243,0.2339944630372957,0.0989083690092627,0.17143103538002566,0.14711486570988178,0.10111958216055705,0.05556237302902021,0.2794914184965505,0.18620858984409927,0.897088426725804,-0.010908152861199002,0.13057514402809559,-0.03478174513255114,0.2741984430541735
-0.5442292626832449,-0.24406659729012903,0.2832544651727341,0.024167237072473185,0.5994268135761395,0.5449943755983744,-0.07893254939414215,0.5591571104787606,-0.19087845179918136,-0.34684811497538587,0.09612700276210279,-0.3431763984660709,0.19865987084670744,0.5600358445703888,-0.36954224973433397,0.3801446839751232,-0.018094604796375306,1.0,0.6972370694476193,0.7275378001129752,0.250962122310238,0.34690171451526286,-0.1463415400985074,0.34690171451526286,0.12690624745974613,0.6462663461366519,0.591901089508574,-0.027710695017889753,0.6176471195269686,-0.11061971135618552,-0.2230632352820384,0.20839074382443173,-0.19118723651826633,0.3090267705918154,0.5431371259930153,-0.2914941572786646,0.4378215035247076,0.06078421361249187,0.889891341916265,0.7008240390240937,0.6536786255686738,0.26641167986916575,-0.29728807335965046,-0.058114945522111876,0.37103748048594354,0.19012908752778857,0.7153533873797024,0.6130451645809047,0.056801368171356274,0.6462416770955929,0.012928569556266882,-0.1667140669126426,0.3163868469560148,-0.16623403589009442,0.38061070788814355,0.5365498649421606,-0.14488284924516057,0.37085721818321127,0.1348759111077321,0.8757852352721011,0.687451174059166,0.5731861145777976,0.3025321048665754
-0.3958075972992453,-0.48303746194171576,0.5074119784867995,-0.14228831664199706,0.29586761728450794,0.4318119037976045,-0.4744388867720244,0.4384685831000529,0.08173554095348576,-0.2695487306277314,0.4171010814104935,-0.3869339069104393,0.13869188365189866,0.42944800396050287,-0.48588231763253764,0.36209641177389956,0.14286998352675725,0.6972370694476193,1.0,0.6215025974189983,0.17985817482557814,0.4479716876014817,-0.38912690826660334,0.4479716876014817,0.06809943401732776,0.36514824358714293,0.5382563487120324,-0.3952282809698359,0.4724169525779253,0.12985186248138392,-0.18106950606868696,0.4782398723544351,-0.2497173871599111,0.23555647511469996,0.460373221813485,-0.4017852021576014,0.39280357229785223,0.2388862650354824,0.6162187434992974,0.9601509535517305,0.5366117761983984,0.16729479416758322,-0.22879799227734823,-0.3066758518193951,0.443055813156585,0.11709068493313912,0.40454297804438644,0.5254256135369689,-0.31788432738653677,0.46511914348819844,0.2400203824158835,-0.14966106535901869,0.511347626202465,-0.24862326086516834,0.23001322222611323,0.4753289663851741,-0.2890004226589992,0.32160103356308634,0.2657970509092682,0.5854683007504978,0.9133159870834429,0.4426849002024616,0.18902227045971656
-0.37056807591293284,-0.3809652483815421,0.10707270402687184,0.18227311444398775,0.5493940261166665,0.5538296692649697,-0.17666422964476022,0.6898374898073162,0.0372642514716492,0.08100868724123197,0.4808112089924051,-0.04277601082254955,-0.07205877163781285,0.7115360396226788,-0.08665762778476283,0.5641088447830176,-0.06708736120278558,0.7275378001129752,0.6215025974189983,1.0,0.30898907237110695,0.37294999961423153,-0.1388624689828757,0.37294999961423153,0.4467783673465577,0.7139590226409648,0.6975370650386257,0.031072927425927255,0.8246642414299202,0.1411020622798928,0.279181945393403,0.6334786816797329,0.1884073573846699,0.08371711389827445,0.7405211721102342,0.04837420552062885,0.6880717659261764,0.094645804433372,0.7771434082446871,0.7265219134194906,0.9557783931478642,0.4315247810876664,0.07750454195165044,0.024686127405588346,0.4813705633961552,0.5365428179219761,0.7321438754724977,0.7497262828553076,0.14598066775071264,0.8588154735868543,0.2707624884763497,0.326179802386693,0.7275127531999127,0.2289506628540811,0.22225155585992118,0.7557943564017365,0.21597399403793566,0.6365477410367436,0.2179379963077006,0.8223300425760941,0.7829055721425273,0.9034766713925185,0.5070255309837061
0.2942974660840145,0.31694564955664023,0.045382088774893935,0.17038197347149325,-0.00026692872921068456,0.009266378049988575,0.3169816806718803,-0.17107033937141441,0.23851468217619573,0.11179300371036986,0.07926135537388652,0.2024952200758627,0.14187547502425998,0.47662774670966557,0.32609318386443076,0.5625819125187334,0.33077212118999033,0.250962122310238,0.17985817482557814,0.30898907237110695,1.0,0.29506830555359237,0.43095036064890857,0.29506830555359237,0.37480473209734205,0.17808880424761822,0.23302759214662935,0.37431805153216685,0.0914168234202982,0.3529303030202977,0.20378877953477254,0.22494551361577447,0.2889063585003153,0.26568995606008516,0.41233127921593565,0.4348147709651194,0.5666411662890417,0.5120496098883743,0.3312211232349947,0.27579137375071516,0.397937131970962,0.9578860764733966,0.5217290272306391,0.496332037398951,0.3715438224490136,0.42901011155514807,0.2585901514863946,0.31910595902749567,0.44517398512152423,0.19737967488756564,0.3992172093602635,0.2827549256875005,0.3518297248833697,0.32172778712229483,0.3175803218405462,0.41259474488001735,0.4952402548194123,0.5065465662622044,0.5351212671777443,0.43878886195386335,0.3558571690721542,0.4399997475614881,0.9205765823668101
0.12972537635725073,0.0845380086731856,0.7705767815673619,-0.1835878699044069,-0.32320510395661467,-0.3870832704758241,-0.3127046659972832,-0.05375788114103818,0.5356686940874446,0.40057065803166203,0.07276334445706228,0.4199550136405548,0.22623813319759417,0.3942313443845265,0.2395341464339698,-0.03653264974713713,0.1759667702771892,0.34690171451526286,0.4479716876014817,0.37294999961423153,0.29506830555359237,1.0,0.38726257568698613,1.0,0.14658180952890446,-0.08768518599244964,-0.17993731819810055,-0.2544692708960738,0.16877380275956366,0.605196965187215,0.4950820437424069,0.23022036381256172,0.5837960529089921,0.3481139653098959,0.4523584120892403,0.3115842628167057,0.14338597746408777,0.26082785576210943,0.4279922561189129,0.498764581796518,0.45060851260504525,0.30756888217555006,0.43244624266220727,0.43037863651365404,0.9745088389654755,0.23129406290549562,0.07207158361246377,-0.09965283268344884,-0.19031045881113914,0.22357727205032832,0.6384974734899809,0.43650716075920026,0.29791350244315634,0.4964321800761281,0.3851650667835624,0.4506878028576585,0.36001313224617737,0.12491828669057618,0.3108245804360954,0.3791144487974019,0.5338371261786894,0.3436468031075468,0.3357976118866874
0.5600194715628684,0.8182135323218541,0.04359289664152791,0.2744974422160298,-0.2439802370648494,-0.4756703011470412,0.6430405310648166,-0.45154826707144,0.14598616819927843,0.3406775697544347,-0.3917722570006424,0.5502099855594234,0.3773393887651547,0.21687323350631912,0.6450008582421115,0.10328412976123555,0.3467485152501562,-0.1463415400985074,-0.38912690826660334,-0.1388624689828757,0.43095036064890857,0.38726257568698613,1.0,0.3872625756869863,0.3611532710437752,-0.05150597015119066,-0.3157576616834958,0.6294446934853432,-0.19677489807291854,0.2186236800483588,0.4251051965090464,-0.24670391806822864,0.6379774519059818,0.42196544419999354,0.17282574828111344,0.7144268827918201,0.20669802057757214,0.3984390085786521,-0.004550768086429511,-0.26780856268264985,0.03542053619725882,0.4538473764747621,0.7354559414346035,0.9745521273581146,0.44142593974123495,0.38984296613317476,0.07258634870396016,-0.20006203441226836,0.6209834300339022,-0.07820467101522695,0.23744342249268918,0.44849921897142636,-0.15968123085714056,0.6272195627211512,0.48290645553818473,0.14579257266338935,0.7271681397650923,0.18298065618214224,0.4238212858433004,0.07138829000322078,-0.1864665383437188,0.07750073601779435,0.4532160521793641
0.12972537635725073,0.0845380086731856,0.7705767815673619,-0.1835878699044069,-0.32320510395661467,-0.3870832704758241,-0.3127046659972832,-0.05375788114103818,0.5356686940874446,0.40057065803166203,0.07276334445706228,0.4199550136405548,0.22623813319759417,0.3942313443845265,0.2395341464339698,-0.03653264974713713,0.1759667702771892,0.34690171451526286,0.4479716876014817,0.37294999961423153,0.29506830555359237,1.0,0.3872625756869863,1.0,0.14658180952890446,-0.08768518599244964,-0.17993731819810055,-0.2544692708960738,0.16877380275956366,0.605196965187215,0.4950820437424069,0.23022036381256172,0.5837960529089921,0.3481139653098959,0.4523584120892403,0.3115842628167057,0.14338597746408777,0.26082785576210943,0.4279922561189129,0.498764581796518,0.45060851260504525,0.30756888217555006,0.43244624266220727,0.43037863651365404,0.9745088389654755,0.23129406290549562,0.07207158361246377,-0.09965283268344884,-0.19031045881113914,0.22357727205032832,0.6384974734899809,0.43650716075920026,0.29791350244315634,0.4964321800761281,0.3851650667835624,0.4506878028576585,0.36001313224617737,0.12491828669057618,0.3108245804360954,0.3791144487974019,0.5338371261786894,0.3436468031075468,0.3357976118866874
0.09502230032596751,0.11485709175856906,-0.23053962722360283,0.8344336501179448,0.31196947853539775,0.2444961004602511,0.4104895041577325,0.1388197397171741,-0.25437590487475414,-0.023009652579982238,-0.0017067189980333967,0.08143010266952738,0.4635562980669048,0.429227421234853,0.23932136496277925,0.48060033152352594,-0.06786673259142394,0.12690624745974613,0.06809943401732776,0.4467783673465577,0.37480473209734205,0.14658180952890446,0.3611532710437752,0.14658180952890446,1.0,0.41138495011399895,0.39841443203684457,0.5474340836669664,0.38844193221668993,-0.15953885171351698,0.19521908766885895,0.15177179444970945,0.3496527159693933,0.5644055028491768,0.41888376718670123,0.3787113712633799,0.5681088399213868,0.07759268488965815,0.25237583205657904,0.19337825009240453,0.5221772287082223,0.4586846880203697,0.4582313053886507,0.4342164356492069,0.29126244860919226,0.9781280647872801,0.4272518851484182,0.4545485151379482,0.5706699245126919,0.4433462128646437,-0.04952823554338994,0.22747804870501903,0.2901674994406808,0.3623845468854424,0.6406567614674058,0.4349500063692404,0.49800538769161556,0.5303580956650861,0.14207488065566834,0.43529166051031054,0.2641608800737742,0.5647944352239059,0.49734942657877373
-0.4656362468103187,-0.15394272172039836,-0.2853216212948809,0.3576571969879665,0.9108719945182591,0.8110691329198766,0.2954417843867814,0.7071674492694072,-0.4541597320446193,-0.28903416877637167,0.22703556972982447,-0.30151666140825123,0.08835314178204126,0.6442498808200999,-0.17248098731809527,0.6874618746208293,0.07098034632709332,0.6462663461366519,0.36514824358714293,0.7139590226409648,0.17808880424761822,-0.08768518599244964,-0.05150597015119066,-0.08768518599244964,0.41138495011399895,1.0,0.8387146049767904,0.4534184520678564,0.7405701375937374,-0.35573898762262784,-0.12487660537122793,0.3502810174756787,-0.12377342870097463,0.18683269920555887,0.5896422343067198,-0.03050678005906859,0.7215510370991787,0.17747546469247577,0.6623641733597541,0.4535864053813171,0.6626561238633965,0.30669230773882444,-0.15601530703360247,0.05645781765799051,0.04176970843139178,0.4622002121394539,0.9423563758605994,0.866424841979162,0.5310339014126351,0.7855688102400832,-0.23506657818648102,0.00014310651873246626,0.43151557044864636,-0.03544647930453816,0.30814400871054903,0.5791510150941848,0.11518982017171804,0.6436662947022027,0.2710580450910427,0.7455400881831493,0.4818389624771243,0.6507113678884748,0.36342947398026837
-0.5454077621079285,-0.3945905560750968,-0.3485591447851377,0.30577022221371847,0.8017118097526368,0.8963207891001325,0.1349353424012248,0.6542602963869759,-0.42991119923552673,-0.4503484288533119,0.2904203058710935,-0.568012175693919,-0.0016540760079457534,0.48253669489197043,-0.4495413162689999,0.686587406528634,-0.04479482023549779,0.591901089508574,0.5382563487120324,0.6975370650386257,0.23302759214662935,-0.17993731819810055,-0.3157576616834958,-0.17993731819810055,0.39841443203684457,0.8387146049767904,1.0,0.27781320950632366,0.7390247242347248,-0.34588355665512516,-0.24383294127932703,0.3657007152524183,-0.35397631336280305,0.10637102668335063,0.517080069283858,-0.30842549843843425,0.7392882528628492,0.11718560989365308,0.593603700865667,0.5940130555819829,0.6356952681872375,0.32280757831755447,-0.24593355312783524,-0.21145427433126157,-0.05411681990770548,0.4181816702379524,0.7585110690953795,0.9748517477665829,0.3441666258994786,0.7303134449175465,-0.2226015795275515,-0.13918666454440765,0.42569297996636607,-0.2815393752355961,0.18459965133346615,0.5074441119586023,-0.15792187240290437,0.6523567996356127,0.1883054529926625,0.6883386562645247,0.6189267648193021,0.6406532286921683,0.365479437151925
0.22661256964668647,0.584324278717466,-0.5814860463600956,0.6556756166246356,0.37038936576548503,0.19587758920464887,0.9448521286410675,-0.06918407052041389,-0.36906265081856193,-0.09917367324996092,-0.2886848897460993,0.08107394668586261,0.32556934505430224,0.28055589564771716,0.38041066162941223,0.4996432547393439,0.22406117955972127,-0.027710695017889753,-0.3952282809698359,0.031072927425927255,0.37431805153216685,-0.2544692708960738,0.6294446934853432,-0.2544692708960738,0.5474340836669664,0.4534184520678564,0.27781320950632366,1.0,0.10046561417663047,-0.29439601682424543,0.01575873878838487,-0.19268013475953744,0.17495498109997165,0.3500343350298156,0.1864884594649572,0.4701940934694745,0.5070912187744386,0.289023002243629,0.08223930785130953,-0.27118338220934307,0.13375927775115598,0.43399841513454457,0.3911435250045942,0.6370002836575176,-0.10785055588975936,0.5241339010900727,0.45265876631134694,0.3273375075495991,0.9849152443930742,0.1825904531643688,-0.23043485957647955,0.10995874787916252,-0.09635451359559942,0.23821283681437516,0.42667452003357986,0.14849702490964406,0.5162273631102858,0.41888538495530314,0.31914831533011634,0.24255722752617231,-0.1951122260345675,0.21336270969643767,0.45008798985239357
-0.5703193149342545,-0.44283771664591326,-0.11911658787778116,0.19589993913507942,0.6345533805152158,0.611552401259886,-0.10542855469187966,0.8622427589764768,-0.2542360129508471,-0.1220205118258541,0.2832350307046359,-0.25891316831535205,-0.06969742074097819,0.5163549628942674,-0.2650537768171025,0.4050001635788744,-0.02052321434332684,0.6176471195269686,0.4724169525779253,0.8246642414299202,0.0914168234202982,0.16877380275956366,-0.19677489807291854,0.16877380275956366,0.38844193221668993,0.7405701375937374,0.7390247242347248,0.10046561417663047,1.0,-0.15562617590452704,0.12449024621816383,0.4088421452394101,0.0242572631554004,0.07390229940798118,0.6469954396339289,-0.13213576364776158,0.6161242020597132,0.11292062613641925,0.6477130674417877,0.5316012001880989,0.7840425122935032,0.237207159371654,-0.11574810072388014,-0.07603804743736421,0.26886342572197997,0.4319683323864073,0.6856566306754874,0.7376265881732699,0.1954073977943314,0.9728987549261616,-0.07367574470357284,0.1294892988387204,0.48224620187556555,0.007301144181402191,0.18468773610430914,0.6183609279870178,0.02627442991753087,0.5457909574696719,0.2021388027913932,0.7198421878436753,0.573938907207065,0.74448421653393,0.31118552352662754
0.5080837024237642,0.13148519149617288,0.4901931704408974,-0.3356691916366346,-0.6056998611542102,-0.5421459583236742,-0.3774807339464517,-0.2718502066548944,0.9793798429259253,0.7964207897793725,0.49040495126740913,0.7079890596453947,-0.3495668376698017,0.20821133174167228,0.5674641791532603,0.05131601950715624,0.22039054494894397,-0.11061971135618552,0.12985186248138392,0.1411020622798928,0.3529303030202977,0.605196965187215,0.2186236800483588,0.605196965187215,-0.15953885171351698,-0.35573898762262784,-0.34588355665512516,-0.29439601682424543,-0.15562617590452704,1.0,0.723983834480275,0.5332208028757135,0.6399120267369625,-0.2955257586770841,0.19031090384306823,0.5535937326233057,0.06207566924652709,0.2845086725210781,0.008818652996463795,0.22987153395042004,0.22654933615480338,0.35232501873319944,0.5903290374582837,0.28998371515612625,0.6022170849741024,-0.04809475624999642,-0.20575520439610895,-0.23940684348663857,-0.24544016050904177,-0.0770945051771148,0.9720367251640826,0.7140335723848559,0.5199642554554943,0.648598626172765,-0.2555318869646673,0.2361374837690985,0.5140488510781247,0.10830695612054048,0.32721258906817596,-0.0745666396970253,0.2982580022235737,0.18541207368060883,0.3752893047972994
0.4476942295826065,0.18080647321592003,0.13575433748924792,-0.0562377176745072,-0.39567355561673523,-0.4376627564713544,-0.13435510882781054,-0.05204152460264592,0.665625878880524,0.8979347190210473,0.3407472224803025,0.7870964028425425,-0.36704140610888697,0.2168518354196182,0.6595118907136487,0.02275160948861547,0.03864264915104324,-0.2230632352820384,-0.18106950606868696,0.279181945393403,0.20378877953477254,0.4950820437424069,0.4251051965090464,0.4950820437424069,0.19521908766885895,-0.12487660537122793,-0.24383294127932703,0.01575873878838487,0.12449024621816383,0.723983834480275,1.0,0.45625486031721024,0.8962851563951049,-0.28198463520265327,0.3053051274271424,0.7201368679230606,0.20109812807904334,0.15202391178363198,-0.03770323400524132,-0.0014455110026845275,0.39066363937440196,0.3271418917543241,0.7378640528760496,0.5167360629412213,0.5630184988628721,0.29925671530002956,-0.030043815283529774,-0.12719933565882016,0.05895884232634312,0.18751420553493856,0.7203009052600216,0.9694601579670669,0.4608356002297766,0.8878399866723989,-0.1715238805448308,0.3322290690717673,0.7324938497262884,0.2510836632962202,0.23896051290898762,-0.02381189023023788,0.11032864426696297,0.3827190620686734,0.38544799938105057
0.05653350731703557,-0.3069747471669435,0.14414083640513523,-0.016832530696882942,0.19384779587497072,0.2932015418404332,-0.40914898204939676,0.46265558662828316,0.4950453099657415,0.475768898612917,0.9536106768615684,0.2840593768000449,-0.3799599403316524,0.5239521481475704,0.23433485517150907,0.591251131091017,0.15263040787233026,0.20839074382443173,0.4782398723544351,0.6334786816797329,0.22494551361577447,0.23022036381256172,-0.24670391806822864,0.23022036381256172,0.15177179444970945,0.3502810174756787,0.3657007152524183,-0.19268013475953744,0.4088421452394101,0.5332208028757135,0.45625486031721024,1.0,0.289811909491491,-0.2854077905913196,0.4414317340496983,0.28595551157496374,0.5055473788434877,0.24334331769642462,0.26966125127782903,0.5714553410528674,0.5770133789770876,0.31247525612473426,0.26827818198196274,-0.087545144243617,0.31703958448895175,0.2649760077123389,0.35901800450889293,0.45483542625533896,-0.09170232671437152,0.4731656654270791,0.5868575342479297,0.5378586088969542,0.975695862709297,0.36983925073013746,-0.18838890860511442,0.5166473408314612,0.3516643687432405,0.5339633417940379,0.3332500040375479,0.2528758318438002,0.6128988261386688,0.5589984174442266,0.3701433985131947
