Fp1,Fz,F3,F7,FT9,FC5,FC1,C3,T7,TP9,CP5,CP1,Pz,P3,P7,O1,Oz,P8,TP10,CP6,CP2,C4,T8,FT10,FC6,FC2,F4,F8,Fp2,AF7,AF3,AFz,F1,F5,FT7,FC3,FCz,C1,C5,TP7,CP3,P1,P5,PO7,PO3,POz,PO4,PO8,P6,P2,CPz,CP4,TP8,FC4,FT8,F6,F2,AF4,AF8,O2,P4,C6,C2
1.0,0.28060017338561744,-0.05150608493004862,0.30096638644995766,-0.6351150096171876,0.2668553205968981,0.1275418750628552,-0.3630861762095542,0.5786189756689065,-0.10412853450187268,0.09823854751571992,0.5975786246624226,-0.06453184714292429,0.19393631057014266,0.572804367658775,0.22384293932358015,0.30383705286765605,-0.35527386035752895,-0.4072034422839969,0.10227063958803091,-0.02788199631839841,0.23309545936478163,0.33872621830039434,0.23309545936478163,0.3457708732544982,-0.3969144481395224,0.29653951181057125,0.24678640279416006,-0.0758254984854106,0.5896735758379774,0.07193256568466036,0.18812875871461865,0.4577156498932232,0.09289897422440832,0.2585484827510478,0.5575633143532732,0.24380475727706052,0.23814248727387946,-0.26254918605929245,-0.3577993333707701,0.14714304595332664,0.01922996956520513,0.757428175782138,0.29994839671824236,0.2621365905184804,0.26985889188574796,-0.33460288861557735,0.27273438342631745,0.26296246707456084,-0.14274243023632768,0.5712472711111701,-0.027073496249581542,0.10049415410852275,0.532778103531951,-0.05132344624825783,0.22258290332592115,0.5499931196054832,0.2405493616066335,0.30888036288078224,-0.3908248825494301,-0.3629318447669907,-0.025159699492338587,0.006135807505906425
0.28060017338561744,1.0,0.16165242214085745,0.15493951132149372,-0.47941253089951197,-0.5513692859609082,-0.22950647422345255,0.05436472193787516,0.8657897219481859,0.2388123768942061,0.3315613100103529,0.3359162799728026,-0.36485784004215427,0.6101988245886037,0.10936270908703967,0.06535636310848784,-0.06726451482931306,-0.15523686642859047,-0.21096364238485404,0.2750835954718513,-0.03857677204329508,0.17241730143692263,0.7830792403590676,0.17241730143692263,0.2853852590145998,-0.198473842175742,-0.28401393680738934,-0.1699494463850949,0.08622236819193495,0.7687346568732548,0.2159027269356811,0.3263464294866563,0.306575501235622,-0.2474824191965499,0.5282390001226346,0.156397999336578,0.11154313547512267,-0.07257239217123954,-0.0793068211804299,-0.18735120161608382,0.28508813422698515,-0.002604467878333872,0.35713308106864783,0.7615798619499656,0.27116737823071074,0.2658478803169964,-0.24095700313779042,-0.41261873909779884,-0.17164872517930338,0.0946247276764457,0.820843944996595,0.2160439855909818,0.27878748065545955,0.32107612678367997,-0.4258235088683627,0.5213998786727018,0.08058025769884918,0.07733996061881025,-0.0007286200577610162,-0.1549088038640241,-0.2069483182382211,0.2101351092423697,-0.020147004656410575
-0.05150608493004862,0.16165242214085745,1.0,-0.21268775939960866,0.2515224804691474,-0.15115034357797508,-0.32297591563709527,-0.07429674583207335,0.2056692482941087,0.23431783083808147,0.10148782813937891,0.16991929930426602,0.07858912702264653,0.26262191059511275,-0.029258266478211704,0.025497217508717536,0.5422699279036145,0.48409476515364147,0.22414276572005357,0.10895651550138298,0.22805284692576858,0.7370849216673953,0.18323886529084438,0.7370849216673953,-0.004987531711772803,0.2970072605822801,0.04304770569043639,-0.24508257897661018,0.018035049489805135,0.19433811444903232,0.24639833420300725,0.18687180450164276,0.16457905728634656,0.1065830586818768,0.28534124186160376,0.04663427739242133,0.10862840273302923,0.5555503824227233,0.43272753079454607,0.24247195554701156,0.18777590295619104,0.2629590190028499,0.0567553637179263,0.3088267478629451,0.7804472929354965,0.091647453332365,0.3027623412515384,-0.01698923703524369,-0.16122637038346005,0.14540857005480096,0.23661796365123294,0.21358852968342115,0.09703990965957703,0.18163227525116896,0.027236558074071108,0.1980427930132027,-0.07325050056622802,0.020609538679726886,0.5421145174556197,0.43624719603630024,0.27150350192458134,0.25082394220766374,0.2781554586717027
0.30096638644995766,0.15493951132149372,-0.21268775939960866,1.0,0.09011965566945791,0.18223073603268378,0.40886280908093303,0.06509644049570319,0.14768038865351224,0.068593560163901,0.20384122591752993,-0.14887885870431045,0.0528678010883318,0.4183357810299217,0.011679969620532376,0.5292976583413593,-0.1121336829795557,0.14024723549250803,0.11861643155998826,0.2659142843927478,0.190831256767889,-0.06223897853285208,0.28910040608143983,-0.06223897853285208,0.8149470976203627,0.23103089529260937,0.311517422520974,0.4650507259186482,0.21523289091769723,0.20383532206282032,0.18074877663476635,0.25381458384553945,0.11161490404312831,0.09876568580281576,0.3974899897737251,0.12568147667118887,0.4710530368591972,-0.026390006692416264,0.26054594301692074,0.23931728864792282,0.23182080456414994,0.2463937362705,0.3496781114447811,0.3076955691890202,0.005881793390482891,0.7926966779472637,0.27602485562484796,0.2678190574111948,0.4409773969407829,0.26527437948971244,0.16061053670148442,0.18615882826150082,0.21358428577965596,0.0626090655480806,0.1063941414820167,0.3615240091701381,0.028778978942204752,0.47297254843263825,-0.16547343418175842,0.17283650669142855,0.19070195724528036,0.20975714270100898,0.1420807333851155
-0.6351150096171876,-0.47941253089951197,0.2515224804691474,0.09011965566945791,1.0,0.256351068362396,0.14071576721851503,0.31475748260645314,-0.5502114581941371,0.329510840681606,0.00443781532058409,-0.4763901776200878,0.21129737761492068,0.04380717268408107,-0.22585221055499505,0.23439117356354255,0.08793256777719617,0.5485577618161644,0.7105737582868772,0.06710750478761475,0.47232193797800104,0.1358896545468683,-0.25098485605173004,0.1358896545468683,0.07175330744721498,0.8365041073507593,0.21756322633788008,0.15660138254602876,0.2622129696247628,-0.45818765739933537,0.2214248487117541,0.04280128034137582,-0.21985546321379748,0.13157217294138276,0.05731351528394602,-0.119303756788663,0.2008207890573545,0.1978470011549171,0.5950321529947831,0.7390176490931568,0.1381808931511622,0.4653918963595484,-0.2784481696316344,-0.2155970133660222,0.12550503724340245,0.15862217732776066,0.8513292970398681,0.29062021610775113,0.14445827409591838,0.3766702039228816,-0.49279671621418203,0.29282992273380887,0.06615950636065406,-0.2930517861541509,0.21063028545063228,-0.013371402285416405,-0.2550775416579062,0.14410489883852387,0.06333665289516117,0.5971484357556823,0.6951101683950842,0.25697556113568754,0.40972751676379954
0.2668553205968981,-0.5513692859609082,-0.15115034357797508,0.18223073603268378,0.256351068362396,1.0,0.4241651407771777,-0.04297749778048862,-0.23838075508282697,0.04950924412433481,-0.11481957467170129,0.016070036881202735,0.502336693650906,-0.05532622950571167,0.14221039793530402,0.3570867832510303,0.19089651042145075,-0.013066364687420447,0.2526402218855751,-0.08538762989619332,0.3238908941990539,-0.06012423395852118,-0.24199173915629354,-0.06012423395852118,0.1962651377914423,0.2826809230568445,0.7499981494965129,0.498881890728934,0.0801778112362883,-0.10823695430843462,0.11710908126571234,0.003551064201246763,0.09509729179596742,0.5762067905545863,0.016853868874154743,0.21283669739826383,0.3170800494266338,0.1988920546840541,0.12459861547178236,0.29533357200918164,-0.033761321564288856,0.34551746391597205,0.3506497963751894,-0.29933854264153215,0.010972812615243903,0.2169133327265229,0.3272015469188736,0.8660344792992629,0.4648026957778944,0.04160488515457622,-0.25123962018822926,0.07784567127381166,-0.08917752675430905,0.1198050292172036,0.5181346155594633,-0.024683510498083632,0.1766075323108462,0.30459183735010753,0.1562493047079341,0.011405385297388193,0.2537388487751882,0.005962113956226063,0.3209913944640501
0.1275418750628552,-0.22950647422345255,-0.32297591563709527,0.40886280908093303,0.14071576721851503,0.4241651407771777,1.0,-0.2505382328685983,-0.14458784171193517,-0.06326461756153343,-0.30376388307549035,-0.22022629960164047,0.45069793545665515,0.028885304866145368,0.07125456912527942,0.3182589601245844,-0.12140970059853248,0.17476984167961124,0.008863221309788947,-0.12353304853356094,0.5637410020931547,-0.2287642181844632,-0.07809527143936183,-0.2287642181844632,0.291994230473493,0.020201316799865983,0.26089505738390606,0.8880823659702394,-0.1521473697410257,-0.1359895146992349,-0.024953165728334975,-0.2896167832442109,-0.13567973938726363,0.40773067899410653,0.030249292735358955,0.14653870975532704,0.2182991552369726,-0.08398112032301068,0.15648328823217234,0.07241710780114992,-0.18070767304840057,0.5138211167898213,0.10271774499214574,-0.1706087034719588,-0.2096855229070128,0.3009717199390523,0.1341180475510195,0.35582034581536415,0.8809686491752631,-0.11790535965988692,-0.19578423274337817,-0.032311460251982185,-0.24352283495041543,-0.0901932555179658,0.4414132520606374,0.002211007632604289,0.08546795285691332,0.22773413760232203,-0.21277072923436818,0.09743941409930602,-0.005470787083445026,-0.230179835778775,0.5083947382108808
-0.3630861762095542,0.05436472193787516,-0.07429674583207335,0.06509644049570319,0.31475748260645314,-0.04297749778048862,-0.2505382328685983,1.0,-0.006258872826824648,0.12627935539808396,0.5233195347781564,-0.45101321594052624,0.10451858117083614,0.25905797596484104,-0.34934247754892245,0.2662472498281402,-0.04936324891499989,0.34863324692011227,0.34926970125841594,0.5267033907210397,-0.14370866374043595,0.03895914330690125,0.14667854771759353,0.03895914330690125,0.14300190154615894,0.3327582249013677,0.012970679295408261,-0.13205705173939214,0.7147613039028029,0.043118778411201146,0.11085268592061452,0.5310813376080333,-0.14078706991081025,0.09114141228621093,0.2673164116674616,-0.2639046653222964,0.2630364458935443,0.022815232641317223,0.4028566796225423,0.3741687044129843,0.5389314476519953,-0.0697877175962884,-0.034433871616327036,0.19901956951204441,0.02797044403267006,0.19552198039022134,0.28817985970827115,-0.06649952450995567,-0.16514619196972677,0.766368070748242,0.06576153629965574,0.1276880820585642,0.529417325937078,-0.3310913561019516,0.06748842170196383,0.22669489329698544,-0.4613553881649184,0.2421264912690364,0.025020144968758325,0.40005778319904134,0.2944112149225514,0.5959494176033119,-0.21141446656423718
0.5786189756689065,0.8657897219481859,0.2056692482941087,0.14768038865351224,-0.5502114581941371,-0.23838075508282697,-0.14458784171193517,-0.006258872826824648,1.0,0.3297682313422388,0.32167595360537915,0.6017819656958012,-0.23267806737618482,0.6683334694959974,0.41133967905010566,0.2314449846784674,0.2091217000897466,-0.1576769375108682,-0.1993997142389625,0.34875114180838956,0.0963326628687691,0.32795634575505156,0.8461178409620137,0.32795634575505156,0.4255705370480628,-0.16525942693238363,0.029078450024989284,0.020011387210303842,0.18018453170485657,0.9588945942607716,0.362714866228642,0.4127525808413643,0.5322994476300876,-0.048064250067088005,0.6461414347533825,0.4511195769131156,0.3018088441698574,0.18254402086776048,-0.018355073867237507,-0.14056962553522073,0.38143392843254187,0.16023228515732696,0.679887011465542,0.7911049514159562,0.4581016514587251,0.38574835131927365,-0.1820574584142062,-0.10226027087062073,0.034991214316655334,0.15927848295069777,0.9666145247371533,0.30888429040326154,0.2910580980322136,0.553456307076736,-0.2801584033064366,0.607829054906256,0.35380897643259646,0.2488507052465506,0.26573299959837593,-0.18511452834503966,-0.18933541923364625,0.267649311853842,0.1122934584692989
-0.10412853450187268,0.2388123768942061,0.23431783083808147,0.068593560163901,0.329510840681606,0.04950924412433481,-0.06326461756153343,0.12627935539808396,0.3297682313422388,1.0,0.12723458955730046,0.3940979286047869,-0.1734839903713269,0.6261236014011213,0.31993055610577525,0.5158165607652131,0.3216424254691094,0.192933786631941,0.41483499479714847,0.2853368860654984,0.4533641631192751,0.31334571877852463,0.5277054014274631,0.31334571877852463,0.4049721553795433,0.6353874888690921,0.36614918748428515,0.2002977375102619,0.46073521998208306,0.44350985828512385,0.889101414419127,0.38661034150146295,0.5204631855275332,0.02152051907717511,0.6440209701962909,0.43452901692676155,0.546518423125139,0.3875623452626954,0.420839882956508,0.5505614094137756,0.4288008851767755,0.5417916760597249,0.42159600864229735,0.48722935575107984,0.43596376978080403,0.4539236198197474,0.6316003381443213,0.34043652493873616,0.21724978595208416,0.5037181355723322,0.3578506534238082,0.9419961006172882,0.22618340268589243,0.48905592204224746,-0.15028582166168417,0.6725208467516947,0.3348786099643724,0.5281288805841742,0.38645333546325883,0.31964308985074436,0.5595116398408633,0.4882938584678108,0.503289972726775
0.09823854751571992,0.3315613100103529,0.10148782813937891,0.20384122591752993,0.00443781532058409,-0.11481957467170129,-0.30376388307549035,0.5233195347781564,0.32167595360537915,0.12723458955730046,1.0,-0.11375049829973191,0.02028676124320957,0.4243238603219286,-0.2449589275270852,0.14260469134596818,0.3661404402820059,0.15909854473893043,0.14091032801403003,0.6578057677145435,-0.02999204500665874,0.31301305276102365,0.3212027717071023,0.31301305276102365,0.2964429505032047,0.12254346410513188,-0.07891158466193618,-0.1184226837265652,0.3675749038196488,0.33430412071394366,0.1243720870932959,0.8424118395769755,0.002366965007664776,0.06314974561964437,0.3916137955403473,-0.09479261292834476,0.18657241935638416,0.3656001540933365,0.2105783039775977,0.12264558208945478,0.629072926909122,0.02060148830438993,0.27231039467541185,0.3776538528378483,0.30336874481538445,0.31578171616923617,0.1651247032388495,-0.1282356656748972,-0.15314147482238222,0.4107494488809196,0.3329001466781341,0.08406842164460436,0.9366606068892962,-0.09417209664071073,-0.013033785130531802,0.28423469163082843,-0.3441835230871695,0.12230735241864821,0.4235329224360151,0.13322027085040658,0.07531590952927081,0.5767025743279485,-0.06725827175828102
0.5975786246624226,0.3359162799728026,0.16991929930426602,-0.14887885870431045,-0.4763901776200878,0.016070036881202735,-0.22022629960164047,-0.45101321594052624,0.6017819656958012,0.3940979286047869,-0.11375049829973191,1.0,-0.24729284334035345,0.2909376846666345,0.7848398070472937,0.166953474613083,0.3317442328013679,-0.2817124004538957,-0.3171128762607717,0.053404728340224965,0.07161653607413608,0.335485984926345,0.4655661765983581,0.335485984926345,0.13183727101263462,-0.12333760969947977,0.2959022656752095,0.000420641422549962,0.01919427733358361,0.6479772800367586,0.4651988025024512,0.13232527617298362,0.7932818939902341,-0.04285518674659361,0.3486592955946296,0.7485629164968035,0.2501921424752622,0.2671801796408258,-0.136455593372424,-0.22300187482856904,0.13989202156461586,0.14745096021666784,0.6613867515881057,0.40805238690362844,0.45043964772369294,0.09774328121337822,-0.13858932838038765,0.21196794984546455,0.019614021489975347,-0.09400318793050233,0.5888203924089276,0.37902899736385626,-0.0759086402506002,0.8631380927493655,-0.24807013016794355,0.37178752174892327,0.7987942233810426,0.22062571425956573,0.3458170047863847,-0.2596519220960696,-0.21962386392823308,0.08113716592216562,0.15421077165210428
-0.06453184714292429,-0.36485784004215427,0.07858912702264653,0.0528678010883318,0.21129737761492068,0.502336693650906,0.45069793545665515,0.10451858117083614,-0.23267806737618482,-0.1734839903713269,0.02028676124320957,-0.24729284334035345,1.0,-0.043237255352736995,-0.1780101001976487,0.13745468540987268,0.14084347451395296,0.44717724309780543,0.1439000379465242,0.13442927910162963,0.3460376803452003,0.07712505696716036,-0.16426651268540685,0.07712505696716036,0.02906791454726644,0.17800033736169865,0.37879519514955584,0.47303316734794637,0.044093778482921474,-0.14521600974656843,-0.11775235977974359,0.04523953379903101,-0.15975859338451107,0.9492427328983866,-0.01818235312683811,-0.00888390775175425,0.11637395237693031,0.18369421646492665,0.3641166310617904,0.14927201306088808,0.05943603286632953,0.32990719622059994,-0.038778464556205164,-0.09514117175845506,0.11587010099500558,0.1378077660421096,0.23285121190789151,0.4632368163388499,0.46017067514750754,0.12104766949206706,-0.2052819996458854,-0.16014276184122214,0.08165784325366773,-0.16567407843869575,0.9680624420058362,-0.06214336022566586,-0.13720181309918664,0.0975546315538173,0.1225996468733167,0.36437590180205504,0.06707554408266712,0.16225489906730303,0.35904358749999804
0.19393631057014266,0.6101988245886037,0.26262191059511275,0.4183357810299217,0.04380717268408107,-0.05532622950571167,0.028885304866145368,0.25905797596484104,0.6683334694959974,0.6261236014011213,0.4243238603219286,0.2909376846666345,-0.043237255352736995,1.0,0.20226113137440604,0.7267984380086707,0.1867045183671336,0.3999250309012679,0.30949428020500214,0.6278636576282671,0.4163965014630425,0.4211384998565386,0.8653536702079095,0.4211384998565386,0.7474196802335891,0.43660888466277553,0.41620815088790863,0.344645797393794,0.6247887986781926,0.7651514578576611,0.7351450775489127,0.7073490578746425,0.6486392385368507,0.1614063667726724,0.981379378685109,0.4043052899397588,0.7757587875890488,0.2932739884609388,0.6021033333729546,0.46195560131361985,0.6642661197449563,0.5602287593909466,0.6774917063300984,0.8715918618816815,0.5924061619494563,0.7761818304227656,0.43634808035726297,0.2323567245486207,0.325394233441207,0.6066282293502118,0.6989900105166394,0.6825969996744029,0.5288316127063047,0.5623700405590935,-0.056047523482248306,0.9438223205096151,0.18891096395921114,0.7093058613891897,0.22422544580318685,0.45817473544923004,0.39522345103989936,0.7119706695802842,0.44588276394483267
0.572804367658775,0.10936270908703967,-0.029258266478211704,0.011679969620532376,-0.22585221055499505,0.14221039793530402,0.07125456912527942,-0.34934247754892245,0.41133967905010566,0.31993055610577525,-0.2449589275270852,0.7848398070472937,-0.1780101001976487,0.20226113137440604,1.0,0.3070498657808713,0.2661312606211384,-0.1715017558687669,-0.18643846906353095,0.04995458421580554,0.23098383469152903,0.3079265547354749,0.37761415404549536,0.3079265547354749,0.2052676114858116,0.02876755606780203,0.3713171097579088,0.2750459927966058,0.14865414412479142,0.5025164232029662,0.4152620331466725,0.03356902708675863,0.6871771827559653,-0.03321232109807224,0.3052068022072574,0.9467570225837685,0.35510014428962605,0.2650417118712532,-0.00649303529449685,-0.07924048913398482,0.17364997212826216,0.2925906601276806,0.6410393224897136,0.29953466238048565,0.34785975498951793,0.13816959507333193,0.05212010355809446,0.328472250044699,0.26923669677653517,0.0528309588596861,0.46485153616820896,0.32661799601586905,-0.11122813160453468,0.7034394786055528,-0.1555168801821008,0.2802039982150056,0.9528667161340798,0.31338489929669805,0.2563317405426114,-0.15142563474602821,-0.15970969388279754,0.08027626353014998,0.2406491966427623
0.22384293932358015,0.06535636310848784,0.025497217508717536,0.5292976583413593,0.23439117356354255,0.3570867832510303,0.3182589601245844,0.2662472498281402,0.2314449846784674,0.5158165607652131,0.14260469134596818,0.166953474613083,0.13745468540987268,0.7267984380086707,0.3070498657808713,1.0,0.16062073860080603,0.5010254836105221,0.323825133045998,0.5092869560480627,0.421955168110087,0.36066181338566594,0.5153628851340856,0.36066181338566594,0.7509736132813719,0.5215405415879625,0.7293260252140591,0.6409841276617219,0.7307642436924191,0.4232412264184207,0.7120233241206766,0.5569860874630486,0.6181728605881386,0.3221244399930964,0.7947894271200642,0.48255159655869645,0.980989460625887,0.2986653919630804,0.7009909926490505,0.534649108612869,0.601292608445085,0.5958237145486698,0.6767043642004429,0.5375102556397792,0.46014554143492903,0.8012574000539661,0.5635905157779622,0.5923449768305766,0.6140069220395163,0.6984241160618491,0.3038926262347434,0.6409231004808587,0.32719736476166567,0.48932816113191263,0.17025885952550576,0.7786010120318224,0.28761540337717106,0.970913910667273,0.1579885395199215,0.6083570790731333,0.4520967969759059,0.6768788986899658,0.46559416547938715
0.30383705286765605,-0.06726451482931306,0.5422699279036145,-0.1121336829795557,0.08793256777719617,0.19089651042145075,-0.12140970059853248,-0.04936324891499989,0.2091217000897466,0.3216424254691094,0.3661404402820059,0.3317442328013679,0.14084347451395296,0.1867045183671336,0.2661312606211384,0.16062073860080603,1.0,0.2548990753155668,0.1230208427772223,0.2762910594530431,0.3089830105319994,0.574000066932777,0.14901727950596844,0.574000066932777,0.17135106371535014,0.17391175338146259,0.21698935075526965,0.06764880577100642,0.07553829441763228,0.26095106152017394,0.32429033737539165,0.39620324041332733,0.2455269301341378,0.21567538403391304,0.26446754664967725,0.33599796048138836,0.2444307030551139,0.9700345183967364,0.2820051158475139,0.18856096116550658,0.31212702063189074,0.33718086958211835,0.381415956565786,0.18166800921771498,0.6221612537383029,0.18413517765979445,0.27852138961216,0.25163567115857777,0.11208055877704633,0.1950496599996242,0.22657391784137715,0.27565591794312105,0.3931724194641385,0.24392564440700162,0.15916551560457098,0.16126216040102073,0.20699477030965213,0.1811389811123296,0.9632926701553238,0.20640318545172526,0.15914230254537537,0.28548894754684667,0.3325821532986629
-0.35527386035752895,-0.15523686642859047,0.48409476515364147,0.14024723549250803,0.5485577618161644,-0.013066364687420447,0.17476984167961124,0.34863324692011227,-0.1576769375108682,0.192933786631941,0.15909854473893043,-0.2817124004538957,0.44717724309780543,0.3999250309012679,-0.1715017558687669,0.5010254836105221,0.2548990753155668,1.0,0.4638732658326155,0.46452829600340056,0.4318098148542188,0.5332498580741544,0.17385191831146504,0.5332498580741544,0.332865856376173,0.546904525023547,0.3212481331535029,0.3454465239435372,0.5210307655577525,-0.045808155551508835,0.321343945117645,0.3842597327278333,0.13169559569160352,0.42110060520376125,0.43498730809978925,0.002355145012985607,0.5295183161710366,0.37962152912751596,0.9365273020953446,0.5761417619138286,0.4451381067667303,0.523131158790271,0.0014815606734902846,0.3041317219371472,0.5590843079519533,0.42327234402557895,0.5834697076274353,0.18559210138966625,0.3654217294246016,0.6010318740512687,-0.07938858846793174,0.2557953913490054,0.29086632764100845,-0.04237177674488893,0.43335927710335886,0.3499644357116914,-0.23323500619346893,0.45922143930516296,0.20539952140515644,0.9563101209251083,0.49656468243229157,0.6019048398167889,0.4193192528798848
-0.4072034422839969,-0.21096364238485404,0.22414276572005357,0.11861643155998826,0.7105737582868772,0.2526402218855751,0.008863221309788947,0.34926970125841594,-0.1993997142389625,0.41483499479714847,0.14091032801403003,-0.3171128762607717,0.1439000379465242,0.30949428020500214,-0.18643846906353095,0.323825133045998,0.1230208427772223,0.4638732658326155,1.0,0.3303348740589158,0.5476799517270827,0.1608246568352093,0.14145904686599298,0.1608246568352093,0.3120756663336207,0.8146351876845783,0.3580113727628503,0.1504184127619481,0.37812239361200384,-0.05266974102401565,0.32067301283421723,0.2503649468070291,-0.0007407419230754142,0.1868453383836036,0.31394672496927223,-0.06652259640594584,0.33415623623568347,0.20908674863968116,0.5754871021964058,0.9475618629207636,0.31427879198678593,0.5532231784024363,-0.006700297485328782,0.13603857034209843,0.21799543608251512,0.32059345256353455,0.7687250724886423,0.36647302180582364,0.13751487043337376,0.4458675727731084,-0.14511044043101895,0.40397061318126526,0.21873554779405754,-0.0900237312903656,0.18821728108734398,0.271839394295623,-0.19101066829037144,0.3026992033495164,0.1797280733314487,0.5153264353375424,0.920062304102722,0.39968278006757574,0.5167879432346655
0.10227063958803091,0.2750835954718513,0.10895651550138298,0.2659142843927478,0.06710750478761475,-0.08538762989619332,-0.12353304853356094,0.5267033907210397,0.34875114180838956,0.2853368860654984,0.6578057677145435,0.053404728340224965,0.13442927910162963,0.6278636576282671,0.04995458421580554,0.5092869560480627,0.2762910594530431,0.46452829600340056,0.3303348740589158,1.0,0.15705154678744507,0.42253718208633284,0.5396875671410384,0.42253718208633284,0.48444125192854876,0.3474411403140231,0.255197697341086,0.1872250142327209,0.6717054172358826,0.475418596316785,0.38487300822892984,0.7983600641658293,0.35134811277872613,0.2125482648407138,0.6455118640416988,0.25077263877732925,0.5490125256617525,0.3575245690831831,0.534329116873345,0.37587729493874533,0.924241111886407,0.26753244870913273,0.447980781826402,0.6048952573179903,0.45834613665533125,0.5101460034367645,0.33899583552505513,0.11853223370797633,0.1713445146552261,0.6609566284010265,0.4462552560020509,0.31338646401287207,0.7730536753038058,0.19965423509865368,0.1384563872888383,0.5671631453600361,-0.04386797594284297,0.4958029020830862,0.32912478069528694,0.46232712760706557,0.2848194580622665,0.8447386700250227,0.15528495589096095
-0.02788199631839841,-0.03857677204329508,0.22805284692576858,0.190831256767889,0.47232193797800104,0.3238908941990539,0.5637410020931547,-0.14370866374043595,0.0963326628687691,0.4533641631192751,-0.02999204500665874,0.07161653607413608,0.3460376803452003,0.4163965014630425,0.23098383469152903,0.421955168110087,0.3089830105319994,0.4318098148542188,0.5476799517270827,0.15705154678744507,1.0,0.24922090556318233,0.32198136089842166,0.24922090556318233,0.41871216452617965,0.5438133254523653,0.37849764974188543,0.6564781215443404,0.0854957733051615,0.18148618316837434,0.3702244531561643,0.08945264877395068,0.17860118520719,0.4054694335056753,0.41684361020684235,0.36978894411204527,0.40479635865772695,0.3636725576580792,0.5344081456046725,0.6076382140390095,0.1638923024619245,0.9727207045245796,0.2908048943706572,0.2340962966308826,0.3579599324533696,0.455260383850378,0.6185191411307667,0.4330425388291871,0.6416394539837431,0.1661634331707462,0.06501633470258698,0.3877758769727678,0.052050704713166855,0.2080775307319666,0.32372074122345246,0.3295985568364609,0.1961888877528228,0.3283425012592688,0.2764884758707848,0.37157238129934106,0.4919948170019133,0.161459903350831,0.964581114975741
0.23309545936478163,0.17241730143692263,0.7370849216673953,-0.06223897853285208,0.1358896545468683,-0.06012423395852118,-0.2287642181844632,0.03895914330690125,0.32795634575505156,0.31334571877852463,0.31301305276102365,0.335485984926345,0.07712505696716036,0.4211384998565386,0.3079265547354749,0.36066181338566594,0.574000066932777,0.5332498580741544,0.1608246568352093,0.42253718208633284,0.24922090556318233,1.0,0.3829556859133376,1.0,0.22301057492904885,0.3020064140262842,0.26202228441130987,0.025690092981415478,0.35244374780947235,0.4044543748547693,0.4545782439810554,0.5301027148930015,0.4356784295904811,0.17065832274723894,0.5078957372598931,0.409860163264826,0.44420915613350703,0.6051947621631467,0.5517527199309112,0.2285434434021098,0.5827003788920236,0.3568034957886986,0.4110735824342128,0.4943281418336276,0.9366010281369151,0.2879406939314862,0.3535040109914654,0.15793537369493707,0.08545201724155542,0.3902185298760076,0.4109452063566848,0.3429074568355687,0.40704946978292017,0.3667413743390675,0.06722400696117609,0.3969977591112371,0.18849341373196624,0.3587655718192009,0.6169387223386615,0.5043145865517661,0.23431806937793026,0.5403885349866372,0.2881326023034461
0.33872621830039434,0.7830792403590676,0.18323886529084438,0.28910040608143983,-0.25098485605173004,-0.24199173915629354,-0.07809527143936183,0.14667854771759353,0.8461178409620137,0.5277054014274631,0.3212027717071023,0.4655661765983581,-0.16426651268540685,0.8653536702079095,0.37761415404549536,0.5153628851340856,0.14901727950596844,0.17385191831146504,0.14145904686599298,0.5396875671410384,0.32198136089842166,0.3829556859133376,1.0,0.38295568591333773,0.6361190123298143,0.17677399923572007,0.20463465548635845,0.20131775630692708,0.4826604136389846,0.9071900956664342,0.5691534006132114,0.5657699645941843,0.6366514402617164,0.0426559911428143,0.8435006143441856,0.4875911076400823,0.5772242129113135,0.2017515714155243,0.34821420993201896,0.25980452410443367,0.5956297214199671,0.42240578864038286,0.6516816671162524,0.9528927792956695,0.5217005044010989,0.595437889511748,0.14304574706442302,0.028694679438154232,0.17208503614293225,0.4565047518768472,0.8487062059597179,0.533422193024016,0.3848471028200054,0.5667500655888267,-0.18360186839232617,0.8142395594717612,0.3275873496888397,0.5198851069215247,0.21285457911006606,0.18691113727976372,0.17641729341462153,0.5567508573298443,0.3378615773055153
0.23309545936478163,0.17241730143692263,0.7370849216673953,-0.06223897853285208,0.1358896545468683,-0.06012423395852118,-0.2287642181844632,0.03895914330690125,0.32795634575505156,0.31334571877852463,0.31301305276102365,0.335485984926345,0.07712505696716036,0.4211384998565386,0.3079265547354749,0.36066181338566594,0.574000066932777,0.5332498580741544,0.1608246568352093,0.42253718208633284,0.24922090556318233,1.0,0.38295568591333773,1.0,0.22301057492904885,0.3020064140262842,0.26202228441130987,0.025690092981415478,0.35244374780947235,0.4044543748547693,0.4545782439810554,0.5301027148930015,0.4356784295904811,0.17065832274723894,0.5078957372598931,0.409860163264826,0.44420915613350703,0.6051947621631467,0.5517527199309112,0.2285434434021098,0.5827003788920236,0.3568034957886986,0.4110735824342128,0.4943281418336276,0.9366010281369151,0.2879406939314862,0.3535040109914654,0.15793537369493707,0.08545201724155542,0.3902185298760076,0.4109452063566848,0.3429074568355687,0.40704946978292017,0.3667413743390675,0.06722400696117609,0.3969977591112371,0.18849341373196624,0.3587655718192009,0.6169387223386615,0.5043145865517661,0.23431806937793026,0.5403885349866372,0.2881326023034461
0.3457708732544982,0.2853852590145998,-0.004987531711772803,0.8149470976203627,0.07175330744721498,0.1962651377914423,0.291994230473493,0.14300190154615894,0.4255705370480628,0.4049721553795433,0.2964429505032047,0.13183727101263462,0.02906791454726644,0.7474196802335891,0.2052676114858116,0.7509736132813719,0.17135106371535014,0.332865856376173,0.3120756663336207,0.48444125192854876,0.41871216452617965,0.22301057492904885,0.6361190123298143,0.22301057492904885,1.0,0.39196113516847414,0.5378963975646348,0.5299385624489991,0.49288024017474913,0.538821338916266,0.536688733950717,0.5221253012167749,0.4645051426123332,0.18243616894182615,0.7468970596239324,0.33638044766155495,0.7566425550130891,0.2704393660417337,0.5331874610335875,0.4898368714451843,0.4770652649079324,0.5328724204781056,0.633041476187391,0.6251654627729303,0.3620410081929648,0.9591839526140719,0.42780804789236077,0.4101468288974076,0.5174432199500951,0.5050869663376127,0.4411032140940278,0.5082605406740521,0.36129791123185195,0.37005022030045565,0.10295726919307924,0.7014581708489004,0.1956952309805613,0.7298167141723055,0.13599261266757823,0.36388034940444103,0.422528146031269,0.48624380545563706,0.3975617144617708
-0.3969144481395224,-0.198473842175742,0.2970072605822801,0.23103089529260937,0.8365041073507593,0.2826809230568445,0.020201316799865983,0.3327582249013677,-0.16525942693238363,0.6353874888690921,0.12254346410513188,-0.12333760969947977,0.17800033736169865,0.43660888466277553,0.02876755606780203,0.5215405415879625,0.17391175338146259,0.546904525023547,0.8146351876845783,0.3474411403140231,0.5438133254523653,0.3020064140262842,0.17677399923572007,0.3020064140262842,0.39196113516847414,1.0,0.4910231723997008,0.22758523589830576,0.5065851508484794,0.007914744537725962,0.5692729459507396,0.334805046101777,0.20570025443578535,0.24173403109731392,0.4610302906610875,0.19523137361443177,0.5293547929069411,0.30862310624221756,0.7145330030685172,0.880814599805762,0.4284589076223116,0.6067995308472964,0.12632752400161903,0.21392765948914214,0.38769921834512494,0.46054771257868,0.9758923034901177,0.4839264797731103,0.2175643241861369,0.5837050201653512,-0.07628407204076955,0.6289415745016755,0.23897323398580192,0.10377706295999276,0.2075172921096975,0.41155111470428996,0.03518558352084571,0.47548633399662404,0.2025394768588443,0.651043180988472,0.829159157040936,0.5660335192835761,0.5347917089985316
0.29653951181057125,-0.28401393680738934,0.04304770569043639,0.311517422520974,0.21756322633788008,0.7499981494965129,0.26089505738390606,0.012970679295408261,0.029078450024989284,0.36614918748428515,-0.07891158466193618,0.2959022656752095,0.37879519514955584,0.41620815088790863,0.3713171097579088,0.7293260252140591,0.21698935075526965,0.3212481331535029,0.3580113727628503,0.255197697341086,0.37849764974188543,0.26202228441130987,0.20463465548635845,0.26202228441130987,0.5378963975646348,0.4910231723997008,1.0,0.558543990727596,0.506781112129151,0.24534021328571104,0.5832087137960161,0.3289725357530313,0.6226091336623529,0.5643670965773688,0.5078445629275397,0.5006523312604935,0.7469582450070075,0.30260327958380084,0.5253081850831812,0.5050336230965186,0.30981363143943264,0.5202197267919496,0.6364178978865774,0.22181172898745546,0.4011877798670854,0.569666424673442,0.5031273064677468,0.9388151303249272,0.5402669107972986,0.41804601903428434,0.08825006491212717,0.4913779285582892,0.078398759778799,0.5573936810678237,0.4337068613167613,0.5029608610416878,0.4275184652174403,0.7301325584438619,0.20111676284024374,0.40448551166075125,0.46908796140593956,0.446552294492803,0.43368512645289925
0.24678640279416006,-0.1699494463850949,-0.24508257897661018,0.4650507259186482,0.15660138254602876,0.498881890728934,0.8880823659702394,-0.13205705173939214,0.020011387210303842,0.2002977375102619,-0.1184226837265652,0.000420641422549962,0.47303316734794637,0.344645797393794,0.2750459927966058,0.6409841276617219,0.06764880577100642,0.3454465239435372,0.1504184127619481,0.1872250142327209,0.6564781215443404,0.025690092981415478,0.20131775630692708,0.025690092981415478,0.5299385624489991,0.22758523589830576,0.558543990727596,1.0,0.20664787005365473,0.13118164849799974,0.32713907740227677,0.08156161627220629,0.2360533184209578,0.5392719416415034,0.38303418321644433,0.42144056781508826,0.5779711242613257,0.14249414338273111,0.41478430722696186,0.2785630788152445,0.1733658321191572,0.690920906483481,0.4239272145325205,0.12890429207708257,0.07865588187115503,0.5452067258047004,0.3388667438337416,0.5771867292008085,0.9776996249178044,0.19628829031014355,0.018130582149302903,0.27240918788029866,0.028837455877932856,0.21825891300585465,0.48355425299963695,0.35264197489487364,0.28767750535720116,0.5740161111271685,0.011538068585862886,0.30998938987645824,0.18262788274317412,0.1577540832041183,0.637349089939379
-0.0758254984854106,0.08622236819193495,0.018035049489805135,0.21523289091769723,0.2622129696247628,0.0801778112362883,-0.1521473697410257,0.7147613039028029,0.18018453170485657,0.46073521998208306,0.3675749038196488,0.01919427733358361,0.044093778482921474,0.6247887986781926,0.14865414412479142,0.7307642436924191,0.07553829441763228,0.5210307655577525,0.37812239361200384,0.6717054172358826,0.0854957733051615,0.35244374780947235,0.4826604136389846,0.35244374780947235,0.49288024017474913,0.5065851508484794,0.506781112129151,0.20664787005365473,1.0,0.35824119006848,0.6195879044358595,0.7210026832143972,0.49227316272249594,0.18567820587937198,0.6898756883116849,0.2755649280587575,0.7597230793324006,0.20357430659930756,0.6896641605127576,0.5337244887478962,0.7598886167345955,0.26845293806358617,0.4347843163353634,0.5404328883032121,0.39132894828744963,0.5354013461484581,0.47766767829778245,0.3294058017339427,0.16543043408995797,0.946838675989368,0.2964897488213224,0.5522305815431492,0.5273129359773849,0.2760058240451074,0.05574921493420676,0.680417707683538,0.06928235551141909,0.7363180700674048,0.1395437754925299,0.6217733375396199,0.45389074567631815,0.8649638747191851,0.08697766571787358
0.5896735758379774,0.7687346568732548,0.19433811444903232,0.20383532206282032,-0.45818765739933537,-0.10823695430843462,-0.1359895146992349,0.043118778411201146,0.9588945942607716,0.44350985828512385,0.33430412071394366,0.6479772800367586,-0.14521600974656843,0.7651514578576611,0.5025164232029662,0.4232412264184207,0.26095106152017394,-0.045808155551508835,-0.05266974102401565,0.475418596316785,0.18148618316837434,0.4044543748547693,0.9071900956664342,0.4044543748547693,0.538821338916266,0.007914744537725962,0.24534021328571104,0.13118164849799974,0.35824119006848,1.0,0.5098041109554784,0.5384360303872048,0.6781557679180217,0.08196255039731025,0.769069127790988,0.5821577526897436,0.4976020416104363,0.26989013860995653,0.13914054673926884,0.032495275520438946,0.5254197273145041,0.28103047271608916,0.7942408504780443,0.8671238015656333,0.5483961266109334,0.5032497849608913,-0.012536803932224169,0.09879344226448651,0.12959643952861336,0.3169836210167863,0.9649064720214745,0.444422041282286,0.3699055135719498,0.6633793682227915,-0.1666817077191803,0.7376055003150205,0.45666606795455467,0.4479257834358425,0.32973756499694407,-0.03806232687722309,-0.03281762049447351,0.4482591773164991,0.22012251181713194
0.07193256568466036,0.2159027269356811,0.24639833420300725,0.18074877663476635,0.2214248487117541,0.11710908126571234,-0.024953165728334975,0.11085268592061452,0.362714866228642,0.889101414419127,0.1243720870932959,0.4651988025024512,-0.11775235977974359,0.7351450775489127,0.4152620331466725,0.7120233241206766,0.32429033737539165,0.321343945117645,0.32067301283421723,0.38487300822892984,0.3702244531561643,0.4545782439810554,0.5691534006132114,0.4545782439810554,0.536688733950717,0.5692729459507396,0.5832087137960161,0.32713907740227677,0.6195879044358595,0.5098041109554784,1.0,0.5070123752480067,0.7528011254984667,0.11144976571037044,0.7943973412465425,0.554209199155303,0.7647204371307299,0.40727805034572473,0.5520390892198197,0.5028350030793929,0.5187002588808891,0.528215171180012,0.5955740565453846,0.5666011504846927,0.5639208735256794,0.5987758018170155,0.5840473913552122,0.479519750544616,0.34296062672990507,0.5979713386784182,0.41781705980077694,0.9656831547548385,0.2899276512164826,0.6932480606894126,-0.07479970065219231,0.8339815376275987,0.45128713987201535,0.7553389524366203,0.3773768242237895,0.46163462997809496,0.5300142099836096,0.5997156067158359,0.4379314993985994
0.18812875871461865,0.3263464294866563,0.18687180450164276,0.25381458384553945,0.04280128034137582,0.003551064201246763,-0.2896167832442109,0.5310813376080333,0.4127525808413643,0.38661034150146295,0.8424118395769755,0.13232527617298362,0.04523953379903101,0.7073490578746425,0.03356902708675863,0.5569860874630486,0.39620324041332733,0.3842597327278333,0.2503649468070291,0.7983600641658293,0.08945264877395068,0.5301027148930015,0.5657699645941843,0.5301027148930015,0.5221253012167749,0.334805046101777,0.3289725357530313,0.08156161627220629,0.7210026832143972,0.5384360303872048,0.5070123752480067,1.0,0.4446113062190818,0.20213315484535946,0.7260316824062698,0.22498616229202587,0.6165789928369011,0.4646145421619388,0.5213684864022915,0.34255298550408775,0.8442583395671722,0.2407507753578169,0.569720552230627,0.6490324258971646,0.5734743574926741,0.5583224156054423,0.3602960337462924,0.1826634472491579,0.046383883665415127,0.7000170142800168,0.484517446593896,0.42181035066435085,0.9132057631776205,0.2911035144595294,0.04002663775761223,0.6528058706981013,-0.04293313302517492,0.5574416672414012,0.4671851693019707,0.42792423548270064,0.28707726336669087,0.8752225250927508,0.11514383981070274
