Fp1,Fz,F3,F7,FT9,FC5,FC1,C3,T7,TP9,CP5,CP1,Pz,P3,P7,O1,Oz,P8,TP10,CP6,CP2,C4,T8,FT10,FC6,FC2,F4,F8,Fp2,AF7,AF3,AFz,F1,F5,FT7,FC3,FCz,C1,C5,TP7,CP3,P1,P5,PO7,PO3,POz,PO4,PO8,P6,P2,CPz,CP4,TP8,FC4,FT8,F6,F2,AF4,AF8,O2,P4,C6,C2
1.0,0.6861197560762454,0.30829748822253694,0.5920935913664825,0.4554405281948901,0.4112394422878051,0.7325467641476923,0.3240364204198886,0.536680522802218,0.5824984263629231,0.5376367789953534,0.6839519226328571,0.30745229345682473,0.5562811245412794,0.6421549113063478,0.5201989425022896,0.5414029319910868,0.2990030025561858,0.05207533362460873,0.3715410922443444,0.5529820760802423,-0.07195890328467805,0.3759349359672952,-0.07195890328467805,0.2960651944638624,0.024380423826943734,-0.09734724881477931,0.3240520478021664,-0.09082320406025489,0.24281563472919282,0.06833266691768296,-0.16333705009344446,0.3755626293923829,0.14405001583597177,0.31438844742690325,0.5359149471708721,0.05677727431355368,0.3257917749982605,0.28135587502753995,-0.015908842273883134,0.2885284481191116,0.4707453520690808,0.7400413798446662,0.4891130700139432,0.20352084993133487,0.3417770879572153,0.21781191126970817,0.035641424504934294,0.6747139685695982,-0.014120212772254526,0.14132963252154107,0.26800034338470774,0.273530471460708,0.2420677342754688,0.10525174607140937,0.054876004844706255,0.3351095550939038,-0.004042172776879579,0.3149443795711276,0.06016569891797923,-0.09126414306270014,0.11922976492479986,0.12686873278156774
0.6861197560762454,1.0,0.4673990514776818,0.6160165429024028,0.47244446849897515,0.36251905822514974,0.6197116300424321,0.5324193278318194,0.606994804274047,0.5013091099542154,0.4852543374200045,0.7226126268797508,0.21387411120059718,0.6210787930714187,0.47890770833835067,0.38253772213183035,0.4652057931139627,0.4426348800542517,0.20125955375976576,0.18342656001450244,0.5400267491549586,0.06460483926575689,0.6112745412613028,0.06460483926575689,0.4349312056438688,0.024658368540586416,-0.20425814120884545,0.21837565798146064,0.11251240119678199,0.13207283236413894,0.09130273042523467,-0.10042806450493505,0.29887694250543484,-0.02917026324523825,0.34974115663667,0.3876554895344461,-0.08519647536910524,0.2291155681038321,0.3599213724626705,0.13035569771817265,0.05441522355184192,0.38898420158085567,0.37429206629383527,0.7683586675754661,0.1826181552508654,0.4548043996176635,0.22527582434231397,0.1065296236168241,0.49710919024522254,0.22527133963716753,0.10309944142417413,0.21004978283611553,0.21763743667480306,0.139891249013732,-0.13958268092543738,0.042426651036891236,0.16606583874806674,-0.0612020955026442,0.14220726855317575,0.1611685574352573,0.04767846667620756,-0.0052850566452173975,0.061367250363690215
0.30829748822253694,0.4673990514776818,1.0,0.5013097732760823,0.6951123337846139,0.3392751926469166,0.13415352736767874,0.44889941324132543,0.4068120050022718,0.46435325408529327,0.49805012522669495,0.32747020100870816,0.15416204467134018,0.5885531645189792,0.28375936802704727,0.4814128102600863,0.36318085068512657,0.5528946407805992,0.5537607360538164,0.5157057589917674,0.5731665126227145,0.7917185050789364,0.1172094978628336,0.7917185050789364,0.4497446672481562,0.4666943750520332,0.11472877753830713,-0.3283333312369055,0.304954251295948,0.11940371576820528,0.15268183762534907,0.13395423944541174,0.08558471841005164,-0.059800373914069956,0.46256230729606534,0.10414738049732555,0.2206746036140013,0.33305905527142043,0.4761660649925498,0.5095540361344565,0.2883559650476079,0.4612948555117106,-0.009565612761939093,0.20307859151770516,0.8085708979769617,0.4218900235181206,0.5519392668616588,0.3182911341777188,0.06442559914101531,0.33781426704719,0.08938039922236733,0.18263588742736978,0.458574436006768,0.043667629315652205,0.039309239404584286,0.2772752376039466,-0.000252510002235041,0.1307971396313042,0.4031399362104203,0.3412392566488792,0.5110483768443842,0.25352866586768985,0.167264836173166
0.5920935913664825,0.6160165429024028,0.5013097732760823,1.0,0.606365120463353,0.5342326858910049,0.48714223307128984,0.4664738002834991,0.5523469623425811,0.5147285796405328,0.7526121732158849,0.40895731520600725,0.37844157386937893,0.6507126033467874,0.4136445895734129,0.40002269463025847,0.3515936813426616,0.5023970399899316,0.41387569263244944,0.443076432791527,0.5016010535025898,0.1353834569807037,-0.03888397706266402,0.1353834569807037,0.8372583420303926,-0.00042465268123379135,0.02842468052286501,0.028482126712056,0.01796377648935883,0.20654938500858944,0.009747303509125489,0.19349086306597843,-0.040383423452125054,0.2319811767919889,0.3554898991815802,0.20616117040446302,-0.0682603256638194,0.17324155350278247,0.41601497802752324,0.39808507300046353,0.17960357605679167,0.2831629869223465,0.18072484827081473,0.2338004563919719,0.33112376467502586,0.8172248968949541,0.36840047548984695,0.1901894897731562,0.4129367803346152,0.08158630433217394,-0.054005407965799376,0.09719125746606436,0.5266300958203294,-0.11086646654560307,-0.12690324551602256,0.07329534276370868,-0.029492456000485258,-0.11643428307954169,0.2441315741683199,0.214387331693839,0.3046027364765615,0.13898074446675385,0.060818723037182984
0.4554405281948901,0.47244446849897515,0.6951123337846139,0.606365120463353,1.0,0.7060430161552375,0.2938653904157609,0.514846771211244,0.206610791983623,0.5230577754239267,0.6590745876606829,0.3840194864632035,0.4111468559108845,0.46501066923379325,0.3899472170615276,0.6169983347692195,0.34684879281212067,0.5460066161662381,0.5076771077431074,0.6596571296631043,0.625340340721628,0.300382266226984,0.04071005080081977,0.300382266226984,0.4571699645861107,0.6760018464122461,0.32028558355272424,-0.21135582145917248,0.1062436455402637,-0.1967723297761632,-0.046279208699667514,0.1403658485983206,-0.04783157584916341,0.22320037573884344,0.15957623154679984,0.14075186417453608,0.1632433190886685,0.18504599425190643,0.41252838692032007,0.42303208963230754,0.33382739911836745,0.4579082398021434,0.05579087669565194,0.2028709906307814,0.4256782498469013,0.4872002817849369,0.8241073476842161,0.49729407062694314,0.2297804920548685,0.20120740146653843,-0.31643649205602775,0.14828817309046732,0.5045635958146918,-0.1673160416124737,0.20440754639351946,-0.15537607736648235,-0.01585055396511296,0.09924032588591908,0.1985921828718975,0.27257939500946377,0.3929027827229997,0.28217786583112864,0.04016152698696146
0.4112394422878051,0.36251905822514974,0.3392751926469166,0.5342326858910049,0.7060430161552375,1.0,0.38629800366570505,0.612709465606795,0.10378524012696372,0.3553947335140843,0.6035583072251222,0.28692331785801645,0.43493617434028614,0.25854233438307783,0.19018865083777706,0.3683039773027975,-0.011830167304198606,0.5323647763431067,0.17795434854770167,0.5426533053900389,0.45153805294930294,0.017398941177226585,-0.0039648242660469965,0.017398941177226585,0.42153779148513504,0.47217347954622974,0.6724818582853859,-0.014309784385089475,0.23081538871079715,-0.182887856378295,-0.08918660064653565,0.3188288434426201,0.008279223853433168,0.3571626278368108,0.07082100438850773,-0.044469709236326566,0.05823146562207582,-0.16392464306761562,0.539350838698958,0.15477534864942674,0.3632458694725228,0.3776827277496016,0.23808978253948979,0.13959344339675536,0.17370451853962357,0.4424359869808222,0.6504164244991112,0.8041447962018005,0.34324330136027065,0.3135372593836295,-0.24949054198398432,0.17535121933923445,0.5540049036163346,-0.13914478499700256,0.14061477526682015,-0.12586275672634523,-0.2019016662017926,0.04365188016674869,0.02282512817758994,0.37797143448627135,0.15271687846080892,0.32900845422096714,0.08077742865385149
0.7325467641476923,0.6197116300424321,0.13415352736767874,0.48714223307128984,0.2938653904157609,0.38629800366570505,1.0,0.11672603158020359,0.4337591493492392,0.5371670090150668,0.27392635418736166,0.5214439343574983,0.21485164054253802,0.3597657379822147,0.379079951220044,0.23222633387464073,0.0830059124062102,0.15952951497637216,-0.17290262233989384,0.08564492261498287,0.5064901602235341,-0.19413699964400646,0.42115342374897297,-0.19413699964400646,0.3108672433104835,-0.07963096396742353,0.05995449883428743,0.7539392392860549,-0.20466182682702633,0.3027505137548457,0.19736969993874878,-0.3606206398329287,0.3225754345308459,0.11839103420410187,0.14853761084906195,0.30730138099051707,-0.0717080526168106,-0.14296382648612604,0.23496472655527903,-0.22255628120106383,0.11970287847313951,0.4138176165717004,0.5462320239689545,0.4409963473692157,-0.012645489810848388,0.2941180489258451,0.15711832359869238,0.10636987042290999,0.9321723447578879,-0.09373387675363648,0.05117255450433399,0.37294006296163423,-0.0033069708916892934,0.1797202880132189,0.09430879832690188,0.038194771684913406,0.16168344124442038,-0.09391692467932296,-0.0008148730750406413,0.041089989192848855,-0.21052211654490038,-0.06513216383444724,0.26733073703891297
0.3240364204198886,0.5324193278318194,0.44889941324132543,0.4664738002834991,0.514846771211244,0.612709465606795,0.11672603158020359,1.0,0.14585798271403086,0.2036521290779458,0.5011773034565778,0.20516722894514297,0.24447848292049848,0.42628528307616076,0.08177188878506612,0.24152401494534928,0.2605683677385735,0.453351533622534,0.31402036188115595,0.5175251009809958,0.3723036332592062,0.15766337260799904,0.2331008026255992,0.15766337260799904,0.42009397737246607,0.29957858818883193,0.07294151079469664,-0.28796893230821663,0.7148345054993022,-0.2827320811275245,-0.13153375043888407,0.2939176446523883,-0.10181207934845905,0.15535359576801758,0.24483757777654042,-0.07852225071259958,-0.04750589520663633,0.10994627894410193,0.41892198161585553,0.26984557240443646,0.425429574036465,0.2581070500219825,0.07137400388348474,0.3763506980261105,0.2919759998125884,0.4273276735144944,0.37813255589321837,0.3693401960643623,0.04763093579002893,0.7966123433394291,-0.19627668943729873,-0.06568380364401279,0.41928976987364475,-0.2434308155266011,0.0372442901380167,0.0805838534554494,-0.2631462821563275,-0.024754873151445964,0.03456495436812202,0.2784746566994676,0.23067751105079223,0.37395928280027707,0.0548341503798682
0.536680522802218,0.606994804274047,0.4068120050022718,0.5523469623425811,0.206610791983623,0.10378524012696372,0.4337591493492392,0.14585798271403086,1.0,0.4554026877697442,0.4991114073118309,0.5237441100647509,-0.025393339845917066,0.5827870933884092,0.4980439654847901,0.3742605580843371,0.49849478146181075,0.17805610271294295,0.19034325312056558,0.19522811413338617,0.43231885613469345,0.1900586667006537,0.3015180894950388,0.1900586667006537,0.41342891121972897,-0.16419598271073257,-0.22724367886616398,0.03130640043249253,-0.19588769800593303,0.752136008584498,0.14573521111273913,-0.051779384373015803,0.160923816943961,-0.29575125979583433,0.37424362328278515,0.3918893298735313,-0.00536301699849053,0.42333987672951534,0.12408587859422775,0.12913080373529295,0.006276474385743477,0.37930577747174066,0.21971179449454717,0.40555146968755323,0.2849521501092006,0.4509268609247339,0.00017962281760658654,-0.01921791702643228,0.2440748189055743,-0.14951127118226631,0.6545054589237879,0.11538435693788807,0.22028133506475805,0.0934613132863378,-0.4260983766076522,0.20810577606728214,0.3048874304037512,-0.08717099238004834,0.3956825441492535,-0.07804939690816903,0.09857082794187584,-0.028679058758992602,0.09069018689559806
0.5824984263629231,0.5013091099542154,0.46435325408529327,0.5147285796405328,0.5230577754239267,0.3553947335140843,0.5371670090150668,0.2036521290779458,0.4554026877697442,1.0,0.6425905503761813,0.6244773781462191,0.18902537696497362,0.42689460080637626,0.6836807991277826,0.18039105234038427,0.42583759665434734,0.20455507833399378,0.22393451663392425,0.3421507920165679,0.43752453100271205,0.12425550391087907,0.10712346951871465,0.12425550391087907,0.28284018334565886,0.06145570606468238,0.02966690772750599,0.1721036252395245,-0.2430541262035688,0.18343511835839157,0.6281307035537605,0.10079387252243194,0.29837129108510985,-0.024596410168073533,0.16610303162995915,0.5798902953392682,-0.26158435628928123,0.27925580285445945,0.11782349929199741,0.14617628044954478,0.23136717890117584,0.20028843517784123,0.33385174099551695,0.24437304287262798,0.2023837527144802,0.3298376133069583,0.2756152651965672,0.14855058422382852,0.502448209221031,-0.05688532602110546,-0.028735504310332356,0.7366448606187134,0.4094303878208414,0.1790482635266469,0.04302608705009238,-0.03227464660546889,0.4049330481877854,-0.3192309895338279,0.16424560623954668,-0.09415738044310867,0.17367438875831837,0.008000438075778238,0.006174131803288711
0.5376367789953534,0.4852543374200045,0.49805012522669495,0.7526121732158849,0.6590745876606829,0.6035583072251222,0.27392635418736166,0.5011773034565778,0.4991114073118309,0.6425905503761813,1.0,0.46873970537038173,0.3947130498102924,0.5645159806688582,0.5944849476382968,0.412661138840134,0.479547540100982,0.34065775510202567,0.44002395167214664,0.5522226859763609,0.3925209819802331,0.09568584373852815,-0.13561632907637128,0.09568584373852815,0.5784514148686822,0.16689404178016246,0.10802366710514721,-0.25721558892027047,-0.016128176318850974,0.11328791317967139,0.19633220869024742,0.5310980915097568,0.03020173074969876,0.1251521890057406,0.24926015575631058,0.3777960346228696,-0.09719346928505714,0.3094190011079075,0.2534855585005706,0.3970819934838072,0.31027822997699944,0.18539512239259326,0.14434396151186174,0.07640392707245036,0.2794246337478456,0.582170847693487,0.4090845145990988,0.31068005934458315,0.15561506791442933,0.07931075893510582,0.052567533198666846,0.2614741033618541,0.8348054224193734,-0.09346370323350482,-0.07855202947097911,-0.008770324616103876,0.16790034907499232,-0.20773882486946063,0.3495319834615689,-0.017118410115205755,0.3118146694980206,0.21589067956421074,-0.14106219090244912
0.6839519226328571,0.7226126268797508,0.32747020100870816,0.40895731520600725,0.3840194864632035,0.28692331785801645,0.5214439343574983,0.20516722894514297,0.5237441100647509,0.6244773781462191,0.46873970537038173,1.0,0.07360577731011454,0.36585086918924287,0.5620630341262536,0.33136426964231264,0.5628106198715354,0.1953269726990974,-0.05699833330898787,0.11443507437683499,0.29382591502783023,0.04952365718578107,0.45035390242182394,0.04952365718578107,0.28945120272803637,0.03215492552456593,-0.0727248532568835,0.22757794099475187,-0.07408151513749298,0.2654940651690299,0.31287190709649443,0.03713416557768056,0.7283684501114979,-0.157973247234901,0.1345005667276735,0.539818968711616,-0.08519977535694451,0.4170067935847099,0.18203894992057543,-0.09845329745443232,0.0734519187931624,0.20755732341726538,0.5884456677281807,0.5488354583565566,0.17881043769937274,0.29528556684419116,0.1785204565542666,0.042882519240816465,0.48673631060887673,0.013272024100318927,0.24430009946132353,0.48570607107191116,0.31747883038488306,0.6254429011886671,-0.049560449895635884,-0.1913040965822105,0.34280455846126606,-0.07022114411581563,0.39639592314833744,-0.0029806612812826026,-0.19075568557726283,0.0526550839788588,-0.22110291294614287
0.30745229345682473,0.21387411120059718,0.15416204467134018,0.37844157386937893,0.4111468559108845,0.43493617434028614,0.21485164054253802,0.24447848292049848,-0.025393339845917066,0.18902537696497362,0.3947130498102924,0.07360577731011454,1.0,0.13410861070778346,0.26759798944868746,0.32804615962767797,0.08982219112134196,0.5225832320326431,0.18417443636288222,0.4817484828433368,0.40399170556821096,-0.0441691443705968,-0.1305693399240037,-0.0441691443705968,0.3231426649160832,0.32818692125366833,0.24284750021891138,0.07459518396218352,0.015758941001853783,-0.11199058713945423,-0.06688277331556985,0.1458355374539239,-0.07979187702254015,0.8920625387505341,0.05547133229979754,0.17789949833407676,0.15656479995683173,-0.03304478465204094,0.4470558986747442,0.13699944409148287,0.43205147359372353,0.3009452957055271,0.1828814539091999,-0.06570114984689654,-0.0004443900819863773,0.419081542443539,0.3742572082196334,0.296113487810396,0.2765220775824073,0.09404804408853168,-0.20848482046065356,0.13831022322268152,0.3165760643455623,-0.18386401016157783,0.6068945481914089,-0.053090506110097566,0.06903784741441439,0.11754866441387965,-0.170654487242712,0.3843896198719151,0.1649195469849276,0.4138350280070943,0.21299578518386397
0.5562811245412794,0.6210787930714187,0.5885531645189792,0.6507126033467874,0.46501066923379325,0.25854233438307783,0.3597657379822147,0.42628528307616076,0.5827870933884092,0.42689460080637626,0.5645159806688582,0.36585086918924287,0.13410861070778346,1.0,0.5138118963789717,0.6789935965632715,0.46589146955725086,0.3441368627645423,0.6701567816702704,0.552445221405477,0.5838918805815992,0.3043105785357781,0.2512517724455948,0.3043105785357781,0.5372357390596445,0.07270722213695431,-0.14337032476193126,-0.07794381787304479,0.1410882676864512,0.20413638892149583,0.07564047458949091,0.0573036210925933,-0.02110167398534251,-0.021731760667375002,0.8454696853201119,0.38976692977441574,0.3188663684398734,0.3323485935499197,0.24803431354493627,0.6518188129032364,0.3482587732166253,0.4314090546428843,0.1804836997308153,0.41493212774233434,0.5059228922673318,0.4976862077900051,0.2911572096386472,0.06530110918066691,0.20724572403200964,0.1306977960176504,0.16156248684228236,0.016646347609042326,0.37406262515717553,-0.008055364692591261,-0.035867413281175556,0.5752270027127765,0.2345899567391583,0.21964210801323694,0.3627478305735482,0.12587814673062547,0.5640790045423552,0.24506238336056535,0.2931791884063555
0.6421549113063478,0.47890770833835067,0.28375936802704727,0.4136445895734129,0.3899472170615276,0.19018865083777706,0.379079951220044,0.08177188878506612,0.4980439654847901,0.6836807991277826,0.5944849476382968,0.5620630341262536,0.26759798944868746,0.5138118963789717,1.0,0.48139725594389854,0.5711037067025315,0.15186923676795913,0.29424826655582337,0.4016608309846391,0.5016453094440243,-0.0715886159467821,0.12177248227280758,-0.0715886159467821,0.03435813394325127,-0.052334817472676064,-0.11722542317033542,0.04951731169117054,-0.3870339166954774,0.12257990805399506,0.24142169088896206,0.013870386116367928,0.1846868252289982,0.015141144644544545,0.28922501519748,0.9413329107551308,0.03790577835119064,0.4518798413391981,0.01636202911088876,0.21683902483440695,0.18760545901211723,0.3530144108148566,0.33535259567017556,0.30400014418585913,0.03091270951011694,0.09201184281316613,0.11924491361033798,0.027569000255403056,0.2779160287373009,-0.22085427201516944,0.0973501560941121,0.3029464102900433,0.3227578536666763,0.12117241682471348,-0.08155618077703028,-9.428781073772367e-05,0.8318171754625764,-0.06496970581399777,0.28169348391114024,-0.18405451024542793,0.15983151476445412,-0.001814262431396483,0.05387267017176292
0.5201989425022896,0.38253772213183035,0.4814128102600863,0.40002269463025847,0.6169983347692195,0.3683039773027975,0.23222633387464073,0.24152401494534928,0.3742605580843371,0.18039105234038427,0.412661138840134,0.33136426964231264,0.32804615962767797,0.6789935965632715,0.48139725594389854,1.0,0.4841955426210157,0.39789923951017947,0.5186190326467532,0.7015811783823199,0.696444455038016,0.24870101653325744,0.17439039541725262,0.24870101653325744,0.299983513881351,0.5385459486300201,0.15222885989857757,-0.12612920467237784,0.062652062522088,0.12527798888336944,-0.24722235938273565,-0.0035322367720272796,0.06936533416012754,0.16674299183007651,0.5929327018241052,0.34223466529405516,0.7414306827939061,0.42052509021925794,0.31057405442821623,0.47230826513466256,0.4975856780006952,0.6948111081361884,0.2737107124120401,0.25115167137830796,0.43398113588049236,0.3042231667732718,0.5964459425955989,0.2612514427518683,0.1501727394668769,0.03904143339565338,0.13251050626692096,-0.1348959382518961,0.30313859820158573,0.0686707460424964,0.2594379825158103,0.2820528620839111,0.2923446519250424,0.6493706839918153,0.44180581097518423,0.27171536473484714,0.43506305043169596,0.48260239100313373,0.3460416742030887
0.5414029319910868,0.4652057931139627,0.36318085068512657,0.3515936813426616,0.34684879281212067,-0.011830167304198606,0.0830059124062102,0.2605683677385735,0.49849478146181075,0.42583759665434734,0.479547540100982,0.5628106198715354,0.08982219112134196,0.46589146955725086,0.5711037067025315,0.4841955426210157,1.0,0.13954222893901713,0.3336827107563313,0.3651838841024366,0.42187387079304783,0.2083047737050977,0.27334812592904817,0.2083047737050977,0.24731391796235866,0.1473597952223414,-0.4443524628615086,-0.18904607816388688,0.04770379014146979,0.2543646495997074,0.1833465497867602,0.19022526784467464,0.27269028695996883,-0.1533179811816027,0.3086258547837072,0.5555349893427115,0.1370254628511964,0.922468340055459,0.04248506152065974,0.26364434924157165,0.2505181098490453,0.332671463642507,0.31024223484997,0.37496022213132957,0.36919753502163555,0.27681245298098667,0.22371714618307054,-0.29079271095687753,0.042836375641807735,0.08030687816471099,0.25988269619463816,0.14181015813411837,0.38149090413323217,0.21589268771667633,0.00788681031309717,0.039074659812638086,0.486619305840178,0.11175409321525291,0.6168821144609328,-0.03235420497341667,0.21660892091100012,0.23679108294530232,0.03273626124165926
0.2990030025561858,0.4426348800542517,0.5528946407805992,0.5023970399899316,0.5460066161662381,0.5323647763431067,0.15952951497637216,0.453351533622534,0.17805610271294295,0.20455507833399378,0.34065775510202567,0.1953269726990974,0.5225832320326431,0.3441368627645423,0.15186923676795913,0.39789923951017947,0.13954222893901713,1.0,0.47099025172189035,0.42702896713903216,0.46756248472129486,0.4723289895978052,0.11601291922090423,0.4723289895978052,0.4527972782492047,0.4434750215413028,0.3099758017873165,-0.10001755318416897,0.31113377999382247,-0.01862104565830596,0.004701810882376603,0.15601485368173648,0.06464119379304036,0.46916432408174247,0.3157899197123598,0.016151124349446853,0.27699318234805625,0.1434536754789281,0.9244649819312628,0.45454533068447023,0.30861707687972895,0.4130725206866238,0.15432295579746633,0.23172857011627668,0.5025032197294964,0.5172357163897114,0.6071662083600997,0.4920268504722694,0.22980985801877174,0.4122376787940013,-0.030400627517280846,0.20519378712738856,0.4233846252014895,-0.02057668116862643,0.13567053519521266,0.19911583007870978,-0.09164024194690591,0.30162233619993517,0.19135177111263427,0.8357967221921307,0.4197774594968391,0.3578991343629462,0.256280316414858
0.05207533362460873,0.20125955375976576,0.5537607360538164,0.41387569263244944,0.5076771077431074,0.17795434854770167,-0.17290262233989384,0.31402036188115595,0.19034325312056558,0.22393451663392425,0.44002395167214664,-0.05699833330898787,0.18417443636288222,0.6701567816702704,0.29424826655582337,0.5186190326467532,0.3336827107563313,0.47099025172189035,1.0,0.5020591491444107,0.41709915352286764,0.49397465853275446,-0.028427409473166902,0.49397465853275446,0.4151364410916594,0.36573716686380886,0.00828757884857998,-0.43561237670150993,0.16541485682814655,-0.07999025027321446,0.11477527574655204,0.30400021201771166,-0.2969673743098951,0.13212433315559027,0.6617366278800435,0.1748902351192499,0.38601366735227827,0.3351849591388413,0.3069623436706086,0.9808817829688076,0.2220975017196882,0.2740898484287387,-0.22742968819278198,0.138933230648882,0.5178598601066613,0.4456360116494844,0.5039403525350314,0.16424641938015913,-0.22798610694605015,0.15824535471213555,-0.08769106477348917,0.022081551902920646,0.4377433264448983,-0.2503102551704388,0.0032031100870696006,0.49546575510144747,0.14813757767291533,0.32019069262983146,0.22947525620532516,0.31840115483858866,0.9444133135721493,0.24628909524336623,0.30316473529687554
0.3715410922443444,0.18342656001450244,0.5157057589917674,0.443076432791527,0.6596571296631043,0.5426533053900389,0.08564492261498287,0.5175251009809958,0.19522811413338617,0.3421507920165679,0.5522226859763609,0.11443507437683499,0.4817484828433368,0.552445221405477,0.4016608309846391,0.7015811783823199,0.3651838841024366,0.42702896713903216,0.5020591491444107,1.0,0.62470667171942,0.27699903401821785,-0.05292804871190207,0.27699903401821785,0.3403794658789549,0.5381080993771805,0.2987025206222021,-0.3164815354330231,0.2979956373010289,-0.02629004773036931,-0.07106744005356341,0.21834325790393766,-0.14938445314346652,0.36146634280451156,0.4416514064139875,0.2225171480461631,0.46521626159113305,0.3271732060987543,0.37053206834211216,0.45854114736573154,0.8288173648214882,0.5519090383458731,0.14469838265484286,0.02037078787318114,0.4388879490828551,0.3467912057474318,0.5828334381634812,0.4070449319703778,0.04021246422022217,0.3471646398015294,-0.07768448856385136,-0.02195921359011634,0.4716075155185213,-0.17619968265291594,0.39108404704131555,0.2637843905514787,0.15282074007799765,0.35158907136323303,0.3173812961913586,0.30092633778378963,0.47362651700467173,0.7490066113132683,0.3080599507356327
0.5529820760802423,0.5400267491549586,0.5731665126227145,0.5016010535025898,0.625340340721628,0.45153805294930294,0.5064901602235341,0.3723036332592062,0.43231885613469345,0.43752453100271205,0.3925209819802331,0.29382591502783023,0.40399170556821096,0.5838918805815992,0.5016453094440243,0.696444455038016,0.42187387079304783,0.46756248472129486,0.41709915352286764,0.62470667171942,1.0,0.3229357126928134,0.3156365921109759,0.3229357126928134,0.34875933758931077,0.48563226622185496,0.1059982167908784,0.1628601281455862,0.06425151650243938,0.15825376191968912,0.0050146719546953445,-0.09802193886750318,-0.0027292789114197443,0.22626147614970052,0.4682704188785547,0.3550898304464031,0.4358396823325119,0.2876699433601453,0.39636145551788565,0.3294510696182692,0.43645626153106487,0.9230727298342952,0.24389168654023596,0.398442162988917,0.41644908671727876,0.3346284279067457,0.6050505276576816,0.27733282153449307,0.42019412921904825,0.17698756241096683,0.06033418180115167,0.13456898853385563,0.19489153287756142,-0.09047609687893361,0.21766776151187378,0.25294136175569354,0.30111756482221214,0.38271153425524207,0.22242170484075682,0.2919723868331175,0.4135211284493957,0.34677771717284017,0.6773512894228451
-0.07195890328467805,0.06460483926575689,0.7917185050789364,0.1353834569807037,0.300382266226984,0.017398941177226585,-0.19413699964400646,0.15766337260799904,0.1900586667006537,0.12425550391087907,0.09568584373852815,0.04952365718578107,-0.0441691443705968,0.3043105785357781,-0.0715886159467821,0.24870101653325744,0.2083047737050977,0.4723289895978052,0.49397465853275446,0.27699903401821785,0.3229357126928134,1.0,0.07228633882046587,1.0,0.32199468742532356,0.44547414933251367,0.10105477426888064,-0.314459923020276,0.38081011982774376,0.25661060534453833,0.24675513508299002,0.22622823009594673,0.13854949475796155,-0.09754703608842322,0.44188334576004246,-0.127072866886234,0.3726098821328552,0.37276411207227156,0.4779607830521787,0.5154955615540029,0.2018452105191768,0.35057796521891177,-0.09436918363382944,0.031682366508970355,0.9061948387734392,0.27106381871713214,0.4336080039017854,0.1626334824465777,-0.1399445902021552,0.3477015423856138,0.3038440846643351,0.1888614968396259,0.3280356430115197,0.20825704363796016,0.036992812286739014,0.458667500165326,-0.08442915146201914,0.33552994450922735,0.4785587124741737,0.48316135438662383,0.561264671994857,0.3179109896465221,0.29488948549603516
0.3759349359672952,0.6112745412613028,0.1172094978628336,-0.03888397706266402,0.04071005080081977,-0.0039648242660469965,0.42115342374897297,0.2331008026255992,0.3015180894950388,0.10712346951871465,-0.13561632907637128,0.45035390242182394,-0.1305693399240037,0.2512517724455948,0.12177248227280758,0.17439039541725262,0.27334812592904817,0.11601291922090423,-0.028427409473166902,-0.05292804871190207,0.3156365921109759,0.07228633882046587,1.0,0.07228633882046576,-0.011576461925497253,0.11127552159065657,-0.18113558219266446,0.39275564170543853,0.2533144812896531,0.20227701698520986,0.17160708263265273,-0.3177742754798121,0.4289398660524708,-0.17614073751496795,0.28521841932870146,0.21902554345266173,0.14144031136550578,0.20403770504236268,0.19168133452974598,-0.07352989470555367,0.03113790478977626,0.40738290562435003,0.4816136934499108,0.9146380047903521,0.08457391174347553,0.05049519047868374,0.0756959489630357,-0.009919589952538619,0.3838329641346199,0.2613554383667845,0.25723200949016956,0.16694698495475685,-0.19995895525938326,0.3367450998485073,-0.009700933638364793,0.22504072704633613,0.22398161517633675,0.21201328902363092,0.0679648432657239,0.2101433924331011,-0.060250899149470204,0.1034168938991821,0.32228856449267
-0.07195890328467805,0.06460483926575689,0.7917185050789364,0.1353834569807037,0.300382266226984,0.017398941177226585,-0.19413699964400646,0.15766337260799904,0.1900586667006537,0.12425550391087907,0.09568584373852815,0.04952365718578107,-0.0441691443705968,0.3043105785357781,-0.0715886159467821,0.24870101653325744,0.2083047737050977,0.4723289895978052,0.49397465853275446,0.27699903401821785,0.3229357126928134,1.0,0.07228633882046576,1.0,0.32199468742532356,0.44547414933251367,0.10105477426888064,-0.314459923020276,0.38081011982774376,0.25661060534453833,0.24675513508299002,0.22622823009594673,0.13854949475796155,-0.09754703608842322,0.44188334576004246,-0.127072866886234,0.3726098821328552,0.37276411207227156,0.4779607830521787,0.5154955615540029,0.2018452105191768,0.35057796521891177,-0.09436918363382944,0.031682366508970355,0.9061948387734392,0.27106381871713214,0.4336080039017854,0.1626334824465777,-0.1399445902021552,0.3477015423856138,0.3038440846643351,0.1888614968396259,0.3280356430115197,0.20825704363796016,0.036992812286739014,0.458667500165326,-0.08442915146201914,0.33552994450922735,0.4785587124741737,0.48316135438662383,0.561264671994857,0.3179109896465221,0.29488948549603516
0.2960651944638624,0.4349312056438688,0.4497446672481562,0.8372583420303926,0.4571699645861107,0.42153779148513504,0.3108672433104835,0.42009397737246607,0.41342891121972897,0.28284018334565886,0.5784514148686822,0.28945120272803637,0.3231426649160832,0.5372357390596445,0.03435813394325127,0.299983513881351,0.24731391796235866,0.4527972782492047,0.4151364410916594,0.3403794658789549,0.34875933758931077,0.32199468742532356,-0.011576461925497253,0.32199468742532356,1.0,0.13298536682397116,0.07274863081751638,0.03718616453611309,0.26540244664351037,0.3101239486071575,0.0994587098626924,0.3732995014830681,0.032336869302485444,0.2529651908363259,0.38500375723893443,-0.10112413790588415,0.07934611912410294,0.15207278019622736,0.45314520640018907,0.44560111238121,0.21623532877586,0.1950562198017636,0.07108164425116077,0.15771415642674605,0.4644603807023294,0.9418041465771761,0.4210131562704607,0.16053452984735883,0.30137438704295577,0.23973579707784953,0.06986164432182092,0.11291564526205652,0.5469065332070502,0.01871648146000347,0.01694612619100898,0.21343668150201073,-0.2770958715603391,0.07462041124850505,0.2685227323155035,0.36572422911263347,0.387627376735968,0.33130447862647966,0.1358908429268856
0.024380423826943734,0.024658368540586416,0.4666943750520332,-0.00042465268123379135,0.6760018464122461,0.47217347954622974,-0.07963096396742353,0.29957858818883193,-0.16419598271073257,0.06145570606468238,0.16689404178016246,0.03215492552456593,0.32818692125366833,0.07270722213695431,-0.052334817472676064,0.5385459486300201,0.1473597952223414,0.4434750215413028,0.36573716686380886,0.5381080993771805,0.48563226622185496,0.44547414933251367,0.11127552159065657,0.44547414933251367,0.13298536682397116,1.0,0.47348756246541784,-0.24078597747546812,0.3235819763757483,-0.19471193242307624,-0.06392910948822146,0.18690470202392828,0.01229188288516072,0.272803459057396,0.08228943150796339,-0.17246325736621593,0.5352022184535181,0.1692697958856943,0.4108709502960879,0.30899247525369106,0.44772589085729386,0.5346772633716675,-0.003943487241275453,0.04748693419893771,0.44092255495802213,0.17212108104239157,0.8854218918333038,0.5390862427906695,-0.026011934917614093,0.3414033737222136,-0.15452875050427572,0.09991342537679561,0.3014097093050379,-0.05318495689719427,0.4912365807294954,-0.00822159867285927,-0.13231770988896724,0.5241532110783665,0.15374030117823298,0.46610559372236443,0.3992042212445477,0.5314073470745677,0.31245898210601447
-0.09734724881477931,-0.20425814120884545,0.11472877753830713,0.02842468052286501,0.32028558355272424,0.6724818582853859,0.05995449883428743,0.07294151079469664,-0.22724367886616398,0.02966690772750599,0.10802366710514721,-0.0727248532568835,0.24284750021891138,-0.14337032476193126,-0.11722542317033542,0.15222885989857757,-0.4443524628615086,0.3099758017873165,0.00828757884857998,0.2987025206222021,0.1059982167908784,0.10105477426888064,-0.18113558219266446,0.10105477426888064,0.07274863081751638,0.47348756246541784,1.0,0.008102340540370633,0.09072651233727634,-0.11495952123117437,-0.03147103826085839,0.22791700261256928,0.0609320703154608,0.35042662545469716,-0.02369684351530522,-0.22177420377567136,0.2653630675443555,-0.3757482151561997,0.4331622390032458,0.04898456047344794,0.2810440677985108,0.20921446248797157,0.08736048107429845,-0.18386646553124428,0.05768170600685389,0.0984102731863885,0.5063740350500134,0.8984251961148426,0.12226453670748286,0.114516179552732,-0.19938153687021687,0.1745364294699152,0.27832969455933976,0.030550593396011894,0.24286728107906816,-0.014582073985881157,-0.18328762137798715,0.24182658559853698,-0.07908711601536052,0.44640257038223063,0.13425512560693825,0.3135902047614557,0.15022484225784902
0.3240520478021664,0.21837565798146064,-0.3283333312369055,0.028482126712056,-0.21135582145917248,-0.014309784385089475,0.7539392392860549,-0.28796893230821663,0.03130640043249253,0.1721036252395245,-0.25721558892027047,0.22757794099475187,0.07459518396218352,-0.07794381787304479,0.04951731169117054,-0.12612920467237784,-0.18904607816388688,-0.10001755318416897,-0.43561237670150993,-0.3164815354330231,0.1628601281455862,-0.314459923020276,0.39275564170543853,-0.314459923020276,0.03718616453611309,-0.24078597747546812,0.008102340540370633,1.0,-0.28206302922330817,0.24637809035686997,0.2578892304961281,-0.38919577703467195,0.38213998614435957,0.16555205803819958,-0.03665705030195736,0.16089656691565343,-0.04276044934323154,-0.27442821348743657,0.04890272186700775,-0.41861548022924705,-0.07570531979108298,0.19332136073802716,0.4984149812030898,0.30690759163623305,-0.2825270998428711,0.01506464469199977,-0.1026579325580239,-0.1171466523124434,0.8423672429522743,-0.19154116431791646,0.023388891708588277,0.3652848679375729,-0.3177139467926108,0.3327423705696806,0.15927430134352982,0.03554795181072627,0.15830677673287166,0.026811587816966263,-0.17781638149798362,0.03108841562278068,-0.3547069876373179,-0.15972137500859804,0.34988204927121797
-0.09082320406025489,0.11251240119678199,0.304954251295948,0.01796377648935883,0.1062436455402637,0.23081538871079715,-0.20466182682702633,0.7148345054993022,-0.19588769800593303,-0.2430541262035688,-0.016128176318850974,-0.07408151513749298,0.015758941001853783,0.1410882676864512,-0.3870339166954774,0.062652062522088,0.04770379014146979,0.31113377999382247,0.16541485682814655,0.2979956373010289,0.06425151650243938,0.38081011982774376,0.2533144812896531,0.38081011982774376,0.26540244664351037,0.3235819763757483,0.09072651233727634,-0.28206302922330817,1.0,-0.2263800945996287,-0.11051877306525486,0.2813819864608813,0.04292394839567227,0.0979373056266642,0.27632428781438245,-0.38443066353625077,0.23415985560862962,0.08358864384195316,0.41664607257970604,0.19730662989247028,0.438725310899515,0.11329172235594477,-0.0014802522583834052,0.2115253609387285,0.4232944621212276,0.22580183256629657,0.22913736774864377,0.21004523138392384,-0.15855738541703407,0.9091077930235737,-0.07836020872073902,-0.15300139908555688,0.19730157680092766,0.03153090412219742,0.23598745769072232,0.31009270929696287,-0.42277063113544894,0.30521789336792676,0.08017838722066542,0.4912725618114743,0.21115330793792428,0.5626026667278939,0.17027296390488725
0.24281563472919282,0.13207283236413894,0.11940371576820528,0.20654938500858944,-0.1967723297761632,-0.182887856378295,0.3027505137548457,-0.2827320811275245,0.752136008584498,0.18343511835839157,0.11328791317967139,0.2654940651690299,-0.11199058713945423,0.20413638892149583,0.12257990805399506,0.12527798888336944,0.2543646495997074,-0.01862104565830596,-0.07999025027321446,-0.02629004773036931,0.15825376191968912,0.25661060534453833,0.20227701698520986,0.25661060534453833,0.3101239486071575,-0.19471193242307624,-0.11495952123117437,0.24637809035686997,-0.2263800945996287,1.0,0.3103706112609022,-0.041143571251389906,0.3269897106373252,-0.2221375485116554,0.2544244563366807,0.14178107403812226,0.1436742480595346,0.3507862341431545,0.093819908997907,-0.07205780655716623,0.040593404449654834,0.2570157017772333,0.28571862044999047,0.10954683478700983,0.28137585360848605,0.314986080123105,-0.12438123608947724,-0.14785374317245165,0.25828383702800756,-0.2596417757577712,0.8374962120559882,0.2153386096755252,0.07429430374553116,0.3428080274817696,-0.2230312197889854,0.34194165376081803,0.20312011213377393,0.08205169372968613,0.4395226865646151,0.023231908790364107,-0.020963317340059462,0.10425320646718686,0.22121274715974149
0.06833266691768296,0.09130273042523467,0.15268183762534907,0.009747303509125489,-0.046279208699667514,-0.08918660064653565,0.19736969993874878,-0.13153375043888407,0.14573521111273913,0.6281307035537605,0.19633220869024742,0.31287190709649443,-0.06688277331556985,0.07564047458949091,0.24142169088896206,-0.24722235938273565,0.1833465497867602,0.004701810882376603,0.11477527574655204,-0.07106744005356341,0.0050146719546953445,0.24675513508299002,0.17160708263265273,0.24675513508299002,0.0994587098626924,-0.06392910948822146,-0.03147103826085839,0.2578892304961281,-0.11051877306525486,0.3103706112609022,1.0,0.2419207421642905,0.4908929801763789,-0.14017769184781656,0.1477001389650365,0.3272273497208138,-0.19221306759002627,0.23933551595063485,0.07764008530486072,0.12673778759901835,0.1044435297540332,-0.08531671998663196,0.24591410041456097,0.10179296251692944,0.17189790896420887,0.10923539938410043,0.03212192596568362,-0.05610878034496979,0.27597262551973634,0.0025636006446052074,0.16998637931235241,0.8665499579201384,0.2878986664916875,0.456435831810963,0.046786052376811424,0.26977236726049525,0.33710983668460165,-0.18235656481471324,0.1736791186477523,0.02956250180309695,0.20852734449080743,0.02087220505693192,0.10631756370801775
-0.16333705009344446,-0.10042806450493505,0.13395423944541174,0.19349086306597843,0.1403658485983206,0.3188288434426201,-0.3606206398329287,0.2939176446523883,-0.051779384373015803,0.10079387252243194,0.5310980915097568,0.03713416557768056,0.1458355374539239,0.0573036210925933,0.013870386116367928,-0.0035322367720272796,0.19022526784467464,0.15601485368173648,0.30400021201771166,0.21834325790393766,-0.09802193886750318,0.22622823009594673,-0.3177742754798121,0.22622823009594673,0.3732995014830681,0.18690470202392828,0.22791700261256928,-0.38919577703467195,0.2813819864608813,-0.041143571251389906,0.2419207421642905,1.0,0.038648415137389036,0.09290601541115028,0.11611307178231503,-0.02662851737575379,0.022980230219797254,0.2522872760754809,0.1704694284080268,0.3769291538917939,0.1919651004554937,-0.14234748413599158,-0.11986198358196144,-0.213283781559169,0.21545879504332582,0.3355299384841314,0.2756171568853207,0.2910866626116118,-0.3053724968784603,0.266715662563782,0.07067522123655268,0.20676294935086506,0.8265942337503873,0.05248517707537273,-0.06258241849714369,0.06673038191894314,-0.06833552516643428,0.0449969649584103,0.28966548466955544,0.13817546936457956,0.35913868434951274,0.3658939685154114,-0.1316679155612442
