Fp1,Fz,F3,F7,FT9,FC5,FC1,C3,T7,TP9,CP5,CP1,Pz,P3,P7,O1,Oz,P8,TP10,CP6,CP2,C4,T8,FT10,FC6,FC2,F4,F8,Fp2,AF7,AF3,AFz,F1,F5,FT7,FC3,FCz,C1,C5,TP7,CP3,P1,P5,PO7,PO3,POz,PO4,PO8,P6,P2,CPz,CP4,TP8,FC4,FT8,F6,F2,AF4,AF8,O2,P4,C6,C2
1.0,0.6976499811034128,-0.018539987771482275,0.4798443457163098,-0.33391587363115,-0.08736740151005351,0.5146582371687898,-0.28518148105832214,0.34984152417083736,0.1575942864953486,-0.018212396118065157,0.4588921869776394,0.6109366773741487,0.5717538584813756,0.5923994921700204,0.514053488030322,-0.08171740697687851,-0.521961830614534,-0.30049543849316485,-0.5611357305887245,0.2450357421981276,0.02295525174430984,0.6575781520460637,0.02295525174430984,0.48024706282203744,-0.3924779648799934,-0.1497086919120562,0.4567456129877905,-0.33774950755054833,0.31984613473223505,0.1322491708353971,-0.0275734577682924,0.4532833479562685,0.5853342732346546,0.5050535577732284,0.5706834809101554,0.48781417172162794,-0.1047532949494803,-0.5549969869125411,-0.3571077707471722,-0.47841441122431694,0.2813648195131625,0.9485076589425503,0.6641329083302805,-0.05102439951124267,0.46744765577121355,-0.3807211803119958,-0.15518826584666348,0.48414754499959667,-0.3631099852295815,0.3423670548347655,0.12153076525287342,-0.036050199260688864,0.4337740793505437,0.5936747366090475,0.5425471814985369,0.5895059792826516,0.5188359285062528,-0.0757166613732278,-0.5229958045699619,-0.32539087377025483,-0.5756537610544457,0.26359291102526367
0.6976499811034128,1.0,0.012523727820103752,0.4717767737487664,-0.2574867012044966,-0.3144242627408128,0.5535377656301625,-0.27105019609562314,0.4167307255278727,0.4340564774690573,0.018538775335785476,0.5216014664004623,0.3992436369397815,0.4392681516030809,0.6242386171328205,0.45534245703220955,-0.08389297980272253,-0.4027992425514693,-0.2367725715479743,-0.5391362589850591,0.4421832286559707,0.06304744491328947,0.9602192631311018,0.06304744491328947,0.5165655794218796,-0.29287685225086196,-0.37928107532427996,0.5131191701486273,-0.32982675161618086,0.41879903335378055,0.42160831393225906,-0.036362580902787885,0.49506347193008365,0.3897932102161599,0.4092090840352806,0.615134780141123,0.43811374202229597,-0.08172370905444908,-0.4182647200812629,-0.26559526834594316,-0.4716181072895433,0.4424496211269581,0.7036795765555127,0.9420600923204269,0.04164597444490208,0.45490072975191176,-0.31081749327613156,-0.40043794222200135,0.49037713682812906,-0.37972856187585696,0.3939717449737176,0.4047674246528722,-0.003973799774617089,0.47420592993606336,0.35323785019810033,0.36632888371893924,0.6381076784147218,0.41827527285506405,-0.07593203479031124,-0.4314904582854222,-0.26970623368805474,-0.5456622685695732,0.4357963818800595
-0.018539987771482275,0.012523727820103752,1.0,-0.3450611802213386,0.06027527111855769,-0.15374946065389652,-0.36409667773511983,0.007465920374118132,0.3773027254595354,0.4215269582893033,0.08457762667881329,0.17949636041941006,-0.06707819717396106,0.4764998040870632,0.08267249715681348,-0.14936040992667804,0.47167160343223585,0.40729428422854413,0.520907765275617,0.35663144642482264,0.47630731913487545,0.8899299333382881,0.023246708941752448,0.8899299333382881,-0.3444733387999559,-0.017177097401613873,-0.19218379994285553,-0.5000469218070572,-0.06311365918442727,0.32000221203617607,0.41758044078625656,-0.05809654546911003,0.1787156443213578,-0.18582953834406804,0.42376667936783247,0.05636264803893216,-0.1871049978218978,0.47037585298993057,0.38814897194013404,0.4741782050915562,0.3174954123253735,0.486527245528673,-0.09640937938295031,-0.031238817320003408,0.9268137242442359,-0.3844427840404702,0.05971334072851636,-0.16373131833397336,-0.40728255140119346,-0.01887735867104024,0.36727668880802605,0.442901729847585,0.07048118450466853,0.19071266934303746,-0.08950606217698853,0.5060207033360175,0.09477115771077549,-0.24970206093169928,0.4578432736141493,0.4237386962853595,0.47618357347709833,0.34931667498824304,0.5146737034704051
0.4798443457163098,0.4717767737487664,-0.3450611802213386,1.0,0.1853223185127845,0.32506750038320764,0.6715979803900075,-0.012757912983433772,-0.03873483258278038,-0.09074127173210889,0.10849326939568535,0.07806158227109082,0.5550170695460513,-0.038740669460816626,0.39970942394153186,0.34145820060524446,-0.0921645012201197,-0.35588691456547855,-0.24777473889137258,-0.35226061859061425,0.08489137281862685,-0.42402957933684526,0.38688451134761737,-0.42402957933684526,0.9478529445644963,0.12314016821365552,0.22370219525514728,0.6041764128225596,-0.10440468332994723,-0.11384489101981382,-0.201664868550149,0.13880204330042636,-0.015007836187383982,0.5551267732058536,-0.0907861475110381,0.3586327420223057,0.27426966752108817,-0.09966732845939653,-0.379296129597195,-0.24241532997548654,-0.18626480898577844,0.06603733962426445,0.4102834883949633,0.40039492305651875,-0.35848298907947895,0.941268786835588,0.12271098150045481,0.22312755633789313,0.6107515535926457,-0.13615973402239023,-0.07699032525420241,-0.15421388730809352,0.06461699493587686,0.024474702537254808,0.5344407882290874,-0.09336045446796544,0.34675992657921073,0.37489541579721763,-0.02790006200913566,-0.35319728120228966,-0.1666108358921408,-0.29716790829251527,0.08729102267448292
-0.33391587363115,-0.2574867012044966,0.06027527111855769,0.1853223185127845,1.0,0.6286116564631942,0.1406591223506154,0.6218108889092083,-0.3514098538691599,-0.025401395204574687,0.4390865458488704,-0.42574249617481985,0.22709364399509951,-0.39679788555777573,0.017753094232338573,0.09933333579984016,0.574838438552408,0.4944647287959445,0.4903232297370808,0.6575255728712399,0.15300500336225967,-0.012522287732856118,-0.2907063325351283,-0.012522287732856118,0.13933338163797193,0.9658015356406457,0.6180983383023777,0.12569664449919693,0.6283575113665799,-0.41614941683959167,-0.050128412233388216,0.43804713083987507,-0.4609540812672949,0.1902907901017736,-0.41756211510152735,-0.02844595800508037,0.06095436440667173,0.5403490105074059,0.47435735354766795,0.4999436398656734,0.6904834528755806,0.050854675603027186,-0.4042979304908897,-0.32980911075851477,0.03173516989728294,0.14711031092683075,0.9825149261427961,0.5945449777732131,0.12204052473029979,0.6126026133929796,-0.3767504674604455,-0.0724919953652956,0.4489899930873514,-0.49725614732060475,0.218573337077594,-0.458175506364497,-0.04085997884598948,0.016493778491733925,0.5844034365279459,0.4704465002016132,0.5685682808886113,0.6888161172432659,0.13908122062152461
-0.08736740151005351,-0.3144242627408128,-0.15374946065389652,0.32506750038320764,0.6286116564631942,1.0,0.2527941752842673,0.532734062204398,-0.0593941014016901,-0.22391850457777535,0.5057763599305267,-0.27620198726598266,0.22353104286982065,-0.2257171093048023,0.16572051662570253,0.09469469962142285,0.38614272097859087,0.16571474394319743,0.2888659415771502,0.5419078616195998,-0.13423704182402557,-0.31103053357335597,-0.353750869211492,-0.31103053357335597,0.21498020162251352,0.5783231572773236,0.9659725123879932,0.1970785584907159,0.4997792279577864,-0.19345083345441552,-0.2699379906299088,0.5152127442595698,-0.34283939757708626,0.18145975508573564,-0.28655468921340194,0.08382079910595162,0.024066939215228345,0.3315669265627668,0.14951034308935435,0.2927735703660578,0.6686262494919186,-0.19176124394687646,-0.131366801720841,-0.38718351698234804,-0.11462613521787798,0.25708872558663404,0.624236068867489,0.9750413961457233,0.24212109130304874,0.5022585894708381,-0.1195968502340931,-0.25321130066902386,0.5058459856359654,-0.33024776800245137,0.20100091762836056,-0.25385956442860425,0.055991746247582505,0.11617388851226322,0.3627158879092343,0.18098918009873505,0.3600140629242613,0.5412676623703158,-0.10413310914737697
0.5146582371687898,0.5535377656301625,-0.36409667773511983,0.6715979803900075,0.1406591223506154,0.2527941752842673,1.0,-0.01613234441992203,-0.028421159590517855,-0.09284011604885514,-0.02688565989192548,0.08629329391742,0.4017750541781085,0.005955082154047264,0.3710307286665295,0.4245283211229782,-0.05571630569306275,-0.36463184246548386,-0.32855528076614554,-0.31068050016564674,0.09368427781629012,-0.37230166137914766,0.5406732807785956,-0.37230166137914766,0.6483372720253351,0.09318674115645306,0.18257171274328596,0.937703974454908,-0.04212934967099124,-0.09583728885818231,-0.14089654195311435,-0.05528104581865515,-0.0012629563923505273,0.42630121007102245,-0.020765374775575732,0.322788537555021,0.4110953643022682,-0.08912605494850523,-0.3768583760730691,-0.2965800112027315,-0.18621024012740117,0.04516629045365426,0.5130973080910244,0.5297571882454448,-0.29683226144592256,0.692488294593765,0.087572430049858,0.2012226995452097,0.9688522322808554,-0.1023609849106436,-0.06513656473743058,-0.14117935925217986,-0.026185136557766355,0.03106849679026944,0.409112542045626,-0.050679991065587564,0.32158170613503634,0.4666499772486595,-0.060942142447208934,-0.3707997361460478,-0.26653193478017034,-0.31940200398105373,0.09133763315338916
-0.28518148105832214,-0.27105019609562314,0.007465920374118132,-0.012757912983433772,0.6218108889092083,0.532734062204398,-0.01613234441992203,1.0,-0.1436425355428096,0.21817812180177365,0.5058118468991999,-0.395080490542059,0.022016045891701527,-0.40014743566573474,-0.024616266572614464,0.1681503790895732,0.3734936436751808,0.4022552259907548,0.45496253938538267,0.51999375233346,-0.030403682316051783,-0.16024726970019812,-0.37228310943745074,-0.16024726970019812,-0.13655184991886696,0.5392417495388877,0.49140899279759676,-0.05594436008164885,0.9063724252788142,-0.23963077848188952,0.1437927010797488,0.466400686723781,-0.4851872071812503,-0.04485325951118953,-0.45065089253805185,-0.05057583576389236,0.09069670874009993,0.36258270676998683,0.4238449487158389,0.3972324442848912,0.5597807956358494,-0.13480513865933877,-0.3722663804558315,-0.3898879823165364,-0.007523304098543473,-0.08900704479494771,0.5986851264659571,0.4982688599213701,-0.029663269723101807,0.9557000159045664,-0.1708521436453738,0.18207109493148319,0.5057374663500427,-0.4734917382327564,0.020051502677678353,-0.4288518867084799,-0.06682707374563752,0.13166017473926617,0.4201675938106916,0.41951575581595124,0.4471803337918157,0.5993586534851268,-0.033658255486842835
0.34984152417083736,0.4167307255278727,0.3773027254595354,-0.03873483258278038,-0.3514098538691599,-0.0593941014016901,-0.028421159590517855,-0.1436425355428096,1.0,0.4576814053300453,0.3861727152253026,0.5361110808823499,-0.02790530195507824,0.6071005730097104,0.6145619173655059,0.20230851953628998,0.27541267131202934,-0.206767187942336,0.121803278628958,-0.02014424405044939,0.4837944281195986,0.31106702801843533,0.3856411335239012,0.31106702801843533,-0.02585885915256463,-0.41572586311173654,-0.12712513541182346,-0.08680835670444764,-0.2244749660492142,0.9541018938345166,0.4352221058044736,0.27043878039704844,0.5148866609445469,-0.09054011155929689,0.5490143982029063,0.6112283077115482,0.16064026539125628,0.2732054639671892,-0.2374262273311735,0.09646383839157126,-0.05045892209674577,0.4840067281388203,0.39758047699144683,0.3157311540142837,0.4341567882494903,-0.07034491442819199,-0.361730300084102,-0.10518244042137545,-0.07533097841726077,-0.18623518364076244,0.9861192440553429,0.47203014683708766,0.35190685327846877,0.5151640911712154,-0.07530806228634869,0.6006313549007158,0.6382303679959255,0.18098332756462118,0.24003176313352767,-0.19654533147460274,0.07850763658741096,-0.09085586246425144,0.48164504641915407
0.1575942864953486,0.4340564774690573,0.4215269582893033,-0.09074127173210889,-0.025401395204574687,-0.22391850457777535,-0.09284011604885514,0.21817812180177365,0.4576814053300453,1.0,0.35744612769007333,0.5297691705344524,-0.049238164200621944,0.274594190988141,0.40847524952456765,0.15568547449353168,0.11117429926872759,-0.06162153697412081,0.20015915346234775,-0.022230901746338634,0.33420888173401386,0.2855042773627204,0.3442327469836321,0.2855042773627204,-0.1692346095905023,-0.15243767390269586,-0.3232575409257017,-0.2208377807906784,0.0028423831700615677,0.42259225054783367,0.9591514650601692,0.2419465685706557,0.45422599430025945,-0.15227934949889382,0.2211902933982129,0.3758838860714775,0.07012822092018578,0.13333120501482526,-0.06563812514965654,0.12151695597231522,0.07937609691068567,0.2886870134529932,0.1489444925396082,0.3022941558232598,0.40612637667228857,-0.22963087919037792,-0.09691291294387083,-0.32307039317487757,-0.1790847947018593,0.08869558424974737,0.4449898508599285,0.9871141323604832,0.32586814452957424,0.45584806421180607,-0.12613489009191614,0.20201120439874604,0.395038667246034,0.08530375881067742,0.1331272587223194,-0.05533109896216272,0.07905521243716138,0.047280605602245444,0.3236071312161387
-0.018212396118065157,0.018538775335785476,0.08457762667881329,0.10849326939568535,0.4390865458488704,0.5057763599305267,-0.02688565989192548,0.5058118468991999,0.3861727152253026,0.35744612769007333,1.0,0.20105164074453127,0.1662855648377214,-0.017994013094550006,0.5573530682817189,0.26485805075371527,0.4655795370729142,0.005565372280748011,0.4160946060247427,0.4156699762767844,0.25369208883626204,0.034325591327717224,-0.054067972442944354,0.034325591327717224,0.08468543702048464,0.3940550244680608,0.4668263959576952,-0.019162271718290557,0.45101041999146396,0.34126460911769946,0.35545863212097173,0.9546990739737222,0.18151225072970306,0.09871057419540633,-0.03334721899501145,0.5550015034031426,0.20433297704498177,0.4656749519978684,0.017810867276661688,0.43531477286950854,0.4695473649295887,0.1804839695826673,0.03136849252121639,-0.13070504545089523,0.12927114930134456,-0.009392380774489005,0.4094191686111212,0.41871432479566856,-0.03634927220422391,0.4428330335269682,0.3592677221148741,0.3245751935394438,0.9822007575571653,0.13342318192107072,0.10019460744983123,-0.08485080809249179,0.5238202869250813,0.20147167239312974,0.47878119481878195,-0.013978082903736047,0.4232574206912641,0.4195733927663662,0.2620512962861197
0.4588921869776394,0.5216014664004623,0.17949636041941006,0.07806158227109082,-0.42574249617481985,-0.27620198726598266,0.08629329391742,-0.395080490542059,0.5361110808823499,0.5297691705344524,0.20105164074453127,1.0,0.01407210804270817,0.5171918754815286,0.46624913876496715,0.06766753362310324,-0.16627971062039726,-0.5362164060751473,-0.2945828112903703,-0.4024150827753822,0.1948956249383171,0.16881403814371398,0.4797372091110369,0.16881403814371398,0.04855457297987649,-0.5043281907193047,-0.4011318665420122,-0.011486633756929796,-0.5500114628295147,0.532161951384959,0.5008809915150733,0.1589585269272404,0.9538661754567891,-0.04963359847662583,0.47438841277259575,0.4624725896817197,0.017996848892391365,-0.15796038665360385,-0.5753036384526188,-0.3012895628153032,-0.3633266442496057,0.19612938471884514,0.5054879893617634,0.44872664548459296,0.1736812258494054,-0.0011919005733222682,-0.45427262915699945,-0.3508332184325474,0.06519165911793609,-0.4859368358813312,0.5379326307390012,0.5258379196141797,0.18210902006802412,0.9851804788365277,-0.04677554079898251,0.4762423931647079,0.4829420049348605,0.06442112703867792,-0.18692722940661344,-0.5390641017833078,-0.3599211155415385,-0.41962550975052837,0.20921955861069905
0.6109366773741487,0.3992436369397815,-0.06707819717396106,0.5550170695460513,0.22709364399509951,0.22353104286982065,0.4017750541781085,0.022016045891701527,-0.02790530195507824,-0.049238164200621944,0.1662855648377214,0.01407210804270817,1.0,0.26135457877665685,0.518998025792705,0.4595226069137652,0.1999581151481762,-0.1424648568613842,0.10345174438013797,-0.13143507766265247,0.29690686965763474,0.018905603651499563,0.3304447370339641,0.018905603651499563,0.5667150891128635,0.22713250150013375,0.22215565788530767,0.43015876900683825,0.023854095600250425,-0.022173535108957233,-0.052314569900319796,0.2402739163259898,0.0668173949591639,0.9800532435583168,0.21376779576169627,0.4826799862199398,0.43940691855340613,0.18902959995451513,-0.18425917883810428,0.07259770402868891,-0.023525915104054794,0.3370612197433507,0.5893146005446139,0.3719858212575492,-0.14587047807660225,0.5846440746883206,0.20911642808702136,0.1736833035284263,0.3906029564462592,-0.03126115478555259,-0.021692759891902575,-0.08960407281880353,0.17701809644429525,-0.008847369580250512,0.9876699544675068,0.23182685290447153,0.4982614670761511,0.47430457003266646,0.22389668045552072,-0.14685595527485962,0.12124610664937119,-0.10871110477165209,0.335031309114979
0.5717538584813756,0.4392681516030809,0.4764998040870632,-0.038740669460816626,-0.39679788555777573,-0.2257171093048023,0.005955082154047264,-0.40014743566573474,0.6071005730097104,0.274594190988141,-0.017994013094550006,0.5171918754815286,0.26135457877665685,1.0,0.4423168436809062,0.2125803630530337,0.041204358665478946,-0.21617657507487958,0.07597191120244269,-0.1836209382672295,0.4167237071275499,0.5095486932837965,0.4484986825604752,0.5095486932837965,0.019063836263042606,-0.4351461877115446,-0.2417452404176025,-0.002790733975388245,-0.3830535604655345,0.6301516302561373,0.3186988779841758,-0.07624291814978096,0.6002719795516063,0.2203206837492741,0.9749217606614307,0.42390673628435066,0.2166382907809646,0.020713797694035918,-0.26446535276891175,-0.006331525326687508,-0.21457740223901647,0.4344192116523959,0.5900963711113458,0.4210130248940752,0.46112585277780443,-0.04773380346405816,-0.38221444702686364,-0.24591317708885352,-0.010739195806338976,-0.4311446644803698,0.6339297869922663,0.27739028223239587,-0.009239769707100397,0.5354576764393164,0.21730205465463487,0.975474960739081,0.46639528583494994,0.20119923389134473,-0.020733617651225708,-0.23521276868813365,-0.01612135247281363,-0.2851556329751791,0.404699355480728
0.5923994921700204,0.6242386171328205,0.08267249715681348,0.39970942394153186,0.017753094232338573,0.16572051662570253,0.3710307286665295,-0.024616266572614464,0.6145619173655059,0.40847524952456765,0.5573530682817189,0.46624913876496715,0.518998025792705,0.4423168436809062,1.0,0.5463200300052349,0.30568187047108286,-0.43003107676506985,0.07520770403824192,-0.15588645344696114,0.5034376711303017,0.13791402746862902,0.5938600434762278,0.13791402746862902,0.4271021310164159,0.0012504850419934998,0.13776917934363542,0.36121706362799993,-0.053519038086845556,0.6306924268811878,0.44435074735329794,0.5183807489675775,0.4858683671014774,0.4666585741236734,0.40652098956337057,0.9812102725841122,0.5154996025016428,0.29750780743742383,-0.4328600876427062,0.04949896818797216,0.0004919965059908956,0.5174341309775061,0.6513639739120239,0.5832665478451514,0.10241288845412487,0.34713549579554726,-0.009728583247602313,0.09393590405437181,0.3306719243827742,-0.09888286246051098,0.6098513213568103,0.40419602732933707,0.5595115550527759,0.4247489560482774,0.46737275764296377,0.39246275965364796,0.9822361625069393,0.5439988424453941,0.3013404753144085,-0.43785938889679954,0.07821657279190404,-0.1578334146049862,0.5230635713454033
0.514053488030322,0.45534245703220955,-0.14936040992667804,0.34145820060524446,0.09933333579984016,0.09469469962142285,0.4245283211229782,0.1681503790895732,0.20230851953628998,0.15568547449353168,0.26485805075371527,0.06766753362310324,0.4595226069137652,0.2125803630530337,0.5463200300052349,1.0,0.04021068669386336,-0.2528652133315464,-0.05418297382702103,-0.2634191484974181,0.2567919064967302,-0.011653657771026516,0.4265035158691288,-0.011653657771026516,0.40404901303844687,0.11074931430428238,0.11896556175658411,0.48899585934530876,0.23782733642692816,0.20713742629204607,0.1590616702239112,0.23784129631439854,0.09932793338524584,0.4754325917690418,0.17316513892797647,0.5259148276614642,0.9757971038249086,-0.004850597775156674,-0.2587784637271322,-0.14486326587015527,-0.18984233118851662,0.18957208404169365,0.5014428970214828,0.4341983873983795,-0.15459383187714115,0.3064710225503806,0.08449495212298053,0.055787528082647385,0.4618886471732527,0.17506335060591227,0.22779553068894878,0.15128653994275348,0.3018884788578406,0.029648571371796235,0.4811853660087988,0.14947510329049882,0.5332222483399828,0.9535726563487134,0.07220100794617217,-0.2740831241656835,-0.0899820611832531,-0.28679071093339614,0.21543219148972145
-0.08171740697687851,-0.08389297980272253,0.47167160343223585,-0.0921645012201197,0.574838438552408,0.38614272097859087,-0.05571630569306275,0.3734936436751808,0.27541267131202934,0.11117429926872759,0.4655795370729142,-0.16627971062039726,0.1999581151481762,0.041204358665478946,0.30568187047108286,0.04021068669386336,1.0,0.5522036484612277,0.7333978652403005,0.6744447199359148,0.5568341569758563,0.4828177859486986,-0.057038100639987245,0.4828177859486986,-0.06369925161729022,0.5663873585027177,0.39107383026219494,-0.06888329001943361,0.39046400182955054,0.2516779023937416,0.1428162609177664,0.4313480152879381,-0.13724777080653147,0.12444090257298378,0.006376571018518462,0.3055617919333736,0.03979439957170588,0.9915358406704323,0.5083807463415342,0.7431559974723013,0.597632344599625,0.5474778364808038,-0.10100016223644381,-0.10660041819772618,0.4961790659980341,-0.027154433972293147,0.6101605649443458,0.4124541665808034,-0.05753049276207222,0.442282700033285,0.28286228233604577,0.12517701407575463,0.5018138801471891,-0.19291319803376888,0.20210969154382621,0.0673008438537384,0.3167707743788063,-0.03422904136223056,0.9717346616203124,0.5530924530025543,0.794925176237843,0.6606633686315869,0.5977975470255616
-0.521961830614534,-0.4027992425514693,0.40729428422854413,-0.35588691456547855,0.4944647287959445,0.16571474394319743,-0.36463184246548386,0.4022552259907548,-0.206767187942336,-0.06162153697412081,0.005565372280748011,-0.5362164060751473,-0.1424648568613842,-0.21617657507487958,-0.43003107676506985,-0.2528652133315464,0.5522036484612277,1.0,0.689489501033393,0.6971880966555811,0.2770469806570254,0.3923247636199462,-0.40572047506803466,0.3923247636199462,-0.36715359635184697,0.47594572795964846,0.2042163009799936,-0.37360706785299863,0.44414936600309896,-0.2225945034944171,-0.06815868478497956,0.036408496654150635,-0.5195448403786264,-0.18615276405123843,-0.21915927515242936,-0.4602185052267318,-0.22337252691179288,0.5630950040274912,0.98197883649928,0.6972051517865416,0.6097625352678979,0.248466533043901,-0.6024349806466286,-0.42654688275349234,0.32565438081068604,-0.3431815223520932,0.5131450239951915,0.20326952705191317,-0.38876054388736575,0.47564414579446435,-0.19915659679938139,-0.057720580035966716,0.03285956554378707,-0.5505966330085906,-0.1313701502307507,-0.2081583742879951,-0.43376878235774075,-0.31778621603790663,0.5382305321288802,0.9905677201505168,0.7121695674346253,0.6911199610798887,0.269996190090202
-0.30049543849316485,-0.2367725715479743,0.520907765275617,-0.24777473889137258,0.4903232297370808,0.2888659415771502,-0.32855528076614554,0.45496253938538267,0.121803278628958,0.20015915346234775,0.4160946060247427,-0.2945828112903703,0.10345174438013797,0.07597191120244269,0.07520770403824192,-0.05418297382702103,0.7333978652403005,0.689489501033393,1.0,0.7148890261263027,0.534102803055275,0.547633158383415,-0.26405719384847814,0.547633158383415,-0.2226237909260012,0.48921489013013225,0.32834251223112976,-0.32270810829326635,0.5044701556383278,0.1479925920639384,0.2508729110718734,0.40652447119635154,-0.23409282167582762,0.03569821586964698,0.09259192408159522,0.0615419457489605,-0.048765833514119464,0.7520064453589026,0.6700074626122332,0.9654118487750962,0.6889591389981355,0.49735013689224156,-0.3221782590831706,-0.3002130304584128,0.5204930288903239,-0.24668502392591662,0.5067681531205869,0.31478377091686505,-0.3464555971186567,0.4961119886920859,0.14358531029496402,0.2126720620188456,0.4514985555685962,-0.32555503785722495,0.08120741412359371,0.06733651691299494,0.0762797859632298,-0.13214513139413497,0.7162428359447787,0.6797357910075672,0.9708835710792371,0.715659126748613,0.5447595833543686
-0.5611357305887245,-0.5391362589850591,0.35663144642482264,-0.35226061859061425,0.6575255728712399,0.5419078616195998,-0.31068050016564674,0.51999375233346,-0.02014424405044939,-0.022230901746338634,0.4156699762767844,-0.4024150827753822,-0.13143507766265247,-0.1836209382672295,-0.15588645344696114,-0.2634191484974181,0.6744447199359148,0.6971880966555811,0.7148890261263027,1.0,0.0934430704746575,0.2621912555525099,-0.5117318599871519,0.2621912555525099,-0.3563405206468405,0.6372134929950665,0.5813242589264145,-0.30734921619012184,0.5845030595870654,-0.06062925113852192,-0.0012431782420464785,0.3789858533443664,-0.36287571449028877,-0.1855781070688873,-0.18562432582743704,-0.18894434593357204,-0.2740478279392275,0.6517121243835712,0.6701156670122365,0.7214149134138436,0.9009499736599198,0.04117582729574122,-0.544831740269126,-0.5726941853361116,0.3921300274133871,-0.338254752507741,0.7011789017143812,0.591829477888009,-0.30017725217931696,0.5863630459076656,-0.030501057740803333,-0.012091952663870508,0.4306223090596201,-0.4117923555154116,-0.14246514488243622,-0.17529073285483612,-0.1778954235224052,-0.34576621589672035,0.626597268842728,0.6918575138339947,0.7494051795094608,0.9731957047077173,0.11573459773121492
0.2450357421981276,0.4421832286559707,0.47630731913487545,0.08489137281862685,0.15300500336225967,-0.13423704182402557,0.09368427781629012,-0.030403682316051783,0.4837944281195986,0.33420888173401386,0.25369208883626204,0.1948956249383171,0.29690686965763474,0.4167237071275499,0.5034376711303017,0.2567919064967302,0.5568341569758563,0.2770469806570254,0.534102803055275,0.0934430704746575,1.0,0.6124253126496447,0.40328882101065283,0.6124253126496447,0.1470917264799265,0.12562426850107633,-0.16514984588096465,0.0464630992694046,-0.00399505218870839,0.5313025239772775,0.343959282507338,0.2321686738905031,0.2146359985620496,0.23367351827666957,0.40351050056313986,0.4934437664993121,0.2731958813793845,0.582683642123869,0.23987626483813196,0.538536718216473,0.08151415581223675,0.9763736996715885,0.20671476125033364,0.37680801444077777,0.39603821706359643,0.09600222354512397,0.12802257337111855,-0.1772545563555345,0.04100323484678024,-0.02900489776760682,0.5182971257264382,0.3320214032953154,0.2686872023812225,0.15923996290105155,0.27806418602191013,0.3788047250731101,0.5467716830100703,0.18351898858668522,0.5738571612854555,0.25696649051708875,0.5389897681505073,0.046314331228009896,0.9830474824340523
0.02295525174430984,0.06304744491328947,0.8899299333382881,-0.42402957933684526,-0.012522287732856118,-0.31103053357335597,-0.37230166137914766,-0.16024726970019812,0.31106702801843533,0.2855042773627204,0.034325591327717224,0.16881403814371398,0.018905603651499563,0.5095486932837965,0.13791402746862902,-0.011653657771026516,0.4828177859486986,0.3923247636199462,0.547633158383415,0.2621912555525099,0.6124253126496447,1.0,0.12019504614756099,1.0,-0.3213488156884238,0.0008438830787439606,-0.2699764962800736,-0.4123184431146801,-0.08964499289184288,0.36595496425001006,0.3671192860935295,-0.04486604378464801,0.26716631331220425,-0.06228501664743078,0.5093756206456164,0.1422040394126273,0.019024760473899154,0.4949773457482103,0.3809334192276534,0.5270571783156436,0.18774809941906798,0.6457828925110223,0.0001681429063063146,0.09429378987763047,0.8292910081494208,-0.3981245858058629,0.025550112145591906,-0.2779342177691876,-0.3585373343815329,-0.10325576034704421,0.35000456251932915,0.33111738075416836,0.07242429070545166,0.21024675868783632,0.023160768602952242,0.5445865594788901,0.18565131611291433,-0.12343324494199184,0.4581985965519515,0.3867018717932296,0.5036203524620172,0.2206904173163555,0.6443976362427178
0.6575781520460637,0.9602192631311018,0.023246708941752448,0.38688451134761737,-0.2907063325351283,-0.353750869211492,0.5406732807785956,-0.37228310943745074,0.3856411335239012,0.3442327469836321,-0.054067972442944354,0.4797372091110369,0.3304447370339641,0.4484986825604752,0.5938600434762278,0.4265035158691288,-0.057038100639987245,-0.40572047506803466,-0.26405719384847814,-0.5117318599871519,0.40328882101065283,0.12019504614756099,1.0,0.12019504614756105,0.48291576440727685,-0.2888606051505539,-0.37801110828682066,0.5470803769915614,-0.36067192710948826,0.4117517109667849,0.37534294885954883,-0.11686833680195187,0.4959898306837615,0.34163381689852457,0.44395989652016576,0.602783213069895,0.4403244637113482,-0.06313297450182871,-0.4185589392343373,-0.28385931552883775,-0.49105009263083804,0.4224126175628318,0.7041553441712676,0.9805618411825916,0.0916204778666749,0.4193516497274147,-0.31246287442184123,-0.4039082796645462,0.5172145496119592,-0.42545322437945304,0.3757247496818139,0.34280667022276207,-0.05675492966426394,0.4627480644026125,0.30150768277371703,0.39778523335641786,0.6223183626139966,0.3991958270857876,-0.05430813284222748,-0.4339832252221644,-0.28855983543457947,-0.5481336387683314,0.4116171191098672
0.02295525174430984,0.06304744491328947,0.8899299333382881,-0.42402957933684526,-0.012522287732856118,-0.31103053357335597,-0.37230166137914766,-0.16024726970019812,0.31106702801843533,0.2855042773627204,0.034325591327717224,0.16881403814371398,0.018905603651499563,0.5095486932837965,0.13791402746862902,-0.011653657771026516,0.4828177859486986,0.3923247636199462,0.547633158383415,0.2621912555525099,0.6124253126496447,1.0,0.12019504614756105,1.0,-0.3213488156884238,0.0008438830787439606,-0.2699764962800736,-0.4123184431146801,-0.08964499289184288,0.36595496425001006,0.3671192860935295,-0.04486604378464801,0.26716631331220425,-0.06228501664743078,0.5093756206456164,0.1422040394126273,0.019024760473899154,0.4949773457482103,0.3809334192276534,0.5270571783156436,0.18774809941906798,0.6457828925110223,0.0001681429063063146,0.09429378987763047,0.8292910081494208,-0.3981245858058629,0.025550112145591906,-0.2779342177691876,-0.3585373343815329,-0.10325576034704421,0.35000456251932915,0.33111738075416836,0.07242429070545166,0.21024675868783632,0.023160768602952242,0.5445865594788901,0.18565131611291433,-0.12343324494199184,0.4581985965519515,0.3867018717932296,0.5036203524620172,0.2206904173163555,0.6443976362427178
0.48024706282203744,0.5165655794218796,-0.3444733387999559,0.9478529445644963,0.13933338163797193,0.21498020162251352,0.6483372720253351,-0.13655184991886696,-0.02585885915256463,-0.1692346095905023,0.08468543702048464,0.04855457297987649,0.5667150891128635,0.019063836263042606,0.4271021310164159,0.40404901303844687,-0.06369925161729022,-0.36715359635184697,-0.2226237909260012,-0.3563405206468405,0.1470917264799265,-0.3213488156884238,0.48291576440727685,-0.3213488156884238,1.0,0.13447756897548424,0.16881708968808704,0.6547740720774325,-0.1215104065033443,-0.03877953017503997,-0.2210555345976313,0.11694326863294323,0.032308792883379824,0.6013769216344448,0.005673921089992561,0.4080630358837621,0.3772589938830499,-0.06819663725866831,-0.3897567460119937,-0.2172590075440607,-0.25226741117154716,0.14248053685570405,0.4638418319477126,0.5033296491039627,-0.31513775811942685,0.9590804029885796,0.1098146114326787,0.15235967556941543,0.6271874530012181,-0.2042663293477638,-0.039322195819403154,-0.21209582827688522,0.07028611437351434,0.023251128882619137,0.5598696891106045,-0.02719040374125068,0.40116359721755823,0.41951166592620726,-0.014846321071448369,-0.3793902735686158,-0.1418906196754318,-0.33756709395827456,0.15035093872307326
-0.3924779648799934,-0.29287685225086196,-0.017177097401613873,0.12314016821365552,0.9658015356406457,0.5783231572773236,0.09318674115645306,0.5392417495388877,-0.41572586311173654,-0.15243767390269586,0.3940550244680608,-0.5043281907193047,0.22713250150013375,-0.4351461877115446,0.0012504850419934998,0.11074931430428238,0.5663873585027177,0.47594572795964846,0.48921489013013225,0.6372134929950665,0.12562426850107633,0.0008438830787439606,-0.2888606051505539,0.0008438830787439606,0.13447756897548424,1.0,0.625023679069335,0.14206032016681774,0.6272379211215633,-0.4307928585596605,-0.12064848857604309,0.4194428308028029,-0.4837036985557851,0.22339255582877748,-0.42246124375328914,-0.02217995971635196,0.10850273908542986,0.5373551915091439,0.4694750163202255,0.5123666226908854,0.6479247941412867,0.04478317455334012,-0.4228955682092308,-0.31389845056527516,-0.014328759097044121,0.12729079865335372,0.9791008419642788,0.5787619525157357,0.10659203405859742,0.5773342330316255,-0.42614358395522195,-0.18150615049917765,0.42999537312457353,-0.5507790796365449,0.23364843701923554,-0.483740985848148,-0.043618193081131525,0.027765780181159983,0.5648109257647755,0.4413507250661455,0.5724142553456898,0.6565006691990954,0.11353955530020014
-0.1497086919120562,-0.37928107532427996,-0.19218379994285553,0.22370219525514728,0.6180983383023777,0.9659725123879932,0.18257171274328596,0.49140899279759676,-0.12712513541182346,-0.3232575409257017,0.4668263959576952,-0.4011318665420122,0.22215565788530767,-0.2417452404176025,0.13776917934363542,0.11896556175658411,0.39107383026219494,0.2042163009799936,0.32834251223112976,0.5813242589264145,-0.16514984588096465,-0.2699764962800736,-0.37801110828682066,-0.2699764962800736,0.16881708968808704,0.625023679069335,1.0,0.1932371101443893,0.5516460535587072,-0.2122040360725412,-0.3089582795309843,0.5011225898291793,-0.40111357412726917,0.2087026607637538,-0.2648014259561546,0.07092399922540643,0.09011964908585011,0.3388692784975642,0.20601620394536924,0.33706625981275246,0.6916203478477387,-0.20511801780454575,-0.1529147669436675,-0.40199505950431325,-0.12919886522458393,0.1870241823673649,0.6403803726433913,0.9742357031255805,0.19593099401333153,0.5074973296077426,-0.17159285446603337,-0.3375985448105943,0.4932699385910148,-0.4326263155517568,0.21306938157803257,-0.26399421776370574,0.036187657539035786,0.13790607068739077,0.35035705789559296,0.20684365718796616,0.39605082327763264,0.5659260498256488,-0.13705306430349184
0.4567456129877905,0.5131191701486273,-0.5000469218070572,0.6041764128225596,0.12569664449919693,0.1970785584907159,0.937703974454908,-0.05594436008164885,-0.08680835670444764,-0.2208377807906784,-0.019162271718290557,-0.011486633756929796,0.43015876900683825,-0.002790733975388245,0.36121706362799993,0.48899585934530876,-0.06888329001943361,-0.37360706785299863,-0.32270810829326635,-0.30734921619012184,0.0464630992694046,-0.4123184431146801,0.5470803769915614,-0.4123184431146801,0.6547740720774325,0.14206032016681774,0.1932371101443893,1.0,0.02356898202489089,-0.0902271512559809,-0.20664185703764681,-0.006826166609240676,-0.01902338298788372,0.5013135017056836,0.020479915434170305,0.345998050543969,0.5262103237722836,-0.10144483348978707,-0.3798738120169923,-0.29117089516041295,-0.23739553185011608,0.00378456342157899,0.5240477825237523,0.5430191186764237,-0.40047854273924466,0.678775298703018,0.10702989039665037,0.1780787590085738,0.9479541004541364,-0.08112775720729327,-0.09642810814714749,-0.25601422069050767,0.010269004983031765,-0.0476051407220277,0.4494272054203021,-0.06233006460034084,0.33365554961545263,0.5537589900510201,-0.08540421711992761,-0.3983089951024779,-0.26417725111980755,-0.3482714696330517,0.030679324401014257
-0.33774950755054833,-0.32982675161618086,-0.06311365918442727,-0.10440468332994723,0.6283575113665799,0.4997792279577864,-0.04212934967099124,0.9063724252788142,-0.2244749660492142,0.0028423831700615677,0.45101041999146396,-0.5500114628295147,0.023854095600250425,-0.3830535604655345,-0.053519038086845556,0.23782733642692816,0.39046400182955054,0.44414936600309896,0.5044701556383278,0.5845030595870654,-0.00399505218870839,-0.08964499289184288,-0.36067192710948826,-0.08964499289184288,-0.1215104065033443,0.6272379211215633,0.5516460535587072,0.02356898202489089,1.0,-0.23934824330603072,0.014314490197966389,0.4454466975732319,-0.5348597063674579,0.002246268792285844,-0.3750876894971635,-0.058461839484610284,0.22914322660066636,0.3742862639297046,0.4775528989249624,0.45836563774862826,0.563709567682922,-0.10179790464561564,-0.362249149629051,-0.36981153841441067,-0.037353144965202624,-0.11140743647334027,0.6535019019808809,0.5217336626387213,-0.0039009357097738407,0.9527710431887088,-0.21907469208472954,-0.012643414725859737,0.4946361063951544,-0.5938700837654856,0.050860805728356884,-0.40804884007813,-0.0738291425726525,0.18552913819890773,0.40906581595442143,0.4364974523802972,0.5072132882234054,0.6140405170423201,-0.01937913119758023
0.31984613473223505,0.41879903335378055,0.32000221203617607,-0.11384489101981382,-0.41614941683959167,-0.19345083345441552,-0.09583728885818231,-0.23963077848188952,0.9541018938345166,0.42259225054783367,0.34126460911769946,0.532161951384959,-0.022173535108957233,0.6301516302561373,0.6306924268811878,0.20713742629204607,0.2516779023937416,-0.2225945034944171,0.1479925920639384,-0.06062925113852192,0.5313025239772775,0.36595496425001006,0.4117517109667849,0.36595496425001006,-0.03877953017503997,-0.4307928585596605,-0.2122040360725412,-0.0902271512559809,-0.23934824330603072,1.0,0.4588614803231831,0.2631024448567411,0.5791802308150812,-0.06356905457985314,0.6145300567149732,0.6460391386678369,0.2085262043013798,0.26302204862324385,-0.2447807080031781,0.13325751802378674,-0.10484051884919854,0.5514881572201629,0.4189151776512646,0.36799728934690695,0.3932708758531193,-0.10470470112458403,-0.40178351697199866,-0.2054234540139286,-0.11804449118292859,-0.23607275751241916,0.9764653445962478,0.4541398110591767,0.3368671048368795,0.5304960478498848,-0.061340064228212754,0.6315410238452985,0.6761792593179305,0.19154753885310483,0.20127372954173392,-0.22336253099554212,0.1011709980025994,-0.13997609802859093,0.5241223820478874
0.1322491708353971,0.42160831393225906,0.41758044078625656,-0.201664868550149,-0.050128412233388216,-0.2699379906299088,-0.14089654195311435,0.1437927010797488,0.4352221058044736,0.9591514650601692,0.35545863212097173,0.5008809915150733,-0.052314569900319796,0.3186988779841758,0.44435074735329794,0.1590616702239112,0.1428162609177664,-0.06815868478497956,0.2508729110718734,-0.0012431782420464785,0.343959282507338,0.3671192860935295,0.37534294885954883,0.3671192860935295,-0.2210555345976313,-0.12064848857604309,-0.3089582795309843,-0.20664185703764681,0.014314490197966389,0.4588614803231831,1.0,0.26224566271726535,0.4955910445382763,-0.13283866819455875,0.30768096408121315,0.4243417671156166,0.1187950109555939,0.1681699471382516,-0.05057800560835997,0.18155681856843606,0.10270026522153754,0.316532603040226,0.17787340003110738,0.33588265099803005,0.4329929152122055,-0.30835674763325693,-0.09518368883981503,-0.33917461086674683,-0.20773226160117755,0.05738740701433736,0.4352184421844816,0.962097690514055,0.35284506353041883,0.4439899424481158,-0.12887287819871657,0.24508316317345802,0.43218753175260843,0.09499644778124766,0.13629864573043823,-0.07545299359872926,0.12260796574618264,0.04882134317507384,0.3359429914506943
-0.0275734577682924,-0.036362580902787885,-0.05809654546911003,0.13880204330042636,0.43804713083987507,0.5152127442595698,-0.05528104581865515,0.466400686723781,0.27043878039704844,0.2419465685706557,0.9546990739737222,0.1589585269272404,0.2402739163259898,-0.07624291814978096,0.5183807489675775,0.23784129631439854,0.4313480152879381,0.036408496654150635,0.40652447119635154,0.3789858533443664,0.2321686738905031,-0.04486604378464801,-0.11686833680195187,-0.04486604378464801,0.11694326863294323,0.4194428308028029,0.5011225898291793,-0.006826166609240676,0.4454466975732319,0.2631024448567411,0.26224566271726535,1.0,0.17127251715529584,0.19071751471063064,-0.06716623049903422,0.5225642667851799,0.211925467650356,0.44554014950563753,0.05677430664172875,0.43221924592374333,0.45705149529439093,0.17446732802986092,0.03739728117456108,-0.17148974167430323,-0.05002663790098745,0.028750186153608408,0.4147867485274319,0.43496471763377864,-0.06866453812998571,0.42359226271828865,0.2574860222372599,0.20516723729280817,0.9568769465630994,0.09432309781975542,0.1773118796763416,-0.15237523954618584,0.48449964441862386,0.21353336518745047,0.4329920788969372,0.008730193254128972,0.4154694364243497,0.38932420993321204,0.23409299253882526
