Fp1,Fz,F3,F7,FT9,FC5,FC1,C3,T7,TP9,CP5,CP1,Pz,P3,P7,O1,Oz,P8,TP10,CP6,CP2,C4,T8,FT10,FC6,FC2,F4,F8,Fp2,AF7,AF3,AFz,F1,F5,FT7,FC3,FCz,C1,C5,TP7,CP3,P1,P5,PO7,PO3,POz,PO4,PO8,P6,P2,CPz,CP4,TP8,FC4,FT8,F6,F2,AF4,AF8,O2,P4,C6,C2
1.0,0.2447443794151057,-0.18853849679728166,-0.17090794667374679,-0.2987992973104424,-0.332544904883731,-0.0036009173369481594,0.030982580885833694,-0.25197503084336653,0.469194638108876,0.729312400723014,0.1723772746827754,0.21451721721500921,-0.37017907513711495,-0.3654948577178198,0.4152391009132201,0.07096830957950102,-0.18534157627457606,-0.1127818867571386,-0.2394453034147853,0.14440880258947322,-0.35353961304648257,-0.042990135024624274,-0.35353961304648257,-0.3408607801118359,-0.2405615043870295,-0.29095633041369245,-0.11373364890033948,0.08838653425987072,-0.27640555003636785,0.4715337734853141,0.6244744605630876,0.10034379240890882,0.3195316877431228,-0.3129727557496325,-0.30744928275600203,0.44791822409964854,0.1336778901390999,-0.1448459882373006,-0.11232853619863063,-0.23442380261490664,0.1329696259779691,0.8015122011922948,0.17721659784173585,-0.3141096589967823,-0.21793711222924433,-0.36757963075051814,-0.2942930688919147,0.03319942685388653,0.09698391663366056,-0.21661885245807241,0.3613409934614222,0.6275657765897775,0.16283583028677814,0.2654833625529903,-0.30255422934636383,-0.27503778527929124,0.38169904607677585,0.16722584454211423,-0.03167883124579118,-0.02194913316558844,-0.20717943261204766,0.15596153263815604
0.2447443794151057,1.0,-0.0663775969130054,0.3201364450219652,-0.27390436637145466,-0.08308842176749816,-0.226256433586756,-0.11664241655554405,0.012239363442980484,-0.0007863411114263613,0.20333235520837703,-0.21725252527572259,0.2138069798888804,0.18076875069280768,0.13769446525547233,0.13805304670249183,0.3253332727054123,0.1969077432505707,0.39012948583497625,-0.22313870974690528,0.26520561109914903,0.0291715597445015,0.6118910530213649,0.0291715597445015,0.2639805487612094,-0.03455704566790135,-0.16027600915776205,-0.0949786932632508,-0.04615760556006724,0.11223265011325359,0.03701951602264949,0.2780331540148156,-0.1955131163260969,0.21851067235730487,0.2351936094326414,0.11729658310969468,0.1280780413522721,0.31144165079245095,0.17823854774682127,0.3840191713940258,-0.223141117327583,0.301605972870841,0.3919235354334101,0.5729299369299581,0.0826232385545049,0.23399225913633198,-0.11593322234800213,-0.07415263675039638,-0.005118309685537096,-0.010716705153124548,0.13077488221855066,0.17008874814445243,0.2611928931601728,-0.04206574943120143,0.18124517518339406,0.23090845416546915,0.16631120290756587,0.17184008292209893,0.32178745340443426,0.1816223429217704,0.26654107625336365,-0.23452647906157087,0.3054896252157669
-0.18853849679728166,-0.0663775969130054,1.0,0.019009953806612998,-0.11607938860245914,-0.16122006825449808,-0.23769187076843637,0.01559020016896743,0.2231380486024293,-0.026461138157738397,-0.31880356774198937,-0.3338315407237424,-0.12545605047816116,0.5598366433666847,0.19322095970907832,-0.4454111184278105,0.2987972555800906,-0.11949983339400737,0.47607484722460364,0.35770386031465506,0.4349056543345157,0.804847697503879,-0.013898512561497062,0.804847697503879,0.05672449678023492,0.06623282757966935,-0.19695790205716332,-0.2699955220369725,0.02607784392083031,0.27590520152699405,-0.054444164499916174,-0.16828861747554438,-0.31062703708648653,-0.07470263437813185,0.5538792954993714,0.22490734288715322,-0.42105950681734083,0.25167592319782717,-0.1565017884364881,0.5183897323385164,0.38055043132695626,0.44076380516009234,-0.2116557603391801,-0.3302951724732837,0.8486180919303541,0.0089667455288959,0.0670880692256392,-0.13256289332773386,-0.4542115143638947,0.1525835913069242,0.33201252458351316,0.10361449144968218,-0.17066249753795765,-0.2639688798440163,-0.021667700325686667,0.5085589059022079,0.24658073339127032,-0.3521060187727449,0.31022601063100874,-0.1418026782441852,0.5481240782863982,0.4227322474915929,0.4543714458461533
-0.17090794667374679,0.3201364450219652,0.019009953806612998,1.0,0.23345578554175508,0.3295257024620871,0.033358425200358,-0.0829503180530977,0.08915031378517864,-0.2582001362653187,-0.13775284705782084,0.008841090586751667,-0.02847706034459115,0.3622341825533584,0.5069825220272608,-0.01736286836118564,0.09920673060968857,0.1050858717274657,-0.04678810700024986,-0.19994375862530075,0.13430922803752315,0.1399875989788025,0.3479490463200814,0.1399875989788025,0.8957290764776423,0.2627404094851445,0.343869625337579,0.14090068851521012,-0.01049875495933241,0.151615282559322,-0.28056073641483703,-0.10720056702446036,0.0888942303240796,-0.03169034910175208,0.39914282884693325,0.43891610408426623,0.03622079014500119,0.008798630464174487,0.11961174555034512,-0.04301717234815475,-0.2081750059238549,0.19644697795559107,-0.16173805326732976,0.3392180084076617,0.20855901545024888,0.9237718672365883,0.3875524244761989,0.3713105367705902,0.17543760895365124,0.038150190917106655,0.2067781948476025,-0.12151665654964701,-0.06583760481211845,0.18156971253143459,0.06370376804203493,0.4364553890927097,0.5099876058850416,0.10326268066188352,0.0921422641952344,0.17830414204542297,-0.0763277730110686,-0.21308733375745117,0.21186574821661752
-0.2987992973104424,-0.27390436637145466,-0.11607938860245914,0.23345578554175508,1.0,0.3586470216477067,0.23779527177471924,0.2851851901957918,-0.3005914627237223,-0.12678442714812196,-0.16262196988171385,-0.1582880819685428,0.07294729482803392,0.02196565721197542,0.3062381068778652,-0.0850170428374014,-0.017973116234645935,0.10376612036795803,-0.07514428038632595,0.07853882042971407,-0.08341135311830311,-0.1910936280181258,-0.15932056491763882,-0.1910936280181258,0.14260099781269892,0.7294030082205851,0.37532341750982373,0.052200795988206546,0.17196850984370482,-0.29467604709698086,-0.16011676662881263,-0.20997957964017472,-0.09404093820265651,0.03576506818568769,0.005055615078361919,0.3275549406201268,-0.009291264701689936,-0.034314630995629924,0.09115870156277824,-0.04195850102299261,0.09943583652697478,-0.045675190674050944,-0.3780337589397291,-0.050486085734685895,-0.1547482848455749,0.21901214094459379,0.8452019876948612,0.39038387263618307,0.09024744906337656,0.19266158545718787,-0.3028124635040415,-0.1826340095985313,-0.14708069695433784,-0.056117833121816466,0.07021743106123586,-0.009002121006879958,0.27317283114570134,0.02655297206496393,-0.07215632959793632,0.0669073071513033,-0.12718782352711042,0.08207026079607332,-0.012420613889953322
-0.332544904883731,-0.08308842176749816,-0.16122006825449808,0.3295257024620871,0.3586470216477067,1.0,0.033608470942074115,0.07854611998946189,0.1816494911339379,-0.20810575280593493,-0.17524175590699353,0.22596503080838778,0.3616702041380922,0.007506378244434376,0.44150535920749706,-0.0037342317750543165,0.1032202412227565,0.4520821725475123,0.06302347859647585,0.07815252297939296,-0.026971529358929675,0.06155869213314642,0.25513127023384624,0.06155869213314642,0.4971546195321527,0.44319220551926575,0.805888528204623,0.2987808246546239,0.1204968014094652,0.2671083004610287,-0.1761993193357058,-0.07796468641256075,0.32416064139674566,0.34045186080991974,0.03726799932594883,0.42687960308738354,0.005185938828465152,0.07774808949339998,0.4541594010157022,-0.015233626419484045,0.08123324200662255,-0.053594253397197214,-0.07377462500215735,0.3187526575581988,0.01804632823004115,0.426536066262139,0.5555418639602893,0.9486652244360536,0.2906459731032936,0.014293497567872656,0.2644646558768409,-0.15824888775689008,0.039827854569164295,0.3667992710423442,0.29311421159270074,0.17438488094407775,0.4810218699871711,0.15180028479809693,0.03136367962221923,0.49089664343314615,0.10620376042972697,0.07642053951299084,-0.011964787965059917
-0.0036009173369481594,-0.226256433586756,-0.23769187076843637,0.033358425200358,0.23779527177471924,0.033608470942074115,1.0,0.5856454262113528,-0.07804267594467015,-0.01451708442110993,0.017071527053020993,0.5092537510482297,-0.1529324770641569,-0.33920033122727783,-0.3115237812813993,-0.12788238633951182,-0.3454711262192139,0.4077034751517308,-0.22082059186390335,-0.48514126238933963,-0.13562745192721856,-0.21629929179064322,-0.039085345347795335,-0.21629929179064322,-0.03337456826839631,-0.22346038978588206,0.16251686369197293,0.7780235418273692,0.5153616796796316,-0.12794845687880263,0.059885845591373964,-0.23969925630350797,0.5138323905930849,-0.08432740214371152,-0.2533354957301058,-0.31960165208145963,-0.0701792830015025,-0.3201685051298534,0.462038493747585,-0.11442325944334783,-0.4362276635119811,-0.13035871092942858,-0.14922058871135593,0.15811160429483187,-0.10574911858330764,-0.014756257603156001,0.10324224841932651,0.15700280539749145,0.8308302281165743,0.5298181594687049,-0.09105875773219813,-0.03266991994419044,-0.12208538890644358,0.4506266443096057,-0.09375146470703717,-0.19993130368741802,-0.2814741991717598,-0.12677963832799435,-0.28733646617595554,0.4268742780920487,-0.10480668746924485,-0.42695381292717866,-0.11860872760256887
0.030982580885833694,-0.11664241655554405,0.01559020016896743,-0.0829503180530977,0.2851851901957918,0.07854611998946189,0.5856454262113528,1.0,-0.25491448113134907,-0.009396685043442404,-0.03477405312220484,0.23122538380078703,-0.12830455983590203,-0.29030596657489477,-0.40770395165050466,-0.31574326781102285,0.05364364297888159,0.3715208084581051,0.025806503225195315,-0.11618883155314139,0.26390917612316445,0.05773114271816915,0.06336500543901348,0.05773114271816915,-0.14285647890762299,-0.09897655016256303,0.25604879783625645,0.4026382638811241,0.9008911973130033,-0.34273166776931513,0.044853999083384645,-0.2595903952169585,0.2909849325795994,-0.1281234669645382,-0.2329429340224938,-0.3879691514957433,-0.24695664081543364,0.01071605521718388,0.3754429563748385,0.08251393416819394,-0.05985015411982678,0.22225187147729347,0.0007504408953117492,0.07509197131108168,0.1150075865005606,-0.16988397733802102,0.17090622409241998,0.21106087374689517,0.3923533135525178,0.8906349461983135,-0.2556472396540331,0.01763184614593331,-0.10172257986876569,0.24351293957779407,-0.09490352388702375,-0.12687466722237026,-0.3357091720850202,-0.2351617038240393,-0.009835551293107122,0.41535077655040087,0.017842853739105043,-0.05780095547754311,0.21679301531711145
-0.25197503084336653,0.012239363442980484,0.2231380486024293,0.08915031378517864,-0.3005914627237223,0.1816494911339379,-0.07804267594467015,-0.25491448113134907,1.0,-0.20864319748693594,-0.14420003681954016,0.24740964281653421,-0.019532156750852757,0.47440902606357976,0.4265214629699805,-0.2376653271578524,-0.041393395872087145,0.23660568931381962,0.19321382327362444,-0.009403471277331215,0.11822342161953088,0.2832189746700109,0.14438139460186208,0.2832189746700109,0.19183783906511914,0.02714063971815496,0.29629763542420706,0.11527182811997785,-0.2389792185145802,0.9326459611631671,-0.16534426139482478,-0.010431919463279739,0.2600307594204081,-0.16422750918791992,0.5007493111782876,0.3852901245552813,-0.30864389099563805,0.010648892402425957,0.1987433043770016,0.19122889998551884,0.01794733211496068,0.15463908274114768,-0.18490782354409746,0.19447946744462774,0.278271827701751,0.19846824848578956,0.0182888608921389,0.19855971497081917,0.06980009792844394,-0.13509100714792804,0.9375555078823317,-0.1938688802234464,-0.007067548033257294,0.3161957002966129,0.17438842967099819,0.5013303964509105,0.38508064905805434,-0.22386684980693458,-0.039024620007979384,0.17564192748217325,0.3137285831784262,-0.007331521507331469,0.17471034965266985
0.469194638108876,-0.0007863411114263613,-0.026461138157738397,-0.2582001362653187,-0.12678442714812196,-0.20810575280593493,-0.01451708442110993,-0.009396685043442404,-0.20864319748693594,1.0,0.47351969063790184,0.07530726238063333,0.3976185282728847,-0.5067995052350529,-0.37106434678021555,0.36430984516849135,0.035575333237488065,-0.1987487299355088,-0.11382512895497028,0.12462431243393023,0.09280313110571733,0.005254057415061183,0.16388299510616602,0.005254057415061183,-0.29384006708560806,-0.10580295528404798,-0.37608671873524263,0.021482020544155378,0.15015772830714316,-0.1179209748247048,0.9673277067869027,0.4877944255465364,0.029618496704938213,0.43578405568526973,-0.4843491151311623,-0.34994071798662335,0.4223040022292368,0.021599980130873508,-0.17840860198450997,-0.2073504733714952,0.10524258034939259,0.03852663123903917,0.5988658970535241,0.08829505721315463,-0.10578528770198271,-0.20869276357053587,-0.14440499476109236,-0.25236060561146134,0.02330414097423447,0.0772671702057854,-0.08763405335728747,0.8955019339147651,0.4808714471160737,0.12758803721571915,0.4094893412041015,-0.44328438384685154,-0.22424536001356563,0.418786608102621,0.07219982260366059,-0.08070535926209763,0.004660437068508543,0.19232008938271283,0.0751662445793717
0.729312400723014,0.20333235520837703,-0.31880356774198937,-0.13775284705782084,-0.16262196988171385,-0.17524175590699353,0.017071527053020993,-0.03477405312220484,-0.14420003681954016,0.47351969063790184,1.0,0.4155242635211529,0.2239683971176049,-0.3280730130942307,-0.2556955090532072,0.33511103481426174,-0.10122728678827157,-0.23291571417612797,-0.26683269138118065,-0.21135379623925693,0.10423144698280086,-0.3150477106874051,0.13177036262043107,-0.3150477106874051,-0.25823188384914175,-0.040699161289779726,-0.22927939708410314,0.09394516367606158,0.039007661534283186,-0.19052267284598345,0.4752338526545634,0.9000260597170102,0.36283311012227176,0.30133245095779576,-0.297768909460855,-0.2739574131984174,0.33956722607323164,-0.053781373633879075,-0.20584188592404234,-0.2570340761124617,-0.21667102525930954,0.09795912224328569,0.6808247465013999,0.2404804763446907,-0.31423875513589655,-0.18793076441802276,-0.20491232656206837,-0.23439547173901173,0.17308893814496545,-0.028781146835620604,-0.1482882783279695,0.2974212149462253,0.860921373824342,0.34746091815682234,0.2158725243069113,-0.29545793351900324,-0.21843524085228955,0.26026436682172954,-0.014211648350577805,-0.12738177292969427,-0.2521068260976719,-0.2162122559446392,0.10744171873136904
0.1723772746827754,-0.21725252527572259,-0.3338315407237424,0.008841090586751667,-0.1582880819685428,0.22596503080838778,0.5092537510482297,0.23122538380078703,0.24740964281653421,0.07530726238063333,0.4155242635211529,1.0,0.029394627107529585,-0.26444868013951794,-0.1523186555270661,-0.041038212645875496,-0.35069179516670584,0.2604487136640998,-0.31292509886579994,-0.4051397425265896,-0.00569732789227769,-0.18909057264176662,-0.006873030379257009,-0.18909057264176662,-0.05627067905662626,-0.30370796056651456,0.2513681567228694,0.592868365602452,0.2547663657667868,0.1481722178916268,0.13819895139971608,0.26753494344841383,0.9757574194131262,0.019046214448429476,-0.23264556423443167,-0.21067436442028412,-0.05415073342001322,-0.359873584580284,0.2988169706119716,-0.25741866761954263,-0.3661403840246119,-0.038789211887794876,0.08845421320182066,0.17555022272419774,-0.1466667769771583,-0.06575388885121165,-0.1385921027997664,0.21254064235252473,0.6063423733669244,0.12029060244115207,0.18984611888678082,0.006601280384310748,0.33336332550279363,0.8497079433033231,0.12173646775513043,-0.14325708020219466,-0.10884039959811626,-0.0869245981551005,-0.3123111012820906,0.3616571893605542,-0.1801131461491343,-0.388993612664408,-0.02988439139038073
0.21451721721500921,0.2138069798888804,-0.12545605047816116,-0.02847706034459115,0.07294729482803392,0.3616702041380922,-0.1529324770641569,-0.12830455983590203,-0.019532156750852757,0.3976185282728847,0.2239683971176049,0.029394627107529585,1.0,-0.23673701882921488,0.3423239693121293,0.5278785484654381,0.31944839399127756,0.2689995822105077,0.28052978356211516,0.2465415193113281,0.031003338739820932,-0.023653335745031766,0.2265282602144182,-0.023653335745031766,0.1047135486388273,0.25747851720016923,0.24451284689447356,0.07030847778299491,0.04387431751882648,0.12672266671242366,0.4419106881133883,0.4045858005130147,0.08612940808715164,0.9083270543200845,-0.19503053685955493,0.3808339772540545,0.5520150953422194,0.30524594684060946,0.27434538159720406,0.13903294305570088,0.2502646557782432,0.02004334275484411,0.45728189574993716,0.27027109521794135,-0.14071722263993203,0.08524291533138102,0.1665174878908972,0.3987534761890798,0.12225777706194908,-0.02441826364826469,0.11437429696464822,0.3975159851302565,0.498669087616735,0.24599824075632923,0.9015973197550137,-0.15629285754744113,0.45263313833299224,0.613157436946828,0.39342897166292035,0.28193300062932874,0.3541099619069429,0.2508038890869864,0.11044047797720863
-0.37017907513711495,0.18076875069280768,0.5598366433666847,0.3622341825533584,0.02196565721197542,0.007506378244434376,-0.33920033122727783,-0.29030596657489477,0.47440902606357976,-0.5067995052350529,-0.3280730130942307,-0.26444868013951794,-0.23673701882921488,1.0,0.6036170370277342,-0.3645075231687252,0.2427876380300294,-0.06160377923385102,0.2758079608062373,0.19870512742514893,0.2479791084813479,0.4470421354115378,-0.029114931077099823,0.4470421354115378,0.36739823205673766,0.32164441113639264,0.0162423637195341,-0.2686921996844213,-0.35498241870561353,0.49747294419427174,-0.5306907695477929,-0.1833325231875383,-0.2160761775403547,-0.21997546028050122,0.9841636951768222,0.5820092774429554,-0.4036916457347365,0.2084882518638428,-0.10488409791837949,0.34945297220967314,0.23625797565306847,0.30782758242881086,-0.4787401414836436,-0.17144846232446034,0.47346881335531804,0.33575266949382687,0.2594089027759808,0.02823984589386579,-0.3449864877791006,-0.15047628359916632,0.5143608419879495,-0.3727057620867914,-0.18146650629192082,-0.10679582823405319,-0.08161597048939884,0.9138831501558966,0.5363670168130716,-0.32393205194490626,0.2333671644004004,-0.1418343715056771,0.23917166172596419,0.20862439046178136,0.3418507767384555
-0.3654948577178198,0.13769446525547233,0.19322095970907832,0.5069825220272608,0.3062381068778652,0.44150535920749706,-0.3115237812813993,-0.40770395165050466,0.4265214629699805,-0.37106434678021555,-0.2556955090532072,-0.1523186555270661,0.3423239693121293,0.6036170370277342,1.0,-0.004048543861203357,0.3159228528701414,0.1877590954792471,0.2503731475670472,0.20550380590210396,0.06494615263371711,0.11065477604565217,0.15904549946475424,0.11065477604565217,0.5711957978719193,0.6189297924954669,0.4190551234217333,-0.19382435305949436,-0.39658434304235984,0.5032603953011455,-0.39593616068286147,-0.01095829079413853,-0.08353668593045727,0.21790035214983489,0.5929170423187403,0.982756892314645,-0.026783857148847293,0.2799251866959775,0.14773695189459607,0.24492013567582202,0.2248828579160169,0.1326894894185701,-0.3616315609263128,0.18654963222563964,0.11913691780219807,0.5761094883328414,0.5225636687410998,0.4446547555071178,-0.1489383058075336,-0.28539103509937547,0.47944753463325174,-0.27685721617252373,0.01655165188336055,0.054078025219912604,0.39476016648954315,0.5475841025344728,0.9486658781818583,0.06959993808913831,0.31407753792749366,0.10631597717440841,0.2637112747275841,0.17204294274820356,0.18942484145144187
0.4152391009132201,0.13805304670249183,-0.4454111184278105,-0.01736286836118564,-0.0850170428374014,-0.0037342317750543165,-0.12788238633951182,-0.31574326781102285,-0.2376653271578524,0.36430984516849135,0.33511103481426174,-0.041038212645875496,0.5278785484654381,-0.3645075231687252,-0.004048543861203357,1.0,0.27786147443955,-0.06258583865055375,-0.008190734502313729,0.221534828522618,-0.1549783435795633,-0.4279775659975157,0.06338395916076472,-0.4279775659975157,-0.030932999732974798,-0.03425626277482925,0.03372360682693014,-0.04138946223152676,-0.17075813257573988,-0.14650288614285537,0.4022970891651131,0.3458008961422853,-0.009358528583321573,0.5245685981480273,-0.3537063600571759,0.004139583656912769,0.9806012499928317,0.2821163797469327,-0.03471916956394884,-0.1694987023539993,0.16362753048012646,-0.1542794295965121,0.43617542661911585,0.17220258638060582,-0.6135531047097362,0.047693726561696806,-0.1833305042982673,0.03590072748811855,0.05831255517647051,-0.2731638785490018,-0.16698104560127613,0.2840452050219874,0.38866174730288205,0.026951625584504615,0.41565813872705915,-0.33786566881128843,0.07531928789117424,0.9200169269897774,0.36477477667042607,-0.009680319441120099,-0.002562647794185014,0.1696512942301931,-0.09616836164348115
0.07096830957950102,0.3253332727054123,0.2987972555800906,0.09920673060968857,-0.017973116234645935,0.1032202412227565,-0.3454711262192139,0.05364364297888159,-0.041393395872087145,0.035575333237488065,-0.10122728678827157,-0.35069179516670584,0.31944839399127756,0.2427876380300294,0.3159228528701414,0.27786147443955,1.0,0.2790608275043427,0.5672465631220278,0.4910746951077955,0.5068822215854876,0.2969589807804819,0.36111326557488577,0.2969589807804819,0.19625616507789984,0.2952009072629042,0.21116042665694607,-0.1786038298878115,0.19337498279498888,0.08193448723651964,0.07041172625445355,0.09381773420347288,-0.2325846245080554,0.3471237534269546,0.2588085062882002,0.36895071995134626,0.2761609051151854,0.9597147612496159,0.2411169694662041,0.4984129401340453,0.5086358401609371,0.5088020784692212,0.15312822715680593,0.1558469772623614,0.14719971662605932,0.15814052836793369,0.14932929161216718,0.20824367592357043,-0.21399450179146015,0.18296133824050506,0.13129723341094202,0.1551183997647239,0.24582613757805655,-0.05559951332443292,0.3410613378244344,0.29651798517911043,0.41598309598010075,0.37475203827776493,0.961810153005282,0.2603948746847758,0.5177107119403799,0.5185767250832094,0.5469287884573267
-0.18534157627457606,0.1969077432505707,-0.11949983339400737,0.1050858717274657,0.10376612036795803,0.4520821725475123,0.4077034751517308,0.3715208084581051,0.23660568931381962,-0.1987487299355088,-0.23291571417612797,0.2604487136640998,0.2689995822105077,-0.06160377923385102,0.1877590954792471,-0.06258583865055375,0.2790608275043427,1.0,0.34495722885979707,-0.00999606599572006,0.2516055645140832,0.07922364756778622,0.3811592032107324,0.07922364756778622,0.19985153970837302,0.1597389544590142,0.5993803403709435,0.5523966478029226,0.4469978817353248,0.3033786845065753,-0.03591323303238411,-0.14445157430017147,0.3754323170140193,0.27083743968556195,0.025173718135692188,0.20630920068157393,-0.04523162007206746,0.2660799056669758,0.9875359903429857,0.4142790570763107,0.024081116618028475,0.24338129876395517,-0.0017531679251854043,0.4547562813489796,0.03399228310706039,0.14066001480077453,0.2827938160624078,0.577396331170002,0.5132593240790011,0.44791071932187126,0.3248108699777034,-0.08830924734622206,0.013925711278647742,0.49658886385026124,0.29897929058181355,0.09916197884580535,0.24027211173558333,0.04707445389745082,0.26298241978041076,0.9549566301976425,0.42891046451348047,-0.01026438320913505,0.28522481183752657
-0.1127818867571386,0.39012948583497625,0.47607484722460364,-0.04678810700024986,-0.07514428038632595,0.06302347859647585,-0.22082059186390335,0.025806503225195315,0.19321382327362444,-0.11382512895497028,-0.26683269138118065,-0.31292509886579994,0.28052978356211516,0.2758079608062373,0.2503731475670472,-0.008190734502313729,0.5672465631220278,0.34495722885979707,1.0,0.28985605221813926,0.4597067968370028,0.45425190987528663,0.2892556194967807,0.45425190987528663,0.02747495990882587,0.048730282478298304,0.10684661700200515,-0.15972558510923213,0.08152715519359083,0.29577022467867403,-0.026970012333407355,-0.11138988921188056,-0.2328201039610284,0.23079614457697564,0.3008032435703055,0.28438431307626194,-0.01105232911768777,0.5394396384984208,0.3103028005396818,0.9389643237388059,0.3310667930720246,0.4985774847195728,0.04178697269062264,0.14178915903129788,0.4637451496334026,-0.024341894210692903,0.09477353520441775,0.1346150280875876,-0.23771033722327997,0.07680108381646902,0.32778047724325954,0.06146723237980711,-0.00778292885231828,-0.14896113430435495,0.33193715234375337,0.2926735315349203,0.3449191429125134,0.1171421335441393,0.5469306912076146,0.283984182118171,0.902364428484394,0.3490063110406259,0.4745373507255885
-0.2394453034147853,-0.22313870974690528,0.35770386031465506,-0.19994375862530075,0.07853882042971407,0.07815252297939296,-0.48514126238933963,-0.11618883155314139,-0.009403471277331215,0.12462431243393023,-0.21135379623925693,-0.4051397425265896,0.2465415193113281,0.19870512742514893,0.20550380590210396,0.221534828522618,0.4910746951077955,-0.00999606599572006,0.28985605221813926,1.0,0.3730651999270453,0.331625983352732,-0.0001917001317480638,0.331625983352732,-0.04263177912942894,0.3104761616871334,0.09480945067274069,-0.3035766997627574,-0.06412293262445136,0.11679951756211174,0.14315195249645715,-0.053417301004728926,-0.3046240901954173,0.25037830275421785,0.15346338739352114,0.24684333074563927,0.20274549652842525,0.4152219283443345,-0.06057145369006339,0.15753700081558916,0.9820177390448687,0.34265814247213,-0.07970351658786275,-0.27099796437494555,0.08562501708467068,-0.1260103450681763,0.13957470843756947,0.08924194640697669,-0.515573733673807,0.016220324466722367,0.0999643706750909,0.14450344586640515,0.07241805454565244,-0.2251378143126927,0.21675486321838633,0.13177919293302884,0.22363541001502926,0.27759509550820893,0.47269648036473844,-0.05021415479737428,0.2711325461582557,0.962201118372861,0.37299511289848897
0.14440880258947322,0.26520561109914903,0.4349056543345157,0.13430922803752315,-0.08341135311830311,-0.026971529358929675,-0.13562745192721856,0.26390917612316445,0.11822342161953088,0.09280313110571733,0.10423144698280086,-0.00569732789227769,0.031003338739820932,0.2479791084813479,0.06494615263371711,-0.1549783435795633,0.5068822215854876,0.2516055645140832,0.4597067968370028,0.3730651999270453,1.0,0.4455257626948396,0.48002211773411524,0.4455257626948396,0.09474856223600898,0.10167536655703527,0.08110004731101614,0.012096120160427595,0.3435283992300746,0.20693272137939217,0.18059433990522017,0.15846597759223052,0.06260613388851335,0.06425031796973181,0.26779907020700194,0.11778020085103942,-0.15047412102500757,0.417806207715824,0.2065789061320996,0.4726679958490874,0.411210558461183,0.9824469209437412,0.19971904075229996,0.2851834975055383,0.4203933456374659,0.037081401605567776,0.05998535404696965,0.01472484031421961,-0.1702926993035428,0.4239894758214176,0.24996245679751436,0.24863113860936906,0.318002422223356,0.1291419056723248,0.2355908261313597,0.30923985933116255,0.14345883520909103,-0.054701692067141795,0.4734729747153176,0.30877130958239857,0.5069982191395369,0.4044169661690721,0.9595100849226075
-0.35353961304648257,0.0291715597445015,0.804847697503879,0.1399875989788025,-0.1910936280181258,0.06155869213314642,-0.21629929179064322,0.05773114271816915,0.2832189746700109,0.005254057415061183,-0.3150477106874051,-0.18909057264176662,-0.023653335745031766,0.4470421354115378,0.11065477604565217,-0.4279775659975157,0.2969589807804819,0.07922364756778622,0.45425190987528663,0.331625983352732,0.4455257626948396,1.0,0.2455774678319125,1.0,0.2906361529183464,0.051618420079304,0.039586371634294515,0.057866562876029266,0.2050394338325383,0.37113707361015164,0.019788164809697,-0.10734732914420371,-0.1133536023280166,0.0036918874818145076,0.4569985773246866,0.10552075993014735,-0.41444744205864653,0.2395522467032052,0.03288016925875423,0.45855445197803657,0.3223539721446474,0.4217489211079539,-0.0998926595902636,-0.16418510596814556,0.9215968452067641,0.18934982531449715,0.09681919924801508,0.07978907581056059,-0.235793381085469,0.18570546458784995,0.40702816304997974,0.10849591008212645,-0.10653347646997652,-0.05362102962145514,0.022328320765215355,0.46703396243129086,0.1753271644359559,-0.3110255758780887,0.28123144464644406,0.04983187867764842,0.46653568085739827,0.37203191266258206,0.42742197553273276
-0.042990135024624274,0.6118910530213649,-0.013898512561497062,0.3479490463200814,-0.15932056491763882,0.25513127023384624,-0.039085345347795335,0.06336500543901348,0.14438139460186208,0.16388299510616602,0.13177036262043107,-0.006873030379257009,0.2265282602144182,-0.029114931077099823,0.15904549946475424,0.06338395916076472,0.36111326557488577,0.3811592032107324,0.2892556194967807,-0.0001917001317480638,0.48002211773411524,0.2455774678319125,1.0,0.2455774678319124,0.41236101527608665,0.08838306473255078,0.1547860022989936,0.23147775954825145,0.22441381308937436,0.29069658082197536,0.24360498807076633,0.24456120223397296,0.050715320901281204,0.2333282112207743,0.02257807132274637,0.11644063317737721,0.04644072752355659,0.2981770850774014,0.3497745155430914,0.25966312780994366,-0.014364446540849323,0.4665005196364345,0.28640972341279514,0.8292584916923812,0.20184983123171024,0.38390631121959157,0.03614526215122683,0.20824068754858904,0.20012668092042343,0.19686702098308526,0.28449142127270316,0.2891409157026132,0.2594621750486697,0.1454993826824901,0.20729111691926128,0.11863347460225426,0.2264979718298345,0.13476205022789434,0.3183590613802254,0.3916928953068089,0.31337465353447974,0.015329231458243116,0.4461169104505114
-0.35353961304648257,0.0291715597445015,0.804847697503879,0.1399875989788025,-0.1910936280181258,0.06155869213314642,-0.21629929179064322,0.05773114271816915,0.2832189746700109,0.005254057415061183,-0.3150477106874051,-0.18909057264176662,-0.023653335745031766,0.4470421354115378,0.11065477604565217,-0.4279775659975157,0.2969589807804819,0.07922364756778622,0.45425190987528663,0.331625983352732,0.4455257626948396,1.0,0.2455774678319124,1.0,0.2906361529183464,0.051618420079304,0.039586371634294515,0.057866562876029266,0.2050394338325383,0.37113707361015164,0.019788164809697,-0.10734732914420371,-0.1133536023280166,0.0036918874818145076,0.4569985773246866,0.10552075993014735,-0.41444744205864653,0.2395522467032052,0.03288016925875423,0.45855445197803657,0.3223539721446474,0.4217489211079539,-0.0998926595902636,-0.16418510596814556,0.9215968452067641,0.18934982531449715,0.09681919924801508,0.07978907581056059,-0.235793381085469,0.18570546458784995,0.40702816304997974,0.10849591008212645,-0.10653347646997652,-0.05362102962145514,0.022328320765215355,0.46703396243129086,0.1753271644359559,-0.3110255758780887,0.28123144464644406,0.04983187867764842,0.46653568085739827,0.37203191266258206,0.42742197553273276
-0.3408607801118359,0.2639805487612094,0.05672449678023492,0.8957290764776423,0.14260099781269892,0.4971546195321527,-0.03337456826839631,-0.14285647890762299,0.19183783906511914,-0.29384006708560806,-0.25823188384914175,-0.05627067905662626,0.1047135486388273,0.36739823205673766,0.5711957978719193,-0.030932999732974798,0.19625616507789984,0.19985153970837302,0.02747495990882587,-0.04263177912942894,0.09474856223600898,0.2906361529183464,0.41236101527608665,0.2906361529183464,1.0,0.2810687107579244,0.47026278650539294,0.23157750822101997,0.011227216170496433,0.30347015303086533,-0.2925242821096394,-0.15659823077880053,0.053831617259506026,0.10809182274793176,0.41736176635008254,0.5151706972912289,0.01024882272166309,0.13408595315142688,0.2102606650982545,-0.007881558863205743,-0.04824404103939848,0.14130664123498557,-0.17740149758843243,0.302528586614325,0.2943266115739544,0.9386081558573877,0.4079623645529706,0.5455552683260193,0.2154105110613299,0.02133115336656965,0.34144772218450076,-0.1423813573610395,-0.05340740038683453,0.19927078514287316,0.14588253511638322,0.5026984795802639,0.59462691223946,0.12709303909856384,0.19243723963293125,0.23094454462199354,-0.005776749244538692,-0.04690186053620249,0.16989615251149798
-0.2405615043870295,-0.03455704566790135,0.06623282757966935,0.2627404094851445,0.7294030082205851,0.44319220551926575,-0.22346038978588206,-0.09897655016256303,0.02714063971815496,-0.10580295528404798,-0.040699161289779726,-0.30370796056651456,0.25747851720016923,0.32164441113639264,0.6189297924954669,-0.03425626277482925,0.2952009072629042,0.1597389544590142,0.048730282478298304,0.3104761616871334,0.10167536655703527,0.051618420079304,0.08838306473255078,0.051618420079304,0.2810687107579244,1.0,0.4228954779581806,-0.12556613392109564,-0.0871288067305981,0.10324094985119912,-0.13895864825894966,0.1561045004914465,-0.21763599799899683,0.25279451460398,0.3051420737309998,0.6502983907467059,-0.004824132959635352,0.3121001849852064,0.11479266053085108,0.08264968782140243,0.3126443896676652,0.1493538079772781,-0.18187370623967505,0.07493977285462002,-0.009489409350391938,0.3374372659322668,0.8464122442409199,0.42989539637434904,-0.1301042522875815,-0.02136010500493781,0.0692735915783027,-0.1856185864838777,0.15947341518982178,-0.054275195424088235,0.2484620488811795,0.2633362309895772,0.5599424117749082,0.07192506262826372,0.26442073403362715,0.08626202536185,0.038871692049869365,0.28699517044198775,0.20271493827029466
-0.29095633041369245,-0.16027600915776205,-0.19695790205716332,0.343869625337579,0.37532341750982373,0.805888528204623,0.16251686369197293,0.25604879783625645,0.29629763542420706,-0.37608671873524263,-0.22927939708410314,0.2513681567228694,0.24451284689447356,0.0162423637195341,0.4190551234217333,0.03372360682693014,0.21116042665694607,0.5993803403709435,0.10684661700200515,0.09480945067274069,0.08110004731101614,0.039586371634294515,0.1547860022989936,0.039586371634294515,0.47026278650539294,0.4228954779581806,1.0,0.38737781674576277,0.3103696055801426,0.28268101495689313,-0.2980240194983954,-0.16639040860740367,0.39050245762764285,0.13943094968211422,0.06044421066559616,0.41369044405179684,0.03200128240959805,0.2210800486604757,0.5834015733942662,0.05729576506262665,0.09995854828021383,0.08289413905256719,-0.13585579536526576,0.28538883094568424,-0.03832607717133281,0.44610800543755585,0.5560332830151892,0.8913329802063512,0.35920650922765257,0.20755270765589862,0.29565265602280727,-0.3862961564638179,0.0031478551778663937,0.4206310960454892,0.2474983832257746,0.16477526940622353,0.42838356041995046,0.1376779022786501,0.16519517419465876,0.6031329406008095,0.1175821875549518,0.04641497021531704,0.13452698030781624
-0.11373364890033948,-0.0949786932632508,-0.2699955220369725,0.14090068851521012,0.052200795988206546,0.2987808246546239,0.7780235418273692,0.4026382638811241,0.11527182811997785,0.021482020544155378,0.09394516367606158,0.592868365602452,0.07030847778299491,-0.2686921996844213,-0.19382435305949436,-0.04138946223152676,-0.1786038298878115,0.5523966478029226,-0.15972558510923213,-0.3035766997627574,0.012096120160427595,0.057866562876029266,0.23147775954825145,0.057866562876029266,0.23157750822101997,-0.12556613392109564,0.38737781674576277,1.0,0.4781462785111145,0.1459291206980967,0.1379910110471221,-0.015691695098525346,0.6605760275194883,0.13026123096030043,-0.17021271445491656,-0.21996553464012567,-0.02183047515606201,-0.17100330066995986,0.5927918345452364,-0.11351047133177193,-0.29498831403962006,0.0035931823869628826,0.03215757570541268,0.2809690548332103,0.02569729566626447,0.1698585985421092,0.09519763740968093,0.3889283945110475,0.8832591922833257,0.40434286048776974,0.15009468863870873,-0.008204211857905439,0.12123077649333014,0.630333638038834,0.08409174376399382,-0.10806478427128484,-0.17118604883829147,-0.03445201133649624,-0.12561234978550667,0.5669451207334024,-0.0757765247032494,-0.299646126582152,0.023189913867357956
0.08838653425987072,-0.04615760556006724,0.02607784392083031,-0.01049875495933241,0.17196850984370482,0.1204968014094652,0.5153616796796316,0.9008911973130033,-0.2389792185145802,0.15015772830714316,0.039007661534283186,0.2547663657667868,0.04387431751882648,-0.35498241870561353,-0.39658434304235984,-0.17075813257573988,0.19337498279498888,0.4469978817353248,0.08152715519359083,-0.06412293262445136,0.3435283992300746,0.2050394338325383,0.22441381308937436,0.2050394338325383,0.011227216170496433,-0.0871288067305981,0.3103696055801426,0.4781462785111145,1.0,-0.2749269268979524,0.2467777051301728,-0.1028273511830552,0.33893767447085416,0.07404397594054829,-0.2799647421610881,-0.3737629477098552,-0.08446656870312257,0.1667654223395858,0.45622146528760865,0.13114170595534352,-0.017524197472828393,0.2965668253229417,0.16345768290163293,0.12058461164289988,0.19511698480096443,-0.03342114494852181,0.1867620071938369,0.2767345133218417,0.43900721156259304,0.8881666836993019,-0.1685042855111241,0.1696679545956991,0.07904038779374546,0.3747528956007043,0.08729723740190028,-0.10285163422113548,-0.23974139668720765,-0.0456455392389243,0.16850032677391358,0.514437317566243,0.10740179254164534,0.010732642272848108,0.31510319453526797
-0.27640555003636785,0.11223265011325359,0.27590520152699405,0.151615282559322,-0.29467604709698086,0.2671083004610287,-0.12794845687880263,-0.34273166776931513,0.9326459611631671,-0.1179209748247048,-0.19052267284598345,0.1481722178916268,0.12672266671242366,0.49747294419427174,0.5032603953011455,-0.14650288614285537,0.08193448723651964,0.3033786845065753,0.29577022467867403,0.11679951756211174,0.20693272137939217,0.37113707361015164,0.29069658082197536,0.37113707361015164,0.30347015303086533,0.10324094985119912,0.28268101495689313,0.1459291206980967,-0.2749269268979524,1.0,-0.07007044755865345,-0.002918886750776931,0.1809646028165496,0.036667732450334466,0.5338353163334465,0.4813895907024758,-0.21738790620063603,0.10354542576725224,0.2603701946455509,0.2864061985452645,0.1388612929113834,0.2403668825116334,-0.15358249094762338,0.2645766666619126,0.32927719856821447,0.2838291177501565,0.07939654482970374,0.2654597147663374,0.057208929312583895,-0.16257721741049524,0.9597014616936259,-0.06991999434475617,0.0381500403464169,0.30333347458464893,0.285033247038815,0.5371699232965371,0.48498189649721024,-0.10602817450828174,0.09356662603088409,0.23409088841964582,0.4200595664956309,0.132916829085184,0.2592308287817299
0.4715337734853141,0.03701951602264949,-0.054444164499916174,-0.28056073641483703,-0.16011676662881263,-0.1761993193357058,0.059885845591373964,0.044853999083384645,-0.16534426139482478,0.9673277067869027,0.4752338526545634,0.13819895139971608,0.4419106881133883,-0.5306907695477929,-0.39593616068286147,0.4022970891651131,0.07041172625445355,-0.03591323303238411,-0.026970012333407355,0.14315195249645715,0.18059433990522017,0.019788164809697,0.24360498807076633,0.019788164809697,-0.2925242821096394,-0.13895864825894966,-0.2980240194983954,0.1379910110471221,0.2467777051301728,-0.07007044755865345,1.0,0.48799285014911564,0.11179026038827405,0.4927982619793661,-0.48764613535604734,-0.3720397833553743,0.4583430149243524,0.06283000956126485,-0.010853218627924426,-0.10941392647974366,0.128983184232756,0.1291241158557792,0.6386137372775649,0.16134708040173865,-0.10608209031788418,-0.21987092272560105,-0.153285499533079,-0.1877833204039135,0.11156364754586105,0.16302205454038385,-0.02751308426649711,0.8737568503785003,0.5170332148173586,0.22252982810529645,0.4773161350362587,-0.4178717788042608,-0.22087728442307597,0.463727364711195,0.1271279493252776,0.08661243864473929,0.117367221136939,0.20928455692556927,0.17566317690203492
