Fp1,Fz,F3,F7,FT9,FC5,FC1,C3,T7,TP9,CP5,CP1,Pz,P3,P7,O1,Oz,P8,TP10,CP6,CP2,C4,T8,FT10,FC6,FC2,F4,F8,Fp2,AF7,AF3,AFz,F1,F5,FT7,FC3,FCz,C1,C5,TP7,CP3,P1,P5,PO7,PO3,POz,PO4,PO8,P6,P2,CPz,CP4,TP8,FC4,FT8,F6,F2,AF4,AF8,O2,P4,C6,C2
1.0,0.6046638399653248,0.2691021447947446,0.902094775445504,0.28738420034024703,0.8394151829120633,0.596504452945326,0.5352607760905325,0.2703227267298285,0.10708983350326927,-0.056393301580519216,0.11892055514563317,0.540789973147712,0.5683004852595678,0.7991555115030076,-0.10792846349040605,0.6401291785115689,-0.3057121710280505,-0.11041435555439341,0.6584191493591863,-0.21498135201869184,-0.010284381312992797,0.19438220502036327,-0.010284381312992797,0.7168879584177615,0.15447575240755426,0.48496895298732035,0.3775343045009781,0.22837444867955195,-0.066185829918941,-0.10193718621143391,-0.20548549967002327,-0.17115719843416108,0.43875305173130863,0.4760207196456558,0.5021807248349732,-0.030971914827354882,0.5500388253445517,-0.4578457413005798,-0.34156229710696284,0.47725942317717146,-0.4463066275018554,0.7737641783627942,-0.1905558990901425,-0.4662588080545411,0.47930215026363726,0.01863878097877094,0.2119546125742054,0.15023614903412386,0.05409800650533962,-0.08005282351180756,-0.424883693825595,-0.2661971460368272,-0.3182091902770258,0.42990627131677894,0.40663361495842554,0.665509391818068,-0.31863509254505423,0.4949212412173271,-0.3362977346950288,-0.1708533054658308,0.6142019888030008,-0.2476723476329131
0.6046638399653248,1.0,0.5152976267506326,0.7661829395434596,0.34645065799989383,0.6055586632218559,0.3943852362830694,0.28286428100577377,0.726535860460895,0.570161902793612,0.6297205999828747,0.07823416789484465,0.5688449952135047,-0.05100552777162319,0.3375513886592981,0.41890502302956084,0.041859268446314,0.3827951889840879,0.07251557449748028,0.1309079198851405,0.21548049555533294,0.11493523242278524,0.7061752965110487,0.11493523242278524,0.35867714962947084,-0.023134906389103736,0.034598321289461796,-0.024582595515156014,0.06968246306008566,0.415108250200579,0.43094855413204763,0.3300731495765095,0.15214114781706542,0.5024525829616057,-0.12682437779573705,0.07712410237671852,0.4347441121602163,-0.0863584511842589,0.23536018275357592,-0.17495698851775612,-0.08311093680527809,-0.002475630013192004,0.19807478476299994,0.3821434344553721,-0.12059368855463354,0.13609268683300363,-0.05189546510008724,-0.1555900323339853,-0.032464360823400394,-0.33560195838881957,0.5023128480912465,0.08003153148458043,0.433243039387835,-0.44640818258107734,0.41762097344388055,-0.18970076223530574,0.17687938996678393,0.14661112072922403,-0.19631585917833388,0.3403372391038133,-0.007271703855967633,0.04896555892802175,0.17447055595246294
0.2691021447947446,0.5152976267506326,1.0,0.35187439870136844,0.7039132371200277,0.20933038014083283,0.2189179516739439,0.5267034842320623,0.7227570338169522,0.6345532782143335,0.3978304895738582,0.5016672113160779,0.3482484166211718,0.025282179379438715,-0.08729192360618017,0.4508235334795254,0.12243693507375612,0.6973938964811361,0.4951070979018884,0.08260890077479269,0.580562550882867,0.7590487863187046,0.06765027143784497,0.7590487863187046,-0.23088806603953602,0.41461950336797426,-0.4075075001144264,0.14216321190103018,0.29949970559780414,0.5635600181278044,0.5249260056194762,0.3330529808902055,0.4762774497703942,0.31827879631742034,-0.11696005245915539,-0.1397678168600335,0.24158695334292224,-0.05954586680381097,0.5690487919777167,0.28893474835775146,2.809959272805768e-05,0.3783708699750491,-0.24202825434596598,-0.2539749194108483,0.6061086202275409,-0.48776929987423634,0.3665214302108952,-0.6600876845143134,-0.1792629510747138,-0.09554747914487034,0.5367846039671132,0.15250298108964053,0.12019926812516389,0.07538209304910012,0.11898059728086585,-0.21077586289851793,-0.24012683854127237,0.2876786835940571,0.03009109657422294,0.6892437214808853,0.4339599343506014,0.03452684136141832,0.5256731220488347
0.902094775445504,0.7661829395434596,0.35187439870136844,1.0,0.25140877723335153,0.8021664069051175,0.41883843830690787,0.39289725110638996,0.39824367868113575,0.29763933412577054,0.1555002791903985,0.021072318617635,0.6587339024307195,0.33709984057575354,0.6865437651481746,0.09756191851335758,0.4600743632532463,-0.09279611522692151,-0.17215263491411967,0.4607122775757221,-0.15900258237073145,0.016596600463394857,0.3676427760041332,0.016596600463394857,0.7247831007542769,0.016546630201683964,0.3768893111329034,0.15701779086789938,0.1358785840494856,0.06762049349248178,0.08154834837676013,-0.04702253245118971,-0.1534352701727052,0.573409604360135,0.2313397530558987,0.37580739185954787,0.17111762485748752,0.34175178092365704,-0.2335148773934477,-0.40270344773725253,0.27443872001277475,-0.3705959657329623,0.622755864583397,0.02834457021963591,-0.3710937717935871,0.49997990660035313,-0.0633723013515684,0.12154043816510851,-0.039834398648658065,-0.12946278840186196,0.09082317844899263,-0.26016313550433,-0.03940744033692425,-0.4562030877865509,0.5377313685487143,0.13404179571409092,0.5373252343955116,-0.13348098487497903,0.23026027557830367,-0.11671489035195437,-0.24367799160760187,0.4185700584519138,-0.19885930558453846
0.28738420034024703,0.34645065799989383,0.7039132371200277,0.25140877723335153,1.0,0.31243960312061425,0.5317256886642114,0.5866171625091345,0.4800934845250139,0.10247437570660436,0.14678167582252835,0.6445926505787775,-0.17330057279790673,0.43936530159240694,-0.21748887869348948,-0.1321517483604003,0.19944418041199727,0.4200883642469069,0.8156625419167127,0.5016242387530989,0.7503979134905969,0.5849803415570615,-0.07741450672822821,0.5849803415570615,-0.27018031681271276,0.7844555470362129,-0.29321166653973474,0.49527239879564444,0.24808824358196457,0.23952650355737296,0.056932242452195414,0.11597754992932778,0.5823811873214156,-0.15806288268701388,0.3622938013467362,-0.39301184789304927,-0.3573031470643668,-0.04823833819425038,0.31890807046769976,0.6770410088781862,0.3511942892746899,0.5947714211033014,-0.21646224112001577,-0.3487576284176602,0.29950145942466216,-0.5372834461600967,0.7968811299455724,-0.41709261965375627,0.334583342949953,0.08458077341657122,0.24626018889339873,-0.26864806964785215,-0.058247894017131464,0.25183175861471363,-0.4108276777711354,0.24622303872279133,-0.3797538481891913,-0.30440604644175073,0.14561790127860447,0.40400494721632985,0.794818284710714,0.46963554405830144,0.7028364495847785
0.8394151829120633,0.6055586632218559,0.20933038014083283,0.8021664069051175,0.31243960312061425,1.0,0.5620732490053719,0.34975829718706203,0.32779239048543274,0.028801864375666123,0.09583210896523227,0.01418850321071476,0.32888922160913076,0.4216340117210921,0.613166794637664,-0.09276424056996517,0.4874815336876767,-0.15936523847512468,-0.005387581296227361,0.5536033787829188,-0.09611850225755875,-0.05488616760732455,0.24822069500516758,-0.05488616760732455,0.6078843377468056,0.10384393181247847,0.5808308625603745,0.3411048349895857,0.09639493125093634,-0.015585977426940506,-0.12471127223040872,-0.19704036741942335,-0.12398695195077762,0.24523237278691806,0.364378888593573,0.33951676703078354,0.0012924530713273722,0.3653955148888579,-0.30574344285867094,-0.22217920449451695,0.33152556553650886,-0.31704993198570497,0.5768417076637662,-0.07229750300148723,-0.4927562147799924,0.41995742515453616,0.03534431961160395,0.4394417448640762,0.20110794388224196,-0.12446765716357959,0.021128386430237296,-0.414858519780645,-0.07000504994538612,-0.4142791489517726,0.1984546657897993,0.2938088915874504,0.4666259922819621,-0.3080925934775283,0.2604798492270655,-0.21907633703665969,-0.07126420048962928,0.5060046142459436,-0.1423755215012359
0.596504452945326,0.3943852362830694,0.2189179516739439,0.41883843830690787,0.5317256886642114,0.5620732490053719,1.0,0.4985015924787365,0.23967941762724168,-0.1899838621979175,-0.044502636439778656,0.14065284576831336,-0.04819674056477085,0.5540017408681088,0.21614797766698535,-0.25276834700537465,0.5196115635366074,-0.10623417366473646,0.38956773822760116,0.6000773646733945,0.19226383988930915,-0.0549695735137038,0.05484575604922664,-0.0549695735137038,0.252630896102677,0.3629979985510315,0.23245893865898593,0.707829659823826,0.24302940353239091,0.011769697629095403,-0.28430933894630817,-0.1441964403674263,0.1766773321488959,-0.06919778706728993,0.46764346019452335,0.01956003766938897,-0.28354017819759625,0.38020973467175506,-0.24507534751573598,0.2359402860772561,0.35790674733962796,0.009701488676446806,0.3853295134536303,-0.2400184690832916,-0.29405830047473436,0.06653517666156711,0.32771195919519636,0.08607341133730537,0.7948307976109451,0.040640626674104736,-0.042942327095575855,-0.5444527213143996,-0.2649050926632458,-0.2317955951191473,-0.13583635807459388,0.3638516274274183,0.13976851199687096,-0.398308583780658,0.4481962920946694,-0.14453631038942114,0.34972407320754034,0.54439518230047,0.15233102352731423
0.5352607760905325,0.28286428100577377,0.5267034842320623,0.39289725110638996,0.5866171625091345,0.34975829718706203,0.4985015924787365,1.0,0.1984737773640731,0.07776984418716555,-0.2082317251811349,0.6856315609387804,0.09832210679299971,0.6751598837389042,0.3010624087052753,-0.19909964230755042,0.534845294446516,-0.040499371170997896,0.39792879435416945,0.6925253671490259,0.17829812286934746,0.3689270837114869,-0.17969166138304724,0.3689270837114869,0.11410551211938855,0.5835398858654424,-0.10378604738962668,0.44242597318871213,0.5449333893563829,-0.028639214644514358,-0.012181237086575914,-0.16035437837028318,0.1730179548520233,-0.02726485377607422,0.5967076718706302,0.19918002519881453,-0.30892707273942865,0.3498913972550282,-0.16992514456270896,0.2310232517835134,0.6751132409651375,-0.021504298193896567,0.2583792920961175,-0.5035436899217227,0.07621593397401713,-0.08381930582549878,0.4838046681531094,-0.21492049943806937,0.19616591848648254,0.6509010502627084,-0.0857478456902304,-0.3802647835514616,-0.4051623759387424,0.3002218056287913,-0.07263157846791485,0.49510534743918855,0.20181088495252328,-0.3143783288211232,0.5172964887611137,-0.018029739030963058,0.3654144357246969,0.6080890838372675,0.12737609098586047
0.2703227267298285,0.726535860460895,0.7227570338169522,0.39824367868113575,0.4800934845250139,0.32779239048543274,0.23967941762724168,0.1984737773640731,1.0,0.7321941078785946,0.827822168500923,0.0954813533744073,0.4304954404772008,-0.316561068005055,-0.06886387795004621,0.5920929597329283,-0.1983568479295312,0.7416044596695234,0.2942176943252843,-0.17343625597659,0.4713404967842847,0.38587047009079195,0.6034274599066097,0.38587047009079195,-0.04111683757195614,0.09843186749760756,-0.21708224943696564,-0.00794308873088672,-0.07527338434592236,0.8157219738690439,0.6866465994191492,0.6816758030924371,0.324939153664419,0.4478024248518263,-0.4052739143828613,-0.18766828449620923,0.5525062591820202,-0.27572303851526514,0.638310305440231,0.07194324256513877,-0.37371385756682846,0.26883528537020585,-0.20230749218390007,0.2588287305629271,0.2712796431915431,-0.2914973876488926,0.020014923967677296,-0.45336565658503936,-0.13836610473554892,-0.42039864086092216,0.8815268525837557,0.40354912120164105,0.6054159585677948,-0.2611940858718679,0.2732363604809248,-0.46077933866167503,-0.15810332941564295,0.45289244906346593,-0.3381681032176694,0.6912679588257588,0.23878430774936524,-0.2714138123246506,0.42897796863589
0.10708983350326927,0.570161902793612,0.6345532782143335,0.29763933412577054,0.10247437570660436,0.028801864375666123,-0.1899838621979175,0.07776984418716555,0.7321941078785946,1.0,0.6758862773368719,0.0493582590141273,0.6962978795280045,-0.5257369125477673,0.0272475976321745,0.8274313153900418,-0.2775558558232612,0.648014024032937,-0.10731444760377487,-0.4202549731634583,0.15162992541302164,0.4082810649318438,0.45685112668171357,0.4082810649318438,-0.019176165431185232,-0.10812081203654754,-0.32709391521653464,-0.30399525535500765,0.02372486440246383,0.6908091776268521,0.9164649555266526,0.6086124938473114,0.21133277584838875,0.640099209902681,-0.5834665282277801,-0.008870121381467288,0.7361425515528198,-0.29297495618792485,0.5808515647174176,-0.2756751736808118,-0.4810873637992818,0.006782875861467626,-0.1984437875744109,0.23187058841020275,0.4244656245900639,-0.1950389058509886,-0.2140491151315897,-0.50190640588101,-0.5595178619474805,-0.3251941739106392,0.7337246659984685,0.6826022062019341,0.5715718235290609,-0.18582283473429226,0.6175775709428848,-0.5463558940897847,-0.01653626201168933,0.6887101076791678,-0.40526570677367585,0.6502231916317893,-0.17454315030835263,-0.4831543785828334,0.10387265082481774
-0.056393301580519216,0.6297205999828747,0.3978304895738582,0.1555002791903985,0.14678167582252835,0.09583210896523227,-0.044502636439778656,-0.2082317251811349,0.827822168500923,0.6758862773368719,1.0,-0.16040235005845713,0.35360899870682444,-0.6630189418003571,-0.20969317237999216,0.6689424221617625,-0.5479633448718425,0.7599837673440631,0.10564628182708743,-0.48962890040474144,0.3743862974705753,0.14011805872825145,0.7335576357978906,0.14011805872825145,-0.11329829589253765,-0.201020591087853,-0.19908127089518618,-0.32462444562891685,-0.28384475110064045,0.762487365672679,0.7060585728156588,0.8425738636707074,0.2995105779542933,0.4014547523223989,-0.6752436717142067,-0.26056963815226475,0.7060571070360881,-0.5324550040100403,0.7178750990372541,-0.02885777885847698,-0.6502302354208398,0.28402544186730566,-0.3793331035141193,0.5960906992935121,0.19485819356211417,-0.24165075854865795,-0.2174720443275819,-0.32773793692884096,-0.2635166572425722,-0.5854525498195005,0.8440274148382848,0.5893097503459487,0.9108380178757304,-0.3289445662855966,0.26357049155397844,-0.6153130094340188,-0.2557766550041396,0.591244249123894,-0.6677669173741475,0.7116159660158193,0.07787590076464307,-0.5663585565656524,0.3751705374105164
0.11892055514563317,0.07823416789484465,0.5016672113160779,0.021072318617635,0.6445926505787775,0.01418850321071476,0.14065284576831336,0.6856315609387804,0.0954813533744073,0.0493582590141273,-0.16040235005845713,1.0,-0.21713339793705486,0.5047035088068947,-0.08895556569944975,-0.18744829820015377,0.2082946877094026,0.16844783407377859,0.6328670607896898,0.4918707393364299,0.48355060052877386,0.6235487803042113,-0.29926276618208825,0.6235487803042113,-0.35131471208042975,0.7506200328762173,-0.40087301381368856,0.3135891573832824,0.6102475617251364,-0.03710982381336997,-0.008603395518629748,-0.10225201688056583,0.5693055554306946,-0.26207411552378995,0.520720809397305,-0.12968733386815443,-0.46291851052030947,0.0016311485248212253,0.11672250663599945,0.5619902117488426,0.5797510269490077,0.38924740239898215,-0.18907822532472765,-0.4451972157908285,0.4292653189641251,-0.49605899457870084,0.7484528511232008,-0.3580035434240929,0.07359857898434159,0.5540985709440139,-0.04549393317324419,-0.2042160244443627,-0.23173951410765775,0.6996798980902237,-0.381567994885249,0.4585536282992801,-0.1964385439453789,-0.35289403415632215,0.2536107905048862,0.2122710855117763,0.618557565003442,0.49170179838146166,0.42918947292001036
0.540789973147712,0.5688449952135047,0.3482484166211718,0.6587339024307195,-0.17330057279790673,0.32888922160913076,-0.04819674056477085,0.09832210679299971,0.4304954404772008,0.6962978795280045,0.35360899870682444,-0.21713339793705486,1.0,-0.20055554239071235,0.5995324891691498,0.5561522546540859,0.15613192313959567,0.0989351495696631,-0.5255542303633078,-0.10500397858593072,-0.33827783471769796,0.0767395234810417,0.42177880176679805,0.0767395234810417,0.5272759304697388,-0.3267206958083322,0.17965073875725396,-0.23229194917268578,-0.03635317226192794,0.35013614333048854,0.5329807896378953,0.2879720595981444,-0.22943619040446306,0.9213841387497669,-0.29343605178354776,0.4915323336058216,0.6651053645915526,0.2076008082712907,0.011262247520483232,-0.7281552225262307,-0.20207156172880283,-0.49434152584191277,0.3821635525100073,0.14067363360195215,-0.0626553117502886,0.3577858646590844,-0.5352162278613309,-0.17478335805494216,-0.534793282927536,-0.2392889953070329,0.26745737381100165,0.30380236045950465,0.21619746669671047,-0.4120706777782034,0.9394983709201639,-0.25105659859404544,0.5434106112719632,0.46218243046018465,0.03891082324765102,0.09651597625742037,-0.580284956293904,-0.17930648914335076,-0.3260403094231549
0.5683004852595678,-0.05100552777162319,0.025282179379438715,0.33709984057575354,0.43936530159240694,0.4216340117210921,0.5540017408681088,0.6751598837389042,-0.316561068005055,-0.5257369125477673,-0.6630189418003571,0.5047035088068947,-0.20055554239071235,1.0,0.3827041954895429,-0.7287430028317288,0.7507330633450936,-0.5549464338076481,0.2887307269770701,0.9466398142744937,-0.004681634307923851,0.0962819868663393,-0.4207651346167829,0.0962819868663393,0.27299670903812334,0.5968903173809779,0.2262696004294302,0.6607645275508881,0.39514361464923936,-0.5002660235326332,-0.6208433909938329,-0.6047812641657149,-0.020205875950578767,-0.254568873328107,0.9629559991131234,0.22985796210427908,-0.7440110196255955,0.5793500807979465,-0.6292190274274905,0.23306100767551804,0.9168289531992415,-0.09719556456299686,0.4887750100246953,-0.590464519224352,-0.2942239838270807,0.16417862445818807,0.53723739693548,0.1986103976790395,0.4976820941607694,0.5870351987416916,-0.5899260103475815,-0.7861563120432558,-0.7562050682007028,0.288365039795619,-0.27886962185503944,0.856820388493165,0.32178852163767047,-0.7670993930813236,0.7714318536202436,-0.5427570307879905,0.28168951740485565,0.946602527063388,-0.03152201542139654
0.7991555115030076,0.3375513886592981,-0.08729192360618017,0.6865437651481746,-0.21748887869348948,0.613166794637664,0.21614797766698535,0.3010624087052753,-0.06886387795004621,0.0272475976321745,-0.20969317237999216,-0.08895556569944975,0.5995324891691498,0.3827041954895429,1.0,-0.08630203869159356,0.5469209015542624,-0.5683622678977144,-0.5509773769386996,0.4139321392253228,-0.6600632429808192,-0.2191762020735488,0.16386989160910204,-0.2191762020735488,0.7863698399099959,-0.1358276160292939,0.6186090400495272,0.12199738463500905,0.20702961268791695,-0.23845716196675418,-0.11406293034541944,-0.2784183229790964,-0.40745485302402584,0.42573920881354727,0.3789174039272264,0.8758628466452427,0.11402234814383398,0.5844806327768705,-0.6637229194209856,-0.701627960583581,0.37234247701411155,-0.8079137784270404,0.8450563526729304,-0.11212441209318628,-0.552462304498756,0.7043727327832664,-0.3057338608840004,0.42364103211521825,-0.1426000857778418,0.17010309236263474,-0.30788013221665445,-0.2745143838550622,-0.29732972399394947,-0.26258714289897583,0.5879950333566982,0.39596512906510206,0.9383583897883583,-0.1711896337685271,0.476970379075734,-0.5805627159662858,-0.5864910021983416,0.3900496126303232,-0.6618208609169437
-0.10792846349040605,0.41890502302956084,0.4508235334795254,0.09756191851335758,-0.1321517483604003,-0.09276424056996517,-0.25276834700537465,-0.19909964230755042,0.5920929597329283,0.8274313153900418,0.6689424221617625,-0.18744829820015377,0.5561522546540859,-0.7287430028317288,-0.08630203869159356,1.0,-0.32485823330422364,0.675374895875007,-0.20946072261019716,-0.684580484978977,0.046244151703546996,0.2271292492337186,0.46110602369554643,0.2271292492337186,-0.02977242892042479,-0.32087740087210254,-0.1531095896493695,-0.34281317246625187,-0.10499250543524354,0.7134935701765792,0.8240132659150745,0.5812254430299636,0.1149236454942665,0.5488540186893694,-0.7935588657001507,-0.043188281154580434,0.822018265939825,-0.257612119514534,0.6694940030148306,-0.28090186580658383,-0.7260082993600949,0.008922671501661697,-0.2150469246849402,0.38367744639928125,0.47673608824918956,-0.10369682729155441,-0.3789101319514542,-0.30866948787367954,-0.4887971591152528,-0.465208201885933,0.7020229856858702,0.706419892032209,0.5728715818613951,-0.21831798028935157,0.5384320617932306,-0.7717061056690087,-0.15248992425966965,0.7806094750902954,-0.44632193248607815,0.6754600955858222,-0.24818485498966283,-0.7308257193752247,0.04718462597241652
0.6401291785115689,0.041859268446314,0.12243693507375612,0.4600743632532463,0.19944418041199727,0.4874815336876767,0.5196115635366074,0.534845294446516,-0.1983568479295312,-0.2775558558232612,-0.5479633448718425,0.2082946877094026,0.15613192313959567,0.7507330633450936,0.5469209015542624,-0.32485823330422364,1.0,-0.4687098766392522,-0.001776556730382498,0.6616887084760973,-0.2568746134763459,0.029425746532542967,-0.34066950498454446,0.029425746532542967,0.46435975335398655,0.25133989018908265,0.37493437104831456,0.5609062300012512,0.321817233169005,-0.30830965135683325,-0.46778133049145904,-0.510798988310487,-0.22467210093775206,0.07646664354110633,0.6543386731183701,0.49223014084265715,-0.3266650262898552,0.903818117462701,-0.5783750361196213,-0.12694916280378205,0.6002061663301457,-0.3892884851779774,0.6196515653616451,-0.6049325637284478,-0.20824906517486538,0.3607356091465087,0.11934549952841153,0.23187055792607603,0.29058546873547636,0.28730851876706753,-0.517455696930828,-0.6913257185960329,-0.7466582443405609,0.0066498555928472,0.07342906834418463,0.5375574643308239,0.49711162305472656,-0.36348165865717313,0.9058640678309803,-0.48063584642590723,-0.028590455310704952,0.664594053226735,-0.2651990009019816
-0.3057121710280505,0.3827951889840879,0.6973938964811361,-0.09279611522692151,0.4200883642469069,-0.15936523847512468,-0.10623417366473646,-0.040499371170997896,0.7416044596695234,0.648014024032937,0.7599837673440631,0.16844783407377859,0.0989351495696631,-0.5549464338076481,-0.5683622678977144,0.675374895875007,-0.4687098766392522,1.0,0.46633215658265215,-0.4755092056603501,0.714724197707785,0.5681811419922922,0.34589269444300147,0.5681811419922922,-0.5260746895175007,0.09445722618348007,-0.546922611887408,-0.20691389245920677,-0.07324680221445345,0.7717902522030614,0.6936446275398529,0.684082737895609,0.5337938210947617,0.2049743465673722,-0.6223119836459198,-0.5249626726014198,0.4855814211015328,-0.5744322844949427,0.9694496839635006,0.38756945219148176,-0.544786958141017,0.6579983402960485,-0.7005018292338431,0.2696678584692934,0.6881258743523038,-0.6470059092846624,0.14090358626776817,-0.636523667843107,-0.24721484666362867,-0.4314035609357877,0.7911603755427437,0.5561532002285569,0.6303812253635593,0.012139423557594488,-0.03958962919296978,-0.6601722720147649,-0.6628680084298728,0.5632387001895649,-0.5606488939492273,0.9817302748405557,0.43045823949078915,-0.5188120776984305,0.6912034220544757
-0.11041435555439341,0.07251557449748028,0.4951070979018884,-0.17215263491411967,0.8156625419167127,-0.005387581296227361,0.38956773822760116,0.39792879435416945,0.2942176943252843,-0.10731444760377487,0.10564628182708743,0.6328670607896898,-0.5255542303633078,0.2887307269770701,-0.5509773769386996,-0.20946072261019716,-0.001776556730382498,0.46633215658265215,1.0,0.3224724930762651,0.8816834377184692,0.5132833511382003,-0.17815231536085321,0.5132833511382003,-0.5595264201653496,0.6536700299446858,-0.48765715192721093,0.3705530767281173,0.2327258706311506,0.15638919050019665,-0.07529789416180908,0.12311357257348046,0.6686748061317643,-0.42209772475596447,0.2588180390781879,-0.5989732928922804,-0.4260139260037553,-0.2162881484551226,0.40270999544560815,0.9410582644886318,0.25066420068552964,0.8097583486851951,-0.47589483318241893,-0.2542189959062449,0.37156401715768805,-0.6805229080615434,0.7254528893750115,-0.4299696879829727,0.4343142915755507,0.09083911494912252,0.17624638591695213,-0.22919432513684815,-0.016379443286284313,0.3748710072276568,-0.7089579105419116,0.15382206769448378,-0.6551474803924955,-0.3034764275072769,0.005611907920093175,0.4346875271565874,0.984679230419449,0.308898712284763,0.8530918356138
0.6584191493591863,0.1309079198851405,0.08260890077479269,0.4607122775757221,0.5016242387530989,0.5536033787829188,0.6000773646733945,0.6925253671490259,-0.17343625597659,-0.4202549731634583,-0.48962890040474144,0.4918707393364299,-0.10500397858593072,0.9466398142744937,0.4139321392253228,-0.684580484978977,0.6616887084760973,-0.4755092056603501,0.3224724930762651,1.0,0.053144611063641184,0.09818532102338699,-0.2523991546788231,0.09818532102338699,0.3379093038116094,0.5640238774422818,0.2132215285937228,0.6155219372138528,0.39113087663096935,-0.4500035143840129,-0.5254622239259065,-0.5021771366143982,0.0628881143212023,-0.14338433942285927,0.9039944775148504,0.18015355977638195,-0.6647232467674946,0.4905591520554898,-0.5727319476504842,0.21648842343956123,0.9214592171615955,-0.0746579201574908,0.5126467478611182,-0.4562941594718374,-0.402208608091206,0.19398715369082234,0.49993398031920616,0.18371950860362868,0.48122760449342594,0.512836324624673,-0.4997014271215313,-0.7511432883528858,-0.5916064512877862,0.16773418366568552,-0.22405905414038732,0.8335025331593648,0.3214006898927547,-0.7781957332765341,0.6405784942703987,-0.4848633497265987,0.3084108306427122,0.9662601051408592,0.03019901702786649
-0.21498135201869184,0.21548049555533294,0.580562550882867,-0.15900258237073145,0.7503979134905969,-0.09611850225755875,0.19226383988930915,0.17829812286934746,0.4713404967842847,0.15162992541302164,0.3743862974705753,0.48355060052877386,-0.33827783471769796,-0.004681634307923851,-0.6600632429808192,0.046244151703546996,-0.2568746134763459,0.714724197707785,0.8816834377184692,0.053144611063641184,1.0,0.5525576776281088,0.035291773131104265,0.5525576776281088,-0.6660334276394463,0.4666628596930878,-0.6164398094105336,0.10046251351886017,-0.005231705112648756,0.34865345329993674,0.1728174027486195,0.3369189928269327,0.6383967929218152,-0.2006171800866366,-0.06496123473064512,-0.7307361745196357,-0.16537476590782832,-0.4788009310550619,0.6662402892248666,0.8227699410227161,-0.04692679928136557,0.943616459603582,-0.6801422714400805,-0.0020768769644090236,0.48931168744562287,-0.7902289782279233,0.5715201491278163,-0.6139020907280781,0.20112129113906108,-0.18383346132803555,0.4165560922415607,0.029876028659205994,0.26447191323053143,0.26312130757932817,-0.5269576933643236,-0.14286502102651114,-0.7841891330850674,-0.05880397944672124,-0.2876693761345374,0.6792647291818265,0.8551366407005472,0.03084722993663198,0.9776078343904993
-0.010284381312992797,0.11493523242278524,0.7590487863187046,0.016596600463394857,0.5849803415570615,-0.05488616760732455,-0.0549695735137038,0.3689270837114869,0.38587047009079195,0.4082810649318438,0.14011805872825145,0.6235487803042113,0.0767395234810417,0.0962819868663393,-0.2191762020735488,0.2271292492337186,0.029425746532542967,0.5681811419922922,0.5132833511382003,0.09818532102338699,0.5525576776281088,1.0,-0.10553506066037839,1.0,-0.3813812639941039,0.6154769623298133,-0.44760229861580597,0.259027882490908,0.44524583325727674,0.4931524146662632,0.4437867524752431,0.22902149603253988,0.6299275159219031,0.1261231590936539,0.0496332501563007,-0.1362455103003759,0.07356918053171872,-0.1367847805802688,0.5157937567312261,0.43510600874631133,0.14320491550431222,0.45476207946999087,-0.36156492915045735,-0.29725945271375126,0.7364858540376351,-0.5814336844935171,0.5183013136699337,-0.610690362421501,-0.23707553073403706,0.09418075399366245,0.32296196445187736,0.2182859978328517,-0.009795839695464506,0.44604180484069955,-0.07944301134473261,0.0066855267279856846,-0.30011646682782117,0.2177392428756217,0.04709644633154688,0.6099493244739199,0.4729119761991184,0.0831713514968835,0.4948906103507873
0.19438220502036327,0.7061752965110487,0.06765027143784497,0.3676427760041332,-0.07741450672822821,0.24822069500516758,0.05484575604922664,-0.17969166138304724,0.6034274599066097,0.45685112668171357,0.7335576357978906,-0.29926276618208825,0.42177880176679805,-0.4207651346167829,0.16386989160910204,0.46110602369554643,-0.34066950498454446,0.34589269444300147,-0.17815231536085321,-0.2523991546788231,0.035291773131104265,-0.10553506066037839,1.0,-0.10553506066037845,0.3072146946353964,-0.2638488557893741,0.061965032762023135,-0.18024419647437628,-0.23647975800548113,0.551907850013149,0.524016781661238,0.5682372905880131,0.009479576700844932,0.4560866828305376,-0.4167587866057135,0.031125618921478707,0.6204060349249543,-0.30194016417292496,0.3181262387519809,-0.29128609986004583,-0.41013292316566324,-0.029745590545401608,0.06981508850498648,0.8378427707577669,-0.2054361766435566,0.22262218862828984,-0.3572509275101447,-0.027479193085366057,-0.12200896913104224,-0.4228210162610917,0.5902151293767207,0.4361219489941596,0.6544562796032714,-0.4433513103458052,0.4121916926113687,-0.4014143657103703,0.11885761706428863,0.3420281207414945,-0.48469180572881543,0.297200485516406,-0.2150548750522021,-0.35351374417725157,0.0453173377040752
-0.010284381312992797,0.11493523242278524,0.7590487863187046,0.016596600463394857,0.5849803415570615,-0.05488616760732455,-0.0549695735137038,0.3689270837114869,0.38587047009079195,0.4082810649318438,0.14011805872825145,0.6235487803042113,0.0767395234810417,0.0962819868663393,-0.2191762020735488,0.2271292492337186,0.029425746532542967,0.5681811419922922,0.5132833511382003,0.09818532102338699,0.5525576776281088,1.0,-0.10553506066037845,1.0,-0.3813812639941039,0.6154769623298133,-0.44760229861580597,0.259027882490908,0.44524583325727674,0.4931524146662632,0.4437867524752431,0.22902149603253988,0.6299275159219031,0.1261231590936539,0.0496332501563007,-0.1362455103003759,0.07356918053171872,-0.1367847805802688,0.5157937567312261,0.43510600874631133,0.14320491550431222,0.45476207946999087,-0.36156492915045735,-0.29725945271375126,0.7364858540376351,-0.5814336844935171,0.5183013136699337,-0.610690362421501,-0.23707553073403706,0.09418075399366245,0.32296196445187736,0.2182859978328517,-0.009795839695464506,0.44604180484069955,-0.07944301134473261,0.0066855267279856846,-0.30011646682782117,0.2177392428756217,0.04709644633154688,0.6099493244739199,0.4729119761991184,0.0831713514968835,0.4948906103507873
0.7168879584177615,0.35867714962947084,-0.23088806603953602,0.7247831007542769,-0.27018031681271276,0.6078843377468056,0.252630896102677,0.11410551211938855,-0.04111683757195614,-0.019176165431185232,-0.11329829589253765,-0.35131471208042975,0.5272759304697388,0.27299670903812334,0.7863698399099959,-0.02977242892042479,0.46435975335398655,-0.5260746895175007,-0.5595264201653496,0.3379093038116094,-0.6660334276394463,-0.3813812639941039,0.3072146946353964,-0.3813812639941039,1.0,-0.2069987735260254,0.6937560288479131,0.18400907507985922,-0.01949864170697414,-0.12455041428484354,-0.09910700195764989,-0.18286346726741493,-0.5094864273942366,0.4601550293862937,0.23988077022012672,0.5762230521863965,0.1483611083781692,0.5302856639899446,-0.5623681682036823,-0.6409296626102461,0.23397661620509105,-0.7347310832256788,0.8853033235978445,0.14045736277530652,-0.6403601789994707,0.9210926417738992,-0.3622826385065763,0.5621622921202608,0.03716655290697415,0.02787613249627357,-0.20303436127484156,-0.23857722613896293,-0.1791948956627658,-0.45746005192187356,0.5878041511790908,0.25062419135936953,0.7681731445808097,-0.14698300569533487,0.33454288956532363,-0.5356727776647121,-0.5730237440699385,0.30781989830618645,-0.6519968133165132
0.15447575240755426,-0.023134906389103736,0.41461950336797426,0.016546630201683964,0.7844555470362129,0.10384393181247847,0.3629979985510315,0.5835398858654424,0.09843186749760756,-0.10812081203654754,-0.201020591087853,0.7506200328762173,-0.3267206958083322,0.5968903173809779,-0.1358276160292939,-0.32087740087210254,0.25133989018908265,0.09445722618348007,0.6536700299446858,0.5640238774422818,0.4666628596930878,0.6154769623298133,-0.2638488557893741,0.6154769623298133,-0.2069987735260254,1.0,-0.1676436422451448,0.683996015105558,0.43936733668847955,0.10919966825436313,-0.03445798375479003,-0.055473168018971536,0.5605169510926256,-0.3452391554383705,0.6137377661178528,-0.19747266401805272,-0.535423955260189,0.06310003199693766,0.07009096559276652,0.6308865377206053,0.5385624761589176,0.4015345132120768,-0.09660772767463505,-0.45173436743834966,0.3275842553342071,-0.4146758738448957,0.9017965656290925,-0.20969807366037854,0.3523894159931465,0.463926740825494,-0.0030507415730824886,-0.23905693089401084,-0.30988005824761866,0.5748205702192908,-0.44322555250876927,0.5653880634577682,-0.20426456447357022,-0.40119017222819886,0.32833185348970156,0.1419629170140006,0.6584035925392083,0.5628723255540546,0.4165709985705093
0.48496895298732035,0.034598321289461796,-0.4075075001144264,0.3768893111329034,-0.29321166653973474,0.5808308625603745,0.23245893865898593,-0.10378604738962668,-0.21708224943696564,-0.32709391521653464,-0.19908127089518618,-0.40087301381368856,0.17965073875725396,0.2262696004294302,0.6186090400495272,-0.1531095896493695,0.37493437104831456,-0.546922611887408,-0.48765715192721093,0.2132215285937228,-0.6164398094105336,-0.44760229861580597,0.061965032762023135,-0.44760229861580597,0.6937560288479131,-0.1676436422451448,1.0,0.218071135266737,-0.04644748626557248,-0.19866094035552972,-0.3488474399496379,-0.3100781279308898,-0.4665884404183051,0.11955532364319829,0.2560271514414955,0.5055017168425087,-0.024226311805601645,0.5247584731506105,-0.5419645845084112,-0.4861190880720523,0.1399229778798847,-0.6244625712552068,0.6699211341413963,-0.010430861219876823,-0.5802575233487337,0.6596134669354969,-0.2645296864839108,0.7850010653461232,0.12915821839098487,-0.029297084481584846,-0.2966252189286397,-0.3199323580566753,-0.2379386932424058,-0.36670463724875385,0.2453723023924126,0.2894944912713534,0.5933390401619152,-0.22882016014359932,0.35538320974976434,-0.5354900791785625,-0.47451586774744536,0.22955800182356592,-0.5841290689541793
0.3775343045009781,-0.024582595515156014,0.14216321190103018,0.15701779086789938,0.49527239879564444,0.3411048349895857,0.707829659823826,0.44242597318871213,-0.00794308873088672,-0.30399525535500765,-0.32462444562891685,0.3135891573832824,-0.23229194917268578,0.6607645275508881,0.12199738463500905,-0.34281317246625187,0.5609062300012512,-0.20691389245920677,0.3705530767281173,0.6155219372138528,0.10046251351886017,0.259027882490908,-0.18024419647437628,0.259027882490908,0.18400907507985922,0.683996015105558,0.218071135266737,1.0,0.41080487123032555,0.045448614377705455,-0.26441147780110913,-0.20249557747943422,0.2988076531621747,-0.23727808817817364,0.6229043846091726,0.03510358008431065,-0.4489357559378279,0.45121423263211047,-0.25242722130669454,0.33752880184430517,0.5118539918511632,0.020333725216488772,0.33804656279404455,-0.39122874723611467,-0.036224095281395495,0.020162442786729736,0.551187585099418,0.15067875450540377,0.6900149820064989,0.2761043058725588,-0.17444024902582814,-0.44146936834625955,-0.4879536364173584,0.1690908657403188,-0.256079121659307,0.5512635361215281,0.11311430346426095,-0.41206809055463217,0.6018396995895562,-0.19983511083695069,0.3631702470084051,0.5935938266478855,0.059354225913266404
0.22837444867955195,0.06968246306008566,0.29949970559780414,0.1358785840494856,0.24808824358196457,0.09639493125093634,0.24302940353239091,0.5449333893563829,-0.07527338434592236,0.02372486440246383,-0.28384475110064045,0.6102475617251364,-0.03635317226192794,0.39514361464923936,0.20702961268791695,-0.10499250543524354,0.321817233169005,-0.07324680221445345,0.2327258706311506,0.39113087663096935,-0.005231705112648756,0.44524583325727674,-0.23647975800548113,0.44524583325727674,-0.01949864170697414,0.43936733668847955,-0.04644748626557248,0.41080487123032555,1.0,-0.07400397370370722,-0.04999624981374044,-0.26549415548481586,0.5227478500222884,-0.14763250575399234,0.4257525867901365,0.24057617883616012,-0.22192416155368586,0.2395574578544378,-0.15601544444022247,0.1686485647670065,0.5373120848769992,-0.11951077201289757,0.17545463791351598,-0.3932744194925313,0.20952478165653926,-0.09593750688932388,0.4376617634099476,-0.11267288496265866,0.12429570224283724,0.43070451603757026,-0.19462684553508244,-0.24241145340812925,-0.3906546799698917,0.1946891270093972,-0.09417936350626246,0.3643922389738828,0.1771887547257516,-0.18228936313469815,0.3859131445029742,0.0010360283210822207,0.18855146604632114,0.43340166130869756,-0.09697143907898893
-0.066185829918941,0.415108250200579,0.5635600181278044,0.06762049349248178,0.23952650355737296,-0.015585977426940506,0.011769697629095403,-0.028639214644514358,0.8157219738690439,0.6908091776268521,0.762487365672679,-0.03710982381336997,0.35013614333048854,-0.5002660235326332,-0.23845716196675418,0.7134935701765792,-0.30830965135683325,0.7717902522030614,0.15638919050019665,-0.4500035143840129,0.34865345329993674,0.4931524146662632,0.551907850013149,0.4931524146662632,-0.12455041428484354,0.10919966825436313,-0.19866094035552972,0.045448614377705455,-0.07400397370370722,1.0,0.8026812734783729,0.7811680136256527,0.3496912577788996,0.41432875286091897,-0.5447269805195546,-0.1762715914663862,0.6752121694403621,-0.31373104352217696,0.7514207356975241,0.05802916659207035,-0.5606595056558239,0.25883768596367374,-0.3344142571837546,0.32579213239969707,0.5215672873860449,-0.31950400113710226,-0.050286563861640016,-0.45391106201185866,-0.21217133758627452,-0.37619608299611484,0.8650425761205011,0.6312408410927403,0.5868328803126703,-0.1002551567121894,0.2917446734265062,-0.5564133768826038,-0.2410876546237343,0.7045793335701676,-0.3518385180517983,0.7797914732362681,0.13077656097954274,-0.5342159123079299,0.3288651288858273
-0.10193718621143391,0.43094855413204763,0.5249260056194762,0.08154834837676013,0.056932242452195414,-0.12471127223040872,-0.28430933894630817,-0.012181237086575914,0.6866465994191492,0.9164649555266526,0.7060585728156588,-0.008603395518629748,0.5329807896378953,-0.6208433909938329,-0.11406293034541944,0.8240132659150745,-0.46778133049145904,0.6936446275398529,-0.07529789416180908,-0.5254622239259065,0.1728174027486195,0.4437867524752431,0.524016781661238,0.4437867524752431,-0.09910700195764989,-0.03445798375479003,-0.3488474399496379,-0.26441147780110913,-0.04999624981374044,0.8026812734783729,1.0,0.7157285246235955,0.25696081516157515,0.49661131188473623,-0.6353229664628592,-0.0798447129030773,0.7539498330727311,-0.4502543791374701,0.6792969901080219,-0.16845266401094572,-0.5592070415888252,0.09712108747203646,-0.3053054657298998,0.37658597583275677,0.4864114041166187,-0.24125503379463836,-0.17806508978026145,-0.4756650129180311,-0.5345671926336963,-0.25158650233499924,0.7917234955078676,0.8224726799245725,0.6476652644777043,-0.05570870092188557,0.492160112058201,-0.5758739407913733,-0.1327183103177128,0.7397750241814912,-0.5347874314814616,0.7122412022893264,-0.11347997650730167,-0.6139230305120563,0.14838508376507037
-0.20548549967002327,0.3300731495765095,0.3330529808902055,-0.04702253245118971,0.11597754992932778,-0.19704036741942335,-0.1441964403674263,-0.16035437837028318,0.6816758030924371,0.6086124938473114,0.8425738636707074,-0.10225201688056583,0.2879720595981444,-0.6047812641657149,-0.2784183229790964,0.5812254430299636,-0.510798988310487,0.684082737895609,0.12311357257348046,-0.5021771366143982,0.3369189928269327,0.22902149603253988,0.5682372905880131,0.22902149603253988,-0.18286346726741493,-0.055473168018971536,-0.3100781279308898,-0.20249557747943422,-0.26549415548481586,0.7811680136256527,0.7157285246235955,1.0,0.3363650582774816,0.35508468797398784,-0.5970604867843768,-0.25328674558101255,0.5908351098785555,-0.4727423606896025,0.6871173505337818,0.042320809807617155,-0.6023607966571696,0.30081450112026287,-0.4454422055607248,0.46574498855297986,0.31178678521431824,-0.2957987007708394,-0.17002776321476587,-0.4473670972667727,-0.2981014052762017,-0.3793687069789184,0.7230939672173629,0.6323801351000174,0.7568428671948793,-0.060969176574000736,0.22042914041099487,-0.5172508237359954,-0.2788501764025254,0.5849702676405537,-0.5374553834272157,0.6584677809368263,0.12176673717625806,-0.5854264862369818,0.36962291877170617
