Fp1,Fz,F3,F7,FT9,FC5,FC1,C3,T7,TP9,CP5,CP1,Pz,P3,P7,O1,Oz,P8,TP10,CP6,CP2,C4,T8,FT10,FC6,FC2,F4,F8,Fp2,AF7,AF3,AFz,F1,F5,FT7,FC3,FCz,C1,C5,TP7,CP3,P1,P5,PO7,PO3,POz,PO4,PO8,P6,P2,CPz,CP4,TP8,FC4,FT8,F6,F2,AF4,AF8,O2,P4,C6,C2
1.0,0.3673905008839506,-0.5518717906156028,0.402643216779198,-0.5710895706995505,0.15829925104334808,0.6990439041958373,-0.08676956955783392,0.20349147156925512,-0.4555714012811566,-0.3697206722760529,0.08347769210388234,0.23991418074346763,-0.12241701562544786,0.6396308276317841,0.22657272541375773,0.47127189581547485,-0.45100496439592963,-0.5049747267855799,-0.16385563140605164,0.1592270521906284,-0.552864610335022,0.38121419002841733,-0.552864610335022,0.33389459582223086,-0.5486789868407641,0.1367490590307655,0.6958561585486664,-0.09852316606933477,0.15988512707625432,-0.5277233183332718,-0.36306126231961616,0.06546027980708044,0.27659760450056364,-0.019443218843832308,0.6345457594858731,0.2157661268105128,0.39045967796770514,-0.5470867930623422,-0.5666464251856321,-0.11646326069290383,0.1665544918834193,0.8719672182182763,0.34770403812077644,-0.5277051697937314,0.39095950304710136,-0.5675637600515113,0.132621550452086,0.6588770916776079,-0.027938470889816283,0.1785444478634626,-0.5347365298990293,-0.27292941098867846,0.09811385654468179,0.22155965184837906,-0.023499298714792182,0.6292885690714737,0.2318280015747278,0.3550293558189128,-0.5787531929266874,-0.5847590440862096,0.28349083865273234,0.12231601941129343
0.3673905008839506,1.0,-0.16902967912137568,0.262719208497628,-0.5794063363681037,-0.3205772713400304,0.683267334389334,-0.2851248086599709,0.7574419806156114,0.3245092684860536,-0.42301770359334356,0.6775339704164564,-0.045442005657953956,0.5884897826764236,0.6109759214118978,-0.09570406826880419,-0.12138522925686408,-0.5305503750014443,-0.4941699737933722,-0.6772135885927554,-0.206512681219413,-0.0878037319761017,0.9217306026837485,-0.0878037319761017,0.18428083348207044,-0.6265000831817543,-0.35308127480656537,0.5934844363356364,-0.3706180524471742,0.6704283909510783,0.28021778162884575,-0.36279062597594397,0.6328250481536657,-0.07932173533561841,0.5487954369119954,0.49206010831705416,-0.05746620523099004,-0.12543584492847368,-0.5828222176232589,-0.393302229021101,-0.6171607086248042,-0.2082017719299816,0.5321302581820729,0.8578590042795265,-0.14333643272916505,0.24363501671044052,-0.6180703209543459,-0.3988412874287339,0.5562794503712154,-0.4347559632363798,0.62034960365221,0.2615548170923604,-0.6325333279132536,0.6474747961552376,-0.1071613112886651,0.5248793863762065,0.37512502198199144,-0.1721810515767773,-0.1699173980895522,-0.6186229622253561,-0.604156045209999,-0.14698811108509313,-0.3172276899411545
-0.5518717906156028,-0.16902967912137568,1.0,-0.3334230359250882,0.37876127612118815,-0.4558246713158635,-0.6116781353364046,-0.100294326323198,-0.04523984065718866,0.07460648710238818,0.10141855613855204,-0.08021213226555213,0.06607697288482048,0.12150440530888845,-0.4599359695090718,-0.23640672844566576,-0.36897630389740915,0.6458040927126979,0.6483308757906792,0.24652694741181644,0.005096833006941677,0.9555291699736026,-0.05610222346179895,0.9555291699736026,-0.10350682724929439,0.37105218373127924,-0.3299996094495441,-0.6063975715727974,0.03510027413642792,0.04338960565011695,0.18484473337917814,0.059186945359177116,-0.03777582271683598,0.11606988268207777,0.10844920448392842,-0.4138445112722006,-0.24830694985990304,-0.30816326759099244,0.6809094624499467,0.6478020760037683,0.1780717317342398,-0.011924000311932107,-0.5963583715188823,-0.012139676312325896,0.9367998105109919,0.019483532484051533,0.4291052403573803,-0.25048105935395537,-0.671726393499106,0.09361501601574233,0.03670286736122553,0.15785608843114504,0.10381497194965052,-0.09277246528324617,0.08183709242374508,0.03579218636525492,-0.5111372500399541,-0.3321266049012377,-0.24914433976703196,0.6194360428399032,0.6258105804748025,-0.4776470241914375,0.06426598815986033
0.402643216779198,0.262719208497628,-0.3334230359250882,1.0,0.04451441113484456,0.35341105753042634,0.3035008667459787,0.16819973795600096,-0.05550224502357713,-0.13576627637187155,-0.0017102448909140663,-0.013701922381843916,0.22161803773767272,-0.24490758267011295,0.2729005123054673,0.1354761951773573,0.12765978472534184,-0.22876199262381336,-0.08711844770083627,0.08964845108541902,0.3847460995816515,-0.40917188436461244,0.16840059733034435,-0.40917188436461244,0.8511931146804107,-0.02504738907516685,0.3317006227582479,0.22804404486520416,0.2615780217832254,-0.21901118596451266,-0.23364145570246364,-0.16617672485022614,0.047652563668433165,0.15127952925926072,-0.10473924365292273,0.23264007687586713,0.20037618139334656,0.028463439327494296,-0.27740117880781456,-0.09123102420953756,0.11834349255739975,0.3083584044139869,0.32481904237951603,0.03753774573555333,-0.3537995944839218,0.7076232106843189,-0.052424708067717894,0.18148027588843285,0.3005865498601425,0.16434828842369156,-0.20011824914577367,-0.24873697610696086,-0.09239054573888732,-0.037934493814708044,0.021229728206292445,-0.1550337512074989,-0.0193938563699157,0.13325059089073663,-0.13489759629859963,-0.3358025845073834,-0.2831647578073339,0.3324439912059124,0.11949815375401869
-0.5710895706995505,-0.5794063363681037,0.37876127612118815,0.04451441113484456,1.0,0.4699472580259262,-0.5383708176202883,0.46183700225636887,-0.6658358304384855,0.07846853089675185,0.46046309663126256,-0.32221281501284216,-0.04766759609524708,-0.42770050259454057,-0.4306536239736893,-0.05796499477523517,-0.00501447654235063,0.4315267377731403,0.7303465179764,0.5067107209923652,0.17546312213861784,0.30476357904919216,-0.600479697643378,0.30476357904919216,-0.0035314027376969147,0.9709314793359448,0.532150438753999,-0.5266638777741115,0.5132026947001562,-0.6642453755077764,0.051036274566084956,0.28365173903391067,-0.2912910496883857,-0.07505819460904456,-0.4014283554786881,-0.37391896462916396,-0.020519727930652033,0.015013858760122428,0.5292161707167569,0.6629063764418567,0.44723344747704186,0.13965248568323066,-0.6563553279747769,-0.6207324657407539,0.34223709501914346,-0.1305261128132209,0.9665494113460171,0.4814014383252428,-0.49034442208592977,0.48971197487393947,-0.6617234322515936,0.09021026722652387,0.4218332165578606,-0.33373634261237833,-0.1274391255075709,-0.4584654049049344,-0.4615876652099297,-0.06658837794373805,-0.08750391438319366,0.5416590991246201,0.6922372309391851,-0.17625665938625745,0.08839227494634545
0.15829925104334808,-0.3205772713400304,-0.4558246713158635,0.35341105753042634,0.4699472580259262,1.0,0.19966072127390092,0.5622306205419969,-0.5787472142482128,-0.19115964980546324,0.136586963132462,-0.4526442544017008,-0.010429172114006029,-0.39491110226017945,-0.0013703303671589642,0.30258113606266207,0.2964860018667168,-0.1050482157105394,0.23051498105812976,0.38420572664650016,0.31605297598686855,-0.48837421893109473,-0.46419173836336736,-0.48837421893109473,0.12152414545747668,0.46239632856016666,0.9488612863956976,0.2266856739793031,0.47651970510619446,-0.6519556658661483,-0.2581875845074117,0.00043325304254552275,-0.45515702050751355,0.014743301489020477,-0.3458990324775665,0.08273791050938882,0.2743724041399527,0.2813076811501577,-0.05888551699242912,0.1664601947670045,0.36793283223059065,0.3352705236056614,0.07923720021267563,-0.488047963338487,-0.4899498819339081,-0.0024547147607508002,0.4085082043100214,0.9179160597341732,0.21537671401521125,0.5074540362926115,-0.668967511809822,-0.22546164085256504,0.13639650641043202,-0.4548117597502813,-0.09107049437768655,-0.34839299313725863,0.07148074267073272,0.2945539495759677,0.1489405693994752,-0.06757230864575546,0.1812787070405312,0.24116213393019473,0.22582074620368336
0.6990439041958373,0.683267334389334,-0.6116781353364046,0.3035008667459787,-0.5383708176202883,0.19966072127390092,1.0,-0.21394370495695061,0.3354961443079793,-0.11770524381891395,-0.6076654735866561,0.34593202534361595,0.048940952789345044,0.284912732029493,0.6295810159380455,0.2331556799286058,0.2255156991193135,-0.5636843245923231,-0.6455129310019891,-0.5769658383484723,-0.05650841473925654,-0.5190732656561501,0.5661421247156735,-0.5190732656561501,0.14072750993110078,-0.5389508007281391,0.14205484012935005,0.9681561336692471,-0.31751195485083256,0.23894628084755146,-0.13774042058631106,-0.5249936441339529,0.34860537202098296,0.10121557891725043,0.34366763909124354,0.5924754755261981,0.2587481068724021,0.20099540667335938,-0.641476286671486,-0.5974967318694525,-0.5664202044960669,-0.019337072897713994,0.7202580332531395,0.5097652986459946,-0.6079365882296229,0.24484945121981058,-0.5601780538984922,0.12016858431076284,0.9213928892860894,-0.3344194906898222,0.2375034593372818,-0.16917525719763932,-0.6641034552447923,0.37861986302460526,0.023773801783433725,0.3017965730782676,0.585201082049907,0.20989553888637963,0.13511631054281378,-0.6488339467254756,-0.6937237892024117,0.04239285304153054,-0.07651154678894613
-0.08676956955783392,-0.2851248086599709,-0.100294326323198,0.16819973795600096,0.46183700225636887,0.5622306205419969,-0.21394370495695061,1.0,-0.3232702883867398,0.08634844803653727,0.4280365777200381,-0.32547679328267176,-0.03990475911845138,-0.3608356391157251,-0.12302423683213096,0.010623428810207631,0.004569689547144931,-0.04694970388843156,0.40958775647648826,0.5361624736544179,0.04241708967278542,-0.1028243255417008,-0.29367339794572406,-0.1028243255417008,0.15457445859277658,0.4061740510083758,0.5103758987620804,-0.2029558052875473,0.8584374610696817,-0.34578989002847366,0.044437911493645635,0.39983595964898266,-0.3659589070226443,-0.11117589399680096,-0.364534751569789,-0.10051087229005849,0.013251725384290598,0.026974626217872995,0.02441242722186239,0.40056407600267846,0.6025623615548111,0.03687025964834552,-0.07039872747729331,-0.34820891599835563,-0.044185757360098464,-0.24497393302980872,0.38062043153213126,0.4474351894098565,-0.1996310688319298,0.8276080749452618,-0.3178831258852592,0.09336222877023623,0.3635733452587796,-0.2953853422299359,-0.15310554139417235,-0.2502711822941939,-0.15611580271851982,0.026317151112184422,-0.08485346050064266,0.032504926202065215,0.3160863554128005,0.3093979812365898,-0.10804988632049718
0.20349147156925512,0.7574419806156114,-0.04523984065718866,-0.05550224502357713,-0.6658358304384855,-0.5787472142482128,0.3354961443079793,-0.3232702883867398,1.0,0.4461278127660579,-0.16741293372368804,0.6261106048030063,-0.26859937482742113,0.5828062164142523,0.45660372464608895,-0.1893455896226964,-0.23094242994457417,-0.448516786194842,-0.38221234490597367,-0.5038464643177657,-0.2200283624857116,0.006001902236283976,0.7158050969443578,0.006001902236283976,-0.042034173957222316,-0.703366504657742,-0.6083529527745976,0.2601365815058358,-0.3968587972639336,0.9466501528400065,0.49186185983863945,-0.05380218538464253,0.5922780632913996,-0.3139628765302498,0.49716141047826856,0.3552028729668404,-0.16352871005169756,-0.24708414777480284,-0.4859708143149763,-0.29986790184199935,-0.4207511700019404,-0.22064847604980403,0.37513392066031526,0.6730313534334541,-0.009418605972372046,0.002612488153124641,-0.6751103624249919,-0.6472027452969725,0.2201054972455382,-0.4635723003901564,0.9348928683170278,0.41438446595853756,-0.3562054495322816,0.585727247976474,-0.2940629800126256,0.4859360027248313,0.30256434313035213,-0.2488133593475939,-0.16754552807176626,-0.5262216689303195,-0.47806949912307367,-0.07309002207054736,-0.28412937162861585
-0.4555714012811566,0.3245092684860536,0.07460648710238818,-0.13576627637187155,0.07846853089675185,-0.19115964980546324,-0.11770524381891395,0.08634844803653727,0.4461278127660579,1.0,0.13117650943807962,0.5689892544867243,-0.6793369335621451,0.3284977567523585,0.14200871838414442,-0.6458953159638097,-0.36912413951172485,-0.4340478031188788,-0.013838037560656234,-0.245498012301092,-0.3787311784844399,0.13191035008886248,0.2398375365688295,0.13191035008886248,-0.22377758137035209,0.02787988602454586,-0.22906601001405813,-0.19506591130575376,-0.01052040749383395,0.42227915178365083,0.910805741798445,0.19143001707628274,0.43782202014349586,-0.7509833765825765,0.2375040469849528,0.09683648739109202,-0.5447929226054662,-0.34535830645257504,-0.3332516744890056,0.0883058867765909,-0.1663448619218568,-0.3903731224786519,-0.1888410189017135,0.2036281485867626,0.15503021547621568,-0.34212018474338896,0.012084714035284,-0.30819852494366656,-0.2218721293225803,-0.15595922500014373,0.3597803268598323,0.9575016245343255,-0.10527657954896488,0.4842192737515133,-0.6781224171373681,0.27327785024583773,0.09784946252539561,-0.5948614543980519,-0.3273318133085561,-0.25496429301763396,-0.06431082926982902,-0.2959741274329846,-0.455979348296858
-0.3697206722760529,-0.42301770359334356,0.10141855613855204,-0.0017102448909140663,0.46046309663126256,0.136586963132462,-0.6076654735866561,0.4280365777200381,-0.16741293372368804,0.13117650943807962,1.0,-0.1734494933121258,0.13116157867282657,-0.24169221518596207,-0.10728127821900876,0.15502261219556385,0.17462238848960215,0.33661497276289576,0.4497094386640231,0.5510456465736794,0.12945491544031953,0.04362465140307888,-0.41268584349544046,0.04362465140307888,-0.1133168822246663,0.44743773147736043,0.10650559631116599,-0.5946049003235294,0.40585762955406457,-0.16126888097617187,0.1334820865588518,0.8355316976376582,-0.12842305838533838,-0.03658764210092172,-0.2844987435521928,-0.11610314036645336,0.13577761846149253,0.18504788618015855,0.3537250228651439,0.41263884178525206,0.5817094951761363,0.056735924175285446,-0.3661064643383438,-0.3741240557291876,0.20526135332979784,-0.30663486401498824,0.4740723680754867,0.040819344914908205,-0.4135762008460307,0.3230070292254423,-0.20171551921631903,0.06534084689585956,0.8993148526825361,-0.28229765209534335,0.04928283042737805,-0.3965153841224533,-0.24577793082626356,-0.010356043375550508,0.10620406917337424,0.3157041696624229,0.3924071853115722,0.32000769943969454,-0.04731601834357217
0.08347769210388234,0.6775339704164564,-0.08021213226555213,-0.013701922381843916,-0.32221281501284216,-0.4526442544017008,0.34593202534361595,-0.32547679328267176,0.6261106048030063,0.5689892544867243,-0.1734494933121258,1.0,-0.3214445890136029,0.2669707485407453,0.5755738004748188,-0.5164983433205872,0.005994124683750258,-0.5495894770504658,-0.5478202846721547,-0.7343998831454688,-0.3991613349211967,0.01516023925943986,0.6302080549361849,0.01516023925943986,-0.1058159297758242,-0.34077090885761724,-0.4493440688053313,0.29144569450546176,-0.34997545413892756,0.6178636127293458,0.5140929107075976,-0.10464201198445341,0.8824698358024367,-0.4057661627408614,0.22064399499885196,0.49268288341756017,-0.40974719431396206,-0.00037834846909800407,-0.5252965651833458,-0.4729883454891832,-0.6275599570505105,-0.4168937661456145,0.22966432530566325,0.6177395950792943,0.052649700816107065,-0.06404368664785055,-0.3157925793800814,-0.5303447074880209,0.26164614139171005,-0.5104578771414139,0.5855062532631679,0.5345859780123845,-0.31291175516827663,0.9578623004868011,-0.26199049520947787,0.21156580033608532,0.4286059194030445,-0.44063216725196214,-0.011077887779148159,-0.4820685244521478,-0.5971464189794741,-0.2792816677156898,-0.4300262842136218
0.23991418074346763,-0.045442005657953956,0.06607697288482048,0.22161803773767272,-0.04766759609524708,-0.010429172114006029,0.048940952789345044,-0.03990475911845138,-0.26859937482742113,-0.6793369335621451,0.13116157867282657,-0.3214445890136029,1.0,-0.00019719050101080308,-0.04774770529468148,0.6280029552036335,0.24128845415747796,0.5246631647885228,0.03010431605971664,0.2374947941458775,0.351174325153564,0.07042921924779816,0.06582340149670768,0.07042921924779816,0.2883512178552377,-0.0026274687104133,-0.016138376964612303,0.060987459635413424,0.03688715823608597,-0.2751547744589051,-0.5845393042850189,0.08553413657815621,-0.15912864577926578,0.9574351074981781,0.057265670904316654,-0.0658681753072649,0.5674953953075761,0.22962713938251839,0.3830744222419955,0.006951483445851398,0.1463428155818113,0.2843765199893211,0.17132823394798152,0.1319800351880324,0.10841041568840817,0.3456036830916385,0.013354900273003921,-0.02491334637401469,0.23847560438951163,0.04437551523834897,-0.2627662485097691,-0.6947474851887698,0.17810114647361447,-0.30002107578596926,0.9154911988939476,-0.11096637392219091,-0.15226726446857483,0.4292339910409396,0.17640433273450526,0.28955094130458686,0.02341227417967399,0.378750024705048,0.31361345348782366
-0.12241701562544786,0.5884897826764236,0.12150440530888845,-0.24490758267011295,-0.42770050259454057,-0.39491110226017945,0.284912732029493,-0.3608356391157251,0.5828062164142523,0.3284977567523585,-0.24169221518596207,0.2669707485407453,-0.00019719050101080308,1.0,0.1876366755892859,0.13421121562895785,-0.3587424431617916,-0.05871092496205189,-0.18165692470205239,-0.4212510512831513,-0.1438991713394551,0.2123922994283365,0.5675097601309192,0.2123922994283365,-0.23033011539999043,-0.3978280896341515,-0.4049137072605676,0.2345666201745639,-0.5091929767501169,0.5638272101990597,0.4038158934703912,-0.08340132935110234,0.2954598288717495,0.05175837358564585,0.9142078130472305,0.17224094155055789,0.12662244026250657,-0.32410678651116676,-0.10384298825847679,-0.06941025177274257,-0.4427734170244284,-0.09069274127521786,0.19460525820281857,0.5888041485878449,0.10800990087606172,-0.07216977226490941,-0.39619896764482526,-0.3949341861737278,0.25118115397134866,-0.5474729568712138,0.5149340842563035,0.3183105657475259,-0.39284306881289777,0.24816898413415375,-0.01540394951390541,0.8463516734540398,0.03645040943402692,0.015907112779445152,-0.23812838461865118,-0.1367463093308005,-0.19262193839775393,-0.2597504139953534,-0.1409416491968421
0.6396308276317841,0.6109759214118978,-0.4599359695090718,0.2729005123054673,-0.4306536239736893,-0.0013703303671589642,0.6295810159380455,-0.12302423683213096,0.45660372464608895,0.14200871838414442,-0.10728127821900876,0.5755738004748188,-0.04774770529468148,0.1876366755892859,1.0,0.014216316886007314,0.3205647406987211,-0.5992720842991082,-0.5188668219026036,-0.4672574975512991,-0.14463211425595082,-0.40970732723523384,0.5413207260121008,-0.40970732723523384,0.024376009756091225,-0.44168545757620636,-0.037844080888185715,0.5958975734107547,-0.28361154643293834,0.42679807817326565,0.02244218954226171,-0.1307757643929957,0.48384494143256623,-0.08208261276193883,0.22124728010343764,0.9384512385221043,0.06689197712269007,0.25851392600137685,-0.6638720926344923,-0.5518678794587283,-0.4037653376539949,-0.15810046251866713,0.6441321783066324,0.5281570437738177,-0.38991525687633216,0.08027981370683236,-0.45965963511471336,-0.11001282354281731,0.5654165227686123,-0.32790899840697457,0.34503147541179596,0.027641389442704688,-0.21335707751450161,0.5324164727462204,-0.08931213672260749,0.2013882065791342,0.7843782316295642,0.03960389907297446,0.16525026482840952,-0.6572555881555865,-0.6878169153314448,-0.03911742104114602,-0.31119698199041324
0.22657272541375773,-0.09570406826880419,-0.23640672844566576,0.1354761951773573,-0.05796499477523517,0.30258113606266207,0.2331556799286058,0.010623428810207631,-0.1893455896226964,-0.6458953159638097,0.15502261219556385,-0.5164983433205872,0.6280029552036335,0.13421121562895785,0.014216316886007314,1.0,0.22819786254006924,0.40655317364057636,0.07176092780431745,0.161548147978459,0.33283590906276694,-0.24911140365111653,-0.12878966366859035,-0.24911140365111653,0.06243818335452917,-0.0316468900709986,0.2578607455260558,0.27264234577869984,-0.07828506715962699,-0.22639055944155628,-0.5225000040768263,0.12169355629199236,-0.28515921403382194,0.6441112860372683,0.18544365102820434,0.00982721985832474,0.9329012973119679,0.220214941652899,0.26480482172866643,0.05350934377916916,0.04479620434359825,0.35037053782199173,0.11779562812752357,-0.10561599891466296,-0.3020067970966372,0.15629902425065226,-0.03349774510934257,0.2724869069856095,0.36757938965490317,-0.0355036644510152,-0.23037760665566567,-0.6623658177722355,0.1582446642464828,-0.45968028113023324,0.5413089929976453,0.04348094974001405,-0.06177773952370934,0.8028376493525614,0.165413926826991,0.16438541454307745,0.05451864560991326,0.30538012473049486,0.27287632338456574
0.47127189581547485,-0.12138522925686408,-0.36897630389740915,0.12765978472534184,-0.00501447654235063,0.2964860018667168,0.2255156991193135,0.004569689547144931,-0.23094242994457417,-0.36912413951172485,0.17462238848960215,0.005994124683750258,0.24128845415747796,-0.3587424431617916,0.3205647406987211,0.22819786254006924,1.0,-0.11781409838869554,-0.21864147964115926,0.08848603597549326,0.19597921924820477,-0.3716500251186342,-0.08265614425961558,-0.3716500251186342,0.061896876005841824,0.04265582310713191,0.32251060936986303,0.28283253698422395,0.057067216437819854,-0.19240441763211508,-0.37536122313838355,0.16554538645573877,0.008229864670237811,0.19453117781249674,-0.30009807360725904,0.3612092552272846,0.2025796701096686,0.9740554762934106,-0.1731481280638632,-0.2935715444689671,0.11397817147616741,0.17241784632819984,0.3403548219708331,-0.014374013795984629,-0.25145374373748997,0.18833418720618364,0.03635255683033134,0.34796289189751634,0.3362137024401935,0.13982007916841013,-0.25281751126789587,-0.4492658855398143,0.2720810200710827,-0.007587443038992739,0.27221290993029307,-0.38761412138852397,0.2920498323785644,0.17508611076225583,0.9296955019611011,-0.1729074424159539,-0.20181148557130144,0.23100626803685356,0.17295979201710565
-0.45100496439592963,-0.5305503750014443,0.6458040927126979,-0.22876199262381336,0.4315267377731403,-0.1050482157105394,-0.5636843245923231,-0.04694970388843156,-0.448516786194842,-0.4340478031188788,0.33661497276289576,-0.5495894770504658,0.5246631647885228,-0.05871092496205189,-0.5992720842991082,0.40655317364057636,-0.11781409838869554,1.0,0.623554293509006,0.5043007999357144,0.28039089846413423,0.5897617686546186,-0.41736567967470106,0.5897617686546186,-0.07759904653977796,0.481784560989974,-0.04992704166995604,-0.5131446067975579,0.09082314365704275,-0.3790767387376732,-0.2475566965862576,0.24900748071625678,-0.3414282642378615,0.559711154242938,0.0025309837845216314,-0.5565416434531387,0.36402990399739193,-0.0686211340484327,0.9531703673955829,0.5883684759683954,0.3566164304316584,0.2526742414595842,-0.5818612607031515,-0.3709603253608239,0.5902749860718433,0.037349099781397194,0.5275346742406536,0.029753542567409568,-0.42249517104766054,0.13599937284187238,-0.3723713504999266,-0.36955162767161776,0.424993715605827,-0.5394083507256506,0.49710718443753893,-0.18716363472296682,-0.5793850397439354,0.22190650992519292,-0.049841793210435685,0.8739804013724006,0.6632569868949347,-0.03950214389850246,0.34530449374828215
-0.5049747267855799,-0.4941699737933722,0.6483308757906792,-0.08711844770083627,0.7303465179764,0.23051498105812976,-0.6455129310019891,0.40958775647648826,-0.38221234490597367,-0.013838037560656234,0.4497094386640231,-0.5478202846721547,0.03010431605971664,-0.18165692470205239,-0.5188668219026036,0.07176092780431745,-0.21864147964115926,0.623554293509006,1.0,0.6941931961241069,0.34810899664157513,0.5310702584002471,-0.4401536517201327,0.5310702584002471,0.018750685067000613,0.7205506391663058,0.29916842065873456,-0.6084662301876799,0.46061704004535003,-0.35414085364891174,0.02734145246558698,0.33409509086812594,-0.5112761441944242,0.061791273126185015,-0.19646501849905268,-0.43077997089739134,0.013621684773024348,-0.1713345962657968,0.7173727301561299,0.9512429124090693,0.6427302493834284,0.3292347500922101,-0.6044988076502984,-0.4265522167528102,0.5377668067919262,-0.05049081330615114,0.7389472894003212,0.35687180510949157,-0.6364505970430672,0.5769598654621918,-0.3379768483469533,0.05046101187685161,0.41580132161961786,-0.5627954269742332,-0.034710142539284915,-0.19353855676661308,-0.5286983795672768,-0.003551049080953115,-0.2030296288537107,0.6791431670479753,0.9312633262448521,-0.14900482489466613,0.2732341609438585
-0.16385563140605164,-0.6772135885927554,0.24652694741181644,0.08964845108541902,0.5067107209923652,0.38420572664650016,-0.5769658383484723,0.5361624736544179,-0.5038464643177657,-0.245498012301092,0.5510456465736794,-0.7343998831454688,0.2374947941458775,-0.4212510512831513,-0.4672574975512991,0.161548147978459,0.08848603597549326,0.5043007999357144,0.6941931961241069,1.0,0.4442605277793525,0.1590494679272289,-0.5987911646990967,0.1590494679272289,0.17987436245988037,0.5318220713190649,0.41631987744368726,-0.5397324440358139,0.6402652319143518,-0.4924422696905947,-0.18942739958981478,0.45807827796317785,-0.6337155395456737,0.23793479723103841,-0.3255051358385878,-0.34646778422266594,0.14770977203809194,0.0970210378205061,0.5181350552223211,0.6375266455191243,0.9575755658767107,0.4075191505509001,-0.2787805149534927,-0.5985432675304253,0.2628349030228396,0.008598960977132059,0.5247053396173715,0.4102849744761969,-0.47114538967776515,0.6965357078194957,-0.47930936951045566,-0.24753070654444345,0.6000565593202832,-0.7761279527970127,0.14610984586240192,-0.4436848343369119,-0.41386911197815407,0.020062625862768982,0.0744545124563668,0.4613542487148302,0.6730343445196671,0.4013055678727102,0.38939472256902025
0.1592270521906284,-0.206512681219413,0.005096833006941677,0.3847460995816515,0.17546312213861784,0.31605297598686855,-0.05650841473925654,0.04241708967278542,-0.2200283624857116,-0.3787311784844399,0.12945491544031953,-0.3991613349211967,0.351174325153564,-0.1438991713394551,-0.14463211425595082,0.33283590906276694,0.19597921924820477,0.28039089846413423,0.34810899664157513,0.4442605277793525,1.0,-0.11042094185573077,-0.15484790869044293,-0.11042094185573077,0.47719953027838424,0.23317937048461893,0.4243897508021378,-0.039729906532204075,0.23591757148766937,-0.17887859790092064,-0.27475783755399624,0.17397109843472292,-0.36692929215210196,0.36579613725191956,-0.12564529919012063,-0.03566683784784774,0.26630057677593266,0.15350061535856227,0.34689912631815395,0.30379858964296386,0.4699532348592741,0.9693963921075606,0.11897231340747033,-0.12241361105384713,-0.04043830805598463,0.48639876985934594,0.22376303093894812,0.34984022614826754,0.016221421743907727,0.2996565092657201,-0.23167186388330363,-0.3408175475773267,0.1411531960162713,-0.37433867682223154,0.28143284422663944,-0.12998346842661002,-0.24784843433740814,0.3746824576741873,0.20622438008988156,0.3231131834553685,0.27988445668425505,0.36003563207809014,0.9094455912342889
-0.552864610335022,-0.0878037319761017,0.9555291699736026,-0.40917188436461244,0.30476357904919216,-0.48837421893109473,-0.5190732656561501,-0.1028243255417008,0.006001902236283976,0.13191035008886248,0.04362465140307888,0.01516023925943986,0.07042921924779816,0.2123922994283365,-0.40970732723523384,-0.24911140365111653,-0.3716500251186342,0.5897617686546186,0.5310702584002471,0.1590494679272289,-0.11042094185573077,1.0,0.04884641331988779,1.0,-0.16093247958519633,0.3040594758365794,-0.36891130490232266,-0.4973669347436743,0.024279348283059603,0.09444275624494243,0.27153239189441375,0.06901466254003501,0.0966331262524654,0.13530821401465432,0.2300025110477028,-0.35695413510679475,-0.21906073994588268,-0.28187297116192667,0.6108158052959366,0.5685494688160757,0.07575951165425354,-0.09571218194895212,-0.548259893401517,0.1053295867948174,0.9548321214675041,-0.04024834535226602,0.36634421987224103,-0.2913054666600207,-0.574486479878294,0.05086945283038886,0.10513751337318251,0.2300624257895686,0.05903733594747547,0.022165460204671493,0.12123336641606258,0.10947963964850384,-0.4237372973560545,-0.3735678528824176,-0.2325023618257286,0.5530998748996095,0.5338459379128366,-0.5296044075779697,-0.012389904507569284
0.38121419002841733,0.9217306026837485,-0.05610222346179895,0.16840059733034435,-0.600479697643378,-0.46419173836336736,0.5661421247156735,-0.29367339794572406,0.7158050969443578,0.2398375365688295,-0.41268584349544046,0.6302080549361849,0.06582340149670768,0.5675097601309192,0.5413207260121008,-0.12878966366859035,-0.08265614425961558,-0.41736567967470106,-0.4401536517201327,-0.5987911646990967,-0.15484790869044293,0.04884641331988779,1.0,0.048846413319887684,0.25067528738190803,-0.6033840557896417,-0.4583352387312154,0.5213597336751467,-0.3125527519532355,0.6730742115304351,0.19550147540985405,-0.25098702346164176,0.6043857288598405,0.0553836636828066,0.5723116463300255,0.445203764554382,-0.06849010139635707,-0.056897110060251936,-0.45206356299785005,-0.32658510395767026,-0.5264940565526317,-0.13651309142409895,0.5755701359844064,0.9428130434915876,0.017289038251519496,0.302336178327542,-0.5856875869976416,-0.4755917926455133,0.5001531918809683,-0.3462813877179191,0.6731076591524969,0.2095031935640134,-0.5272222111432875,0.6385010299797368,0.06341268284324839,0.5772852993938236,0.3675722077956358,-0.14016015307030033,-0.08362147838700802,-0.4519135778416838,-0.5146129658422419,-0.16306619063026456,-0.21886125893460312
-0.552864610335022,-0.0878037319761017,0.9555291699736026,-0.40917188436461244,0.30476357904919216,-0.48837421893109473,-0.5190732656561501,-0.1028243255417008,0.006001902236283976,0.13191035008886248,0.04362465140307888,0.01516023925943986,0.07042921924779816,0.2123922994283365,-0.40970732723523384,-0.24911140365111653,-0.3716500251186342,0.5897617686546186,0.5310702584002471,0.1590494679272289,-0.11042094185573077,1.0,0.048846413319887684,1.0,-0.16093247958519633,0.3040594758365794,-0.36891130490232266,-0.4973669347436743,0.024279348283059603,0.09444275624494243,0.27153239189441375,0.06901466254003501,0.0966331262524654,0.13530821401465432,0.2300025110477028,-0.35695413510679475,-0.21906073994588268,-0.28187297116192667,0.6108158052959366,0.5685494688160757,0.07575951165425354,-0.09571218194895212,-0.548259893401517,0.1053295867948174,0.9548321214675041,-0.04024834535226602,0.36634421987224103,-0.2913054666600207,-0.574486479878294,0.05086945283038886,0.10513751337318251,0.2300624257895686,0.05903733594747547,0.022165460204671493,0.12123336641606258,0.10947963964850384,-0.4237372973560545,-0.3735678528824176,-0.2325023618257286,0.5530998748996095,0.5338459379128366,-0.5296044075779697,-0.012389904507569284
0.33389459582223086,0.18428083348207044,-0.10350682724929439,0.8511931146804107,-0.0035314027376969147,0.12152414545747668,0.14072750993110078,0.15457445859277658,-0.042034173957222316,-0.22377758137035209,-0.1133168822246663,-0.1058159297758242,0.2883512178552377,-0.23033011539999043,0.024376009756091225,0.06243818335452917,0.061896876005841824,-0.07759904653977796,0.018750685067000613,0.17987436245988037,0.47719953027838424,-0.16093247958519633,0.25067528738190803,-0.16093247958519633,1.0,-0.02765037964422933,0.17790638714468826,0.12332448558008369,0.3809180410416158,-0.15192294220898633,-0.25819136067860526,-0.08798488654398975,0.0012942413115080648,0.2662417572593529,-0.051342047830763654,0.029071746637950018,0.15984467115648673,0.005511549057229669,-0.09470539949170745,0.06464573402206278,0.23588781700591996,0.44044349759760143,0.2943284209884061,0.10410884283831558,-0.11825283194476205,0.8381586758546746,-0.04620286810931511,0.06793679745313198,0.16393403099527196,0.3218950904060744,-0.059119470900217685,-0.247586048449131,-0.12569708424766765,-0.03989992993747369,0.15838412516272907,-0.019580564863607878,-0.185398432397593,0.18425936544611177,-0.09532542211753643,-0.11750973712779204,-0.12334711703749353,0.34433390517126977,0.30002831148795056
-0.5486789868407641,-0.6265000831817543,0.37105218373127924,-0.02504738907516685,0.9709314793359448,0.46239632856016666,-0.5389508007281391,0.4061740510083758,-0.703366504657742,0.02787988602454586,0.44743773147736043,-0.34077090885761724,-0.0026274687104133,-0.3978280896341515,-0.44168545757620636,-0.0316468900709986,0.04265582310713191,0.481784560989974,0.7205506391663058,0.5318220713190649,0.23317937048461893,0.3040594758365794,-0.6033840557896417,0.3040594758365794,-0.02765037964422933,1.0,0.5337673174946905,-0.4918919754036955,0.47691537288047064,-0.6783357548000425,0.008495036863717725,0.3210454550624537,-0.2996890526879951,-0.003920543001278146,-0.3435477501393495,-0.3446528632365881,0.02442106084312142,0.07193720178805649,0.5890618119838493,0.6614476630231854,0.4796161437712009,0.21549470021443454,-0.6171968371877636,-0.6185150540027613,0.3534516029767088,-0.13334018706724493,0.9908277251749191,0.5065628639827113,-0.4546258113035258,0.46777651282017263,-0.657949171580534,0.05918164435163341,0.4571280217608416,-0.34280372679153875,-0.04385815247216203,-0.4037286646826167,-0.4313805858003358,0.004133919867588013,-0.014246258750035707,0.617550441122656,0.7131526174878888,-0.14745540353494985,0.18442864633417314
0.1367490590307655,-0.35308127480656537,-0.3299996094495441,0.3317006227582479,0.532150438753999,0.9488612863956976,0.14205484012935005,0.5103758987620804,-0.6083529527745976,-0.22906601001405813,0.10650559631116599,-0.4493440688053313,-0.016138376964612303,-0.4049137072605676,-0.037844080888185715,0.2578607455260558,0.32251060936986303,-0.04992704166995604,0.29916842065873456,0.41631987744368726,0.4243897508021378,-0.36891130490232266,-0.4583352387312154,-0.36891130490232266,0.17790638714468826,0.5337673174946905,1.0,0.190960856292891,0.5204424306464673,-0.6451301501965813,-0.2721285976791177,0.01194082225815536,-0.4234990010775785,0.04178907005430157,-0.3365186082084829,0.1008093426895724,0.24644087116067734,0.32044061364416415,0.012836487867858785,0.22858907156277736,0.4118460842420226,0.4650365809277063,0.05008056559384548,-0.4820210551734135,-0.37797360996006524,0.0643334409542518,0.4870186029184098,0.9380747247893051,0.14878455490326,0.5530959173501147,-0.6735569342140825,-0.23572012784615454,0.12211066630116348,-0.42436008394669017,-0.05757286086918752,-0.3437433555158287,0.0282130083903028,0.2907993830153279,0.2008913988970196,0.01080146286890509,0.25932434977239316,0.18610272252403004,0.3635361675975403
0.6958561585486664,0.5934844363356364,-0.6063975715727974,0.22804404486520416,-0.5266638777741115,0.2266856739793031,0.9681561336692471,-0.2029558052875473,0.2601365815058358,-0.19506591130575376,-0.5946049003235294,0.29144569450546176,0.060987459635413424,0.2345666201745639,0.5958975734107547,0.27264234577869984,0.28283253698422395,-0.5131446067975579,-0.6084662301876799,-0.5397324440358139,-0.039729906532204075,-0.4973669347436743,0.5213597336751467,-0.4973669347436743,0.12332448558008369,-0.4918919754036955,0.190960856292891,1.0,-0.2832131188540168,0.18865834873136822,-0.20524586019800994,-0.4640139942789275,0.309740561920118,0.1476578200481631,0.32182227830627175,0.6115335157622956,0.30602134853005286,0.2901929386511433,-0.5782548364191377,-0.5511392074542496,-0.5190701958499484,0.030084880281839383,0.6942680622409355,0.4771111993930714,-0.59935961123005,0.22988613591499724,-0.5102068959865892,0.20391090275919133,0.9176827681249079,-0.26543109083659594,0.2199238116261258,-0.2004535197234973,-0.589167339238554,0.356143723966691,0.09870085370885,0.31515000909323704,0.6047081328600729,0.31397507707172195,0.2106311030648731,-0.5717828050162351,-0.6282647472376817,0.03833682052420096,-0.019131893356199303
-0.09852316606933477,-0.3706180524471742,0.03510027413642792,0.2615780217832254,0.5132026947001562,0.47651970510619446,-0.31751195485083256,0.8584374610696817,-0.3968587972639336,-0.01052040749383395,0.40585762955406457,-0.34997545413892756,0.03688715823608597,-0.5091929767501169,-0.28361154643293834,-0.07828506715962699,0.057067216437819854,0.09082314365704275,0.46061704004535003,0.6402652319143518,0.23591757148766937,0.024279348283059603,-0.3125527519532355,0.024279348283059603,0.3809180410416158,0.47691537288047064,0.5204424306464673,-0.2832131188540168,1.0,-0.3862443596436011,0.016845041428753097,0.44775405193067,-0.2736960532561385,-0.011477182238806713,-0.42643605866296413,-0.2212913514549517,-0.030286680404573756,0.09701259269803555,0.16977426675088678,0.4580779561646472,0.7200210831589582,0.24438499533729166,-0.10393239927494881,-0.37800740610387606,0.10519407147246829,-0.014412974744035238,0.470462821667276,0.44005013476738986,-0.2476973009111702,0.9025559483693126,-0.3447133431118218,0.010983632148941363,0.39167447878825323,-0.2999666525743078,-0.019768035649665276,-0.40071482749805565,-0.24851326649878777,-0.05844153575674603,0.01312553621554165,0.17837429926251921,0.3886639992468152,0.3712563697630003,0.1543247643314729
0.15988512707625432,0.6704283909510783,0.04338960565011695,-0.21901118596451266,-0.6642453755077764,-0.6519556658661483,0.23894628084755146,-0.34578989002847366,0.9466501528400065,0.42227915178365083,-0.16126888097617187,0.6178636127293458,-0.2751547744589051,0.5638272101990597,0.42679807817326565,-0.22639055944155628,-0.19240441763211508,-0.3790767387376732,-0.35414085364891174,-0.4924422696905947,-0.17887859790092064,0.09444275624494243,0.6730742115304351,0.09444275624494243,-0.15192294220898633,-0.6783357548000425,-0.6451301501965813,0.18865834873136822,-0.3862443596436011,1.0,0.5019897385684583,0.02950668499693278,0.569086247003621,-0.30993624990095264,0.46263992012697147,0.34270584919641317,-0.21693260269718234,-0.18825510193301442,-0.3955507225686771,-0.28969333020337434,-0.3988044660950949,-0.1661631508993705,0.32570527456918347,0.6725960378159381,0.09547510028945873,-0.08933259879777199,-0.6476680075939281,-0.6678444593956925,0.12938892993382778,-0.43694082899429976,0.921886966809659,0.4194993131750041,-0.3008935089644727,0.6003615138277162,-0.24472757390050084,0.47965664344482084,0.30140943832257766,-0.2446865112550696,-0.05303682324042438,-0.41059390575333293,-0.4282449835146976,-0.12986730770467925,-0.19129889814424378
-0.5277233183332718,0.28021778162884575,0.18484473337917814,-0.23364145570246364,0.051036274566084956,-0.2581875845074117,-0.13774042058631106,0.044437911493645635,0.49186185983863945,0.910805741798445,0.1334820865588518,0.5140929107075976,-0.5845393042850189,0.4038158934703912,0.02244218954226171,-0.5225000040768263,-0.37536122313838355,-0.2475566965862576,0.02734145246558698,-0.18942739958981478,-0.27475783755399624,0.27153239189441375,0.19550147540985405,0.27153239189441375,-0.25819136067860526,0.008495036863717725,-0.2721285976791177,-0.20524586019800994,0.016845041428753097,0.5019897385684583,1.0,0.27326785662383013,0.4908880125273409,-0.6372845710220607,0.33335767969857083,-0.002405135157123503,-0.42497973084540513,-0.3337002864489771,-0.17209534724177733,0.14020633873843055,-0.14254118151799508,-0.27780839945612956,-0.271912853396915,0.18868509231272146,0.2846659185213978,-0.3463770432724929,0.01488478463603965,-0.35555877361941246,-0.23180709679298397,-0.1725706434976744,0.4294415743708906,0.9036253461912606,-0.10353148431170706,0.4603946735845314,-0.5748954813058683,0.26523209856824803,-0.010904998457284395,-0.5465359646054772,-0.25660986089545357,-0.13227190799868999,-0.029535994792610532,-0.260014295250699,-0.30100021755800643
