Fp1,Fz,F3,F7,FT9,FC5,FC1,C3,T7,TP9,CP5,CP1,Pz,P3,P7,O1,Oz,P8,TP10,CP6,CP2,C4,T8,FT10,FC6,FC2,F4,F8,Fp2,AF7,AF3,AFz,F1,F5,FT7,FC3,FCz,C1,C5,TP7,CP3,P1,P5,PO7,PO3,POz,PO4,PO8,P6,P2,CPz,CP4,TP8,FC4,FT8,F6,F2,AF4,AF8,O2,P4,C6,C2
1.0,0.28631425580247466,-0.6995903074954241,0.7458324045431992,-0.49290109270074306,0.33326320181823393,0.740389806609706,-0.18031866653132625,0.22022334995218276,-0.29743460415397455,0.09389520127084257,0.2034801808778547,0.39940748098421214,-0.24624175865105816,0.3097107344976099,0.587254937687506,-0.5261057915989112,-0.5661144659004628,-0.7181196963426288,-0.43400159783784237,-0.42931932006923856,-0.6638762415556388,-0.0424355692128888,-0.6638762415556388,0.46748206090728095,-0.46700476592723167,0.2558679503867687,0.7903571735757114,-0.1267018472805555,0.4098336050907881,-0.3301849153621903,0.11334519920247087,0.19221422846860808,0.5135867648439996,-0.33456236714518717,0.3356916645803156,0.6124051033228346,-0.47330347371331516,-0.49763918152041653,-0.8078562548814562,0.08946702863311409,-0.34671545740918663,0.8510933638565236,-0.02627880663777636,-0.4328328190591557,0.508498686949971,-0.23505418667602526,0.22948871350503106,0.802714735610418,-0.18161140613226007,0.30407887157818025,-0.40904948525102386,0.3258055675889151,0.10258032285806634,0.6055262519472667,-0.31331240651258035,0.3773776560713506,0.19422617803621406,-0.5358955382437199,-0.49553922672317363,-0.8166093544801627,-0.12926478932919044,-0.32904201350906365
0.28631425580247466,1.0,-0.1058378890844066,0.31912609091261696,-0.7700762150644304,-0.5005680925466207,0.462096979905939,-0.5978956836956978,0.7862467919172801,0.33304008837809884,-0.5136133640493762,0.6810052112707268,-0.30066585057162415,0.5733981695814029,0.08609248136184006,0.0016837438348944228,-0.1114590672597593,-0.6432483725025221,-0.02412327939100948,-0.7088080006969774,0.2667598537586731,0.035563929205059665,0.35721490483664875,0.035563929205059665,0.38046031551871534,-0.8840831112228162,-0.4687395333678896,0.3029454750774972,-0.5922488865713842,0.7204694693314577,0.3013588261410397,-0.6530494905586505,0.5781958607434587,-0.3364853703628511,0.4707152074619059,-0.2699047695268422,0.049714750248308966,-0.5245338641981353,-0.7080401391636753,-0.13533931080825817,-0.3943507931154513,0.2610022185344046,0.3247887936728019,0.6941227364302477,-0.6124705579469238,0.3074561615035178,-0.8452265238845081,-0.3703625260553037,0.28914416354184413,-0.6711065458608475,0.5998919644485005,0.291260666878641,-0.400102976139022,0.5348263649680867,-0.07207106723307663,0.4102034931114093,-0.16489904239991923,-0.23926904004203423,-0.4756183157593943,-0.7130141080220108,-0.12400828202564085,-0.6942317161287609,0.2579834622305035
-0.6995903074954241,-0.1058378890844066,1.0,-0.5886602969143122,0.4303325840691345,-0.46902804784767554,-0.7336498908406405,-0.10045775280253821,0.02827017650825237,0.11799832048684906,-0.059773870753792084,-0.11692891490110428,-0.47256768506514274,0.11489911345605423,-0.39005050025084415,-0.6666805712600274,0.6885819009230253,0.5612813460361838,0.5228933359239667,0.297070091725828,0.8113833667980638,0.8719676659071673,0.32554709982762337,0.8719676659071673,-0.3050193960597169,0.30479906045560196,-0.5264520215310833,-0.8445889999702321,-0.0770303985644709,-0.19692823948944654,0.05482601879978916,-0.10623309285246578,-0.10280668714714646,-0.567021858191338,0.22513842414270796,-0.2995747725723884,-0.6918614032768888,0.5672986819064859,0.37109307964217786,0.5801681660226119,-0.3023684246249917,0.6725307982149619,-0.7768609764647868,0.2120726656654093,0.48375262011429065,-0.36362933871500847,0.22335634421271974,-0.4891162588836153,-0.887302481020023,-0.04515506505583189,-0.05454808226800901,0.11067041336118252,-0.2690605681319629,-0.03420466665570695,-0.3962834061872,0.1605546616327148,-0.43213071191570745,-0.5035457491890996,0.6448901491286061,0.3820962092339075,0.5567209783665692,-0.14819876265699738,0.6299022997516093
0.7458324045431992,0.31912609091261696,-0.5886602969143122,1.0,-0.44890431285102456,0.21804205383378125,0.8397127712494403,-0.3356054524730288,0.29170178811768,-0.21870955443663637,-0.335992779167748,0.10474124410776497,0.3672472840801794,-0.20541363363433549,0.3158493067344243,0.4815813002953165,-0.5777631823814957,-0.5194977806433019,-0.6984474548814036,-0.49983913586020756,-0.2411306245894911,-0.6318811259853495,-0.01783138722566571,-0.6318811259853495,0.8104601941211024,-0.5292811155288795,0.25830738086474453,0.6361745184554549,-0.04148515743914432,0.27771824686378244,-0.1799335255802783,-0.2792449560493615,0.20138702458280155,0.3922219703925861,-0.3295185086389361,0.20343498179718753,0.42454757763035156,-0.5661244903017548,-0.42694899159143035,-0.6988311376626873,-0.05505576698680901,-0.19648686032141674,0.5427071072094604,0.05359302997316048,-0.5697883809974815,0.7726250611940166,-0.3401186386707064,0.28422044362402005,0.6954184006336568,-0.1870578684559169,0.31701473210324055,-0.24538884869618618,-0.13744577857885745,0.12150886322175629,0.41669855418258317,-0.2749484977330316,0.25286583852895156,0.22964547739228836,-0.4933532416953333,-0.43581245453722367,-0.6645802083344509,-0.3903873327077607,-0.17882570249920027
-0.49290109270074306,-0.7700762150644304,0.4303325840691345,-0.44890431285102456,1.0,0.4029684950614371,-0.6192928675493365,0.6595059102218812,-0.6934611360848435,0.003220247748623007,0.5348639839787329,-0.5827995638337308,0.09790129309721846,-0.48774542025397133,-0.024766192115780728,-0.26895663868387976,0.5291121263148472,0.6438545850174754,0.39112960891132015,0.7782963166928376,0.003282498348018489,0.21760460526909312,-0.3281466414593795,0.21760460526909312,-0.5222290919631076,0.877401748662784,0.2652068620419135,-0.5426951325334872,0.3766186581886203,-0.7098910623206223,-0.040286336543315676,0.49767224343252303,-0.5869293573763602,0.08528617603894585,-0.35430832473591817,0.2666879432055165,-0.24597951996169423,0.753656313051074,0.6338703196504973,0.5009603935444815,0.34158514202733076,-0.1311281560620772,-0.6128740390332827,-0.649955547369332,0.6669483943342103,-0.46121683154088333,0.8744235835446695,0.2029516723338673,-0.5510445323498039,0.5712102403611394,-0.5796245994737657,-0.09437215426214059,0.2826492630079906,-0.6394252453796662,-0.08045999804161666,-0.42960991882387944,0.03202643890602442,-0.1698875510898209,0.7057912131844107,0.5580635942288492,0.4898496253265355,0.4066460221340836,-0.16834215206904493
0.33326320181823393,-0.5005680925466207,-0.46902804784767554,0.21804205383378125,0.4029684950614371,1.0,0.23763495799846004,0.7408032599145331,-0.7113247362779466,-0.3123165180168771,0.5103042037179237,-0.5280766931715173,0.837880980743728,-0.5472577490597037,0.35238115627918715,0.36417084483694684,-0.24485124405162284,0.07580673170343802,-0.1383878436365785,0.40075588540644524,-0.6432623280379726,-0.5742111784054937,-0.6738733262679519,-0.5742111784054937,-0.2662718106375731,0.3752203961808388,0.8857653500831156,0.29955721425492027,0.6018720713833132,-0.4523003466131287,-0.18640108647004897,0.44947865957888883,-0.4967324055392949,0.8342792385885849,-0.48116026234440284,0.4615635446210951,0.3822381475976507,0.02774340086659229,0.2616221841738219,-0.10061578231399575,0.44469726373706053,-0.6016280159446038,0.2262614654120888,-0.7349040907139703,0.06307205649485242,-0.14477656447735154,0.4119383617422338,0.8013678885009118,0.34628417068929424,0.571267377502876,-0.5397812000135501,-0.34032218446504753,0.4609670602057017,-0.6442401306974909,0.6123451897089701,-0.5421985626656842,0.3905991876061975,0.22315065066286258,-0.08002876896512845,0.14794933307629388,-0.11646489554654982,0.3491315859372922,-0.6105990162123474
0.740389806609706,0.462096979905939,-0.7336498908406405,0.8397127712494403,-0.6192928675493365,0.23763495799846004,1.0,-0.2458342808914792,0.3288614849371437,-0.1730584877721728,-0.39703369328545524,0.19234858536164134,0.4273759997988723,-0.0027358052398092788,0.3211320801554406,0.535923861357225,-0.7039897767452203,-0.6402548666539376,-0.5156244687753607,-0.70273932361533,-0.31177710906931155,-0.6597670795986572,-0.04449549806379444,-0.6597670795986572,0.6372009297028292,-0.6899543192005854,0.26816155695307664,0.785756256998057,-0.07221253718355015,0.3677256531518679,-0.0801736395313292,-0.41521067290616,0.26152834014413046,0.43727978476770774,-0.09426143333407112,0.1148221874348913,0.514765077377609,-0.7454842091467931,-0.4846047663238602,-0.6096508862928608,-0.22290547759442833,-0.17214244671219336,0.6613818436215451,0.10727052127771382,-0.8622029375517417,0.623090889874022,-0.5689966334616894,0.27476048338219783,0.8338021754125627,-0.3260236669958489,0.2685025004879077,-0.15000853522584126,-0.2115986579403218,0.18565056251649584,0.3480635201381775,-0.0887448417897136,0.19939604937096922,0.31474967553637695,-0.6907517072235891,-0.5070808534433053,-0.5933543853586097,-0.40251995592351736,-0.14136555913647147
-0.18031866653132625,-0.5978956836956978,-0.10045775280253821,-0.3356054524730288,0.6595059102218812,0.7408032599145331,-0.2458342808914792,1.0,-0.7631673430941199,-0.1389310970929716,0.5615376865747921,-0.6363715491494829,0.5238202385438954,-0.3970456437928658,0.1777231546901252,0.0691594053429653,0.16309068388938136,0.3525345027455238,0.2508803655577641,0.722071950922925,-0.4943164498275454,-0.23746503467526464,-0.5570898135249173,-0.23746503467526464,-0.662503831803782,0.6133407554355167,0.6235754202504789,-0.09325242377706436,0.631176686170522,-0.6011916722386343,-0.03262209844189281,0.49094344635306025,-0.6969274263663342,0.4864950445741403,-0.28571375779499153,0.30499044645132906,0.10315800389322152,0.3631734186215192,0.47370918931404205,0.31309647186241535,0.49010915179199394,-0.5396792376887363,-0.2150261517254115,-0.666109610666659,0.4102424525674834,-0.5325177246156657,0.5550981731470094,0.5727076535114051,-0.091387343515429,0.7285018321250587,-0.6823903431437878,-0.16352349708215247,0.36023941356104994,-0.7983855225276744,0.18104250919997028,-0.3569155762474263,0.16981258493305545,0.05697085159103823,0.27655659852770936,0.3498060357048346,0.30915428011072693,0.5151550201089727,-0.5691360977651795
0.22022334995218276,0.7862467919172801,0.02827017650825237,0.29170178811768,-0.6934611360848435,-0.7113247362779466,0.3288614849371437,-0.7631673430941199,1.0,0.40070432245577287,-0.4651204018211489,0.7889550686531058,-0.5844226579747717,0.3758740479757205,0.07461077370986377,-0.16216641351803193,-0.0052764393687322894,-0.5939760393631162,-0.24938941261437583,-0.708962623969107,0.3340643150054072,0.14504988234619243,0.5511644561337757,0.14504988234619243,0.6066432828849213,-0.7471862352098054,-0.6422106358701678,0.12653166889742257,-0.633370272927495,0.813064133833189,0.33981147271208956,-0.4984046255787966,0.7758355554619676,-0.5474693014787834,0.3482854477174523,-0.10720567009592541,-0.09010283631692244,-0.2771112221308662,-0.6229652793210091,-0.3064287189552095,-0.5113745938272785,0.36021603641416966,0.17289431745649014,0.7120824050273774,-0.45530446446273687,0.4027290522626479,-0.7025002596744092,-0.5478608113013326,0.11769487535344678,-0.6305694855945008,0.7691915984354158,0.3717267627357221,-0.4211346667129786,0.7662291868821923,-0.3716470412381173,0.3272075206900059,-0.05350086488948727,-0.27549376975853646,-0.2836524333183789,-0.6006423110026617,-0.3053763530137093,-0.5884331705244417,0.34707452705612707
-0.29743460415397455,0.33304008837809884,0.11799832048684906,-0.21870955443663637,0.003220247748623007,-0.3123165180168771,-0.1730584877721728,-0.1389310970929716,0.40070432245577287,1.0,0.042735210365117605,0.6512725955345213,-0.5955109866074358,0.22685442195752137,0.47424897001379723,-0.48703463720796175,0.5629167671838349,-0.41797482361284555,0.34557994788699614,-0.06598530135430988,0.02279620294742847,0.20837778323786169,-0.10651311697386692,0.20837778323786169,-0.0918500821664003,-0.035019775226686305,-0.21743414193495542,-0.24158960515755143,-0.4931618285817464,0.3856793828108564,0.9169737067658574,-0.14627959993823603,0.5123957704011568,-0.5872821187319488,0.2581190826706108,0.2674557148335158,-0.3204804151030881,0.19671170409516178,-0.3734777305908879,0.3688437676412593,-0.13224702400472685,-0.01975768231815785,-0.22882033003360022,0.1024129993706045,-0.05546640869076034,-0.20205989141518657,-0.1419541564055367,-0.12879373746988426,-0.23211724350715388,-0.10228123056560529,0.35748803428048886,0.8974872069060057,-0.08778404967297455,0.42101000406568245,-0.5029132408597617,0.13634707431415458,0.34227683458732566,-0.47044346264663145,0.19910070577759212,-0.4724729216700203,0.3783419735612707,-0.20689801951973769,-0.04186295593631263
0.09389520127084257,-0.5136133640493762,-0.059773870753792084,-0.335992779167748,0.5348639839787329,0.5103042037179237,-0.39703369328545524,0.5615376865747921,-0.4651204018211489,0.042735210365117605,1.0,-0.08930768497800971,0.09741243507854062,-0.4809783131412432,0.11431528530397295,0.00020622894683238605,0.275690957270241,0.16380318812218755,0.05076154986167681,0.5558925806772904,-0.46780734709468125,-0.13170367190845678,-0.3470881336428215,-0.13170367190845678,-0.5015644657339668,0.6035275952761037,0.28709466006873297,-0.08076060396849727,0.12311983360769337,-0.2037990935895246,-0.036730873360584025,0.9002479269939212,-0.20757619397948593,0.2272250012839305,-0.3305761039099876,0.47547244972388414,0.12325349962007326,0.5258160907306524,0.1800740240480946,0.060495653874758186,0.5457758333883906,-0.5170514041854551,0.08108858052162556,-0.5755410119262145,0.6370574458233681,-0.4287783509961465,0.6448692364342199,0.1834913517266592,-0.08700056263941731,0.4432154904199554,-0.30964036698166325,-0.13613069999433478,0.8322341907346299,-0.3305540352591904,0.19707107371904412,-0.42764144107654667,0.3370911771806831,-0.09643518449295066,0.22301365449410243,0.12009220620324257,0.002097308928655465,0.5893188283484394,-0.5487187420270405
0.2034801808778547,0.6810052112707268,-0.11692891490110428,0.10474124410776497,-0.5827995638337308,-0.5280766931715173,0.19234858536164134,-0.6363715491494829,0.7889550686531058,0.6512725955345213,-0.08930768497800971,1.0,-0.6395207761458218,0.348846094920588,0.26042109471041996,-0.2517079771909998,0.09694520837519194,-0.6795807467546218,-0.08348560532975254,-0.5684418517224813,0.053498380805176056,0.09350830813588273,0.23961374111694692,0.09350830813588273,0.3287118653626908,-0.5491560163856561,-0.5090518302197268,0.14896615558284879,-0.7474796413265794,0.7812502978591822,0.5435362798153083,-0.18818388013094733,0.87685835102563,-0.53031719743552,0.3255683206699523,0.10408765930235547,-0.09289481895440907,-0.16669203902514027,-0.6960634831685614,-0.16698579194645674,-0.3033099552963648,0.10388965317020607,0.3188336766736401,0.46157321873814783,-0.32981395432823524,0.18060006939886158,-0.5385192063410362,-0.44275268276974217,0.1612594961463706,-0.5649801232268769,0.6552218661395811,0.5326549086990932,-0.05275609745055838,0.8231237258455393,-0.33656380680038567,0.24581955933736843,0.1985410604456061,-0.31248795519844325,-0.2742102883190137,-0.6946508194007249,-0.18727024963494976,-0.41304821145567433,0.1073672162821849
0.39940748098421214,-0.30066585057162415,-0.47256768506514274,0.3672472840801794,0.09790129309721846,0.837880980743728,0.4273759997988723,0.5238202385438954,-0.5844226579747717,-0.5955109866074358,0.09741243507854062,-0.6395207761458218,1.0,-0.29122227429251535,0.15671240591199834,0.5755727665520343,-0.5276955140530333,0.11934882152350379,-0.2405671611729348,0.18568800007776481,-0.44051824396495814,-0.5272406296786131,-0.4251617238871374,-0.5272406296786131,-0.08264539334686462,0.08451093197218859,0.8398552108844342,0.4163514230591128,0.7060285803598787,-0.3836318470580131,-0.3886326900931164,0.10552587162605978,-0.5091470831956151,0.9074204147703483,-0.3031254739965559,0.17101111486804596,0.484101088495716,-0.2837331394975956,0.2894889977149559,-0.2181415214855059,0.2660261127853279,-0.3515896494709732,0.2805951052666574,-0.41620557078589226,-0.1772596591648313,0.07749332317446397,0.09906026233953935,0.7818511500198512,0.465353162013774,0.41719660246054246,-0.4294831996382696,-0.47877151581094024,0.15186530460356154,-0.5942700010072106,0.7285892210817765,-0.28263103024119784,0.1468091839149966,0.3771043958949073,-0.332428639964359,0.2248440024374286,-0.2326852420222403,0.19819830124798402,-0.3509375151396538
-0.24624175865105816,0.5733981695814029,0.11489911345605423,-0.20541363363433549,-0.48774542025397133,-0.5472577490597037,-0.0027358052398092788,-0.3970456437928658,0.3758740479757205,0.22685442195752137,-0.4809783131412432,0.348846094920588,-0.29122227429251535,1.0,-0.2607005193529037,-0.02171933928275413,-0.11180402806036618,-0.10143567468431097,0.39710386203200937,-0.36045831880201223,0.35637089101832,0.38826835463082326,0.3115190091099087,0.38826835463082326,0.012498263928457367,-0.43549938481156664,-0.410952442441728,0.046389650551044555,-0.23191917922080904,0.40724261518272414,0.2919667294880517,-0.5127948863990307,0.4104680657568819,-0.30593318512195045,0.9125162765194479,-0.5185544838563061,-0.03258092779071967,-0.3334426161857436,-0.11315396878689274,0.3207219354001866,-0.35632119232801257,0.4284406408228162,0.039920500386297096,0.5879045162097966,-0.31244393033756857,0.014279501930280804,-0.5609252967345001,-0.3355980396103336,0.048506493565557356,-0.37261750311360936,0.2713384281613484,0.3491010855365603,-0.3457875439306784,0.4984092494637392,-0.13343571420807168,0.9369622450661106,-0.38201977965839945,0.028271054384768526,-0.2687491295652656,-0.09311358026755767,0.2876312800906007,-0.2688570061815202,0.400698533340199
0.3097107344976099,0.08609248136184006,-0.39005050025084415,0.3158493067344243,-0.024766192115780728,0.35238115627918715,0.3211320801554406,0.1777231546901252,0.07461077370986377,0.47424897001379723,0.11431528530397295,0.26042109471041996,0.15671240591199834,-0.2607005193529037,1.0,-0.16693921706242482,0.21629455026376848,-0.5829595582652765,-0.27136205345381803,0.04085290403751113,-0.5059748014197031,-0.40251561426897503,-0.4640380308614914,-0.40251561426897503,0.035430558375951715,-0.03913733587654727,0.46548541093280316,0.21714933618573487,0.015269107151339596,0.15428038816786008,0.5535657471961223,-0.01821952424027023,0.1542869355794806,0.12457609693816843,-0.329699380489245,0.74816147019527,-0.10234218959631058,-0.04278285314508074,-0.37669434231490534,-0.22020592458019286,-0.010200516596279366,-0.4617196970585085,0.15337956802469152,-0.32905304872210095,-0.24078287291261052,-0.01576383429255546,-0.06439969930041929,0.5698883361986957,0.24540657119474596,0.26390501528687976,0.06912431672186847,0.3838466263698265,0.05198956144346204,-0.009564130006542581,0.10763421794106574,-0.36457698634117713,0.8177706110431529,-0.27250256668150463,-0.05074490167368675,-0.5211212673596546,-0.17382629784579337,-0.07657796074313078,-0.45333148057141964
0.587254937687506,0.0016837438348944228,-0.6666805712600274,0.4815813002953165,-0.26895663868387976,0.36417084483694684,0.535923861357225,0.0691594053429653,-0.16216641351803193,-0.48703463720796175,0.00020622894683238605,-0.2517079771909998,0.5755727665520343,-0.02171933928275413,-0.16693921706242482,1.0,-0.7430435617470301,-0.05605090080433339,-0.34926428001787013,-0.22077351167140202,-0.39879651644038466,-0.5463872629752482,0.03351929980560806,-0.5463872629752482,0.30302250066094466,-0.1652716382475512,0.40738142092884494,0.7217577916708584,0.21046564428913986,0.08039966427088116,-0.46546720564590083,0.13174734080234315,-0.1220479759012316,0.5976704349248892,-0.09155399664899594,-0.03545001787685055,0.8838064905843521,-0.5244594563946605,-0.015362580140528027,-0.4092168877600349,0.2925212424305946,-0.3271430499755641,0.5771577301273682,0.01925530735734121,-0.2836275340930196,0.5201559887705715,-0.06106860147842343,0.32583365320379404,0.7455881724468557,0.0038930940325070536,0.07792155453938464,-0.4212677029359543,0.21861162437271836,-0.16061880691189073,0.47815964435592223,-0.02612608493994508,0.03705315952688317,0.5821876157573133,-0.5456765818336105,0.02751339917662102,-0.4456291981980322,0.223864117186127,-0.3156550670951663
-0.5261057915989112,-0.1114590672597593,0.6885819009230253,-0.5777631823814957,0.5291121263148472,-0.24485124405162284,-0.7039897767452203,0.16309068388938136,-0.0052764393687322894,0.5629167671838349,0.275690957270241,0.09694520837519194,-0.5276955140530333,-0.11180402806036618,0.21629455026376848,-0.7430435617470301,1.0,0.18740204355932713,0.4439761415551148,0.46326831015639086,0.32224178845488605,0.5646436143467771,-0.03863846156658874,0.5646436143467771,-0.49623477397837235,0.4365162579436003,-0.3000916256609625,-0.7004309689754159,-0.23827862891919144,-0.08512918756350238,0.43693325309077125,0.1345817337955023,-0.07655930212695337,-0.5677408231883119,-0.051569676345142056,0.22342011781131474,-0.6604189803711918,0.6919443403527086,0.07968148576169057,0.5301648159946385,-0.05153353564405321,0.13975001755244307,-0.6231892535044664,-0.11595458492363525,0.5275481949820763,-0.559279568115771,0.378792679330544,-0.2278507876708526,-0.7439550007172554,0.17223830288845007,-0.03173137975425171,0.4022097837458831,0.042370943700094116,-0.11471785205032527,-0.39137150519545444,-0.14480578339981404,0.11861812750855827,-0.6940201839339039,0.7618943695504343,0.009666337742790472,0.5301981856452385,0.008565818168492004,0.10203510732122122
-0.5661144659004628,-0.6432483725025221,0.5612813460361838,-0.5194977806433019,0.6438545850174754,0.07580673170343802,-0.6402548666539376,0.3525345027455238,-0.5939760393631162,-0.41797482361284555,0.16380318812218755,-0.6795807467546218,0.11934882152350379,-0.10143567468431097,-0.5829595582652765,-0.05605090080433339,0.18740204355932713,1.0,0.3651577736485473,0.6130066506650343,0.3357411906510907,0.5384070130156725,0.16990131002082506,0.5384070130156725,-0.39704403286849105,0.6854647418833666,0.01638598203836878,-0.49099970117589964,0.4891045815386153,-0.5653064921256407,-0.38362704729750796,0.28280807841266636,-0.4920415671023568,0.10447289520881282,0.01294649284639215,-0.20204456143235436,-0.11660165186883377,0.5268002862875963,0.8944721849475343,0.5081308598694889,0.25092119203681584,0.285678951896307,-0.5362512719312286,-0.17422206113238717,0.6174778040889911,-0.269447639884281,0.6121263263966166,-0.03956113863316361,-0.5309057148588212,0.40302293387553334,-0.4449471463424156,-0.32027911015638344,0.10579313437360595,-0.4415637940554212,-0.017445657207099834,0.013886324562638726,-0.4382103906575695,0.1176807011998363,0.4741652531839442,0.9381831776734725,0.4685166259426413,0.43526962328299645,0.24895724326516255
-0.7181196963426288,-0.02412327939100948,0.5228933359239667,-0.6984474548814036,0.39112960891132015,-0.1383878436365785,-0.5156244687753607,0.2508803655577641,-0.24938941261437583,0.34557994788699614,0.05076154986167681,-0.08348560532975254,-0.2405671611729348,0.39710386203200937,-0.27136205345381803,-0.34926428001787013,0.4439761415551148,0.3651577736485473,1.0,0.21370594025685816,0.3562077610049446,0.5426128114341019,-0.09947181239983816,0.5426128114341019,-0.6128233192255238,0.26367298026599867,-0.19511184684789454,-0.4606365237225478,-0.07593345253803446,-0.2769254204476227,0.3066240076702247,-0.10591622570230519,-0.16613018792119436,-0.32766335648785333,0.4809559000136045,-0.33922093659183006,-0.2991597991658518,0.28314616717676117,0.25356350705427244,0.913050728839751,-0.13029924305853408,0.2593529556457861,-0.563935565078303,-0.027711343876684745,0.17299949252253366,-0.5541536719364644,0.0959679884111578,-0.18957043254468695,-0.5331010269423354,-0.030846922544652308,-0.3035011768506898,0.30952262453682433,-0.1240946686976218,-0.16656335017049584,-0.3231327167303362,0.3397327898227906,-0.3953898996548089,-0.3451638315473158,0.3290584692927058,0.20741568552834586,0.8680252207229665,-0.04977315457647641,0.218026277583933
-0.43400159783784237,-0.7088080006969774,0.297070091725828,-0.49983913586020756,0.7782963166928376,0.40075588540644524,-0.70273932361533,0.722071950922925,-0.708962623969107,-0.06598530135430988,0.5558925806772904,-0.5684418517224813,0.18568800007776481,-0.36045831880201223,0.04085290403751113,-0.22077351167140202,0.46326831015639086,0.6130066506650343,0.21370594025685816,1.0,-0.2058273933401821,0.17162883667985696,-0.3399384011127331,0.17162883667985696,-0.6349976605971059,0.8316361949906634,0.37754784803485414,-0.4493134150048155,0.5744750996100663,-0.6301476951838714,-0.029950855934874242,0.6117547643829032,-0.5765601712215521,0.17652073874134597,-0.278744348417341,0.259120895897033,-0.24179036373507778,0.7081152982254093,0.6225253594205705,0.38323777141772786,0.6000072436449957,-0.32747397140293627,-0.45375905237956154,-0.5203428517177756,0.831798638886214,-0.544324559361502,0.7695525414589386,0.3673530463770153,-0.4720925509882529,0.8143623159045262,-0.5542573040386285,-0.07773772893437575,0.41525437093879997,-0.6300676066968545,0.06763736622108099,-0.28556845006670944,0.09417039646439891,-0.06804843753034383,0.595744870617812,0.5537880288872878,0.39575046374303585,0.5498043148074973,-0.36377932736175184
-0.42931932006923856,0.2667598537586731,0.8113833667980638,-0.2411306245894911,0.003282498348018489,-0.6432623280379726,-0.31177710906931155,-0.4943164498275454,0.3340643150054072,0.02279620294742847,-0.46780734709468125,0.053498380805176056,-0.44051824396495814,0.35637089101832,-0.5059748014197031,-0.39879651644038466,0.32224178845488605,0.3357411906510907,0.3562077610049446,-0.2058273933401821,1.0,0.7771846544349243,0.5564292905509505,0.7771846544349243,0.07859858221797293,-0.13678918990077893,-0.6636184425915646,-0.5471175623100439,-0.2620900269764457,0.11225046613473051,-0.054871328832911404,-0.4916942944857755,0.1496317484236674,-0.5413584333868888,0.41544632991603003,-0.5271394661007147,-0.4296130302363323,0.13629691881103037,0.13511860039011048,0.34120342049401187,-0.546694788791746,0.9391764532463474,-0.4773253823252665,0.5552387503721529,0.006007027221935225,0.04631705209622787,-0.1500244669677632,-0.6374384892484615,-0.5572727713278248,-0.44993283209699075,0.24004553938234768,0.06268750596021738,-0.5158546638314888,0.2596724656350879,-0.30334729126000504,0.3690589550484081,-0.5423224890983833,-0.31880660074602996,0.3122924369636532,0.19970558583419032,0.31511940957881057,-0.4455921315969812,0.9169453440301499
-0.6638762415556388,0.035563929205059665,0.8719676659071673,-0.6318811259853495,0.21760460526909312,-0.5742111784054937,-0.6597670795986572,-0.23746503467526464,0.14504988234619243,0.20837778323786169,-0.13170367190845678,0.09350830813588273,-0.5272406296786131,0.38826835463082326,-0.40251561426897503,-0.5463872629752482,0.5646436143467771,0.5384070130156725,0.5426128114341019,0.17162883667985696,0.7771846544349243,1.0,0.4609368957161617,1.0,-0.2585429246551146,0.21779519659870647,-0.572925038994352,-0.6421480107246287,-0.12974755947202904,0.07183928856001189,0.18195395614040594,-0.13470241045379752,0.19786960638918874,-0.5634422097762075,0.4874754732983697,-0.30023516740748535,-0.5459122384048797,0.46234675963039196,0.39710026773762586,0.6099966877549255,-0.33453077797181385,0.7248782615176438,-0.5898733600606529,0.40406440755524914,0.34507508161602446,-0.27800917979750134,0.09058999423300841,-0.5273815537008807,-0.7036539083348637,-0.11681809587114945,0.1293163135272865,0.2489421661880527,-0.22683997029964792,0.2270982887852461,-0.4118310828262785,0.39891189989267145,-0.4227716773782025,-0.39603305152886314,0.49747297983716976,0.41161079337841,0.5580360368224485,-0.11719141724013361,0.6746915762801996
-0.0424355692128888,0.35721490483664875,0.32554709982762337,-0.01783138722566571,-0.3281466414593795,-0.6738733262679519,-0.04449549806379444,-0.5570898135249173,0.5511644561337757,-0.10651311697386692,-0.3470881336428215,0.23961374111694692,-0.4251617238871374,0.3115190091099087,-0.4640380308614914,0.03351929980560806,-0.03863846156658874,0.16990131002082506,-0.09947181239983816,-0.3399384011127331,0.5564292905509505,0.4609368957161617,1.0,0.46093689571616153,0.3882431942099529,-0.31247937515571245,-0.6322288112910801,-0.025056976349251556,-0.21017203988770775,0.45309579048699006,-0.14478219481903076,-0.28621221760464394,0.3927677699700369,-0.3743368916957792,0.3882618150605824,-0.2695443645986722,0.021002867698909522,0.025003059956255003,0.067380880721855,-0.09638797705204721,-0.22660229834921816,0.5773154268531293,-0.0021766135586067906,0.7269129495423364,-0.028814856718837486,0.41598634069264734,-0.2753821344214298,-0.5985807244738109,-0.09799369237134414,-0.3282848054462498,0.4743810015325141,-0.026952036096820186,-0.2399871933461287,0.4300355487713042,-0.21855300258316493,0.4027000848082538,-0.4342804228438727,0.040760787716958985,-0.13935384201906667,0.15942597848794288,-0.12015234934130925,-0.13820906910560152,0.5577866462045056
-0.6638762415556388,0.035563929205059665,0.8719676659071673,-0.6318811259853495,0.21760460526909312,-0.5742111784054937,-0.6597670795986572,-0.23746503467526464,0.14504988234619243,0.20837778323786169,-0.13170367190845678,0.09350830813588273,-0.5272406296786131,0.38826835463082326,-0.40251561426897503,-0.5463872629752482,0.5646436143467771,0.5384070130156725,0.5426128114341019,0.17162883667985696,0.7771846544349243,1.0,0.46093689571616153,1.0,-0.2585429246551146,0.21779519659870647,-0.572925038994352,-0.6421480107246287,-0.12974755947202904,0.07183928856001189,0.18195395614040594,-0.13470241045379752,0.19786960638918874,-0.5634422097762075,0.4874754732983697,-0.30023516740748535,-0.5459122384048797,0.46234675963039196,0.39710026773762586,0.6099966877549255,-0.33453077797181385,0.7248782615176438,-0.5898733600606529,0.40406440755524914,0.34507508161602446,-0.27800917979750134,0.09058999423300841,-0.5273815537008807,-0.7036539083348637,-0.11681809587114945,0.1293163135272865,0.2489421661880527,-0.22683997029964792,0.2270982887852461,-0.4118310828262785,0.39891189989267145,-0.4227716773782025,-0.39603305152886314,0.49747297983716976,0.41161079337841,0.5580360368224485,-0.11719141724013361,0.6746915762801996
0.46748206090728095,0.38046031551871534,-0.3050193960597169,0.8104601941211024,-0.5222290919631076,-0.2662718106375731,0.6372009297028292,-0.662503831803782,0.6066432828849213,-0.0918500821664003,-0.5015644657339668,0.3287118653626908,-0.08264539334686462,0.012498263928457367,0.035430558375951715,0.30302250066094466,-0.49623477397837235,-0.39704403286849105,-0.6128233192255238,-0.6349976605971059,0.07859858221797293,-0.2585429246551146,0.3882431942099529,-0.2585429246551146,1.0,-0.5603485754981651,-0.17556390007788905,0.42283084178019625,-0.21942390790297953,0.45803734062979107,-0.09080997913069701,-0.3696970696902712,0.512835803751419,-0.014621236668931552,-0.057631687120408705,-0.010912549831730315,0.2539205049654643,-0.4451731898282557,-0.3486812303665323,-0.5969172887011702,-0.29310318121987133,0.13716946255964985,0.3379759756672046,0.39135702442569476,-0.497655030237559,0.8745977507048467,-0.4170415797126764,-0.13502259442677775,0.4655834913988646,-0.3657112460612836,0.5499333692102102,-0.07896306686609086,-0.3440001577925975,0.4849828084227295,-0.004273647360788465,0.0038691879458623243,0.02472443920909498,0.1863674871585472,-0.40336972612450894,-0.3052755991786324,-0.5768656280594538,-0.43379082531913304,0.14167777211369986
-0.46700476592723167,-0.8840831112228162,0.30479906045560196,-0.5292811155288795,0.877401748662784,0.3752203961808388,-0.6899543192005854,0.6133407554355167,-0.7471862352098054,-0.035019775226686305,0.6035275952761037,-0.5491560163856561,0.08451093197218859,-0.43549938481156664,-0.03913733587654727,-0.1652716382475512,0.4365162579436003,0.6854647418833666,0.26367298026599867,0.8316361949906634,-0.13678918990077893,0.21779519659870647,-0.31247937515571245,0.21779519659870647,-0.5603485754981651,1.0,0.34109144460191615,-0.46549989523326746,0.44719650370135283,-0.6154911343877831,-0.057926729364752044,0.6570832613461861,-0.48620427382767023,0.09946822640599073,-0.3220017699454557,0.2740988346012833,-0.17353883340351253,0.6735632510674492,0.7004685721603368,0.4124046483164825,0.4358433732982891,-0.20274121186804353,-0.46355201007878594,-0.6198383726900105,0.7596190515691406,-0.4421254198532582,0.9200161138159054,0.26430665997524283,-0.46854898501000103,0.6782460184441024,-0.5088137587662931,-0.055963414850280696,0.44755057726834385,-0.5095524957000779,-0.052554061483960884,-0.3314576588516774,0.17590673660072265,0.032603742101090925,0.6369706419637413,0.6679849632962319,0.39886617839557437,0.7104615463170042,-0.2195992820505684
0.2558679503867687,-0.4687395333678896,-0.5264520215310833,0.25830738086474453,0.2652068620419135,0.8857653500831156,0.26816155695307664,0.6235754202504789,-0.6422106358701678,-0.21743414193495542,0.28709466006873297,-0.5090518302197268,0.8398552108844342,-0.410952442441728,0.46548541093280316,0.40738142092884494,-0.3000916256609625,0.01638598203836878,-0.19511184684789454,0.37754784803485414,-0.6636184425915646,-0.572925038994352,-0.6322288112910801,-0.572925038994352,-0.17556390007788905,0.34109144460191615,1.0,0.31699921281922716,0.6927190191097118,-0.41264091100267886,-0.03122003997555675,0.2840156207330977,-0.41094800062767717,0.7761415096735104,-0.39916829709251106,0.45105525468564306,0.3493868057647066,-0.09781030312711188,0.2687433313297658,-0.11274174046670303,0.4031328216356942,-0.5800575567586983,0.1757552130663975,-0.6155578086786024,-0.027603078924523988,-0.03439137085303246,0.28191231785374155,0.9673051241252941,0.37406016875079967,0.6592086923014271,-0.4351252420841798,-0.11702970851292302,0.29763818894828575,-0.523740921206966,0.5538820083066848,-0.3856571409397397,0.49062029012186287,0.3254120591701716,-0.1683376624973227,0.1529490431605041,-0.09745995959212629,0.3777025939910014,-0.5725410686333289
0.7903571735757114,0.3029454750774972,-0.8445889999702321,0.6361745184554549,-0.5426951325334872,0.29955721425492027,0.785756256998057,-0.09325242377706436,0.12653166889742257,-0.24158960515755143,-0.08076060396849727,0.14896615558284879,0.4163514230591128,0.046389650551044555,0.21714933618573487,0.7217577916708584,-0.7004309689754159,-0.49099970117589964,-0.4606365237225478,-0.4493134150048155,-0.5471175623100439,-0.6421480107246287,-0.025056976349251556,-0.6421480107246287,0.42283084178019625,-0.46549989523326746,0.31699921281922716,1.0,-0.008111140732276173,0.3492874008691205,-0.20319283704909175,-0.017910735817829575,0.1931790264798409,0.5367673519184087,-0.07393892332039739,0.17093588165467727,0.726757330262236,-0.6155440536428107,-0.3561421161006142,-0.5852429423102167,0.15091190827216414,-0.42904441542937155,0.8285982642562245,0.04512486468412296,-0.5735010842058128,0.5069074287225153,-0.3228713950405154,0.2971284659440713,0.9072675347607381,-0.1144198166873119,0.20214384821029946,-0.2678257729480285,0.2277807665711426,0.09204133903741153,0.48439267361845406,-0.05074712112788537,0.21785058857182144,0.40179216963146824,-0.6507284803830775,-0.36477031661341025,-0.5590842657490115,-0.05722047208752275,-0.41030493669347295
-0.1267018472805555,-0.5922488865713842,-0.0770303985644709,-0.04148515743914432,0.3766186581886203,0.6018720713833132,-0.07221253718355015,0.631176686170522,-0.633370272927495,-0.4931618285817464,0.12311983360769337,-0.7474796413265794,0.7060285803598787,-0.23191917922080904,0.015269107151339596,0.21046564428913986,-0.23827862891919144,0.4891045815386153,-0.07593345253803446,0.5744750996100663,-0.2620900269764457,-0.12974755947202904,-0.21017203988770775,-0.12974755947202904,-0.21942390790297953,0.44719650370135283,0.6927190191097118,-0.008111140732276173,1.0,-0.5213198957348334,-0.23033593832500424,0.22691631391020478,-0.5086630902628635,0.6287943924977982,-0.11890445609826074,0.10677864493934985,0.12956318939295944,0.14401852688578518,0.7066029514398825,0.05385728325734766,0.2832633682731575,-0.18896173206248645,-0.15502999080447188,-0.3401189340830799,0.2653533567366072,-0.08148971399514832,0.3416604753005084,0.6637991039145051,0.014652393533735288,0.7755349945814929,-0.5367678814414744,-0.2948491644710495,0.06838811941997958,-0.5645614712142459,0.35832589574747786,-0.08413915357728426,0.025070366974979615,0.34039700739688084,0.02374895105236349,0.6258778782315396,0.05293954599307891,0.44000131730635705,-0.21711415630107467
0.4098336050907881,0.7204694693314577,-0.19692823948944654,0.27771824686378244,-0.7098910623206223,-0.4523003466131287,0.3677256531518679,-0.6011916722386343,0.813064133833189,0.3856793828108564,-0.2037990935895246,0.7812502978591822,-0.3836318470580131,0.40724261518272414,0.15428038816786008,0.08039966427088116,-0.08512918756350238,-0.5653064921256407,-0.2769254204476227,-0.6301476951838714,0.11225046613473051,0.07183928856001189,0.45309579048699006,0.07183928856001189,0.45803734062979107,-0.6154911343877831,-0.41264091100267886,0.3492874008691205,-0.5213198957348334,1.0,0.3582325873360963,-0.26387064181351827,0.8223675463009162,-0.28069693101634136,0.41062785586313705,0.06012331020274258,0.21146100121680667,-0.33258435653320007,-0.5260713401322952,-0.29633101650147803,-0.3350728272840765,0.2086037670535829,0.46725764649788004,0.6265744294056231,-0.4018432396286572,0.40604718379518195,-0.5887353258653851,-0.34807957307255916,0.3724236091036822,-0.45814573317821483,0.7941525878330541,0.35113156316925914,-0.06964232064569334,0.7564428575973688,-0.06375546935939842,0.3570652470084497,0.16193740044731406,-0.14403499829300973,-0.37021657694294824,-0.5252171760954976,-0.34530345465842843,-0.30283483432936914,0.17965018626180426
-0.3301849153621903,0.3013588261410397,0.05482601879978916,-0.1799335255802783,-0.040286336543315676,-0.18640108647004897,-0.0801736395313292,-0.03262209844189281,0.33981147271208956,0.9169737067658574,-0.036730873360584025,0.5435362798153083,-0.3886326900931164,0.2919667294880517,0.5535657471961223,-0.46546720564590083,0.43693325309077125,-0.38362704729750796,0.3066240076702247,-0.029950855934874242,-0.054871328832911404,0.18195395614040594,-0.14478219481903076,0.18195395614040594,-0.09080997913069701,-0.057926729364752044,-0.03122003997555675,-0.20319283704909175,-0.23033593832500424,0.3582325873360963,1.0,-0.239574809857983,0.48486075206159174,-0.4198440096489623,0.3503556944232429,0.31053121521689897,-0.3279977045862605,0.11730884613528471,-0.23133231946725125,0.3806888605660318,-0.16911118464590147,-0.024714756521104733,-0.2516454261693324,0.10251001535412077,-0.12434637309032884,-0.21320190599277458,-0.25045825234891,0.08031423003278672,-0.17124089317876587,0.0446139963237782,0.24378015671067177,0.9435188097209114,-0.19156258764486636,0.3794582668297802,-0.4176251177425253,0.23681449905345484,0.36613053703883935,-0.37621786835762555,0.07790106298705808,-0.3654617618574465,0.3859666751026306,-0.17093487380444264,-0.05821380608477392
0.11334519920247087,-0.6530494905586505,-0.10623309285246578,-0.2792449560493615,0.49767224343252303,0.44947865957888883,-0.41521067290616,0.49094344635306025,-0.4984046255787966,-0.14627959993823603,0.9002479269939212,-0.18818388013094733,0.10552587162605978,-0.5127948863990307,-0.01821952424027023,0.13174734080234315,0.1345817337955023,0.28280807841266636,-0.10591622570230519,0.6117547643829032,-0.4916942944857755,-0.13470241045379752,-0.28621221760464394,-0.13470241045379752,-0.3696970696902712,0.6570832613461861,0.2840156207330977,-0.017910735817829575,0.22691631391020478,-0.26387064181351827,-0.239574809857983,1.0,-0.2221478832183024,0.28031418313127765,-0.39627884792238066,0.4126209727986146,0.1721471872267201,0.52903255965633,0.2900802718847351,-0.07783067554455589,0.5922393533528728,-0.5346424144549942,0.12638156287304037,-0.5366789995218216,0.6994025558699731,-0.2817698947276959,0.7308072609917049,0.1796952533868694,-0.023633409671180047,0.5135209222088929,-0.27127771611717477,-0.29003798225428695,0.8468051270623803,-0.2988556225374119,0.17703177717975713,-0.4235666491514738,0.2833432792277888,0.08538382626554776,0.2983186183015283,0.27468869287098746,-0.13786159025525105,0.6429568918260178,-0.556997462536938
