Fp1,Fz,F3,F7,FT9,FC5,FC1,C3,T7,TP9,CP5,CP1,Pz,P3,P7,O1,Oz,P8,TP10,CP6,CP2,C4,T8,FT10,FC6,FC2,F4,F8,Fp2,AF7,AF3,AFz,F1,F5,FT7,FC3,FCz,C1,C5,TP7,CP3,P1,P5,PO7,PO3,POz,PO4,PO8,P6,P2,CPz,CP4,TP8,FC4,FT8,F6,F2,AF4,AF8,O2,P4,C6,C2
1.0,0.23826305205347603,-0.08021136171180525,0.2575779495741083,-0.27844241333588576,0.43304061481833456,0.41526600213512244,-0.553124598964565,0.37536929318022794,-0.21829463538932223,-0.38726753578591355,0.5814654370522349,0.5287534407039625,-0.13085742361599115,0.3727527894384367,-0.1256283198925596,-0.131909401831214,-0.2379777186404309,-0.21814243633023644,-0.5664722863668046,0.47458972157211615,-0.41626714602444326,0.18719514874716411,-0.41626714602444326,0.2237543961494294,-0.12498132185948836,0.35927591578671836,0.4248086989809313,-0.3875904537078585,0.36234035971332557,-0.16436097987305764,-0.286294878111715,0.5743364944122495,0.4845690120660385,-0.20520226455646698,0.32213891428268016,-0.13358863506129987,-0.11643811564426756,-0.31242841699794277,-0.5080521236315192,-0.39952322787936745,0.5570177260175899,0.8918967592412288,0.17817529785438255,-0.391792987942994,0.22979718795502221,-0.2225065012893173,0.3320138951281573,0.4150822815979017,-0.5208619016135446,0.3745563285103192,-0.28901495188907034,-0.26249395087639404,0.6191421864705892,0.5332839236210373,-0.08688773236927287,0.2696146557850161,-0.12181787504127521,-0.08327690897253211,-0.2809326056987127,-0.491741482223639,-0.6726310884848471,0.5573415954215013
0.23826305205347603,1.0,0.27885029251898064,-0.38869748920350916,-0.42602804603843786,-0.22193100319082587,-0.26263505419071603,0.04349146230352245,0.8074630511609522,0.29662208128826456,0.4130864913147542,0.5889150607304916,-0.06059786709353411,0.6760515237679575,0.40421598293444283,-0.48419200095803794,0.2858401397818601,-0.1597319425270278,0.24394404581684087,-0.0032257946492424525,0.5415362382639975,0.4084165837672948,0.695380075301802,0.4084165837672948,-0.19848805295569827,-0.35253665073991103,-0.09671807888389537,-0.07196747007202337,0.16887169528892748,0.7505288247533296,0.3288652769062406,0.3665025768765012,0.6018558869225148,-0.06915379885165186,0.6297484176118225,0.3713421992341354,-0.4666030230025052,0.27587643519314564,-0.30581669808655804,-0.016602758651428882,-0.08938917337876472,0.5165321760546282,0.208831173042597,0.9319411463125183,0.297750262926969,-0.38388647235922535,-0.38721720819731986,-0.27180140943365716,-0.16594238179561985,-0.008895132939592123,0.6717392008634355,0.27467929590968904,0.4263380674355549,0.5706670901590124,-0.03701028055930703,0.7351637764659417,0.20784064738582153,-0.513140914023268,0.21139477797821002,-0.2401801507683447,0.053876560981985865,0.041286364683569075,0.5493251342799538
-0.08021136171180525,0.27885029251898064,1.0,-0.44184954915936614,0.04078166057310549,-0.2583772602479147,-0.35388944060292277,-0.16729322850323483,0.0010640266493792984,-0.5429949592132165,-0.28685561347564337,-0.3407226069363885,-0.08197632109157023,0.18835351899289812,-0.49370688951054165,-0.3257190277709188,0.3326268601558109,0.5310839026888279,0.05811147831479349,-0.38709360741279475,0.23769784968796254,0.433548620452623,0.33368081310411796,0.433548620452623,-0.27704890731311194,-0.06380650386770284,-0.2574446155873002,-0.39713243053566455,-0.14458586946315544,-0.06550157665461291,-0.4692904827911401,-0.4654540463395424,-0.32758118641106504,-0.20506841184720703,0.20104013075038918,-0.4723559237367069,-0.31008752779867294,0.3264743117822237,0.5380111853510624,0.1280887986287674,-0.6513642043191452,0.3105376891486293,-0.293767050995353,0.3909107048995552,0.37761558355529895,-0.33578315246489165,-0.11051233852582494,-0.21642560090283466,-0.4069798170167793,-0.08540956739822042,-0.12761426866184783,-0.49021296459317276,-0.3301195247381762,-0.3399243357729292,-0.039491391879604175,0.1924525778714061,-0.6547685357361259,-0.32598626367797645,0.2839461121524729,0.5464959526149089,0.08512808393179913,-0.020091990367424817,0.2944776856257998
0.2575779495741083,-0.38869748920350916,-0.44184954915936614,1.0,0.46750749834658556,0.8434782314284612,0.6893470120301239,0.027469839886254843,-0.2889399626120644,-0.21791977419398822,0.00972227946833271,-0.09586494175330765,0.6841383115989449,-0.3943344892756534,0.43993087712749196,0.5681449785121614,0.06170507171984437,0.21187185087982258,0.26901108950505226,0.18038208530932665,0.18586872535104504,-0.23124724313808426,-0.09957631518190814,-0.23124724313808426,0.8898116577068123,0.4574602875013388,0.7681263147237188,0.6451584272205302,0.11454636767080392,-0.20862041930523975,-0.10965596260932274,0.07378429868640365,-0.003487321802180944,0.6678284112659025,-0.3765999119867153,0.389575240675417,0.5914607501091981,-0.034003268537883866,0.22793817432431435,0.06189264882537441,0.2723991697431763,0.01816968670372328,0.2730782399815771,-0.428242945828594,-0.19498580434808696,0.9559396951894681,0.47239729484112203,0.8372876347672914,0.7074350733448523,0.10182731948340903,-0.2435989752567978,-0.2094346775114669,0.1246909823287018,-0.03125940181640764,0.6550176155262261,-0.44400815932067317,0.4869315355917313,0.622669191470166,0.1400542494259695,0.23406360515102492,0.1255227018564362,0.010394478856109208,0.17262316255440455
-0.27844241333588576,-0.42602804603843786,0.04078166057310549,0.46750749834658556,1.0,0.38114474084058425,0.35917458763482546,0.3923700399559485,-0.6020674055898692,-0.09989572232929979,0.02786854552226255,-0.6695303681364678,0.40875305979752385,-0.43287427934033906,-0.16622746248425604,0.8089545227448164,0.4372127236774203,0.5972547960069351,0.5020202163332559,0.3436590073316831,0.09782531775307358,0.004098020952762439,0.13534878649511187,0.004098020952762439,0.5019343638593576,0.9001522042883887,0.4028032973810644,0.30744531242986733,0.3899135982534771,-0.41066904806631593,0.027168030014133353,0.043359863847234136,-0.5198011825701947,0.3291384807222756,-0.37223451996026596,-0.15850898354098003,0.801550038556313,0.360838675146908,0.6097889602949966,0.5872643591912107,0.23180355977280498,-0.03210796478372997,-0.3749438748891827,-0.30755875349321043,-0.11275814690239196,0.4880324144449767,0.8995611676042362,0.40981399062543616,0.3594490874826349,0.44117488803542115,-0.5381542200753437,-0.043672620620379,0.0827899010640555,-0.6007537475050643,0.253686024705927,-0.48742848965619423,-0.08236559197280706,0.8085725729938251,0.48720376090028533,0.5784229843450214,0.47026193931487853,0.3132909286441328,0.0232850622874586
0.43304061481833456,-0.22193100319082587,-0.2583772602479147,0.8434782314284612,0.38114474084058425,1.0,0.8328529010570439,-0.2785322801290587,-0.2012374868577456,-0.3394902961641789,-0.24647370535707458,-0.03503492072339451,0.7584924861168139,-0.35341371932579657,0.4216828898145636,0.431687011116012,0.04522041098043491,0.2605714667447282,0.08638357966607418,0.032581720458248094,0.39745068523459537,-0.2677347870817834,0.029501322354118373,-0.2677347870817834,0.8275977326979985,0.34119123732953255,0.8745537302979155,0.7769709097707821,-0.13117584972181587,-0.12654230547330078,-0.2195469744712685,-0.13818171942835317,0.06836575500345524,0.7215236608671451,-0.34603133271230635,0.41602851835989246,0.4658237241634439,-0.053975330055876486,0.2791488848599224,-0.06998792589788867,0.17100814163822975,0.3163112420674202,0.3233148801929664,-0.22065022328888523,-0.26530281806954736,0.8551003372476641,0.36031463121703755,0.9700025669569133,0.8101195257858684,-0.19798350188032374,-0.18245495134188555,-0.3681601100611768,-0.11119997393305822,0.03252448756684364,0.6823732086166268,-0.38098019454720294,0.4210222818222165,0.4738970877465738,0.08344025731943333,0.25957703267623666,-0.1078515113248028,-0.1552340453067693,0.39987853805948037
0.41526600213512244,-0.26263505419071603,-0.35388944060292277,0.6893470120301239,0.35917458763482546,0.8328529010570439,1.0,-0.25276245842352635,-0.28189253889724375,-0.16985465567376656,-0.2152501049252024,-0.0909066241208178,0.6629881850877098,-0.4107600521400273,0.28747086736602145,0.4702362682293864,-0.08305523915364181,0.1310770164660182,0.021594891419129104,0.08111377562379073,0.3085420550380952,-0.4618292591372897,-0.020831701086106852,-0.4618292591372897,0.6642984601079024,0.3311785600326189,0.7031789815390102,0.8810807060210005,-0.1551537920217084,-0.21929211576128535,-0.10895883523256704,-0.06086630546747771,-0.012274080282916273,0.6488141009475709,-0.4359257397673348,0.2553210750056022,0.4967866590920532,-0.15525696463162764,0.1257808908990129,-0.05967111257158815,0.2675317021926857,0.24032985630781029,0.3095611389861154,-0.25834967724498725,-0.507100914201625,0.682701677540984,0.3412998721526439,0.7853797578679186,0.897171092089723,-0.19589478497626572,-0.23706997360318555,-0.20056001916630428,-0.10346699441886571,-0.044623716652759104,0.5673715385622965,-0.43579248750389776,0.36185873641983424,0.4937850519476637,-0.026738009683004816,0.0860251203498411,-0.1576325634418213,-0.2342296541277484,0.3083967925059
-0.553124598964565,0.04349146230352245,-0.16729322850323483,0.027469839886254843,0.3923700399559485,-0.2785322801290587,-0.25276245842352635,1.0,0.050220974521090464,0.5947397977491079,0.7307747500193856,-0.23523252890411273,-0.1802450453812711,0.040657027427164726,0.16267993618910154,0.3637495475529374,0.49293603415922294,0.07307146645270539,0.6178352806773498,0.6188940231191269,-0.06824223674692693,0.39607220922361824,0.2779795903980926,0.39607220922361824,0.10703664530543557,0.4265229259275891,-0.059289140004190215,-0.06897587447344596,0.8868659517585329,0.15978318077026285,0.6406671486507131,0.6648976524003285,-0.12630400998536365,-0.1602847322887339,0.12529291546247834,0.13004564527020895,0.39658974587672946,0.47201687134322035,0.013948870700925882,0.604048035415695,0.4781498273785741,-0.3189843568580896,-0.35652086215962336,0.02560571766335978,0.3439532330526935,-0.029043316031641352,0.48419956373274475,-0.22737297896150238,-0.05872638096226303,0.9582881427884491,0.06641607234031743,0.6937722350661532,0.7482517774899681,-0.20824279566840892,-0.15662390203039372,0.02474165234901606,0.28074707839424307,0.39935769364006224,0.5442725446068954,0.09858491004074861,0.7521121279610712,0.6592882550871444,-0.14951128689598495
0.37536929318022794,0.8074630511609522,0.0010640266493792984,-0.2889399626120644,-0.6020674055898692,-0.2012374868577456,-0.28189253889724375,0.050220974521090464,1.0,0.4229067459110791,0.3872838480531241,0.7760419691375038,-0.10105313484361811,0.5576919044759676,0.5458490691327718,-0.45724913453381644,0.18061472519515492,-0.41674914182906836,0.12771693390363562,-0.032592253842526016,0.448044557219137,0.2861382710421335,0.4860393356767021,0.2861382710421335,-0.14606855518025907,-0.4304930727782596,-0.0773368670938613,-0.043899845490545424,0.15247891710661687,0.9276080685802567,0.4213678349256804,0.37526657919635603,0.7498887807240122,-0.08478488175690059,0.5253948131036689,0.5441530843560953,-0.44444240355620585,0.2096526393323886,-0.5492348157905512,-0.1407714264318489,-0.03644123958785424,0.43195994992940456,0.463550529311079,0.7295478597753746,0.24828360894275403,-0.31391229754459,-0.45329095955545695,-0.27076785542637427,-0.14148197415650768,-0.035306961708216004,0.8935263835152953,0.3727871182968013,0.4243019942623866,0.7494015343764522,-0.0572128804993168,0.619115630896849,0.40959537435702864,-0.47745245612414733,0.12016173802198081,-0.46909229815265835,0.013631013690031835,-0.0021039298241892572,0.41921255592251944
-0.21829463538932223,0.29662208128826456,-0.5429949592132165,-0.21791977419398822,-0.09989572232929979,-0.3394902961641789,-0.16985465567376656,0.5947397977491079,0.4229067459110791,1.0,0.6621211916306154,0.3498010268956947,-0.3131270402921031,0.1704831718455217,0.3536918997048729,0.10923199381481583,0.11398340932038127,-0.46590894689126666,0.2660524974303562,0.5813984687826684,-0.038013343188908685,0.04648855692521078,0.20754688762955673,0.04648855692521078,-0.1351369933427814,0.028975934197335854,-0.14464315383425932,0.03829661817639846,0.5746716396600247,0.4783287490625865,0.9179927756707029,0.7630511709508249,0.370592215617003,-0.2063726844625951,0.1708665620572035,0.3475627329763223,0.10808893918310945,0.159181231786032,-0.5459737832745477,0.24359069331208538,0.6545026130816743,-0.141128141295621,-0.019192302417242027,0.2358617172837096,-0.04024239488169122,-0.2601115386224968,0.05830628439220895,-0.3767000595879018,-0.0026226062905324856,0.4566374632931669,0.5027241626897851,0.9751011263258874,0.6505466805608731,0.33320170761656825,-0.3706251745538875,0.2233671392791284,0.4914582954486488,0.09409919512524946,0.08955266979054106,-0.5330437455038383,0.28486634605196337,0.3221367891194502,-0.14849135256875207
-0.38726753578591355,0.4130864913147542,-0.28685561347564337,0.00972227946833271,0.02786854552226255,-0.24647370535707458,-0.2152501049252024,0.7307747500193856,0.3872838480531241,0.6621211916306154,1.0,0.22785649162622781,-0.12392668862774386,0.5328532217582203,0.4676504891367736,0.11576785930698087,0.4159854557239405,-0.14629455672865288,0.6626635543459808,0.6926809880232234,0.12837161987013607,0.45330962014842546,0.3252470743227762,0.45330962014842546,0.11691597200191511,0.0833754529309494,-0.02488095727796871,0.007256687865334336,0.7373346054659385,0.4533627218014188,0.6892938789698148,0.951781978133419,0.28659624482186635,-0.07213735883834589,0.5466262573684215,0.4443022851409128,0.13171452646426424,0.40704646248538584,-0.25036048036887704,0.5135546264706966,0.5557625130264212,-0.07871665686071588,-0.16984997746526376,0.3523401819516788,0.3798630254946698,-0.04214621892660956,0.12412833871977352,-0.22685446144566324,-0.06034438506364311,0.6605808089800885,0.28795381217663113,0.7003765556081317,0.9357579625372445,0.21475404191635641,-0.1419027332372382,0.48032156772625917,0.45077889026489054,0.09666768242006653,0.3719955203864933,-0.21206312175908315,0.6479635549161742,0.582193520861274,0.041279157707232686
0.5814654370522349,0.5889150607304916,-0.3407226069363885,-0.09586494175330765,-0.6695303681364678,-0.03503492072339451,-0.0909066241208178,-0.23523252890411273,0.7760419691375038,0.3498010268956947,0.22785649162622781,1.0,0.021035691132153048,0.4150407325206276,0.5839801304389413,-0.48116622818446037,-0.15368883220654503,-0.6629406744817321,-0.135200518167884,-0.18755814392780717,0.2225531999995994,-0.08005473433617301,0.16018688871101944,-0.08005473433617301,-0.10436014780447218,-0.48695323845623284,0.015800586770805973,0.08221448217714902,-0.10381460903654659,0.7277750123728487,0.306936118460191,0.29834386617010455,0.9314721080843775,0.09471017478228148,0.3428032022660322,0.560529015503062,-0.5097991985816852,-0.08124679862603298,-0.7418535637889414,-0.4110293530321599,-0.043102440822475545,0.2823842390300361,0.6726841163242159,0.46409343432184375,-0.09109177169904262,-0.15434170187508311,-0.509615038396506,-0.11992845081993245,0.01659647446858824,-0.32110361289549777,0.7610652588851764,0.255499606255344,0.268545042076348,0.9792817809414636,0.05868895045041311,0.4565114413365834,0.5043191526510771,-0.5075410869126609,-0.1498647318444036,-0.7073253621850876,-0.30862194927220454,-0.26259301068626634,0.2976518456397587
0.5287534407039625,-0.06059786709353411,-0.08197632109157023,0.6841383115989449,0.40875305979752385,0.7584924861168139,0.6629881850877098,-0.1802450453812711,-0.10105313484361811,-0.3131270402921031,-0.12392668862774386,0.021035691132153048,1.0,-0.2173069834825602,0.47924994299878343,0.4935231330915552,0.22263753186523114,0.30191083661467605,0.254187633863559,-0.05482117473537214,0.5839537858090973,-0.1714677036972311,0.17912578758536715,-0.1714677036972311,0.7079459184054294,0.4369231294082987,0.6763100644685961,0.6484018157385033,-0.044494840074003,-0.002568731033848151,-0.18579204217502868,-0.040841620840639754,0.10877126940466439,0.9414162934901913,-0.24110435565874222,0.4622690141287042,0.4752781991039278,0.12554556395163968,0.24863631302950304,0.032762005694397564,-0.030226556985867837,0.5231585953875044,0.4240460412292816,-0.045626898720302934,-0.20950560145450534,0.7175985555871244,0.3550073325711208,0.7001872144668684,0.6173467793793189,-0.12494985451765597,-0.13909008270658693,-0.36264169130653395,-0.06155586558049995,0.0662933673322709,0.840290448332331,-0.3163106425398065,0.3708229364603185,0.45100643942750224,0.1845313152482088,0.2086590663593794,0.007774658264176584,-0.27070124881593627,0.5604587570844216
-0.13085742361599115,0.6760515237679575,0.18835351899289812,-0.3943344892756534,-0.43287427934033906,-0.35341371932579657,-0.4107600521400273,0.040657027427164726,0.5576919044759676,0.1704831718455217,0.5328532217582203,0.4150407325206276,-0.2173069834825602,1.0,0.23284997918125494,-0.4448622524373608,0.10698628969074324,-0.07713494266232825,0.2684711095173807,0.2710177803247087,0.16480231290570416,0.6305184043402952,0.3099356336897988,0.6305184043402952,-0.21499888745594664,-0.3587075424200247,-0.15979798736409045,-0.2019703702794954,0.16240503433141507,0.532944127651364,0.22708849980797824,0.4505141725805469,0.4095044446583116,-0.19138876863139218,0.9807875301903611,0.3025871008257713,-0.4405018048421645,0.17141654698013356,-0.16086096691662358,0.20273857818441396,0.08295458591075404,0.20775349916614172,-0.01713212980669638,0.6943559735008716,0.5550087646496057,-0.37129112565185385,-0.3604294797587675,-0.3313533526941873,-0.3379182063849646,0.013320270634214652,0.3901814959285869,0.15143975454285458,0.45676816521168295,0.36344520370143696,-0.12765430741338657,0.9441532942776165,0.06076589068619816,-0.4680870767505885,0.00799029671647073,-0.13697748233985146,0.20554142951386012,0.3523176322349283,0.0960463644826275
0.3727527894384367,0.40421598293444283,-0.49370688951054165,0.43993087712749196,-0.16622746248425604,0.4216828898145636,0.28747086736602145,0.16267993618910154,0.5458490691327718,0.3536918997048729,0.4676504891367736,0.5839801304389413,0.47924994299878343,0.23284997918125494,1.0,0.11694149316429572,0.18118824630865582,-0.28337971211518703,0.31190196948449905,0.25159621389028847,0.5203637731423661,0.03663023514800646,0.25243559921344894,0.03663023514800646,0.458958851305225,-0.07755592911196711,0.4513145831373029,0.45887828582311607,0.26162324464193776,0.5666906645089644,0.3811768531997894,0.5452479152929676,0.6162315455496931,0.5376979479839716,0.20921477290397766,0.9670041614893549,0.13967248724438822,0.1131803366438725,-0.38584663513129946,-0.05921619678681636,0.3597207090365147,0.3870726287485492,0.5332865477918654,0.2615033010899089,0.10283979700776763,0.3673617891789062,-0.08879960287637802,0.3351176425346381,0.37242512677194806,0.11013196009243507,0.4988709975882343,0.30070466383534805,0.5168803350767985,0.5844649529896966,0.41907334991727707,0.20186199784068304,0.8969426633060592,0.09376750621086159,0.10529568582632308,-0.3543683153610345,0.12628199101408735,-0.021316069340197495,0.4520607703650782
-0.1256283198925596,-0.48419200095803794,-0.3257190277709188,0.5681449785121614,0.8089545227448164,0.431687011116012,0.4702362682293864,0.3637495475529374,-0.45724913453381644,0.10923199381481583,0.11576785930698087,-0.48116622818446037,0.4935231330915552,-0.4448622524373608,0.11694149316429572,1.0,0.3550338646959303,0.42732764944202484,0.4414854293364246,0.43746785986751807,0.1974826080603781,-0.19698683203373002,0.057577834053301816,-0.19698683203373002,0.5724516498089772,0.8344677834848837,0.46063004224928467,0.43831143153211327,0.376703307320415,-0.2294126598666434,0.200067084569068,0.2164780704876025,-0.3420064619467701,0.4793377409229471,-0.42028343355910924,0.13464648505975366,0.9830562088819955,0.2797530044529163,0.3915278387432468,0.4754754440197315,0.4128945215239143,0.08976297841516045,-0.08492071848495054,-0.406343323250353,-0.280011885063561,0.5604664602383813,0.7724155400117949,0.41451417788515266,0.4309060952085127,0.375146226284682,-0.40977020908262946,0.12012664039806939,0.1364188670983111,-0.4346675011599953,0.25309872195332994,-0.5263327176098813,0.16013745751057504,0.9608011637919515,0.33550500293899665,0.32844520513508835,0.33700444706768806,0.14460163906439194,0.018814113334519482
-0.131909401831214,0.2858401397818601,0.3326268601558109,0.06170507171984437,0.4372127236774203,0.04522041098043491,-0.08305523915364181,0.49293603415922294,0.18061472519515492,0.11398340932038127,0.4159854557239405,-0.15368883220654503,0.22263753186523114,0.10698628969074324,0.18118824630865582,0.3550338646959303,1.0,0.39273354370276453,0.7687205874209552,0.18462289125035852,0.49335058484173583,0.3387941984149856,0.4850964548300929,0.3387941984149856,0.2296341263770576,0.45211739334390794,0.14814700809320014,0.033256054227134235,0.5434559911210907,0.2990830209052484,0.2188925436601188,0.3205622093582682,-0.07332073028825072,0.11801531891923214,0.12587081108177572,0.1796662716981218,0.3577134242002585,0.9526085005935766,0.31178911964771333,0.6581547652355967,-0.038709663148338055,0.38039436882442096,-0.18544299771752443,0.31277884008535195,0.2195731174570487,0.08510112265007934,0.39497810152022855,0.02568871483668428,-0.04157699628946113,0.5077842512882642,0.028464545647382263,0.17671274029277106,0.4064688625880487,-0.13752922012589616,-0.007465810072307833,0.04221863820346172,0.01906474453977744,0.3102549476363485,0.9180350599688667,0.32619240870258887,0.652975883942139,0.2986323023550486,0.43561279246351187
-0.2379777186404309,-0.1597319425270278,0.5310839026888279,0.21187185087982258,0.5972547960069351,0.2605714667447282,0.1310770164660182,0.07307146645270539,-0.41674914182906836,-0.46590894689126666,-0.14629455672865288,-0.6629406744817321,0.30191083661467605,-0.07713494266232825,-0.28337971211518703,0.42732764944202484,0.39273354370276453,1.0,0.3795857743895893,0.18565935583575305,0.3176108134785584,0.46276824285406737,0.33659621428747505,0.46276824285406737,0.4092531320964025,0.5530413932724566,0.3784655675629482,0.11712340088591798,0.25498152617284725,-0.26881469257487256,-0.22085668396543354,-0.19832489887793964,-0.4712778359756897,0.3050277759848578,-0.018255063100153766,-0.20796549443571669,0.4587883725807828,0.37689165472087455,0.9468324030606153,0.4878296210080753,-0.07936722164573813,0.27130220850932696,-0.3081526143566894,0.02369792352088045,0.2439899075693652,0.3244795660603423,0.5271267116631005,0.34337569750593244,0.12037473748890867,0.2440566467797495,-0.41777222329851227,-0.38832472175023125,-0.09034047053881038,-0.602194330073852,0.24722643572162478,-0.1386345547720073,-0.3696635444356882,0.44505801960593905,0.41056186717753146,0.951474282451277,0.3078494976564698,0.3043217614153023,0.24510297252202345
-0.21814243633023644,0.24394404581684087,0.05811147831479349,0.26901108950505226,0.5020202163332559,0.08638357966607418,0.021594891419129104,0.6178352806773498,0.12771693390363562,0.2660524974303562,0.6626635543459808,-0.135200518167884,0.254187633863559,0.2684711095173807,0.31190196948449905,0.4414854293364246,0.7687205874209552,0.3795857743895893,1.0,0.5503738399219015,0.3750153767705044,0.4802584311877719,0.4319838101936206,0.4802584311877719,0.42708217868423914,0.5353466019016216,0.28157568949103223,0.18893670487198472,0.7267946140131357,0.2269788335442565,0.4128673682551211,0.5936623159024191,-0.019598734111554265,0.22558922320445368,0.29152862739185925,0.33336169625734446,0.4570796550011276,0.7743276934335224,0.2516494073430972,0.852519524380435,0.3076652975362814,0.19116944551589518,-0.15388278389465856,0.2716988595559853,0.32308646158719173,0.2753084373638317,0.5178233997785874,0.10235118963860391,0.13595878966250782,0.6470510386191936,0.0312827630885836,0.32092145380120496,0.6576840830271222,-0.1253884276195138,0.16228896461581727,0.15763341755642368,0.22000582158051057,0.40949218040995267,0.7414280446946317,0.290698742556106,0.8236568168573934,0.5643795862939435,0.2594358132580643
-0.5664722863668046,-0.0032257946492424525,-0.38709360741279475,0.18038208530932665,0.3436590073316831,0.032581720458248094,0.08111377562379073,0.6188940231191269,-0.032592253842526016,0.5813984687826684,0.6926809880232234,-0.18755814392780717,-0.05482117473537214,0.2710177803247087,0.25159621389028847,0.43746785986751807,0.18462289125035852,0.18565935583575305,0.5503738399219015,1.0,-0.019935828575453434,0.4284047106517332,0.15278201446826045,0.4284047106517332,0.33489480050850595,0.3487509584064238,0.25250340371883784,0.23850624876516494,0.6814280595623492,0.1056556794799214,0.6494153628200502,0.7602981479418908,-0.06351519178862147,0.04648188309165777,0.3184365434166695,0.3220199597400282,0.4733070002255408,0.19294739209793726,0.13548802207871205,0.6412532460353219,0.906276294436938,-0.1846418955577103,-0.37053540191392137,0.05992081128473959,0.2747717163811475,0.1987621172549193,0.425969490686242,0.09284774668642523,0.2225519596086755,0.6026045680737979,0.008659466113555496,0.5995562260623647,0.6759389094914808,-0.18317374971499356,-0.10461441161849266,0.21374093043179085,0.3825344563167672,0.45165849118521495,0.15624516523410237,0.11553481561336103,0.5931120481108016,0.7293790179707598,-0.22091501039948783
0.47458972157211615,0.5415362382639975,0.23769784968796254,0.18586872535104504,0.09782531775307358,0.39745068523459537,0.3085420550380952,-0.06824223674692693,0.448044557219137,-0.038013343188908685,0.12837161987013607,0.2225531999995994,0.5839537858090973,0.16480231290570416,0.5203637731423661,0.1974826080603781,0.49335058484173583,0.3176108134785584,0.3750153767705044,-0.019935828575453434,1.0,0.14875653876337835,0.7401013413739803,0.14875653876337835,0.4210955154562493,0.18079250502172037,0.48301059597185897,0.4425685510561369,0.16959876407037672,0.5435602854421909,0.13801713706675608,0.17641335881985595,0.38126873921041676,0.5561796868911407,0.13097977638868474,0.5148605016461516,0.2381177234118193,0.42403876796778933,0.15671408070077697,0.07010622780540027,-0.1202499837125933,0.9269394288631633,0.4205932293970841,0.5883056546049876,0.04741071880606254,0.23125483623400026,0.06979208010188892,0.3368421013218071,0.3353150853947243,-0.020690237388536432,0.32694025365731993,-0.04721914724317693,0.17507349714970452,0.27584286960877136,0.41422796248547467,0.16130332401803768,0.29172992326291564,0.16069854703195352,0.36579959331887696,0.14584669504155337,0.05158124071585795,-0.22871823888939782,0.9335689009465775
-0.41626714602444326,0.4084165837672948,0.433548620452623,-0.23124724313808426,0.004098020952762439,-0.2677347870817834,-0.4618292591372897,0.39607220922361824,0.2861382710421335,0.04648855692521078,0.45330962014842546,-0.08005473433617301,-0.1714677036972311,0.6305184043402952,0.03663023514800646,-0.19698683203373002,0.3387941984149856,0.46276824285406737,0.4802584311877719,0.4284047106517332,0.14875653876337835,1.0,0.43933025681453725,1.0,0.03151036649569398,0.020053440709060497,0.010429142616861719,-0.22645495317752556,0.5443275254362506,0.328202574274183,0.23265313632395027,0.32603612245367836,0.047645863027148565,-0.09969340473829563,0.7195289429367022,0.13875879536065436,-0.15755310714958892,0.4049328568357206,0.35752044595280835,0.5118448673116164,0.12402157020779563,0.055334974258094104,-0.2800535061692312,0.5173624178200842,0.8162890378596234,-0.1564342191961713,0.07780465454369284,-0.16590739931008144,-0.27279693823855955,0.4644727675112878,0.25884388180039825,0.10921655354391645,0.48304116518226564,-0.06416746400844663,-0.008890483307809175,0.593137673983644,-0.029811991082121944,-0.16795741645329532,0.35083445529900376,0.47016353169336694,0.5548597791489687,0.715579027795278,0.09438675587552874
0.18719514874716411,0.695380075301802,0.33368081310411796,-0.09957631518190814,0.13534878649511187,0.029501322354118373,-0.020831701086106852,0.2779795903980926,0.4860393356767021,0.20754688762955673,0.3252470743227762,0.16018688871101944,0.17912578758536715,0.3099356336897988,0.25243559921344894,0.057577834053301816,0.4850964548300929,0.33659621428747505,0.4319838101936206,0.15278201446826045,0.7401013413739803,0.43933025681453725,1.0,0.43933025681453736,0.20539447166719357,0.25298811848398123,0.2834419927247421,0.2147276983291715,0.4899073814466398,0.6006383185584719,0.42404826481410157,0.3296811536749083,0.3858034798994219,0.16811262060563523,0.3269393168593874,0.23831427533075414,0.10935291085262772,0.4720217863933382,0.146135197357077,0.24604651227118146,-0.01799805093490536,0.6180102487763981,0.1673538917415394,0.8002475702192806,0.20267344624707898,-0.0530567304549065,0.1980422937088882,0.035513152748274296,0.16343080280966196,0.31281395773376613,0.4358967391713058,0.24823736110671868,0.45132238388234863,0.24584278066304355,0.18757032545409905,0.39421502989657986,0.15897385582852316,0.08630756016493121,0.5068138272262812,0.2309585425910191,0.22568838874743583,0.12664644589676863,0.6995508651903718
-0.41626714602444326,0.4084165837672948,0.433548620452623,-0.23124724313808426,0.004098020952762439,-0.2677347870817834,-0.4618292591372897,0.39607220922361824,0.2861382710421335,0.04648855692521078,0.45330962014842546,-0.08005473433617301,-0.1714677036972311,0.6305184043402952,0.03663023514800646,-0.19698683203373002,0.3387941984149856,0.46276824285406737,0.4802584311877719,0.4284047106517332,0.14875653876337835,1.0,0.43933025681453736,1.0,0.03151036649569398,0.020053440709060497,0.010429142616861719,-0.22645495317752556,0.5443275254362506,0.328202574274183,0.23265313632395027,0.32603612245367836,0.047645863027148565,-0.09969340473829563,0.7195289429367022,0.13875879536065436,-0.15755310714958892,0.4049328568357206,0.35752044595280835,0.5118448673116164,0.12402157020779563,0.055334974258094104,-0.2800535061692312,0.5173624178200842,0.8162890378596234,-0.1564342191961713,0.07780465454369284,-0.16590739931008144,-0.27279693823855955,0.4644727675112878,0.25884388180039825,0.10921655354391645,0.48304116518226564,-0.06416746400844663,-0.008890483307809175,0.593137673983644,-0.029811991082121944,-0.16795741645329532,0.35083445529900376,0.47016353169336694,0.5548597791489687,0.715579027795278,0.09438675587552874
0.2237543961494294,-0.19848805295569827,-0.27704890731311194,0.8898116577068123,0.5019343638593576,0.8275977326979985,0.6642984601079024,0.10703664530543557,-0.14606855518025907,-0.1351369933427814,0.11691597200191511,-0.10436014780447218,0.7079459184054294,-0.21499888745594664,0.458958851305225,0.5724516498089772,0.2296341263770576,0.4092531320964025,0.42708217868423914,0.33489480050850595,0.4210955154562493,0.03151036649569398,0.20539447166719357,0.03151036649569398,1.0,0.5736734633464927,0.9248335213782964,0.7767099945984899,0.3299844965046762,-0.013609382899019888,0.08393576450351631,0.19683654098069855,0.09448317509703695,0.7217647782203639,-0.17711877479874624,0.4616066332977797,0.6329469576467538,0.1738443596704903,0.36266213558980115,0.23394595794142536,0.32944462135214003,0.2386880602025905,0.25485492063896087,-0.14378577381976065,-0.018659152684890053,0.93169344244823,0.5886753864671451,0.8676228374488385,0.7948916028609458,0.2231230860376877,-0.128514251830716,-0.11349275773576781,0.2619072976552264,-0.007867122990244911,0.7017196982066718,-0.2474681409985907,0.5075055987969481,0.66161031116389,0.2975043791967803,0.3918803366813943,0.2732669252548166,0.1457004746123306,0.3699749939511973
-0.12498132185948836,-0.35253665073991103,-0.06380650386770284,0.4574602875013388,0.9001522042883887,0.34119123732953255,0.3311785600326189,0.4265229259275891,-0.4304930727782596,0.028975934197335854,0.0833754529309494,-0.48695323845623284,0.4369231294082987,-0.3587075424200247,-0.07755592911196711,0.8344677834848837,0.45211739334390794,0.5530413932724566,0.5353466019016216,0.3487509584064238,0.18079250502172037,0.020053440709060497,0.25298811848398123,0.020053440709060497,0.5736734633464927,1.0,0.5036429464394516,0.4137196838953824,0.5160248107715601,-0.1816568608981101,0.2248636836922178,0.1395046376640447,-0.27632253799683537,0.41337992513203237,-0.3013458941831047,-0.05134502170252559,0.8357494324960385,0.4343719788477901,0.5010055594887152,0.5708799106458805,0.22015678477422268,0.07263575620349659,-0.12953232195562567,-0.21153451312688476,-0.16025635063317473,0.5014101232088435,0.9436718090451969,0.39667469582003706,0.4340831731881411,0.4831258154042432,-0.3724157198333754,0.08035118987397868,0.18623441952595574,-0.3981785570100992,0.31496220006607467,-0.4066695366838971,0.007822133358437637,0.8600683718633315,0.5243520406188159,0.506944644866204,0.42822549332248755,0.30157927358196296,0.08266508281198466
0.35927591578671836,-0.09671807888389537,-0.2574446155873002,0.7681263147237188,0.4028032973810644,0.8745537302979155,0.7031789815390102,-0.059289140004190215,-0.0773368670938613,-0.14464315383425932,-0.02488095727796871,0.015800586770805973,0.6763100644685961,-0.15979798736409045,0.4513145831373029,0.46063004224928467,0.14814700809320014,0.3784655675629482,0.28157568949103223,0.25250340371883784,0.48301059597185897,0.010429142616861719,0.2834419927247421,0.010429142616861719,0.9248335213782964,0.5036429464394516,1.0,0.8507184058084488,0.23323820095780637,0.08660560152401847,0.10697877333834341,0.0999915601942383,0.24184603697029097,0.7111278661487279,-0.12251826239491759,0.49067313581555555,0.5301453056164007,0.12949173085352642,0.31637198929047966,0.11896023588512912,0.29220920086976554,0.3712293468139793,0.36969402538625323,-0.02059689210061541,-0.06416324240342508,0.819159989173277,0.5284292195330795,0.908331794420814,0.8547664921359904,0.06947911201900978,-0.03261374958119806,-0.13618428110393338,0.16566499529702536,0.12672614943816365,0.6906585451190975,-0.17174467214931285,0.48841548515784444,0.5601784347013604,0.23284457546353313,0.3626498805939335,0.09802373460713346,0.06347327079340001,0.451383355676484
0.4248086989809313,-0.07196747007202337,-0.39713243053566455,0.6451584272205302,0.30744531242986733,0.7769709097707821,0.8810807060210005,-0.06897587447344596,-0.043899845490545424,0.03829661817639846,0.007256687865334336,0.08221448217714902,0.6484018157385033,-0.2019703702794954,0.45887828582311607,0.43831143153211327,0.033256054227134235,0.11712340088591798,0.18893670487198472,0.23850624876516494,0.4425685510561369,-0.22645495317752556,0.2147276983291715,-0.22645495317752556,0.7767099945984899,0.4137196838953824,0.8507184058084488,1.0,0.1439311330547128,0.07778371858650478,0.20127387000018745,0.17599532510766056,0.2637454289022408,0.6803545892687743,-0.19871841226296016,0.4676274006808427,0.49515744440907,0.016884075131145208,0.03322957324555787,0.050381726272069126,0.36306231803510136,0.33331237771021033,0.43426136761476,-0.01889598835202097,-0.2821211533204914,0.679757221427922,0.43268015690771167,0.770152472084569,0.958178738131859,0.00026568235914458424,0.00023578047351746235,0.02079526370749767,0.1648974832045625,0.16414895217056968,0.6366281898761997,-0.21773326500810927,0.551595765568723,0.5062905380321219,0.10717330962160089,0.06545513379210637,0.013579345188424373,-0.08219513026360338,0.4271774749867907
-0.3875904537078585,0.16887169528892748,-0.14458586946315544,0.11454636767080392,0.3899135982534771,-0.13117584972181587,-0.1551537920217084,0.8868659517585329,0.15247891710661687,0.5746716396600247,0.7373346054659385,-0.10381460903654659,-0.044494840074003,0.16240503433141507,0.26162324464193776,0.376703307320415,0.5434559911210907,0.25498152617284725,0.7267946140131357,0.6814280595623492,0.16959876407037672,0.5443275254362506,0.4899073814466398,0.5443275254362506,0.3299844965046762,0.5160248107715601,0.23323820095780637,0.1439311330547128,1.0,0.33120609195426354,0.7591463219459126,0.7222138079132883,0.10274885237612329,0.038206814073175006,0.24940432744396174,0.27581782685235073,0.42975869212748835,0.5831100331554443,0.12261950350637109,0.6568506226963889,0.49902451070845594,-0.06891963360297376,-0.1640400077841944,0.2181049819652963,0.39383231856393214,0.10994670279538794,0.5659087870991606,-0.05929394011476445,0.1241334812156901,0.9239489429591757,0.2096548112367288,0.6784511993318627,0.8266802462226799,-0.033957156470975934,-0.0040214085269886166,0.1599581704021047,0.3492834707266927,0.4436268672144943,0.6180680323323672,0.23891567884292522,0.7653997713231617,0.6772172146264869,0.08243416523341712
0.36234035971332557,0.7505288247533296,-0.06550157665461291,-0.20862041930523975,-0.41066904806631593,-0.12654230547330078,-0.21929211576128535,0.15978318077026285,0.9276080685802567,0.4783287490625865,0.4533627218014188,0.7277750123728487,-0.002568731033848151,0.532944127651364,0.5666906645089644,-0.2294126598666434,0.2990830209052484,-0.26881469257487256,0.2269788335442565,0.1056556794799214,0.5435602854421909,0.328202574274183,0.6006383185584719,0.328202574274183,-0.013609382899019888,-0.1816568608981101,0.08660560152401847,0.07778371858650478,0.33120609195426354,1.0,0.5615708214154467,0.48795483630525527,0.7878132862318133,0.039643972954759285,0.5172988166458553,0.5851221384115162,-0.21689209556244243,0.33984615305179505,-0.4349231519341029,-0.029466481306589444,0.06428884852036243,0.5107644163977368,0.4930622826023558,0.7201435066245234,0.21894252644705234,-0.23280973722370216,-0.22468336733074856,-0.18095400968867853,-0.034635013887249565,0.10329474583917576,0.859223564030651,0.44714113898279895,0.5251123504781618,0.7410102149794199,-0.030464092463810183,0.58122596127056,0.4360337089273958,-0.24305323231443088,0.2538996912924696,-0.35833698131446196,0.07477686959441415,0.06826783306086245,0.49202121379127656
-0.16436097987305764,0.3288652769062406,-0.4692904827911401,-0.10965596260932274,0.027168030014133353,-0.2195469744712685,-0.10895883523256704,0.6406671486507131,0.4213678349256804,0.9179927756707029,0.6892938789698148,0.306936118460191,-0.18579204217502868,0.22708849980797824,0.3811768531997894,0.200067084569068,0.2188925436601188,-0.22085668396543354,0.4128673682551211,0.6494153628200502,0.13801713706675608,0.23265313632395027,0.42404826481410157,0.23265313632395027,0.08393576450351631,0.2248636836922178,0.10697877333834341,0.20127387000018745,0.7591463219459126,0.5615708214154467,1.0,0.7963597914002649,0.4485949499116614,-0.061013082571658925,0.262001237554695,0.40233985504721953,0.23069343744696372,0.2893695679501487,-0.36462258256710817,0.35653662345320764,0.6368424431986156,0.0006229033694577571,0.06798209334489179,0.34751255508776113,0.07854074911455752,-0.1083342588261684,0.2533789502027272,-0.20793296933433447,0.1528303848608602,0.5829819274027015,0.5073998722621467,0.9403027436940451,0.7536611543407856,0.3491478688600972,-0.2119222392811485,0.28450308764185445,0.500262208071705,0.22851938528350493,0.23866637236631214,-0.29881259847532365,0.38634027383458514,0.4163055353020655,0.027889362859254106
-0.286294878111715,0.3665025768765012,-0.4654540463395424,0.07378429868640365,0.043359863847234136,-0.13818171942835317,-0.06086630546747771,0.6648976524003285,0.37526657919635603,0.7630511709508249,0.951781978133419,0.29834386617010455,-0.040841620840639754,0.4505141725805469,0.5452479152929676,0.2164780704876025,0.3205622093582682,-0.19832489887793964,0.5936623159024191,0.7602981479418908,0.17641335881985595,0.32603612245367836,0.3296811536749083,0.32603612245367836,0.19683654098069855,0.1395046376640447,0.0999915601942383,0.17599532510766056,0.7222138079132883,0.48795483630525527,0.7963597914002649,1.0,0.3827099159961664,0.05561772967756878,0.45327623806545414,0.5343006765434654,0.22984446489621066,0.32948895264654926,-0.3184657332210303,0.45392740163008993,0.6929016705376584,-0.01815203824703063,-0.05695508649097255,0.32679021381922735,0.21325159477544986,0.024322463217119075,0.1656204392504568,-0.12899551326889205,0.10797640786780152,0.5948435382158633,0.3452296985181355,0.7735713437042322,0.9201313419362744,0.29936882987411034,-0.10769144477042274,0.42051909498257684,0.5788397011864324,0.19684293441036813,0.2774312192122879,-0.3048460319525769,0.5342177799391595,0.4974192096707032,0.06749375099169211
