Fp1,Fz,F3,F7,FT9,FC5,FC1,C3,T7,TP9,CP5,CP1,Pz,P3,P7,O1,Oz,P8,TP10,CP6,CP2,C4,T8,FT10,FC6,FC2,F4,F8,Fp2,AF7,AF3,AFz,F1,F5,FT7,FC3,FCz,C1,C5,TP7,CP3,P1,P5,PO7,PO3,POz,PO4,PO8,P6,P2,CPz,CP4,TP8,FC4,FT8,F6,F2,AF4,AF8,O2,P4,C6,C2
1.0,0.5379009569561873,0.590347778934458,0.3804843763421972,-0.044545870608194156,-0.12368454892980038,0.25587084638190755,0.06875007426018384,-0.1824682682022434,0.40927872569592466,0.06539866960086743,0.3974040682936985,0.5405790072090588,-0.14110458416706267,-0.10292295234124975,-0.054532666617925704,-0.1317215698053527,-0.21531086827459953,-0.02514751748092867,-0.261533175781902,0.21374180201404655,0.3493901600049265,0.17399222457201283,0.3493901600049265,0.38351566070024395,-0.0601668416231265,-0.07177880770140577,0.15685025071827263,0.0751161348832076,-0.13156052855403014,0.3087835237209171,0.04914133247222389,0.2674206762015717,0.4060524170636142,-0.15744394836077005,-0.028970992504763923,-0.1168820720645627,-0.2126006777105916,-0.28619863361539793,-0.03173467800189458,-0.1983398002036572,0.16067789557057677,0.7637672738284722,0.40312543215484015,0.04672851935621348,0.32591699747068087,-0.288917254253709,-0.23293050031472082,0.1974538842517316,0.006000392630078627,-0.384587829091037,0.33271253024012953,-0.05408318616433142,0.27518124663097365,0.46999148976160227,-0.13155941142899938,0.08711865707869575,-0.09460169981310003,-0.1641286623307651,-0.34243412253099637,-0.11827111732371742,-0.19279286046466812,0.20757022542733217
0.5379009569561873,1.0,0.518568500897727,0.37685026093588986,0.3945371014508672,0.06242368764290636,0.5532909495214635,-0.017026480035356856,-0.18574346208454195,0.4519343307061346,-0.10177074298228173,0.5865738940021321,0.7779289096707449,0.3332094495061419,0.372478033820716,0.2311673874228796,0.14087588366282802,0.07191339275608442,0.1265215898117758,-0.22974577659627357,0.7224678645146092,0.3500007011792163,0.6315622160559894,0.3500007011792163,0.3616021320715443,0.24495050166151022,0.01051600281902182,0.43075301639147134,-0.04060773252226107,-0.111856077557121,0.34865644558383374,-0.0782148947058666,0.49206501672845815,0.744862005293453,0.24988625610259665,0.4162119552286085,0.16197418751123369,0.08999544343630005,0.08463775089896473,0.008175201534955498,-0.17327615829197712,0.6660864723041363,0.3938629636315244,0.861768272919486,-0.10610273175778996,0.36565030594797215,0.20711553749454073,-0.008451479990501323,0.5046847834978131,-0.07116590461602369,-0.2708482041914941,0.4347529128820639,-0.23161708981217027,0.518877970109305,0.5663404887537771,0.34654192174931564,0.44485803408247926,0.14939526111749563,0.046269107281362125,0.0270135950697486,0.09150255064682955,-0.15211881812579742,0.6689491311122704
0.590347778934458,0.518568500897727,1.0,0.09222182291775806,0.18789013707146737,-0.2713424522744935,0.347360807408554,-0.03956047974411354,-0.2092729378739528,0.45794954438467883,-0.13101238546026708,0.5284304056438048,0.4691766896294031,-0.12136323843234559,0.16637277145146548,-0.19170886245329438,-0.10794149160518299,0.1130632031987657,-0.05053981999221222,-0.08193571690198836,0.28972358962345324,0.727608148195884,0.3172185529047435,0.727608148195884,0.0021762041795753456,0.20261572748389048,-0.10241496425733765,0.11087817069170379,-0.03155321015548199,-0.13449365469041422,0.40120633582606513,-0.052505829806054866,0.4744403340274436,0.4174712770771081,-0.14239994290320743,0.2176066868153575,-0.25020253122330893,-0.1990291137979634,0.05282597191888006,-0.05371943675495105,-0.007385394459529425,0.2835262147595383,0.4001073554592695,0.44325184682393337,0.32494364679381027,-0.04512362202276789,-0.04346217033404359,-0.32169468248030453,0.46719533806017133,-0.12169198311709298,-0.3872337629052165,0.4158320938055925,-0.22931234710811438,0.44753511980977934,0.3634136363877352,-0.0932979014766253,0.39697303626452657,-0.23761737637563723,-0.2345882506761035,0.005310609413657907,-0.07103502917248039,-0.06291879965572061,0.24738934174105354
0.3804843763421972,0.37685026093588986,0.09222182291775806,1.0,0.5154867798154635,0.408246909936185,0.4350868853441488,0.24467998202565835,-0.20918805948187988,-0.06705613941224865,0.0442068420308211,-0.03840922609082419,0.18929378621483184,-0.07715515984378733,-0.19464928463890543,0.274488458703147,0.14760579714935443,0.17290246272956003,-0.06237136486586643,-0.2798799188092965,0.15663469372398378,-0.19433249610342318,0.09922560045647277,-0.19433249610342318,0.8921104658510269,0.22939056459333562,0.03166001733115759,0.5211997535664877,0.3138741045381252,-0.27641496306909,-0.28130727580776943,-0.010819654623194681,-0.1491771712426008,0.0411132773582896,-0.24379656452915846,-0.20555633941337753,0.22772643789449706,0.06777696109905607,0.07156881613003854,-0.09324558523083538,-0.2686699166587319,0.05387080183787489,-0.02008158908646842,0.12240922865688454,-0.24878965261200098,0.8405596513422878,0.2495144144957441,0.19027804292286346,0.23002967039440808,0.18659328395232413,-0.33952765291215137,-0.2359590872940475,-0.12404432882819129,-0.16859110713292408,-0.008463959294473323,-0.05810712076755145,-0.28460454043993766,0.21072743652697654,0.00771194977474161,0.05083946863151538,0.0293068057688749,-0.3282781629560437,0.14975250071217985
-0.044545870608194156,0.3945371014508672,0.18789013707146737,0.5154867798154635,1.0,0.6095134267991963,0.2883047522714136,0.2627667766363067,-0.08249316572469179,-3.844839169589304e-05,-0.061802384327125225,0.0681110306494796,0.2641108529918792,0.1823696670367287,0.13034828287252645,0.3618261703475562,0.4771692923806909,0.4015414724533467,0.20927396923416444,0.17038701280844445,0.3713111134874213,-0.09829940087014183,0.2701264262700114,-0.09829940087014183,0.4017564647303772,0.6832470984165093,0.21508008528202527,0.2893155919192555,0.2619299629041567,-0.09395173894776412,-0.16602948684400312,-0.065674614192338,-0.019810719149527933,0.21591628186619743,0.029738260912018043,0.10191089231134245,0.3242829427059837,0.4444102310886108,0.4254523058464771,0.04683134983704179,0.20993670890700933,0.36683489674405334,-0.4169489988803661,0.2603099156727847,-0.12087910247328293,0.42267698213161053,0.8344596677604968,0.48883381887569916,0.21113784544792077,0.2918705790374613,-0.20912588628653064,-0.079346828831893,-0.15690093829685675,-0.01860849297939329,0.041232310234038186,0.18208486400494114,0.05865281625189062,0.3126434211144516,0.3774549920518055,0.3659153281825261,0.2933475540634927,0.1240199107169506,0.40073284432957196
-0.12368454892980038,0.06242368764290636,-0.2713424522744935,0.408246909936185,0.6095134267991963,1.0,-0.16581255284695706,0.503522605218909,0.3286365579804067,0.013617223373292164,0.36456685356166535,-0.08714448487368585,0.12486589065303576,0.4865914550738026,0.24674924365457038,0.6654992327721571,0.6785335449363069,0.4307933437031864,0.6356714685429663,0.4861673648723127,0.21684074861017527,-0.429515425587973,0.08212441022418629,-0.429515425587973,0.39998726243625254,0.3732288082892634,0.5346947914161174,-0.06728373344876393,0.4683986118870134,0.2750095429339864,-0.13467770262790546,0.3153485806586726,-0.17252679312576866,0.0643132842000227,0.37299958949401507,0.1682038431982063,0.6044120406877672,0.6535499243472218,0.46652207848535426,0.4674750503512179,0.48262994275813825,0.18496628442391297,-0.19953643646273683,-0.0407025889259628,0.017486125879843297,0.381757269461149,0.6538146443329912,0.8845501533906116,-0.19799712664623922,0.5566543117491802,0.24754152187468498,-0.05334563186826135,0.3212562648562686,-0.18218847573915334,-0.07665762804845974,0.4669768972066827,0.016443918260943474,0.636622036858209,0.6438632762168072,0.5004266621977077,0.6319303854302407,0.4654914023308184,0.1654670951852345
0.25587084638190755,0.5532909495214635,0.347360807408554,0.4350868853441488,0.2883047522714136,-0.16581255284695706,1.0,-0.32238718002508354,-0.6704220044169781,-0.19045072960798332,-0.6017647870141839,0.030674176823876492,0.39631820770766996,-0.0953906915831851,-0.12395063101794264,-0.10702711339549563,-0.3490285635874105,0.20746754245520144,-0.31175891440421033,-0.5635824594846301,0.44640765766301693,0.1988447528148082,0.2665026487235281,0.1988447528148082,0.38436764000727575,0.27009892376515837,0.06941665893445975,0.8546569702635124,-0.2741534788388351,-0.6639696242042715,-0.2502505134540448,-0.5933993389917479,0.05117488958933791,0.36494019525691823,-0.1458154530758273,-0.06689948109648215,-0.11922154674192598,-0.3693851226022242,0.15553092186073886,-0.24803818330022132,-0.5793204841468519,0.43105665600437937,-0.02970729863885611,0.45858502608313084,-0.556549444747969,0.3735684092925352,0.09780902831016676,-0.231602422117719,0.8807554517991691,-0.3603449677430937,-0.6528625389674191,-0.20827711146478176,-0.7272613654831984,0.058407532312505304,0.3912996944496947,-0.061538574030787586,0.018601959576983094,-0.11366832208004773,-0.4639035199597808,0.09613314303822248,-0.26267000621462844,-0.6125163975241955,0.46208761608985877
0.06875007426018384,-0.017026480035356856,-0.03956047974411354,0.24467998202565835,0.2627667766363067,0.503522605218909,-0.32238718002508354,1.0,0.5025520538875775,0.25528024658254467,0.5149768297852542,0.09380781849747327,-0.0632931945324188,0.12913622793622953,-0.0781819428470087,0.32284661802712317,0.38199983961253264,-0.14597414872828846,0.4680318606245262,0.4110483142659966,-0.1780555178309785,-0.2427648972022085,-0.40626903659155944,-0.2427648972022085,0.047944177204752775,-0.17276431345888774,0.025192914598875498,-0.42257961731280674,0.9159182076869883,0.36062720847327634,0.04229781069319379,0.5204102976548564,-0.03907003343291099,-0.13076718595319706,0.052938450536376525,-0.16799413701192217,0.32339693198728775,0.2809388978450157,-0.16852101104375528,0.28484129115303547,0.4004946966822314,-0.23841595904039184,-0.06969056620304236,-0.2544192054870109,0.18177168017934786,0.04786592724519708,0.057202954317298195,0.3409948131865539,-0.30191017024260897,0.9207304745040644,0.3407625337694702,0.042879051219241016,0.504336356504686,-0.08565954360158479,-0.2957240596735173,0.05898693345319492,-0.16859037094133958,0.2581234335346745,0.3254697690180113,-0.08132928256218638,0.3885183499957143,0.39964252440223413,-0.19846848529587893
-0.1824682682022434,-0.18574346208454195,-0.2092729378739528,-0.20918805948187988,-0.08249316572469179,0.3286365579804067,-0.6704220044169781,0.5025520538875775,1.0,0.6042661565402169,0.7633660737566832,0.3783403935578561,-0.07729620979775904,0.3242296714347722,0.41155746897065104,0.2520258698377985,0.5217574664557117,-0.19252396446050385,0.5495545096270796,0.5378764433143308,-0.16883349078478474,-0.10974863325460171,-0.19630389385310662,-0.10974863325460171,-0.2577537489261622,-0.25390846908276493,-0.07449833550275242,-0.5938365508270279,0.34529149350254695,0.9262172833672737,0.5535688112681046,0.7588436516865916,0.38023314676550013,-0.08905248891824882,0.33253868561427863,0.32089965469670306,0.24765215142883695,0.45912504786768443,-0.13019639069654054,0.3568311650023341,0.5455138727298546,-0.14044058145590552,0.08644256208959693,-0.18878092710600997,0.5132597340765299,-0.2227200459823819,-0.02459492180189081,0.312637713179163,-0.5911302280224437,0.4722756420625922,0.7736597726828163,0.5345743485406492,0.796877410687837,0.3187221386777667,-0.2759089665587702,0.25847868836846266,0.18963263232905656,0.23943519048264533,0.5213959336269207,-0.014135304624600152,0.4139444699996053,0.6199187663941234,-0.15435679412052486
0.40927872569592466,0.4519343307061346,0.45794954438467883,-0.06705613941224865,-3.844839169589304e-05,0.013617223373292164,-0.19045072960798332,0.25528024658254467,0.6042661565402169,1.0,0.4841956842160455,0.8411696330494469,0.5020152122980206,0.3170490180989048,0.5518425137882642,0.13943112976118405,0.3680340657541914,-0.16564324986191006,0.4208580872893556,0.24085217570523237,0.25731356681910605,0.3707437310405659,0.2408610346166419,0.3707437310405659,-0.13249902932813423,-0.05933901763607864,-0.13468422743168643,-0.2542910142749888,0.14160710158416034,0.6372328194499238,0.9216763331873311,0.5298103597657494,0.7734978657118522,0.43007443045577043,0.32622864331348733,0.5397693827234463,0.08095828264530823,0.2769415565127847,-0.1093802328276988,0.27497492130827067,0.3185483917453215,0.2846813597508433,0.5556592948261537,0.42075408190018615,0.48824166948846115,-0.09742826349573691,-0.12151499312419838,-0.0339043850115944,-0.12899841416991883,0.17982263398138326,0.3467741731890635,0.9040392795855297,0.4099807446098262,0.7460824842131776,0.2987833292003054,0.30960361155770705,0.5247681440655391,0.09428720213328866,0.2626954841918289,-0.08571481765139378,0.28461415906082566,0.3696636978519213,0.2982607091194096
0.06539866960086743,-0.10177074298228173,-0.13101238546026708,0.0442068420308211,-0.061802384327125225,0.36456685356166535,-0.6017647870141839,0.5149768297852542,0.7633660737566832,0.4841956842160455,1.0,0.2978947481359476,-0.05431958146989871,0.2577784436754892,0.16248341480775466,0.4013160818347738,0.5472929398252538,-0.08846408465922238,0.5277371712820937,0.3030764428914375,-0.27433331262915256,-0.19394529852036432,-0.020058299136952607,-0.19394529852036432,3.641031114713209e-05,-0.18930476042495717,-0.052262475688558845,-0.5512296650465957,0.46554509416803613,0.7236536102628278,0.4379462599623479,0.9703183384880738,0.2246098265268318,-0.1312234767867093,0.25970563936887564,0.10075734605824288,0.38080134218255873,0.48952488447400133,-0.10603345795833513,0.39867849202042066,0.3768561094088106,-0.29051549344358546,0.28997911983094665,-0.15700693815036773,0.4369162004528576,0.04942072042620802,-0.0028220970477329673,0.3412595068046927,-0.5899055641921952,0.5282672210988524,0.5937878124415702,0.4000128198418464,0.9311325860292236,0.16021093607690753,-0.1543672571401305,0.21381930637233088,-0.00087588449091331,0.3354951653572648,0.5242884941308691,-0.03249468133438867,0.40860084629966853,0.41942660186936104,-0.3251542867437026
0.3974040682936985,0.5865738940021321,0.5284304056438048,-0.03840922609082419,0.0681110306494796,-0.08714448487368585,0.030674176823876492,0.09380781849747327,0.3783403935578561,0.8411696330494469,0.2978947481359476,1.0,0.4944373457932272,0.25821837018853694,0.48900232056094134,0.0006694318664281423,0.1554428657217744,-0.13541865088545899,0.19798349724402461,0.09442166050795808,0.38378150220490065,0.4718795431737766,0.3966434719725861,0.4718795431737766,-0.08652991358556188,-0.09287381610473244,-0.25259334160750435,-0.07747112641546314,-0.027351483582842326,0.41090214227604377,0.8279995927694599,0.31982128731583925,0.9517902326029498,0.48929473769164655,0.24282981542866058,0.48118651197360635,-0.045572556866462055,0.09934385906206535,-0.09724079316978752,0.04881850446910286,0.12503913446488862,0.44000032595590133,0.45909855423845414,0.5561328029998719,0.3393896046483083,-0.09809903605283991,-0.07440604438586604,-0.14316563528885654,0.08907035231010514,0.0005913503764280313,0.23015081667031378,0.8016835363892924,0.21377773234314193,0.9312372111030254,0.31686256195022366,0.2505736631177347,0.5142924048531122,-0.04447255587694253,0.09978099109830788,-0.1087453213565571,0.13560876327966162,0.17131087234975187,0.3990675803666127
0.5405790072090588,0.7779289096707449,0.4691766896294031,0.18929378621483184,0.2641108529918792,0.12486589065303576,0.39631820770766996,-0.0632931945324188,-0.07729620979775904,0.5020152122980206,-0.05431958146989871,0.4944373457932272,1.0,0.5307093303816438,0.47866303906758284,0.34591167380922927,0.22489397051485238,0.11943886205998686,0.37019857543573154,-0.03665530036359294,0.681019079510726,0.3918794342181864,0.4602444703382795,0.3918794342181864,0.26764088969190947,0.3903409193578061,0.2710808538065607,0.3583181441559929,-0.1329728792382684,0.06474236986847637,0.431860907435863,0.024089415958496632,0.44252882871256666,0.939762076476868,0.47873980186825843,0.566569930701762,0.30686753391434396,0.22403419281339487,0.18815639284191457,0.31253527260159736,0.05527761824282886,0.6636790184772423,0.548502797540105,0.7565621606746317,0.06517947578030839,0.32836076113709084,0.21826343060568898,0.1500510078507892,0.440351642654677,-0.05099042073102744,-0.24070185869280872,0.5454127396007278,-0.1462176006235647,0.4899891100894977,0.799618087946358,0.5408202367008029,0.5373089540617783,0.33632656552785806,0.16379542675481745,0.15340966053302402,0.2972858949152358,0.0631072659435797,0.6246135523786944
-0.14110458416706267,0.3332094495061419,-0.12136323843234559,-0.07715515984378733,0.1823696670367287,0.4865914550738026,-0.0953906915831851,0.12913622793622953,0.3242296714347722,0.3170490180989048,0.2577784436754892,0.25821837018853694,0.5307093303816438,1.0,0.5119930457865879,0.6474606587778128,0.6278402313085841,0.32189148273248136,0.7148750930335025,0.37410038040255517,0.4294906127120745,-0.07931597432160183,0.324027784005259,-0.07931597432160183,0.03205546303947253,0.22177259318101325,0.3556167826078478,-0.04731615724515805,0.07670447354783762,0.4074560553664907,0.2853083114385469,0.28425638838415324,0.2031890246372075,0.5324011485284994,0.9527490747171589,0.5368999613060682,0.591542436418855,0.6686303746502125,0.41423100257281503,0.5429067604226873,0.3552649347468816,0.38148602335787735,0.21157221388265127,0.37069307449292954,0.16448989773204198,0.0682601943056763,0.42785075387260474,0.5428740418262665,-0.010958807083700759,0.1584245016764586,0.2911620400579871,0.35227928427393196,0.2422767885705044,0.23943640288365106,0.30661974094800853,0.9606622673510683,0.37630565806120886,0.623579172285679,0.5693854769285568,0.45865452756990155,0.5728871678837998,0.4405366514195941,0.29735977735937963
-0.10292295234124975,0.372478033820716,0.16637277145146548,-0.19464928463890543,0.13034828287252645,0.24674924365457038,-0.12395063101794264,-0.0781819428470087,0.41155746897065104,0.5518425137882642,0.16248341480775466,0.48900232056094134,0.47866303906758284,0.5119930457865879,1.0,0.3412899581569724,0.406725816426841,0.23545014419114865,0.492179879909981,0.3568060767601672,0.490564083399024,0.27436516607922307,0.5126388094139154,0.27436516607922307,-0.1446321973582677,0.2463896896948641,0.3297546862609488,-0.10862869053315899,-0.20283274029971607,0.4740160560332483,0.5742521192867784,0.2194374480718841,0.5418203613653108,0.5441503066982313,0.48185051707384047,0.9626843682517946,0.28461099770327475,0.39883370215398467,0.3710029235871314,0.48388144459266147,0.43035200820973524,0.5506553312507626,0.14419363386227702,0.47677993609738395,0.4685655731732498,-0.08808676976190627,0.29974023647755693,0.32871189419659647,0.0824324678864311,-0.041377625715497704,0.4646298028009859,0.6625799276739711,0.2261726737078517,0.5370953490852043,0.38623856149050856,0.5232110796497047,0.8592716919892248,0.3125771497518992,0.4102019019526523,0.4041374440964403,0.5343889659983815,0.430502944856767,0.4073758276286471
-0.054532666617925704,0.2311673874228796,-0.19170886245329438,0.274488458703147,0.3618261703475562,0.6654992327721571,-0.10702711339549563,0.32284661802712317,0.2520258698377985,0.13943112976118405,0.4013160818347738,0.0006694318664281423,0.34591167380922927,0.6474606587778128,0.3412899581569724,1.0,0.7234175533823709,0.340345571221531,0.7345570223628262,0.23125508394678249,0.15722397816742947,-0.18826333916879698,0.21942745786886658,-0.18826333916879698,0.342461229927118,0.4345116069343625,0.60507691548199,-0.01713772364693566,0.38322415219310135,0.3293721230144404,0.07516440679906358,0.40184642682842,-0.05045629907174396,0.3464523989317681,0.6103857533528079,0.36042189591441676,0.9515508750187963,0.7316290315070019,0.3564343330113871,0.6941674773051739,0.32168333071619515,0.14756600654085003,0.08586724613545785,0.2994153867793044,0.08323400291766886,0.4896180780906989,0.5656159633031714,0.7779470690042515,-0.015184727945579077,0.48237098375415316,0.23794340198960595,0.17585537482668342,0.3896347116548435,-0.021516015623586075,0.27583483222550564,0.695595226205524,0.23601984829432224,0.96864993599444,0.7101972406664337,0.42067190500786117,0.7462247285767946,0.37269442596273106,0.07701187406471066
-0.1317215698053527,0.14087588366282802,-0.10794149160518299,0.14760579714935443,0.4771692923806909,0.6785335449363069,-0.3490285635874105,0.38199983961253264,0.5217574664557117,0.3680340657541914,0.5472929398252538,0.1554428657217744,0.22489397051485238,0.6278402313085841,0.406725816426841,0.7234175533823709,1.0,0.3693493368628892,0.7446591216750675,0.4254530090207105,0.19965043759181517,-0.23233701845582397,0.19501381786049332,-0.23233701845582397,0.13308227150664,0.39794376970670214,0.2351951515327507,-0.25379012282450714,0.3556466828385751,0.610569701922303,0.2886993073415971,0.5434770943437267,0.09897607655463361,0.17801204132528045,0.5794126858217318,0.4060110986798049,0.6821919436653292,0.9705723749331419,0.42755009728672094,0.5516812958486614,0.49680729701056886,0.16834895735143982,0.008392215493125639,0.16731520397955973,0.2342848589597344,0.2475100375706807,0.6198658681276908,0.6984095883933661,-0.31384640853417567,0.4847577441972944,0.41600359906081835,0.33651427274765683,0.4841954517558555,0.09554026369528829,0.06157553830139961,0.6372844018016643,0.2377798009445568,0.6787284325182914,0.9381723141800424,0.4667398159341844,0.6613830383482922,0.5250412612999166,0.0935907241630183
-0.21531086827459953,0.07191339275608442,0.1130632031987657,0.17290246272956003,0.4015414724533467,0.4307933437031864,0.20746754245520144,-0.14597414872828846,-0.19252396446050385,-0.16564324986191006,-0.08846408465922238,-0.13541865088545899,0.11943886205998686,0.32189148273248136,0.23545014419114865,0.340345571221531,0.3693493368628892,1.0,0.23227417793280117,0.15890298433148825,0.3823210149313777,0.03134372556399921,0.35479269938161195,0.03134372556399921,0.2434175423603908,0.6263258685311651,0.4710417010870033,0.19810888372329735,-0.02918252674324529,-0.08751304900292366,-0.0982946978206124,-0.04554023432624863,-0.09551504986000214,0.13172609649517053,0.32533112761728966,0.2839445220058294,0.2971546606313292,0.408532602992937,0.9672118219885522,0.23624128645989592,0.23904347378887084,0.35595233249886404,-0.12132281121645704,0.20924254360477518,0.03136134065200092,0.2746764891099722,0.5861596524862732,0.5315605203284582,0.24734345350700038,0.018196296690608692,-0.04354768890820074,-0.0441931967076705,-0.12131024953773914,-0.057645881066143864,0.13215782498776077,0.4059097571379227,0.16816832647646462,0.37060358155782297,0.29093941440913645,0.9520019880919612,0.3033017371293194,0.16573326606189792,0.24168356076322456
-0.02514751748092867,0.1265215898117758,-0.05053981999221222,-0.06237136486586643,0.20927396923416444,0.6356714685429663,-0.31175891440421033,0.4680318606245262,0.5495545096270796,0.4208580872893556,0.5277371712820937,0.19798349724402461,0.37019857543573154,0.7148750930335025,0.492179879909981,0.7345570223628262,0.7446591216750675,0.23227417793280117,1.0,0.5389443510855533,0.22307078548309162,-0.14517384745910686,0.06541558399198963,-0.14517384745910686,0.031408611291752375,0.2802140137964247,0.4994664755307217,-0.29052858197821824,0.41694610054316145,0.6412307383289326,0.36757143251221214,0.5626606176815934,0.1488450510760664,0.36805119504864453,0.7268130067434165,0.5024209868530319,0.7027260063379862,0.7265820387041292,0.30526832550903,0.8890371305151324,0.590688835905002,0.21740688260731508,0.23850465592804662,0.17441879367417715,0.2638576928156277,0.09015092032851786,0.38077497625853046,0.7037495450329443,-0.192134204036724,0.5544960076944534,0.4412986697970263,0.44195857992235904,0.5039012931248161,0.15854109046752063,0.2544208499577464,0.7316753072384541,0.3672258303586008,0.7374859868494449,0.7134881500520514,0.39874381317688545,0.8901974627680092,0.6419880277014482,0.1396809926561007
-0.261533175781902,-0.22974577659627357,-0.08193571690198836,-0.2798799188092965,0.17038701280844445,0.4861673648723127,-0.5635824594846301,0.4110483142659966,0.5378764433143308,0.24085217570523237,0.3030764428914375,0.09442166050795808,-0.03665530036359294,0.37410038040255517,0.3568060767601672,0.23125508394678249,0.4254530090207105,0.15890298433148825,0.5389443510855533,1.0,0.09070518073124305,-0.10359093611571386,-0.04009732812156451,-0.10359093611571386,-0.24965384215475545,0.14956040876603766,0.378597801166572,-0.5317407263924568,0.3446662455976091,0.5222242852695952,0.211197377320908,0.31401974303119934,0.05699076520471884,-0.009276077645328182,0.346034282777154,0.32448168243988923,0.2069769434890501,0.4581228472238919,0.26900019778578743,0.4581784810640498,0.9447122805674342,0.09681802899999241,-0.1536936812632746,-0.11726397317718346,0.615664078755228,-0.23396260200979735,0.308583268288483,0.5699620921330728,-0.3378984654979455,0.4951763589119246,0.4277483259273438,0.2683321065544438,0.4573604243530599,0.09864901141368004,-0.09744958009780309,0.3400320544482799,0.3038743105915217,0.26427099956938677,0.4375517285451096,0.3171707042657944,0.5286356720838252,0.9483277485238107,0.06337156301938689
0.21374180201404655,0.7224678645146092,0.28972358962345324,0.15663469372398378,0.3713111134874213,0.21684074861017527,0.44640765766301693,-0.1780555178309785,-0.16883349078478474,0.25731356681910605,-0.27433331262915256,0.38378150220490065,0.681019079510726,0.4294906127120745,0.490564083399024,0.15722397816742947,0.19965043759181517,0.3823210149313777,0.22307078548309162,0.09070518073124305,1.0,0.22835391256023263,0.5551824157195016,0.22835391256023263,0.30514424451562466,0.41692953977339897,0.19455172132630005,0.4728669001639887,-0.25250173432739004,-0.009057499773619028,0.2729361975399161,-0.2126807264537657,0.3880484840331692,0.7225858253595411,0.40181246493110484,0.5644298985941234,0.17603751769477272,0.23031319319022434,0.46213051838982544,0.10048828113004032,0.12641391758442577,0.9641574447208587,0.2112373079019725,0.7818300040091126,-0.12451940151067785,0.29041662699380594,0.31613364120678294,0.27453825094586354,0.4118565807414771,-0.12166200207290943,-0.19673475749070307,0.38354692503051785,-0.3431524861226481,0.48652604785352016,0.5350545687395682,0.4942361537975524,0.49132945852989424,0.2019513729542352,0.1518657571097198,0.43342533594988014,0.22439223598631303,0.13086283347116548,0.8980030082260348
0.3493901600049265,0.3500007011792163,0.727608148195884,-0.19433249610342318,-0.09829940087014183,-0.429515425587973,0.1988447528148082,-0.2427648972022085,-0.10974863325460171,0.3707437310405659,-0.19394529852036432,0.4718795431737766,0.3918794342181864,-0.07931597432160183,0.27436516607922307,-0.18826333916879698,-0.23233701845582397,0.03134372556399921,-0.14517384745910686,-0.10359093611571386,0.22835391256023263,1.0,0.22661704885891756,1.0,-0.22757886951344505,0.07901959688531028,-0.052360298096948026,0.06254443671260321,-0.24141033062599992,0.01836261795726696,0.4139969407847892,-0.10905698130617288,0.5433885803702527,0.44958851935130667,-0.016438833996861944,0.35808808039682444,-0.2186571389166066,-0.22205475359800844,-0.005133960448137378,-0.05694855898546797,-0.06903283577031019,0.29525828933557685,0.3838350129778072,0.46590732668690654,0.3739888984377459,-0.16653264177972504,-0.11364681562131797,-0.3219535771100263,0.4309734745868309,-0.2345585713451135,-0.2041562478444192,0.4527192433797637,-0.15436301953193282,0.5380918424140754,0.38445791834779586,-0.018034814980777254,0.5534072681071791,-0.15977857865598438,-0.2436223753978971,-0.007462167043298139,-0.05580104668004709,-0.021149281380932788,0.23901480732173672
0.17399222457201283,0.6315622160559894,0.3172185529047435,0.09922560045647277,0.2701264262700114,0.08212441022418629,0.2665026487235281,-0.40626903659155944,-0.19630389385310662,0.2408610346166419,-0.020058299136952607,0.3966434719725861,0.4602444703382795,0.324027784005259,0.5126388094139154,0.21942745786886658,0.19501381786049332,0.35479269938161195,0.06541558399198963,-0.04009732812156451,0.5551824157195016,0.22661704885891756,1.0,0.22661704885891756,0.15489193790331518,0.29459261156951244,0.13530173490880637,0.28954161623352537,-0.2919832085952186,-0.08294246956268655,0.28457256557313837,-0.02428033663971967,0.37222364490517773,0.5363663097472916,0.3055456072689239,0.5409254537647767,0.09934682560331379,0.23165795721536028,0.3801910548161935,0.04408125170955978,0.04223605905459776,0.5565211036392395,0.22679592991984648,0.7201359102418209,0.15824639004066188,0.23044882269275785,0.36721741835320015,0.15737916138074376,0.29847578273555203,-0.3128794214308237,-0.01287471598128246,0.36660798127624017,-0.06205700684800462,0.3976846665109247,0.44818402691683207,0.38102087037259275,0.5088753605894706,0.1476616078807889,0.15515805924763476,0.29411118457011765,0.15990528377789373,0.025552666474983093,0.4868125075663064
0.3493901600049265,0.3500007011792163,0.727608148195884,-0.19433249610342318,-0.09829940087014183,-0.429515425587973,0.1988447528148082,-0.2427648972022085,-0.10974863325460171,0.3707437310405659,-0.19394529852036432,0.4718795431737766,0.3918794342181864,-0.07931597432160183,0.27436516607922307,-0.18826333916879698,-0.23233701845582397,0.03134372556399921,-0.14517384745910686,-0.10359093611571386,0.22835391256023263,1.0,0.22661704885891756,1.0,-0.22757886951344505,0.07901959688531028,-0.052360298096948026,0.06254443671260321,-0.24141033062599992,0.01836261795726696,0.4139969407847892,-0.10905698130617288,0.5433885803702527,0.44958851935130667,-0.016438833996861944,0.35808808039682444,-0.2186571389166066,-0.22205475359800844,-0.005133960448137378,-0.05694855898546797,-0.06903283577031019,0.29525828933557685,0.3838350129778072,0.46590732668690654,0.3739888984377459,-0.16653264177972504,-0.11364681562131797,-0.3219535771100263,0.4309734745868309,-0.2345585713451135,-0.2041562478444192,0.4527192433797637,-0.15436301953193282,0.5380918424140754,0.38445791834779586,-0.018034814980777254,0.5534072681071791,-0.15977857865598438,-0.2436223753978971,-0.007462167043298139,-0.05580104668004709,-0.021149281380932788,0.23901480732173672
0.38351566070024395,0.3616021320715443,0.0021762041795753456,0.8921104658510269,0.4017564647303772,0.39998726243625254,0.38436764000727575,0.047944177204752775,-0.2577537489261622,-0.13249902932813423,3.641031114713209e-05,-0.08652991358556188,0.26764088969190947,0.03205546303947253,-0.1446321973582677,0.342461229927118,0.13308227150664,0.2434175423603908,0.031408611291752375,-0.24965384215475545,0.30514424451562466,-0.22757886951344505,0.15489193790331518,-0.22757886951344505,1.0,0.341749018668281,0.16021216653996176,0.5521389794664139,0.14486027133172,-0.21963354553934808,-0.232360403967522,-0.026954973631793083,-0.1704500714278841,0.1637370670006862,-0.07397109382703324,-0.0873568001410668,0.32586314850035797,0.1044848970018234,0.16034597972464648,0.019070246089203647,-0.21049912806665277,0.20305173564681886,0.11942439622175485,0.2234374821454514,-0.29027062512448004,0.9160455102430075,0.2382073986711201,0.3011397816376339,0.17619322880397478,0.06398757893012336,-0.3914756844459562,-0.1567249819909507,-0.16436029169697267,-0.12080374937855613,0.1341127519879655,0.10544794238074902,-0.23685296313515025,0.3501711982135466,0.048188381824975014,0.15265060900897603,0.09377994002584676,-0.2585602377431011,0.2991980798163764
-0.0601668416231265,0.24495050166151022,0.20261572748389048,0.22939056459333562,0.6832470984165093,0.3732288082892634,0.27009892376515837,-0.17276431345888774,-0.25390846908276493,-0.05933901763607864,-0.18930476042495717,-0.09287381610473244,0.3903409193578061,0.22177259318101325,0.2463896896948641,0.4345116069343625,0.39794376970670214,0.6263258685311651,0.2802140137964247,0.14956040876603766,0.41692953977339897,0.07901959688531028,0.29459261156951244,0.07901959688531028,0.341749018668281,1.0,0.5589316887674652,0.28992585187993614,-0.1018730255833844,-0.08175508896794272,-0.04452762630967363,-0.13113757619117244,-0.0772500022282928,0.35453133299959,0.190477415330397,0.3438989657390433,0.44354562615360316,0.44880234294555665,0.679813414154356,0.35021028694411155,0.27946651847677556,0.45197786335482226,-0.16219762267339527,0.3813401885486875,-0.04958455061939147,0.4351144473456534,0.7695438275156896,0.5100056701008373,0.30709155956462225,0.02087544692686118,-0.33589369380179307,0.06346712751786582,-0.24235769696029386,0.0014371423814661325,0.44695183815555706,0.32419835535033226,0.2888385495073668,0.4882711036317777,0.3423781892260064,0.6234241298428579,0.3857696674066901,0.18165511668135298,0.44155238995846524
-0.07177880770140577,0.01051600281902182,-0.10241496425733765,0.03166001733115759,0.21508008528202527,0.5346947914161174,0.06941665893445975,0.025192914598875498,-0.07449833550275242,-0.13468422743168643,-0.052262475688558845,-0.25259334160750435,0.2710808538065607,0.3556167826078478,0.3297546862609488,0.60507691548199,0.2351951515327507,0.4710417010870033,0.4994664755307217,0.378597801166572,0.19455172132630005,-0.052360298096948026,0.13530173490880637,-0.052360298096948026,0.16021216653996176,0.5589316887674652,1.0,0.030658815387813603,0.07650842739048687,-0.026017011125975233,-0.11617431206153282,-0.0430009752473288,-0.24257013568307625,0.25630034155641723,0.3570750722588148,0.36003743545993744,0.5362913185943824,0.28564495518907573,0.5171726779926362,0.6691721150507274,0.4224295478829737,0.24208204051182458,-0.030061743569339265,0.1605053819802556,0.0895229945343148,0.24020413666329662,0.4766726969528716,0.6860527530106256,0.2689617046645506,0.21804723087572936,-0.03149808386791313,-5.793519699744588e-05,0.04504822998544926,-0.18014499381319615,0.44550567052765405,0.409515236478001,0.37101064053788907,0.6425479033740198,0.2829796779430607,0.5531928449138472,0.5753921057464283,0.3902925898225687,0.19501230695421465
0.15685025071827263,0.43075301639147134,0.11087817069170379,0.5211997535664877,0.2893155919192555,-0.06728373344876393,0.8546569702635124,-0.42257961731280674,-0.5938365508270279,-0.2542910142749888,-0.5512296650465957,-0.07747112641546314,0.3583181441559929,-0.04731615724515805,-0.10862869053315899,-0.01713772364693566,-0.25379012282450714,0.19810888372329735,-0.29052858197821824,-0.5317407263924568,0.4728669001639887,0.06254443671260321,0.28954161623352537,0.06254443671260321,0.5521389794664139,0.28992585187993614,0.030658815387813603,1.0,-0.3488850879681074,-0.5350292657800869,-0.2989716902308677,-0.5419435574899796,-0.043638597360556496,0.3664552684593789,-0.09434737782559806,-0.05403116977588254,0.0019150926049023333,-0.229189597930303,0.15089550936064774,-0.25332750810198157,-0.5359338189427358,0.4508215491853007,-0.06774535655861443,0.4174879000730214,-0.5593205632340933,0.5632136521336472,0.15545919759112528,-0.08850885331628743,0.6424241420980125,-0.41318676305834917,-0.5731572150386722,-0.24111073031420274,-0.6761029760086146,-0.007335261333013489,0.27088550468433026,0.0215678154345538,-0.12422562706165055,0.023158046593097042,-0.33795980959402716,0.10637308012906241,-0.1503498897820785,-0.5543198821833668,0.49369176966339223
0.0751161348832076,-0.04060773252226107,-0.03155321015548199,0.3138741045381252,0.2619299629041567,0.4683986118870134,-0.2741534788388351,0.9159182076869883,0.34529149350254695,0.14160710158416034,0.46554509416803613,-0.027351483582842326,-0.1329728792382684,0.07670447354783762,-0.20283274029971607,0.38322415219310135,0.3556466828385751,-0.02918252674324529,0.41694610054316145,0.3446662455976091,-0.25250173432739004,-0.24141033062599992,-0.2919832085952186,-0.24141033062599992,0.14486027133172,-0.1018730255833844,0.07650842739048687,-0.3488850879681074,1.0,0.25467974895046136,-0.044168048604157746,0.482161685062125,-0.16161687777289904,-0.16383974017791844,0.049878212937648554,-0.2518827808452249,0.3365552139507527,0.2814191659314141,-0.10253235303537037,0.28749672973003615,0.3556250504060504,-0.3292132907932623,-0.05941158942668997,-0.22472430750852246,0.15482557692139903,0.19711803767885455,0.09658924607424509,0.35410463953149024,-0.26094646534474847,0.9026520657350915,0.2775023452963734,-0.031578348048140255,0.45065215325630575,-0.1920925177883922,-0.3062978446112328,0.07315033486336017,-0.26017086615852053,0.3312946517166457,0.28000538095313243,-0.019868638328303073,0.39311434495068326,0.34593769179338085,-0.2252814202984673
-0.13156052855403014,-0.111856077557121,-0.13449365469041422,-0.27641496306909,-0.09395173894776412,0.2750095429339864,-0.6639696242042715,0.36062720847327634,0.9262172833672737,0.6372328194499238,0.7236536102628278,0.41090214227604377,0.06474236986847637,0.4074560553664907,0.4740160560332483,0.3293721230144404,0.610569701922303,-0.08751304900292366,0.6412307383289326,0.5222242852695952,-0.009057499773619028,0.01836261795726696,-0.08294246956268655,0.01836261795726696,-0.21963354553934808,-0.08175508896794272,-0.026017011125975233,-0.5350292657800869,0.25467974895046136,1.0,0.658981003206644,0.7626683256774861,0.44866359241318227,0.09272654397801286,0.47659184378689784,0.4598604203544284,0.34826697932586764,0.589531166102793,-0.02234809220397362,0.4753965658832074,0.5781688640404696,0.021049348732674524,0.23218560817375813,-0.001921951769872446,0.5070142922308704,-0.12966082592755307,0.042974442363706254,0.3662328107297507,-0.5647362488935842,0.41134865801541237,0.716815813909795,0.6659093619995268,0.7314812769425841,0.4305804440266374,-0.08442113072147818,0.41658473994958384,0.29571887261993524,0.368095658791738,0.6284965759217849,0.10181758798021272,0.5299671675457697,0.6515505096083631,-0.004974645921046885
0.3087835237209171,0.34865644558383374,0.40120633582606513,-0.28130727580776943,-0.16602948684400312,-0.13467770262790546,-0.2502505134540448,0.04229781069319379,0.5535688112681046,0.9216763331873311,0.4379462599623479,0.8279995927694599,0.431860907435863,0.2853083114385469,0.5742521192867784,0.07516440679906358,0.2886993073415971,-0.0982946978206124,0.36757143251221214,0.211197377320908,0.2729361975399161,0.4139969407847892,0.28457256557313837,0.4139969407847892,-0.232360403967522,-0.04452762630967363,-0.11617431206153282,-0.2989716902308677,-0.044168048604157746,0.658981003206644,1.0,0.5115269834167918,0.8182556962831661,0.4184577369212338,0.36744392720541685,0.601379398245687,0.028283136262082377,0.2477969753305057,-0.041211469373265065,0.27395121607938305,0.318477843112889,0.333665451090445,0.5693467590711255,0.4518142739051933,0.48544480769700693,-0.17945387369488527,-0.18522424498632814,-0.06642588849835784,-0.14708638538367907,0.04024310786901966,0.3984095167771669,0.9681910440238698,0.39616542485395173,0.8281133961799096,0.36138877744997167,0.325099468809718,0.5727346707229569,0.07658542596801203,0.25737746564837255,-0.00743134436950778,0.24587116212384982,0.3633046111918057,0.3111421277053936
0.04914133247222389,-0.0782148947058666,-0.052505829806054866,-0.010819654623194681,-0.065674614192338,0.3153485806586726,-0.5933993389917479,0.5204102976548564,0.7588436516865916,0.5298103597657494,0.9703183384880738,0.31982128731583925,0.024089415958496632,0.28425638838415324,0.2194374480718841,0.40184642682842,0.5434770943437267,-0.04554023432624863,0.5626606176815934,0.31401974303119934,-0.2126807264537657,-0.10905698130617288,-0.02428033663971967,-0.10905698130617288,-0.026954973631793083,-0.13113757619117244,-0.0430009752473288,-0.5419435574899796,0.482161685062125,0.7626683256774861,0.5115269834167918,1.0,0.26341549822832344,-0.033137483563053634,0.311207999702132,0.17578794075381307,0.394334344441744,0.4916930277278117,-0.06378066382474451,0.4318585224276239,0.4271930687918936,-0.23092832921503442,0.3124090089139766,-0.1113154133299419,0.4773197617177231,0.042259334979616175,-0.017783337510183905,0.32885192829115945,-0.5591488928471112,0.5448122864808149,0.5864260059583513,0.4832279723299315,0.8940775512081102,0.2139936582261497,-0.10367652035437508,0.26718263174186424,0.050323566141047105,0.35942936291970745,0.5135210184342917,0.030510504451778737,0.44120677810733,0.4448823478432612,-0.2606551284789769
