Fp1,Fz,F3,F7,FT9,FC5,FC1,C3,T7,TP9,CP5,CP1,Pz,P3,P7,O1,Oz,P8,TP10,CP6,CP2,C4,T8,FT10,FC6,FC2,F4,F8,Fp2,AF7,AF3,AFz,F1,F5,FT7,FC3,FCz,C1,C5,TP7,CP3,P1,P5,PO7,PO3,POz,PO4,PO8,P6,P2,CPz,CP4,TP8,FC4,FT8,F6,F2,AF4,AF8,O2,P4,C6,C2
1.0,0.7714868184273859,0.648740122196164,0.20654740026884358,0.05039468568868274,0.2649586781103806,0.5216763961326414,0.48442992546939795,0.5787289999990722,-0.30755386994241674,-0.03163631215740226,0.42445658954376175,-0.34583475569749933,0.6233323300178525,0.3258452066980331,-0.16558116319694588,0.06366936404725738,-0.30752069324291403,-0.351615128140607,-0.30873055594688065,0.22737191194509532,0.4550463441173812,0.6210455007814546,0.4550463441173812,-0.11442131720155505,-0.16029062466886054,0.2726428044940309,0.4568882816695948,0.5295485244610076,0.6526613596160278,-0.414199770782731,0.06277385537151657,0.37191099184345955,-0.2663616389443817,0.5813471633691981,0.34270481376727946,-0.15680559226413932,0.059365793031604004,-0.3834837125699359,-0.4577612186973097,-0.312275482259673,0.2483133286271347,0.6448557882566169,0.7083358677101247,0.4556240992786398,-0.15687271467063302,-0.3949744490578323,0.21528708344801845,0.4329989630431648,0.477454337892812,0.5598155539279358,-0.3495522157336079,0.10204046830405972,0.009262621090050323,-0.35448183920792065,0.6308667347739979,0.3003819402595153,0.10545234947753407,0.028585855577450456,-0.2652417956288375,-0.25399390031936925,-0.3496916087319058,0.32389841987226015
0.7714868184273859,1.0,0.7474266806169264,0.08260618099155491,0.11948262411210973,-0.002284763390489984,0.6275995933649723,0.6220661417040676,0.557690838201158,-0.3059735262289208,0.0014316989034477143,0.1891264570829653,-0.22724698357839726,0.44800212445826837,0.17211528231052797,-0.2778869890636162,0.07842727216749898,-0.2138390420174194,-0.4989691800074607,-0.35287619661664693,0.08334438730281729,0.49391548034557237,0.8589700185993269,0.49391548034557237,-0.34177863063212577,-0.18403468794007322,0.02106128645259269,0.5734239711205653,0.655185981582257,0.6478002469785428,-0.3286938154474323,0.09406900785052297,0.1970684655268522,-0.1685827332116201,0.42871608831409713,0.22093144111468482,-0.3171879751811175,0.10252143776917243,-0.20877686597629883,-0.3368781304215735,-0.35810758617006205,0.07520784127893179,0.5032642890974034,0.8712364041816693,0.5759024359391851,-0.11101607995894552,-0.2417997028305858,-0.017385357176668368,0.5308411376646726,0.537187789464213,0.4987007781721903,-0.3014894765620876,0.00795260486234393,-0.31734849473606513,-0.13855352400838952,0.5617830709277443,0.4905404278901438,-0.04984832705047945,0.11979900011909958,-0.11409013393499592,-0.33398532178832413,-0.3762492157133101,0.12497550130950422
0.648740122196164,0.7474266806169264,1.0,0.16728676641105142,0.22446494799114478,0.07867447060342932,0.4591065541718508,0.7591570611651619,0.48453827844189773,-0.21742676557513635,0.019273031440736558,-0.09886088402077031,-0.13566687773442493,0.4113011738647813,0.21271578570726454,-0.3014273379988132,0.3816602603782837,-0.10597629264880434,-0.18060069217014396,-0.11772524766512767,-0.005411775991972441,0.7689039998019076,0.5024495501154439,0.7689039998019076,-0.30078295208822586,-0.12481267847798028,0.1298766385901595,0.3953667628912595,0.655121767065965,0.47528373255707934,-0.26258615022263154,0.07897514972346463,-0.18788946993661104,-0.20281535832675837,0.31644578156160225,0.21160820723264956,-0.35370835516370835,0.2684423611195673,-0.12350275430162241,-0.09502148014196857,-0.1088068433996918,-0.0881178463024454,0.3113076218467711,0.5251902776007851,0.7791714888322471,-0.23749628082561908,-0.07708231520564288,0.07722836081157063,0.3101323079977768,0.5626721180245577,0.28059723182408625,-0.16560042748595818,0.21855784431790537,-0.527863115953186,-0.19068793928296263,0.36189757548943646,0.268706648671092,-0.20551521614848794,0.2674296786473878,0.003907892618444857,0.0006133197260855087,-0.09915302678733726,-0.05884812738948848
0.20654740026884358,0.08260618099155491,0.16728676641105142,1.0,0.5176286366999603,0.08540656164581897,-0.14978937048744742,-0.2438556528182853,-0.05757498829400167,0.05023966560726378,0.18499475568279833,0.10997923996021389,0.21026084819091842,0.07843402310543747,0.14451923482052245,0.3276676835797038,0.06328763702905736,0.19826579887241055,0.2011380395345401,0.5686174295448108,-0.15786306116161167,0.07972709106919357,-0.07080408050099692,0.07972709106919357,0.6606606068837155,0.34951646424076105,-0.03192673266383749,-0.022111736722872446,-0.33379640395070986,0.21127178383319928,0.09566275679678128,0.1554911500264214,0.04355684085372859,0.0317656137882632,0.024890634112126653,0.18119202119668396,0.33768216467848733,0.07712603892261002,0.17315691670355027,0.07968392596709967,0.48468436253953806,-0.1868818159934625,-0.1853387800552572,-0.036717279954958416,-0.058747297493375865,0.6126849254976342,0.18044872091802652,0.11979035917159547,-0.099003123320515,-0.26733690190375,-0.0669323896829488,0.18788778372287593,0.35073476372546386,0.15509026350778515,0.25477693040414184,0.077084845633164,0.33575838982439243,0.25302345331422293,-0.06296788099250047,0.2626433245622112,0.24529700210481778,0.5329235035549723,-0.12491747517425321
0.05039468568868274,0.11948262411210973,0.22446494799114478,0.5176286366999603,1.0,0.26315118452542835,0.3428098953817622,-0.09272831254227178,-0.012080531103391568,-0.09602129853111958,0.008682003024307227,0.14960165754497443,0.10763127652441191,0.3628391788428562,0.3934923458944838,0.14954587176449013,0.06905535717966912,0.15211016490901413,0.14864300271099926,0.28475067825346606,-0.03700595809817442,0.09139287014783139,-0.026966145382339046,0.09139287014783139,0.0478860377919059,0.47711990619450256,0.2412945193338104,0.2999544778426823,-0.21198976487642401,0.2357659303313062,0.06853785911603943,0.07731116368787465,0.0843066203791792,0.03655351726853626,0.29273405161016924,0.40907733184838624,0.15241880835193844,0.0891203318057649,0.16569096090572588,0.19746358529781094,0.27838980685563247,-0.029057485321760803,-0.19017700226895157,-0.09471238901654326,-0.04177032123490836,0.19955128499642263,0.530546055189161,0.2762530077096717,0.2937479502317369,-0.33206803613666225,-0.07833368873078368,0.076700811824395,0.30463634858569794,-0.000852591644640548,0.14604927107605895,0.20779142980015544,0.20673646411827337,0.09989656186864496,0.01371836869187417,0.3202651859158732,0.14700986826800216,0.3249551780017184,0.01474150458821689
0.2649586781103806,-0.002284763390489984,0.07867447060342932,0.08540656164581897,0.26315118452542835,1.0,0.3327113178099799,0.051790507093067706,-0.06326630515316493,-0.027420644882930115,0.001519458231419847,0.3967117805723105,-0.08564040202821716,0.4870336870796804,0.53006655676532,0.18091173979273675,0.1609979384318339,-3.3798661508065926e-05,-0.050841269197112626,-0.13320587757336322,0.1679884649123131,0.12439882019357407,0.00551254563810418,0.12439882019357407,-0.1197759729030534,0.3789670205278753,0.7646948566426495,0.15890572761793303,0.10480252792741744,0.15860894795717426,-0.09067149562101956,0.09611800271783703,0.3916139970590464,0.038397968861178904,0.336074481897081,0.6211324994201325,0.216134433140172,0.1991090705406164,-0.03959832374254641,-0.21612896991271985,-0.09230548034430504,0.17788167299034932,0.04789448317845045,0.08298426722364916,0.07135598451241938,-0.1427255766880372,0.14554393175757882,0.8709609504739638,0.3092681034811044,0.037208412207055175,0.07471316496606842,0.04369180997034281,0.23926324350462275,0.32887782446641706,-0.07237171366205071,0.0030887064874261507,-0.16576799430034522,0.07616326832426096,0.18756570391504274,0.0065406139646523535,-0.037718374207986065,-0.10482763748543189,0.3570590009306304
0.5216763961326414,0.6275995933649723,0.4591065541718508,-0.14978937048744742,0.3428098953817622,0.3327113178099799,1.0,0.4087186001375686,0.5764551488442469,-0.12431901857625012,0.08697851067087708,0.4001062284950387,-0.1445580246637444,0.4334128588928353,0.24104046888265598,-0.3282302121761124,0.13706932603693864,0.003440901515843292,-0.2105008824659713,-0.4933175430975636,0.0853288065713009,0.37827014505075035,0.591208501751428,0.37827014505075035,-0.4045788452553921,0.06884427487844218,0.35000003544195607,0.8448072802255685,0.5119342541807402,0.6057613836075529,-0.10617920068929107,0.11701674292072264,0.3621262577122399,-0.07040363647070282,0.4242609745750061,0.32423321825545315,-0.34422621923267005,0.15557384674972646,-0.046507748003909485,-0.2480790755641052,-0.41581944757390554,0.15206303197519672,0.3975780990080515,0.555616859900145,0.41586903636661166,-0.32945710904684744,0.02867856416306777,0.24812391431190858,0.9119707671343497,0.20118384933924166,0.46508842836549363,0.007658474677116011,0.29749651079969497,-0.04650224501995742,-0.10190327240256823,0.4621006812284918,0.3619278440582566,-0.10082192993213421,0.14266123721484675,-0.03553868237806151,-0.350126580650436,-0.36969600350437243,0.22896227488748488
0.48442992546939795,0.6220661417040676,0.7591570611651619,-0.2438556528182853,-0.09272831254227178,0.051790507093067706,0.4087186001375686,1.0,0.508251332015444,-0.32809086151827227,-0.13612052216886833,-0.15108402391521447,-0.2774913961785352,0.3528964799219494,0.22990003791495595,-0.13977764804513357,0.244711252690377,-0.20143805267334575,-0.33889174840813574,-0.3552309436999931,0.11825859382816828,0.6018788737110552,0.47527551762317066,0.6018788737110552,-0.5408191388212684,-0.3633615420363517,0.06159482433750917,0.3368121062631654,0.8662895657076519,0.37866505345925694,-0.43357456971259295,-0.07148786639265264,-0.12538937658565147,-0.1839849781022405,0.32960366757642773,0.22378635072204825,-0.2021235676246625,0.184562489820608,-0.15699540724436103,-0.2041028759838657,-0.26636259929697714,-0.017015428134747025,0.3276180708768658,0.5364685795535888,0.6474614604240858,-0.5099146192732453,-0.2710781872152835,-0.0341138248804828,0.32635558260859776,0.8456331782489873,0.26334870501912877,-0.33221758490717307,-0.009151250576739808,-0.59939385479424,-0.24227340455994384,0.3039988664256177,0.17785400265302667,-0.10105135726609321,0.3063062322449338,0.010657103388723246,-0.03332484776355401,-0.2494140157796609,0.05835880695156368
0.5787289999990722,0.557690838201158,0.48453827844189773,-0.05757498829400167,-0.012080531103391568,-0.06326630515316493,0.5764551488442469,0.508251332015444,1.0,-0.34044887153972075,-0.045082081965724045,0.26131111598614526,-0.34891221750905926,0.36914110841236525,-0.1127947313005668,-0.15095484340525586,-0.14178070861022787,-0.1311942780348993,-0.25221496750185074,-0.32176529717186697,-0.04389653232367181,0.3599897141995951,0.47201066104575046,0.3599897141995951,-0.16080143163489227,-0.4307180807642456,0.06111799908370019,0.48765483899175444,0.5664092867860596,0.6597458463804684,-0.3715361179426524,0.07357649382022723,0.18166354548496275,-0.28939192342890246,0.4130004734055103,-0.020746249954886768,-0.19430783860679693,-0.19917493508545603,-0.1646340625578807,-0.1964877579480548,-0.2675494943167101,-0.01606155631533408,0.3950278659912779,0.44700625552802753,0.37335600864727564,-0.27845634726676477,-0.4369884297872685,-0.1087074225753911,0.48489566599210343,0.24717955396483202,0.6784978607411056,-0.3319146551530545,0.14628120840272293,-0.24131265153108483,-0.2975285936020144,0.4803105411717559,0.2275871433398705,-0.023920464447219084,-0.29135367247716326,-0.07975861334936477,-0.4608796951728877,-0.21658499339123136,-0.006075966974527244
-0.30755386994241674,-0.3059735262289208,-0.21742676557513635,0.05023966560726378,-0.09602129853111958,-0.027420644882930115,-0.12431901857625012,-0.32809086151827227,-0.34044887153972075,1.0,0.7231495241865391,-0.05965086778935263,0.6454205318143652,-0.5959456115512126,-0.3579308183292532,0.1900033136146755,0.19342739921702465,0.7989200963635917,0.6594234322246311,0.3384935873536575,0.07921446370736665,-0.33944881515195313,-0.2536350570987342,-0.33944881515195313,0.07075874304963106,0.4529695222133741,-0.023001637699258087,-0.08213214230241925,-0.2680109036369656,-0.40404285630974995,0.8861832935464301,0.6183190543717204,-0.08602478137681539,0.49595879215129063,-0.5762614597047735,-0.2513522089155576,0.19128912252134764,0.2934214908757063,0.6706070317927272,0.39220844952878176,0.2996069134577231,0.16005494882288226,-0.27936699004731047,-0.24167705522843733,-0.19771087955435013,0.17731480884311104,0.4335808976526322,0.12057879114517742,-0.1078324647924952,-0.19259843937434076,-0.4036655414296313,0.7527836233556274,0.35514150440589043,0.28077860261255483,0.5879053341026158,-0.35959393745231044,0.1690540000650331,0.15792737772610815,0.2982513188814769,0.3358437528935352,0.43075234493002307,0.2832160147554897,-0.03930609178719509
-0.03163631215740226,0.0014316989034477143,0.019273031440736558,0.18499475568279833,0.008682003024307227,0.001519458231419847,0.08697851067087708,-0.13612052216886833,-0.045082081965724045,0.7231495241865391,1.0,0.16605930411544395,0.5917506114363631,-0.5257306743868756,-0.417389051537727,0.15301053831758632,0.04466856356044023,0.6162199071690606,0.5100911259360539,0.1096443306592118,-0.06499515786979289,-0.25230454855009554,0.05364701104707265,-0.25230454855009554,0.1131259222622693,0.28910899305257387,-0.11013708932889482,0.14499001751932658,-0.03673263508646211,-0.22918580572441818,0.652757001094008,0.7814346547158503,0.0423142030347295,0.5687245520723692,-0.5126984190238063,-0.37465720998188184,0.1280673323704002,0.10170649625376767,0.5550584607059288,0.3786359036446894,0.11889984918341362,0.09012402700697163,-0.08877225588461973,0.04544570050909734,8.045717075515587e-06,0.06565760504949474,0.36250721125883867,0.19135570758806034,0.059175695651022965,-0.17825235389665947,-0.21325400198473116,0.5204304103103164,0.503807308974994,0.26937245857719866,0.5951768546749344,-0.18334823123598518,0.16373927649146322,0.043775891527233865,0.1562007700581223,0.27313423844150575,0.18329330630245372,0.15185890318567072,-0.08958499529036222
0.42445658954376175,0.1891264570829653,-0.09886088402077031,0.10997923996021389,0.14960165754497443,0.3967117805723105,0.4001062284950387,-0.15108402391521447,0.26131111598614526,-0.05965086778935263,0.16605930411544395,1.0,-0.2589833209574683,0.3832164515449398,0.22601333180005898,0.11771292429176719,-0.2505261654689077,-0.05197916545311981,-0.08816658058867377,-0.43940962685973173,0.3138862743210063,-0.23448542944259798,0.2780618176191048,-0.23448542944259798,0.004796291844046021,0.15133090799423835,0.18375525508482907,0.2767242026537365,-0.048882194819594695,0.4736865850233187,-0.011963976159252054,0.29752877879262074,0.9089560958379368,-0.012752409737894842,0.3956198504840497,0.2510626349600596,0.18616115784635998,-0.22556383401588903,-0.08045298271168397,-0.2281900600879403,-0.4151969982067948,0.4552480007026456,0.3455475903435209,0.3310375163255217,-0.1360773463894554,-0.09123674831025334,-0.08653733384590007,0.30976446194602475,0.4037498166815568,-0.17256504442031873,0.4032503462668359,-0.15298534248859852,0.14248631696226935,0.5498879505109905,-0.23022531215891606,0.4103118265450118,0.21315075682864948,0.3704826327688067,-0.2048243843544651,-0.07626140604175811,-0.27973919314677886,-0.3877721782364095,0.5682259184528368
-0.34583475569749933,-0.22724698357839726,-0.13566687773442493,0.21026084819091842,0.10763127652441191,-0.08564040202821716,-0.1445580246637444,-0.2774913961785352,-0.34891221750905926,0.6454205318143652,0.5917506114363631,-0.2589833209574683,1.0,-0.4908467675901992,-0.41285826781930995,0.24512280149023752,0.12135183618874235,0.6008605276249203,0.510324792149726,0.47048392797380006,-0.14139247172458422,-0.2647894370306559,-0.2649232096479133,-0.2647894370306559,0.19392442580346436,0.29789264148678496,-0.02005220473076546,-0.09188575941028937,-0.2907547248213007,-0.4421379377964287,0.6504885402972268,0.3154423262840864,-0.33844412792547246,0.8147134831991144,-0.5736233530280558,-0.3372548366610062,0.2216195384784153,0.15684205242104524,0.5240058059920408,0.3239590527823599,0.42060324584695247,-0.12064653373119333,-0.28844884155955397,-0.27150913177825425,-0.17660115821141878,0.3639608705575546,0.29411605018990494,0.07078636432646247,-0.19034602966600722,-0.23216016765454547,-0.4987364988367837,0.5155099967583491,0.2638613355599853,0.08349013901129777,0.710256618419537,-0.4048544842737556,0.12364286572154003,0.00262133291655464,0.08496273106422966,0.3040090257474081,0.34844041311754603,0.3993801601184185,-0.2594480446329984
0.6233323300178525,0.44800212445826837,0.4113011738647813,0.07843402310543747,0.3628391788428562,0.4870336870796804,0.4334128588928353,0.3528964799219494,0.36914110841236525,-0.5959456115512126,-0.5257306743868756,0.3832164515449398,-0.4908467675901992,1.0,0.6092839511060641,-0.06643184850719616,0.03371860183220971,-0.4566134667392786,-0.4335412084080624,-0.2033105336838423,0.28988716402246567,0.42286492333730763,0.342489251254465,0.42286492333730763,-0.1672881149858498,0.011407591888407339,0.5712746396989122,0.2917956034705452,0.3525982746578065,0.6579925383416939,-0.49849877362854594,-0.30500932175884843,0.3799710677727269,-0.3353314030096893,0.9384407942735498,0.701433213221072,0.003009231460462871,0.045167641353691085,-0.4291265711116946,-0.3480548165644308,-0.15265170223533658,0.2414973530715948,0.31753209923006703,0.39967100779893355,0.29553056879886513,-0.16057560818882685,-0.16598608497709677,0.3712633701664931,0.4239234906695642,0.32423436934931393,0.46764404382875574,-0.4883698455071722,-0.010316258011524805,0.039302535775244805,-0.44504667913345797,0.6346121853824673,0.1382826616634254,0.18441413505841298,0.04189961528230468,-0.10728436159237567,-0.1984319559965567,-0.18416876255001283,0.42084240207703977
0.3258452066980331,0.17211528231052797,0.21271578570726454,0.14451923482052245,0.3934923458944838,0.53006655676532,0.24104046888265598,0.22990003791495595,-0.1127947313005668,-0.3579308183292532,-0.417389051537727,0.22601333180005898,-0.41285826781930995,0.6092839511060641,1.0,0.017513540256993268,0.20099049768838595,-0.3649448828482277,-0.4022930402613384,-0.21261508079753114,0.19708109531220083,0.21075927762567448,0.09007103442522223,0.21075927762567448,-0.1473059155061883,0.12214107566606543,0.4268324777166505,0.03275714090585918,0.1650069340025184,0.28150358705962236,-0.36182577747071715,-0.32265372096976097,0.31343132017047004,-0.4031716604233365,0.5044215412773208,0.8954255908937735,0.057322148124076114,0.2645246967402678,-0.34909213739953654,-0.3539426034678346,-0.24460395010296399,0.0467015391291286,0.26645644882439995,0.18630765380294909,0.038045966341216556,-0.19779289734177496,0.09694948767422737,0.35354676298554644,0.26044086863649424,0.2621346572594249,-0.06387593098099334,-0.2079193384996296,-0.16943278285718721,0.0004273611228297579,-0.3907928912740916,0.23921238392569724,-0.0020425716340554513,0.14435621368849635,0.2511714334924227,-0.11488184425049462,-0.12572973314473293,-0.17087746770884474,0.3030940607407878
-0.16558116319694588,-0.2778869890636162,-0.3014273379988132,0.3276676835797038,0.14954587176449013,0.18091173979273675,-0.3282302121761124,-0.13977764804513357,-0.15095484340525586,0.1900033136146755,0.15301053831758632,0.11771292429176719,0.24512280149023752,-0.06643184850719616,0.017513540256993268,1.0,-0.2768663572780764,0.4278086698908048,0.31301580788319194,0.38188257951957233,0.06208647455997441,-0.4081334322401715,-0.2302068694405932,-0.4081334322401715,0.1865678574228705,0.29176257631329083,0.13733818070163162,-0.2807771096421949,-0.1681267913431031,-0.11544951776001684,0.14007627892217392,0.2529616120679825,0.17204811737648565,0.39727078518549586,-0.03305226356295774,0.14868838266593767,0.961028518602731,-0.13982392512312558,0.5105655940863814,0.28408288764618783,0.42232854418455507,0.0777971726231458,-0.14344120102367236,-0.18264338918741624,-0.3713439159123255,0.2019284404895263,0.18399524660621733,0.28327183517631516,-0.21367668541979642,-0.09883764803301967,-0.16727296313708515,0.019585434995068214,0.13469167172525862,0.1867622147877637,0.3962204932073557,-0.14194304388477305,0.03275310426733041,0.5271106548084058,-0.15029055548904652,0.5765877600523097,0.3339861799520011,0.36631893760236156,0.14871355379383877
0.06366936404725738,0.07842727216749898,0.3816602603782837,0.06328763702905736,0.06905535717966912,0.1609979384318339,0.13706932603693864,0.244711252690377,-0.14178070861022787,0.19342739921702465,0.04466856356044023,-0.2505261654689077,0.12135183618874235,0.03371860183220971,0.20099049768838595,-0.2768663572780764,1.0,0.20347379869133062,0.18188609737870387,0.22501338478263416,-0.002019368723205246,0.4582387088783658,-0.10778977125114013,0.4582387088783658,-0.1534252116778486,0.12294109982626224,0.13569336856869246,0.0756205963306611,0.19494189292124883,0.004953536197404105,0.12946021643851763,-0.08873092521637534,-0.29591783042962316,-0.07532101979558536,-0.043376576500820205,0.27322026094058655,-0.2406810628497978,0.9252250850206855,0.13862198154022676,0.19994899336251076,0.21220403909979585,-0.03563103279604555,-0.18027359839549925,-0.09086144562469523,0.24510305250419903,0.14365224710279825,0.29503816415460365,0.08243523403624525,0.054294831581995585,0.2482706177406828,-0.28455091456491294,0.5421777272618702,0.3407174265081916,-0.2243474697167714,0.08930273915895183,-0.07547609794718767,0.22907739943729152,-0.26654188856638306,0.7306715178650661,0.021491842471362953,0.3419604887627418,0.2071377141808696,-0.09900945998244544
-0.30752069324291403,-0.2138390420174194,-0.10597629264880434,0.19826579887241055,0.15211016490901413,-3.3798661508065926e-05,0.003440901515843292,-0.20143805267334575,-0.1311942780348993,0.7989200963635917,0.6162199071690606,-0.05197916545311981,0.6008605276249203,-0.4566134667392786,-0.3649448828482277,0.4278086698908048,0.20347379869133062,1.0,0.7195000493939557,0.46572650683005673,0.014487039875457115,-0.2142687239581438,-0.23580697561830008,-0.2142687239581438,0.11593503038217547,0.42065604608662094,-0.007132420476423497,0.04015385930772054,-0.2025293595774551,-0.13515361105760784,0.7887937391821775,0.5220616846626015,-0.08273109204385098,0.49908763245933757,-0.4358831769228498,-0.19373054302747605,0.3929488998305492,0.2589267939273643,0.945141743780934,0.5549487177430711,0.4734032807301448,0.06383311296766975,-0.36984898058771914,-0.24420271996251647,-0.13513867546102945,0.3054679232612007,0.4982535697021143,0.12738218171162766,0.04575884752473225,-0.2157900655933815,-0.3158798669883432,0.7220701669522328,0.48466031550107214,0.12053254900093424,0.6553373770377651,-0.3596400187630579,0.2774577126255971,0.1810239623623486,0.2073417497573974,0.738316312233568,0.5315860475061958,0.4304291601159458,-0.04046169511639782
-0.351615128140607,-0.4989691800074607,-0.18060069217014396,0.2011380395345401,0.14864300271099926,-0.050841269197112626,-0.2105008824659713,-0.33889174840813574,-0.25221496750185074,0.6594234322246311,0.5100911259360539,-0.08816658058867377,0.510324792149726,-0.4335412084080624,-0.4022930402613384,0.31301580788319194,0.18188609737870387,0.7195000493939557,1.0,0.5354310012102597,0.1396371436038811,-0.14199890889756925,-0.5736975752022416,-0.14199890889756925,0.2419077748750528,0.46746709817025417,-0.02679396365508781,-0.09428371540841098,-0.34317486976399997,-0.28207437710339284,0.6556458866903686,0.3788573413545569,-0.22645028136735249,0.44062951962537583,-0.37556302902323063,-0.34046044092480404,0.2919023722858999,0.15343128442399837,0.655806882106542,0.6998952512205948,0.609871994772089,0.2505689811282321,-0.3645963755953212,-0.5795346801700029,-0.12006295410932377,0.2698075823532164,0.4508314692645335,0.0744386726332614,-0.16486648207570806,-0.3548369056951134,-0.3192448650580401,0.6355982676211033,0.6318507590091542,0.24970446798609153,0.48911261855847815,-0.2494446239773764,0.11557858963800635,0.02599403759077131,0.15150352990311913,0.4782749530390906,0.7330559760878145,0.5534182807406621,0.0993829520880854
-0.30873055594688065,-0.35287619661664693,-0.11772524766512767,0.5686174295448108,0.28475067825346606,-0.13320587757336322,-0.4933175430975636,-0.3552309436999931,-0.32176529717186697,0.3384935873536575,0.1096443306592118,-0.43940962685973173,0.47048392797380006,-0.2033105336838423,-0.21261508079753114,0.38188257951957233,0.22501338478263416,0.46572650683005673,0.5354310012102597,1.0,-0.1817471049398615,-0.09321399341031582,-0.5195657600609755,-0.09321399341031582,0.4361919129842398,0.35162481440917703,-0.06513061799596626,-0.33426346629011106,-0.4663447753654236,-0.24271505598364757,0.33840570961650923,0.08083880535488433,-0.476996963193877,0.2208301166928329,-0.20573372100050252,-0.10769673270091347,0.39584527547631765,0.257186489035828,0.4369761042570375,0.4972245535429163,0.9411651687393874,-0.2336536119705624,-0.5282907055901834,-0.5181013447677605,-0.29189489163393584,0.6976135548879481,0.356026142522811,-0.04470393785406909,-0.4343789031389377,-0.3185719275890475,-0.4696743892890277,0.41760659560972213,0.27713315798756105,-0.016303511425741258,0.5060049394616496,-0.24886332593825167,0.10366784103324993,0.19796272342972077,0.13298350979121196,0.41456437114994327,0.5778963303908048,0.8933864441257442,-0.31515398316480236
0.22737191194509532,0.08334438730281729,-0.005411775991972441,-0.15786306116161167,-0.03700595809817442,0.1679884649123131,0.0853288065713009,0.11825859382816828,-0.04389653232367181,0.07921446370736665,-0.06499515786979289,0.3138862743210063,-0.14139247172458422,0.28988716402246567,0.19708109531220083,0.06208647455997441,-0.002019368723205246,0.014487039875457115,0.1396371436038811,-0.1817471049398615,1.0,-0.03131519129903654,-0.047938523280818254,-0.03131519129903654,-0.11873502273882675,0.05918685694870853,0.09417015993324326,0.07728348980117002,0.043461935005204906,0.22592037280611135,0.10428645812838344,0.11836955849147457,0.3552680476246323,0.03923255086194561,0.24929340734627656,0.21587905726514559,0.07209141122517818,0.029861138017884956,-0.03377501714691254,0.06449678103089901,-0.18631288262536677,0.8780702036775815,0.12654918426292797,0.08866310588601711,-0.023425766260018296,-0.0698234361646786,-0.06897743793443367,0.036554644636670144,0.08093384670025057,0.2943658515291722,0.13455288562610895,-0.06902492107320825,-0.006482688572130865,0.2902127474072633,-0.2207299517133672,0.23152239225799928,0.3620786280953433,0.005785157156744943,0.08924671074137105,0.03618851453019637,0.2943461591204207,-0.22901903063098353,0.8444597026198178
0.4550463441173812,0.49391548034557237,0.7689039998019076,0.07972709106919357,0.09139287014783139,0.12439882019357407,0.37827014505075035,0.6018788737110552,0.3599897141995951,-0.33944881515195313,-0.25230454855009554,-0.23448542944259798,-0.2647894370306559,0.42286492333730763,0.21075927762567448,-0.4081334322401715,0.4582387088783658,-0.2142687239581438,-0.14199890889756925,-0.09321399341031582,-0.03131519129903654,1.0,0.3799886950703256,1.0,-0.058910284409529286,-0.06870187928561806,0.2804863381814005,0.4465128827194688,0.5766307523029666,0.4344841938711251,-0.32973356083398775,-0.26476981811657535,-0.2665889178306006,-0.2953042027940855,0.39941438002278074,0.24833206763538618,-0.41433587744206596,0.3227551700841615,-0.19336841113569023,-0.1731384032287195,-0.006943080263693178,-0.12513189644827916,0.23204754167156505,0.38960627968245026,0.8804363462539981,-0.13731114315897508,-0.1187833400304552,0.11213886405913037,0.3832461793193805,0.5179455329790672,0.28861167038110547,-0.00044956857113721116,0.364454170200222,-0.41542743975198093,-0.22741968808170113,0.3578668425625113,0.1430933372735277,-0.3145012686825811,0.2615893133030034,-0.05866111550745214,0.04904569699921244,-0.012738609633093301,-0.021214767689524183
0.6210455007814546,0.8589700185993269,0.5024495501154439,-0.07080408050099692,-0.026966145382339046,0.00551254563810418,0.591208501751428,0.47527551762317066,0.47201066104575046,-0.2536350570987342,0.05364701104707265,0.2780618176191048,-0.2649232096479133,0.342489251254465,0.09007103442522223,-0.2302068694405932,-0.10778977125114013,-0.23580697561830008,-0.5736975752022416,-0.5195657600609755,-0.047938523280818254,0.3799886950703256,1.0,0.3799886950703257,-0.2901226996934498,-0.05685256134506972,0.11004964469468757,0.6068167825627185,0.628491788188461,0.5479886742204371,-0.24581495894239885,0.12603180159037497,0.36529263286985575,-0.0955208377420397,0.39335070581580883,0.1747936749285301,-0.21788461463233416,-0.02610476171512857,-0.14997274751336934,-0.39008624821163,-0.4598076749378689,0.03782118775612214,0.5626890584312471,0.9580248389745212,0.5596328765537452,-0.25687781143887084,-0.16267308303025282,0.10747294568535966,0.605422331426069,0.4835969255942777,0.563437887935026,-0.2983773156317398,0.027522053490925288,-0.08429215683276745,-0.040055242248107636,0.5064946047428709,0.33871985886363304,0.13630923165213854,0.052223732491019054,-0.09516783230800814,-0.44661210163909026,-0.45096707750672704,0.12982058613798955
0.4550463441173812,0.49391548034557237,0.7689039998019076,0.07972709106919357,0.09139287014783139,0.12439882019357407,0.37827014505075035,0.6018788737110552,0.3599897141995951,-0.33944881515195313,-0.25230454855009554,-0.23448542944259798,-0.2647894370306559,0.42286492333730763,0.21075927762567448,-0.4081334322401715,0.4582387088783658,-0.2142687239581438,-0.14199890889756925,-0.09321399341031582,-0.03131519129903654,1.0,0.3799886950703257,1.0,-0.058910284409529286,-0.06870187928561806,0.2804863381814005,0.4465128827194688,0.5766307523029666,0.4344841938711251,-0.32973356083398775,-0.26476981811657535,-0.2665889178306006,-0.2953042027940855,0.39941438002278074,0.24833206763538618,-0.41433587744206596,0.3227551700841615,-0.19336841113569023,-0.1731384032287195,-0.006943080263693178,-0.12513189644827916,0.23204754167156505,0.38960627968245026,0.8804363462539981,-0.13731114315897508,-0.1187833400304552,0.11213886405913037,0.3832461793193805,0.5179455329790672,0.28861167038110547,-0.00044956857113721116,0.364454170200222,-0.41542743975198093,-0.22741968808170113,0.3578668425625113,0.1430933372735277,-0.3145012686825811,0.2615893133030034,-0.05866111550745214,0.04904569699921244,-0.012738609633093301,-0.021214767689524183
-0.11442131720155505,-0.34177863063212577,-0.30078295208822586,0.6606606068837155,0.0478860377919059,-0.1197759729030534,-0.4045788452553921,-0.5408191388212684,-0.16080143163489227,0.07075874304963106,0.1131259222622693,0.004796291844046021,0.19392442580346436,-0.1672881149858498,-0.1473059155061883,0.1865678574228705,-0.1534252116778486,0.11593503038217547,0.2419077748750528,0.4361919129842398,-0.11873502273882675,-0.058910284409529286,-0.2901226996934498,-0.058910284409529286,1.0,0.11283740946641889,-0.09849412905992268,-0.1713761454679532,-0.5155436045367259,-0.026589231163959958,0.19523068844150218,-0.05853694461460955,-0.027852908786783658,0.08668249698228811,-0.1501630132609403,-0.1188572494871881,0.22782386214061848,-0.167885643149429,0.10311278897313415,0.04873800010978227,0.38322704292173126,-0.1779511524528932,-0.2513527949683139,-0.2484397087824529,-0.16295892686950628,0.5108613626873397,0.011318205682210198,-0.048736842239559985,-0.2226897522156652,-0.39866641644519746,-0.07551422907421712,0.23430862230706237,0.22907584855905364,0.411631323833462,0.17338630794591478,-0.13863279195975003,0.036419978373553985,0.1074621508706631,-0.28930124769253784,0.1624085505654468,0.1545405891223396,0.4442354092345114,-0.1311099987025078
-0.16029062466886054,-0.18403468794007322,-0.12481267847798028,0.34951646424076105,0.47711990619450256,0.3789670205278753,0.06884427487844218,-0.3633615420363517,-0.4307180807642456,0.4529695222133741,0.28910899305257387,0.15133090799423835,0.29789264148678496,0.011407591888407339,0.12214107566606543,0.29176257631329083,0.12294109982626224,0.42065604608662094,0.46746709817025417,0.35162481440917703,0.05918685694870853,-0.06870187928561806,-0.05685256134506972,-0.06870187928561806,0.11283740946641889,1.0,0.37267816386612074,0.20050471870801542,-0.24954538325108666,-0.03557034843281939,0.5161130929204318,0.3704262373051311,0.1679896738627758,0.3314968537925764,0.03803229240432574,0.2663560735113465,0.3467158439431118,0.27907063654936526,0.4657961630582516,0.3711924779981107,0.4278322676752536,0.18168427929971734,-0.15703214451503344,-0.1178847206604406,-0.02142444905549234,0.22230226805718123,0.6578699868178075,0.5344553275929306,0.20960021744569024,-0.265473284977452,-0.12899413045345287,0.4749771145590186,0.5813855062850964,0.46546321319845463,0.5353851526307828,-0.012542930878431047,0.25442407427117786,0.3510122777081812,0.339545604371778,0.37587159618971566,0.4279881123940482,0.43579234638663666,0.2508334532606291
0.2726428044940309,0.02106128645259269,0.1298766385901595,-0.03192673266383749,0.2412945193338104,0.7646948566426495,0.35000003544195607,0.06159482433750917,0.06111799908370019,-0.023001637699258087,-0.11013708932889482,0.18375525508482907,-0.02005220473076546,0.5712746396989122,0.4268324777166505,0.13733818070163162,0.13569336856869246,-0.007132420476423497,-0.02679396365508781,-0.06513061799596626,0.09417015993324326,0.2804863381814005,0.11004964469468757,0.2804863381814005,-0.09849412905992268,0.37267816386612074,1.0,0.1959379239774576,0.2505557048540011,0.21212977917326176,0.020009415696593372,-0.11339604484155522,0.23818340294496398,0.053182711283757914,0.4945441550583937,0.61255464770407,0.21994241267273357,0.2420893841092878,-0.014253658376661791,-0.16867583952689716,0.03870084193948225,0.1835366036826421,0.17556666138946825,0.1191500993245749,0.22896529009893535,-0.18682040169416705,0.15096794287043125,0.856781517353888,0.3861311302315163,0.1563552030666187,0.2323173140838385,0.049312857395503035,0.28831762646946796,0.34702237217435816,0.02511924728050517,0.20915772557548648,-0.12811398462648757,0.1543669240022422,0.17863310887120643,0.07274816845115391,-0.057161559707331965,-0.011522822076927505,0.278019289863833
0.4568882816695948,0.5734239711205653,0.3953667628912595,-0.022111736722872446,0.2999544778426823,0.15890572761793303,0.8448072802255685,0.3368121062631654,0.48765483899175444,-0.08213214230241925,0.14499001751932658,0.2767242026537365,-0.09188575941028937,0.2917956034705452,0.03275714090585918,-0.2807771096421949,0.0756205963306611,0.04015385930772054,-0.09428371540841098,-0.33426346629011106,0.07728348980117002,0.4465128827194688,0.6068167825627185,0.4465128827194688,-0.1713761454679532,0.20050471870801542,0.1959379239774576,1.0,0.43943339308476076,0.5283425099242863,-0.046564581096303334,0.2086947445111668,0.263665386810701,0.10393335600176196,0.36889808449151684,0.14774022977317233,-0.28773877795017916,0.10769753568351577,0.024258667908694898,-0.20449938813345606,-0.23422250168314898,0.10496939798085564,0.34863705433681696,0.5692096330782034,0.5137268649034831,-0.24554450518648263,0.03891225795118747,0.18573735634793412,0.8748120572250906,0.2054101671700576,0.48908023640898357,0.0997151305077926,0.46291416609373265,0.0082139835946406,0.08526281679100443,0.4757086955641196,0.4201793709195425,-0.026931565173784172,0.12097842062007193,-0.022008664662128013,-0.19234119713435724,-0.1972096798295823,0.2111609953663603
0.5295485244610076,0.655185981582257,0.655121767065965,-0.33379640395070986,-0.21198976487642401,0.10480252792741744,0.5119342541807402,0.8662895657076519,0.5664092867860596,-0.2680109036369656,-0.03673263508646211,-0.048882194819594695,-0.2907547248213007,0.3525982746578065,0.1650069340025184,-0.1681267913431031,0.19494189292124883,-0.2025293595774551,-0.34317486976399997,-0.4663447753654236,0.043461935005204906,0.5766307523029666,0.628491788188461,0.5766307523029666,-0.5155436045367259,-0.24954538325108666,0.2505557048540011,0.43943339308476076,1.0,0.44087216640075855,-0.3434807051814761,-0.04101038410221462,0.010088780627849413,-0.10924242764995352,0.39589972795613654,0.25695986219584915,-0.20704905235742285,0.24185385306097326,-0.13045635036187847,-0.17062774897932884,-0.3246645085471163,0.045140683174459795,0.4838369787716677,0.6508406528283511,0.7134089025959572,-0.5465946418927495,-0.2295277216368031,0.14221494186932393,0.5105045999939241,0.8131522483317862,0.4562232490003817,-0.2512079698506653,0.1355743167191861,-0.34771032047095546,-0.08104265818735239,0.3917629613667181,0.2227533548619814,-0.08013864712710539,0.3479545500031592,-0.05561826009363044,-0.21593178343070596,-0.32344265842854303,0.13849355130218233
0.6526613596160278,0.6478002469785428,0.47528373255707934,0.21127178383319928,0.2357659303313062,0.15860894795717426,0.6057613836075529,0.37866505345925694,0.6597458463804684,-0.40404285630974995,-0.22918580572441818,0.4736865850233187,-0.4421379377964287,0.6579925383416939,0.28150358705962236,-0.11544951776001684,0.004953536197404105,-0.13515361105760784,-0.28207437710339284,-0.24271505598364757,0.22592037280611135,0.4344841938711251,0.5479886742204371,0.4344841938711251,-0.026589231163959958,-0.03557034843281939,0.21212977917326176,0.5283425099242863,0.44087216640075855,1.0,-0.25116147784381276,-0.054720387723876496,0.5097334087701885,-0.34326707789415567,0.6849745183816871,0.4017469825795628,-0.05439507956142617,0.025694843483903457,-0.10249313266450052,-0.20781940178073496,-0.1609010377418868,0.20377821677538244,0.43686625973847104,0.5862029028170727,0.3964408594216187,-0.03416038458982819,-0.20944888220683713,0.07596113159722531,0.6531553231670123,0.29293316316237644,0.7121622531519733,-0.22316352262198597,0.18611229105015212,0.06089752717646771,-0.24596226293092116,0.5606612987276466,0.5716437345841628,0.24709593957598663,0.034531284996160316,0.09620263175246205,-0.226368995367223,-0.10231378771123473,0.41197239735528235
-0.414199770782731,-0.3286938154474323,-0.26258615022263154,0.09566275679678128,0.06853785911603943,-0.09067149562101956,-0.10617920068929107,-0.43357456971259295,-0.3715361179426524,0.8861832935464301,0.652757001094008,-0.011963976159252054,0.6504885402972268,-0.49849877362854594,-0.36182577747071715,0.14007627892217392,0.12946021643851763,0.7887937391821775,0.6556458866903686,0.33840570961650923,0.10428645812838344,-0.32973356083398775,-0.24581495894239885,-0.32973356083398775,0.19523068844150218,0.5161130929204318,0.020009415696593372,-0.046564581096303334,-0.3434807051814761,-0.25116147784381276,1.0,0.49250138533911925,-0.012010895129999536,0.5342794361270573,-0.46703828047317736,-0.2312067757700574,0.1939706968378773,0.23575963809250977,0.7213055252050962,0.4709682341138035,0.3409467259745501,0.18943432555788964,-0.34460019929962715,-0.26652760524386127,-0.17284450057097436,0.23812332185789836,0.5239374956477021,0.12928197054313645,-0.031534157228321674,-0.2880376462498463,-0.29980483978806294,0.7527427987769543,0.36747302230720463,0.40786390591849553,0.6288394893063897,-0.3240198287371744,0.25077070371975674,0.19031559111069293,0.2691761597413264,0.4698233419049666,0.42821481794869176,0.34783584366291165,0.02054682803500252
