Fp1,Fz,F3,F7,FT9,FC5,FC1,C3,T7,TP9,CP5,CP1,Pz,P3,P7,O1,Oz,P8,TP10,CP6,CP2,C4,T8,FT10,FC6,FC2,F4,F8,Fp2,AF7,AF3,AFz,F1,F5,FT7,FC3,FCz,C1,C5,TP7,CP3,P1,P5,PO7,PO3,POz,PO4,PO8,P6,P2,CPz,CP4,TP8,FC4,FT8,F6,F2,AF4,AF8,O2,P4,C6,C2
1.0,0.6950630057685949,0.7975698587410165,-0.003713003956735372,-0.5768048281457415,-0.5317063352241453,0.2243157868043175,-0.2502818810917641,0.43358542292326574,0.4742368366543369,-0.3227680270900037,0.6254146695982913,0.11220689767184854,-0.13969469991649,0.6496457067325893,-0.18468513497715305,0.2745072399463754,0.1990191665424022,-0.1874276171736962,0.10461521926352768,-0.12040994373652812,0.49033257465459584,0.5402115028085499,0.49033257465459584,-0.04273013004353511,-0.538157017939497,-0.5212591653272898,0.056624694028667925,-0.28888505015656013,0.3856723533898021,0.3417766440952493,-0.2847848041812184,0.4511658768446968,0.048466221618917726,-0.31811867386755877,0.5511877283703915,-0.28900198889278905,0.2439940384545771,0.22343307396487025,-0.18967372038204017,-0.05479629660071432,-0.15253063251473345,0.6101641234771588,0.4944579661015338,0.37088427406235075,-0.039011030198628484,-0.42374208439343974,-0.42002217924937707,0.052703421943613035,-0.17815743732504102,0.3952025475753373,0.3510283201858411,-0.21487370074861284,0.4589874621409341,0.06379905664266013,-0.2618590280427991,0.5015923098528376,-0.2549534543081966,0.2409571036374828,0.12042616892748717,-0.1780197948758769,-0.013466077772369765,-0.12854589764950058
0.6950630057685949,1.0,0.5555317370784363,0.209788764767552,-0.2795182338686081,-0.3571691720355045,0.7002804385545665,-0.3169427277966541,-0.04867903742703348,0.0939373690242229,-0.6303673480401397,0.3473782221568654,0.5395817000007442,-0.036932358209949265,0.5172936972832541,-0.12683420168904494,0.17206300084415935,0.41767397471480633,-0.3393798141802647,0.007367240146778004,-0.01235395102723658,0.4219918883845476,0.8504398550851444,0.4219918883845476,0.10157729411938775,-0.2583867314314162,-0.3302561463955637,0.5161780240534916,-0.2402974406690249,-0.03815413438181051,0.10934574105782081,-0.5777717903434451,0.2996068914637934,0.49201778487348696,-0.13276961886064978,0.47881145861966967,-0.13021183129289202,0.162201775187663,0.3787931137530533,-0.31493375009677943,-0.06548196356888493,-0.014327166500982126,0.48915109813167224,0.7637563745036483,0.34375142683302057,0.10179059755390417,-0.15394406189976387,-0.22148500014432293,0.46246369528922515,-0.11755527951386256,-0.001530630723239759,0.15548418652943746,-0.5087857438651695,0.3060800613349009,0.4754028378996195,-0.11628264793351642,0.4643171098118873,-0.13275196389980115,0.17972854280733463,0.3331995977017086,-0.27237979974290394,0.0034865245979818693,0.01670893698898887
0.7975698587410165,0.5555317370784363,1.0,-0.10602093148356441,-0.3829694032401809,-0.541074143046019,0.0023344854552939157,-0.11705721810336098,0.5203619083715886,0.630671366846422,-0.1617259225722418,0.8173159291651649,0.01248655733008013,0.1513990535393678,0.8176069174480864,-0.052570882725958105,0.15921593532416614,0.12579434014153887,-0.09011547098196328,0.09256932523255851,-0.12991648486256374,0.5725100113359124,0.40320973534679466,0.5725100113359124,-0.18906871291966024,-0.3604855582860786,-0.5937035853690851,-0.12379649647233838,-0.1799651627650813,0.45549773123470194,0.4047862178278763,-0.11794658089105656,0.5717976067760757,-0.04641940484403926,-0.08623104447019037,0.6699651987456243,-0.21412051767617285,0.07339170813523749,0.12025758346110955,-0.09550674020619568,-0.08697697567752721,-0.18732217580635946,0.44211863212785774,0.3768651743904568,0.41321092531069165,-0.13356447679595976,-0.27659547266463086,-0.46854876246017885,-0.10873610481852068,-0.06669950306512716,0.3971727828558687,0.4222774725603706,-0.07872326854081434,0.5806101490846467,-0.020013670655126235,-0.043280787730642006,0.5819086095438509,-0.15362894669990018,0.09890351917896018,-0.01782535726095882,-0.09667795788434232,-0.05406469614192995,-0.16789297994949906
-0.003713003956735372,0.209788764767552,-0.10602093148356441,1.0,0.3773988868378229,0.43471505749620365,0.5275755915687051,0.13368400483545556,-0.4761593683590398,-0.3270885842334931,-0.1865262875073779,-0.13602201123481933,0.7193556847594728,0.30303776233932683,0.15964106897652577,0.32016145617202907,-0.19425536375281433,0.5003469864916982,0.13249129078341781,0.42378640016543495,0.1378040986496051,0.005598396608465724,0.23943470570825717,0.005598396608465724,0.8702651079090918,0.34292415056629205,0.43259996166536907,0.6117040095697887,0.28929294559189195,-0.41700824765112005,-0.1827447514574513,-0.14128911139860986,0.030823324971726487,0.7403644326765544,0.30488407242546633,0.19574913689724105,0.34564965496322686,-0.14143506457656915,0.39737900461128944,0.1355824036094374,0.3482442574552238,0.2044122260892884,0.1749809532170929,0.2940460314202208,0.11906949164265314,0.8061266531637347,0.3678977274073164,0.4503083245481821,0.5898084175720465,0.3225689044830019,-0.2771806980823282,-0.12549651830068914,-0.02429068001669567,0.08725668141446885,0.7007068795403655,0.32192351706410194,0.2870107091045283,0.3587303167166417,-0.07430540671291899,0.5019365139386254,0.165509732324852,0.39234254772810445,0.25625139834813454
-0.5768048281457415,-0.2795182338686081,-0.3829694032401809,0.3773988868378229,1.0,0.8579540705934484,0.18447645711876073,0.29746061249410854,-0.48050547129996274,-0.5645254099949236,0.4147734845765806,-0.5128921954063413,0.44036255771977095,0.686815844661276,-0.2953045092529302,0.7708399973124145,0.11224531220894739,0.04065449564023443,0.6568933157976555,0.059707674027690574,0.5368920134459475,-0.2674094494456562,-0.3115277320413127,-0.2674094494456562,0.3240466282380671,0.9206473534931245,0.7712650731598857,0.3328430785640397,0.3563743145958245,-0.3657554495787427,-0.48344192038099515,0.39439641928051206,-0.3865415990348127,0.4409928587332515,0.5704959371977554,-0.23132012906430682,0.6918090965591216,0.1162538225419978,-0.012797907119523453,0.5911640313204433,0.08302771356845177,0.5135834628137108,-0.2825093986060055,-0.22177285285482892,-0.15014854266587188,0.3357503411323075,0.801554791531698,0.7402897288098497,0.29959452608511605,0.34287673553328546,-0.2826249223789718,-0.3924122494521792,0.36861347654485016,-0.2908639922230914,0.4297756084436522,0.512938540721222,-0.1317127153472189,0.6498519187739745,0.14309377356064928,-0.03210266468841824,0.5764631983526972,0.060690429695213,0.4895633675143974
-0.5317063352241453,-0.3571691720355045,-0.541074143046019,0.43471505749620365,0.8579540705934484,1.0,0.12748986687101999,0.22714468528983492,-0.4317029234187016,-0.5780207077017084,0.5097733636627856,-0.6503465089971756,0.3610495610793265,0.4632436202335151,-0.4618832901101948,0.6597060636624413,0.06021994940168119,0.059397887742959996,0.6093133274855896,0.15170964749847143,0.44297797361134744,-0.4087725717348311,-0.4010003222509701,-0.4087725717348311,0.4102395710648206,0.7808553210483579,0.8931845530709399,0.2853360259243138,0.23878857961738595,-0.3365131754394636,-0.4926205918292765,0.46359343107902534,-0.541995565418002,0.3675745239318838,0.4051939238878227,-0.38493097253279956,0.5768717063089014,0.09594175277523796,0.00014914398571325458,0.5372357145293837,0.1544191833582609,0.4465366062884714,-0.23166772884020348,-0.3088277512728091,-0.248924779280793,0.39477830343755144,0.6698389342142227,0.8346395163783211,0.26152476905448196,0.23103543896090245,-0.2318746630986771,-0.3892505994993674,0.4530258270725619,-0.4311339636127168,0.35286500908822627,0.39227203910247704,-0.2726874101087364,0.5531633412295094,0.12328007388742786,0.010284952796568997,0.5279375525439113,0.1314726745144458,0.42795791646796166
0.2243157868043175,0.7002804385545665,0.0023344854552939157,0.5275755915687051,0.18447645711876073,0.12748986687101999,1.0,-0.23498200294218435,-0.5313263576610828,-0.44285977156728085,-0.6649934891664789,-0.12990661384117327,0.8456603718598801,0.23096001539321268,0.20450502201465112,0.20234622858106177,0.03662268774638384,0.4737589074893388,-0.1494428680544816,0.012310879913664478,0.19610581592951837,0.11064784660789123,0.7034806128846005,0.11064784660789123,0.4058564417351205,0.16298026672108606,0.18652046251910043,0.9246542616501867,-0.01912241733348765,-0.4544163028189077,-0.3089409065358323,-0.6163419307003372,-0.020274090270133587,0.8301158354898704,0.1598136046220838,0.25611685971308457,0.2532893137458624,0.09835422690497873,0.3877811755715699,-0.12139830814162231,0.022339933884934045,0.21012175309639275,0.28926484527976304,0.650339708600622,0.15149120579015682,0.34754265556673286,0.21509359773223982,0.20584411734764296,0.845146482732788,0.047838935608258866,-0.31387611733769966,-0.25124560949468056,-0.5491200466619534,0.012750012395529,0.794562801018625,0.11019208650026417,0.29255048711531817,0.17362570599031976,0.11456793760079731,0.46895877057170476,-0.08158218123387355,0.048309637959749796,0.22424292649350652
-0.2502818810917641,-0.3169427277966541,-0.11705721810336098,0.13368400483545556,0.29746061249410854,0.22714468528983492,-0.23498200294218435,1.0,0.1761643415999608,0.23942518705783244,0.48578982393290787,0.13553156520365164,-0.13511140519081666,0.19044286491320822,0.11332481953847273,0.31533686255323273,0.2981182576276617,0.272588984074132,0.4020742438895812,0.5705073207973085,-0.28596844048567055,0.24515531486040812,-0.165057914893942,0.24515531486040812,0.22795338463487372,0.4207196998455627,0.2931657795766545,-0.015332332047983236,0.870814235861463,0.21854862516252835,0.292543606699336,0.5721919691913074,0.2836490631614324,-0.09205978618981367,0.24867889773859153,0.17886828259738982,0.3724508074216061,0.3653921904011985,0.2676998784089286,0.4106608166213757,0.4728435746445946,-0.16494337130422002,0.12584117423856678,-0.05200715404018,0.32226302817853647,0.29116198194646786,0.4146491756001448,0.34140676842972995,0.1295780456777122,0.8176000665615987,0.22138000526832122,0.31505835665655174,0.587704242289328,0.3111385116404455,-0.00601265290824419,0.27392260107252314,0.27904254182449156,0.4021424112107058,0.42820750756990617,0.2705343123970571,0.4612687204977124,0.46027952059276434,-0.09763224501035966
0.43358542292326574,-0.04867903742703348,0.5203619083715886,-0.4761593683590398,-0.48050547129996274,-0.4317029234187016,-0.5313263576610828,0.1761643415999608,1.0,0.8804277752595152,0.39996375602330897,0.703400152246288,-0.6576181083681101,-0.01552708712574728,0.48159456927087296,-0.056892829955362156,0.10286682790010154,0.04905475978508448,0.1463492239162479,0.38598567443693244,-0.1464094777771189,0.5730355487189488,-0.00924211773023921,0.5730355487189488,-0.32433306188954586,-0.28667480388670813,-0.3013908942416837,-0.48185699006422716,0.11150582640574554,0.9606346869784691,0.7637004466094331,0.452938720664577,0.5812555530392008,-0.6308499758349927,-0.010995740069830636,0.4478794390149872,-0.061976796866002416,0.15770685262693596,0.18641213356968564,0.21543125080385953,0.313278688161151,-0.08381572378362658,0.4660887756122484,0.05968457523062619,0.5034275704299059,-0.21341256684265333,-0.17837898794940368,-0.20740648478248816,-0.3662957843857017,0.14308420209789202,0.8682633462764695,0.762841637743202,0.4597100717367997,0.6014751298055554,-0.5156352588028931,0.04609873555678093,0.4036180016238621,-0.014169348112233167,0.2142965638072006,0.017780899810197624,0.25498392278199034,0.2566557002312119,-0.03602696049895241
0.4742368366543369,0.0939373690242229,0.630671366846422,-0.3270885842334931,-0.5645254099949236,-0.5780207077017084,-0.44285977156728085,0.23942518705783244,0.8804277752595152,1.0,0.207385333453435,0.8892521938080997,-0.5000386375405925,-0.08977494925627139,0.6372274242076896,-0.2769422172277904,0.01374096952454265,0.12786326020829994,-0.14271013022960452,0.458347964763415,-0.3664523293640368,0.7411125190274961,0.22405790037817974,0.7411125190274961,-0.14819450764537354,-0.37034584864161213,-0.5023773214866843,-0.390081551051035,0.1659878968435931,0.8383497914640474,0.9082470337493738,0.2833082994748288,0.8127840322148971,-0.4646978933013345,-0.04168191991330287,0.6005798724268822,-0.23341848202653614,0.04471849279086192,0.23501774865641417,-0.042489755806054554,0.3672187301310042,-0.2681491714399905,0.5765462308667333,0.2684878807132182,0.6412088314609942,-0.05280185560341338,-0.24051756259072027,-0.38940870443218034,-0.2667816351113092,0.2069254547856678,0.7495739380601811,0.8714882747625657,0.3197132007701547,0.7752231735348335,-0.3499502519726827,0.026653889249412612,0.5582236046344481,-0.16837339837902113,0.11273481551381309,0.11893059564183672,0.019372068505537916,0.31630243600483665,-0.20643706071153103
-0.3227680270900037,-0.6303673480401397,-0.1617259225722418,-0.1865262875073779,0.4147734845765806,0.5097733636627856,-0.6649934891664789,0.48578982393290787,0.39996375602330897,0.207385333453435,1.0,-0.10033898525284075,-0.4353637546186198,0.2412818751320029,-0.2588628244314815,0.41208467751328454,0.23583763184591242,-0.18823413330635866,0.6922610531971608,0.29521797221965906,0.18550274555623458,-0.029601840717236937,-0.6387309523322312,-0.029601840717236937,-0.033530364044517785,0.48009629219587463,0.45434416236491854,-0.46239528380870376,0.32638230365910037,0.4356616630257539,0.1712422444650235,0.9728298515004464,-0.09860871350574896,-0.41119012492894774,0.23144346878535682,-0.220809041089197,0.33434476314869593,0.24742459447089085,-0.10398029844509532,0.6483883277105144,0.2605484259840455,0.21248444813443312,-0.08204742123922083,-0.5080223383971545,0.032409172158404075,0.044987525491704566,0.4160654569131994,0.4528259335098387,-0.3901641475653098,0.2925619000652171,0.4058147303885732,0.21395987726855295,0.9279679238911035,-0.03329889154250498,-0.3493159916094156,0.26436715036495656,-0.15230272881877452,0.361886715335953,0.2781815569392218,-0.25533067896543576,0.6325686343791496,0.18619572629393782,0.2113690558240906
0.6254146695982913,0.3473782221568654,0.8173159291651649,-0.13602201123481933,-0.5128921954063413,-0.6503465089971756,-0.12990661384117327,0.13553156520365164,0.703400152246288,0.8892521938080997,-0.10033898525284075,1.0,-0.1876047136237686,0.07307716995709795,0.8795608187163193,-0.18863270287870343,-0.040592440237441754,0.27546934359634856,-0.20265803107170907,0.40877688446220034,-0.3061880648375677,0.8123687975221099,0.45888471342762455,0.8123687975221099,-0.04958449043732246,-0.35591871405896053,-0.5909273034417681,-0.13834837987050905,0.11865870324735416,0.6646914323145724,0.7656919149010986,0.0031761916055455582,0.8966265403320524,-0.1718533482202136,0.008034801834661374,0.8193319639160697,-0.19682748387123147,-0.02662388746384385,0.331195828235207,-0.10480235068263696,0.29004370966062964,-0.2455463905322781,0.6242990216752401,0.4738740125408582,0.6864899848659209,0.025413216510225368,-0.21170793335727428,-0.45989927011965204,-0.04686781092577695,0.18765964841677601,0.6071626505887728,0.7397447595419837,0.06412780876921155,0.8657162124430086,-0.07935470978106411,0.05184236846734536,0.7509958945333647,-0.15365599998345283,0.04026497794890902,0.23239652025620192,-0.05024616772508544,0.25113891029520496,-0.18770902381592514
0.11220689767184854,0.5395817000007442,0.01248655733008013,0.7193556847594728,0.44036255771977095,0.3610495610793265,0.8456603718598801,-0.13511140519081666,-0.6576181083681101,-0.5000386375405925,-0.4353637546186198,-0.1876047136237686,1.0,0.3835422936427007,0.1761955759604074,0.32984802224445703,0.00870166893555887,0.4196708300551763,0.011856807084134514,0.07071104884091918,0.30455874143427736,0.05151005910767372,0.5236671851461094,0.05151005910767372,0.5982530615735381,0.354493572737334,0.29467822814007644,0.8349058935729814,0.01976971431724936,-0.5442830090769123,-0.3711858310236617,-0.38930193261450907,-0.06570025609224092,0.9851172137508521,0.297900615964924,0.22406703121581395,0.32935496455565133,0.01862847784661221,0.29772466423427213,0.006394120151032711,0.06396081355139162,0.3216492989022071,0.19233747365049209,0.5292885160272076,0.1172213387081771,0.545881819419097,0.3524736186147401,0.3296526382135946,0.7692946779498037,0.1005039126440489,-0.3864381163747066,-0.29496554847331224,-0.31818465750803754,-0.012958353453709458,0.9416450059366082,0.275795433530409,0.2815664513762202,0.2922130657580057,0.04131298702769883,0.4022271801331086,0.02427177906429913,0.08240380150468049,0.32832001094251934
-0.13969469991649,-0.036932358209949265,0.1513990535393678,0.30303776233932683,0.686815844661276,0.4632436202335151,0.23096001539321268,0.19044286491320822,-0.01552708712574728,-0.08977494925627139,0.2412818751320029,0.07307716995709795,0.3835422936427007,1.0,0.35234229596361394,0.8551797769361333,0.067523483489641,0.26687373766856437,0.6634671008888241,0.3128080688523077,0.5596471271693892,0.24746011433056367,0.020305899108130437,0.24746011433056367,0.28827160252397227,0.7277679225381276,0.5300096774543375,0.4056936074015168,0.4181520178976633,0.11803423171598403,-0.06427749533264335,0.3068430196528878,0.12631020556753114,0.4121329348680934,0.8664038921456702,0.4152688303574522,0.8218554693096631,0.12538042367204733,0.24023069259156676,0.7003334395077098,0.3363367975276003,0.6000232205894096,0.15449380941357316,0.1654802528818968,0.3305474974891562,0.3752808248558464,0.7386008603769814,0.5930144236005513,0.4387361380214363,0.4927936582496083,0.21125171815833263,0.056673783801185984,0.3276032021122789,0.26505872813631404,0.46934024513036066,0.8263148266426967,0.45667226493811836,0.8038979648989474,0.1988288497142375,0.2575661454384268,0.7164364821951044,0.29749114274343375,0.6060815190700508
0.6496457067325893,0.5172936972832541,0.8176069174480864,0.15964106897652577,-0.2953045092529302,-0.4618832901101948,0.20450502201465112,0.11332481953847273,0.48159456927087296,0.6372274242076896,-0.2588628244314815,0.8795608187163193,0.1761955759604074,0.35234229596361394,1.0,0.11748071877557925,-0.009169254369814467,0.47036951975460634,-0.061415421998254394,0.45578877993324146,-0.08270380153709356,0.7679344557340645,0.5847149671314358,0.7679344557340645,0.14783866088366085,-0.174753942348472,-0.36603930935296203,0.20982959184983743,0.1998925364486993,0.4855570962650819,0.543984359410662,-0.1282716222748498,0.7996429177486546,0.18952181200977353,0.2337467052941035,0.9514749020974018,0.0925218304337126,0.026561151267533476,0.48787918351504206,0.021750782935914485,0.33267679469829603,-0.01889023349484825,0.6399563650086217,0.623975126864836,0.6929187167330916,0.2199032353729815,-0.04523415678701754,-0.21771441389525245,0.29056006701781995,0.30322623139683463,0.47791593215343986,0.5740303910290999,-0.03916074119379018,0.8294510303253121,0.2658385566957802,0.2674382936014799,0.8961284103546938,0.12305824468580738,0.10516546506120691,0.4485734112214728,0.08085964619559695,0.32403533784122385,0.04648789156225163
-0.18468513497715305,-0.12683420168904494,-0.052570882725958105,0.32016145617202907,0.7708399973124145,0.6597060636624413,0.20234622858106177,0.31533686255323273,-0.056892829955362156,-0.2769422172277904,0.41208467751328454,-0.18863270287870343,0.32984802224445703,0.8551797769361333,0.11748071877557925,1.0,0.21412577879760553,0.23762235876997423,0.8638355169494955,0.2682825298351056,0.6301965429877066,0.011689353638035117,-0.17278699635008787,0.011689353638035117,0.27033766988591323,0.779534103272013,0.7195784498887707,0.3657598738131155,0.4358609441826205,0.05343724784649326,-0.2639688618476248,0.45147682164255104,-0.14554828710779522,0.3419355429344102,0.6706675660544783,0.17780662562202582,0.8912062928478939,0.29426852914733836,0.2309730419269111,0.8259811638098601,0.2564845670451125,0.6269738792352546,0.03338794380607614,-0.0415845251916263,0.12969684393652303,0.33517934569036395,0.7446339806349149,0.7517189396673403,0.38775815200534897,0.4731696222912904,0.14274933870375128,-0.1319631377492409,0.4589128190069374,0.01752001200091113,0.37030647076061435,0.6320258806626161,0.24855121521179,0.834394568952906,0.3348926630960828,0.19257931296507344,0.8196959039266813,0.23130792547163487,0.6236966588651471
0.2745072399463754,0.17206300084415935,0.15921593532416614,-0.19425536375281433,0.11224531220894739,0.06021994940168119,0.03662268774638384,0.2981182576276617,0.10286682790010154,0.01374096952454265,0.23583763184591242,-0.040592440237441754,0.00870166893555887,0.067523483489641,-0.009169254369814467,0.21412577879760553,1.0,-0.09454847539051953,0.3720661813990322,-0.02824559931694383,0.04319940042932663,0.13449394499570716,0.06704179542541852,0.13449394499570716,-0.12307793159721082,0.19308338203057226,0.09005969540389505,0.05944840461353918,0.22201430731171323,0.15014036375561124,-0.003635487863345614,0.23783583624900936,-0.030961582772558754,-0.03905278492584639,-0.016596075723738137,0.029262812460131547,0.1817421979127214,0.9467141750947912,-0.025115614994371614,0.309021420331485,-0.08368830481674555,0.04735170730360269,0.12993419440294168,0.06410053166481067,0.12189900420139235,-0.0912281949526752,0.16360773770406425,0.10803497686308634,0.07496400921467836,0.24236024138876283,0.14071168757367547,0.03132169554643892,0.22688513188268608,0.0009886534791771647,-0.043602208074443594,-0.021661307651090575,0.07277722802940745,0.15700296814954492,0.900383789842339,-0.09981367484826126,0.28126051369598365,-0.10458895549228807,0.03755975230947868
0.1990191665424022,0.41767397471480633,0.12579434014153887,0.5003469864916982,0.04065449564023443,0.059397887742959996,0.4737589074893388,0.272588984074132,0.04905475978508448,0.12786326020829994,-0.18823413330635866,0.27546934359634856,0.4196708300551763,0.26687373766856437,0.47036951975460634,0.23762235876997423,-0.09454847539051953,1.0,0.09047021948203561,0.6442656199962427,-0.028119082643075315,0.5349332355466608,0.579742182918491,0.5349332355466608,0.5226207249631944,0.207228513444557,0.23560450636481423,0.5700176490934881,0.43377784607778724,0.16801755922949743,0.27991841126486994,-0.028263615415419892,0.43914975053296457,0.49158528641496846,0.362742831937288,0.5863058756842549,0.37894494227989695,0.06349717140283832,0.8214036813952188,0.24608240672327203,0.6635129454410728,0.1431906451254319,0.49754437956706155,0.6790871939483442,0.6272335104196227,0.5990016716771159,0.422943434889303,0.389897512956496,0.6496027235826406,0.5447352393317315,0.31377807712638306,0.39486975703100285,0.09657929926429445,0.5424649491859759,0.5888606851186249,0.4369363024275785,0.6709097642477352,0.42357343912529055,0.18805080414194153,0.8714267085511045,0.3239886330635476,0.6616285991855683,0.24255286219189623
-0.1874276171736962,-0.3393798141802647,-0.09011547098196328,0.13249129078341781,0.6568933157976555,0.6093133274855896,-0.1494428680544816,0.4020742438895812,0.1463492239162479,-0.14271013022960452,0.6922610531971608,-0.20265803107170907,0.011856807084134514,0.6634671008888241,-0.061415421998254394,0.8638355169494955,0.3720661813990322,0.09047021948203561,1.0,0.274744043218759,0.5089105986446189,-0.01839738860507731,-0.4123530546846324,-0.01839738860507731,0.16187492950943358,0.7150440589976464,0.6715226551126621,0.030300797574915918,0.43898740633299094,0.24260738629971873,-0.13466793464677596,0.7190502209251276,-0.16307737747241835,0.02307527874314471,0.5470675996806065,0.019173231864530075,0.7803308730994137,0.434503982783073,0.08658270997746398,0.9610927485500353,0.273845950177763,0.5155179889941702,-0.02471788242720652,-0.26332988522621253,0.09725243405890134,0.24265312343751838,0.7025008156602452,0.6997742907139497,0.06935410361186832,0.45629473953998045,0.3085045148510239,-0.009783670454041436,0.7137543647276147,-0.002721291402586822,0.04655763442467856,0.5411873553772949,0.10201083631564033,0.7615477627211378,0.4614950103695679,0.03844776894998491,0.9184723024506422,0.24440489033181242,0.5100801138987913
0.10461521926352768,0.007367240146778004,0.09256932523255851,0.42378640016543495,0.059707674027690574,0.15170964749847143,0.012310879913664478,0.5705073207973085,0.38598567443693244,0.458347964763415,0.29521797221965906,0.40877688446220034,0.07071104884091918,0.3128080688523077,0.45578877993324146,0.2682825298351056,-0.02824559931694383,0.6442656199962427,0.274744043218759,1.0,-0.0455486022282516,0.5937476972262065,0.23888953044470926,0.5937476972262065,0.6109635622743235,0.3098994332780797,0.3458821915331795,0.24684485790569488,0.67608483774295,0.48944296071231586,0.6047920447002765,0.4478642394328755,0.5793192771968585,0.1649897212749647,0.4734540248684276,0.5775823224287756,0.44197937147765576,0.15613547506690162,0.639645211426048,0.4146967069005707,0.8909898121854234,0.19066082147374802,0.5954241865732112,0.3916049630152214,0.6909663685910109,0.6885813097702396,0.4362787146033244,0.45870903307799304,0.3728708288054645,0.7172801021079536,0.5634552616003496,0.6605780913576287,0.56932168729136,0.6401092397710205,0.28859122977042584,0.5442820513984082,0.6670355875500552,0.48098176017963834,0.28962358006078825,0.6739670731434498,0.5215332075648994,0.8201007863798149,0.29955857820150283
-0.12040994373652812,-0.01235395102723658,-0.12991648486256374,0.1378040986496051,0.5368920134459475,0.44297797361134744,0.19610581592951837,-0.28596844048567055,-0.1464094777771189,-0.3664523293640368,0.18550274555623458,-0.3061880648375677,0.30455874143427736,0.5596471271693892,-0.08270380153709356,0.6301965429877066,0.04319940042932663,-0.028119082643075315,0.5089105986446189,-0.0455486022282516,1.0,-0.09585417013555625,-0.10293421994660767,-0.09585417013555625,0.19186379412862814,0.50797521298312,0.5157049896371687,0.23990537649849392,-0.05432062415988958,-0.020329140882041345,-0.2628402409326079,0.18379595838734195,-0.23086234844172207,0.30917629509472055,0.45627241480684183,-0.01718988354432213,0.5798166388331997,0.12317215610936937,0.042241908787835576,0.4965433443862728,0.0717461403624844,0.9462845631290574,-0.028250561249245743,-0.0468244495790996,-0.039723301160849385,0.22592496140020582,0.4422297576648573,0.5118850071983003,0.16092785969184256,-0.030792666549142488,0.008917927915516167,-0.2085611254124612,0.20031511347197645,-0.1485082717549267,0.29204460760729456,0.4094269575309963,0.016042878325697986,0.4901911976080603,0.11537261862765244,-0.0022136369616516044,0.49178482161212694,0.04099269927423087,0.9038107820365724
0.49033257465459584,0.4219918883845476,0.5725100113359124,0.005598396608465724,-0.2674094494456562,-0.4087725717348311,0.11064784660789123,0.24515531486040812,0.5730355487189488,0.7411125190274961,-0.029601840717236937,0.8123687975221099,0.05151005910767372,0.24746011433056367,0.7679344557340645,0.011689353638035117,0.13449394499570716,0.5349332355466608,-0.01839738860507731,0.5937476972262065,-0.09585417013555625,1.0,0.6611666112964109,1.0,0.2224638939790118,-0.019104973901085374,-0.24271003834046875,0.21304927661787043,0.3702619203704852,0.6726129569858058,0.8154221279638164,0.12593413092281294,0.9108616025457823,0.11684997334152934,0.31513213273324814,0.8546434567085424,0.15757476621799862,0.2303448255749662,0.6101540895226985,0.15791022462156698,0.6136073004063765,0.0712318172698973,0.8330801614938629,0.7467421323949963,0.9687739089494587,0.3349992882321313,0.1807338955954871,-0.0719369825917885,0.32333287474934747,0.471445610095381,0.7137104787194403,0.840047031634307,0.21676041311694486,0.925582525844371,0.25225805238383364,0.35799308550228964,0.8796235673414746,0.19585031971195924,0.33550428426160805,0.5569700274564169,0.24722127089297777,0.5275354863739499,0.14710219727394624
0.5402115028085499,0.8504398550851444,0.40320973534679466,0.23943470570825717,-0.3115277320413127,-0.4010003222509701,0.7034806128846005,-0.165057914893942,-0.00924211773023921,0.22405790037817974,-0.6387309523322312,0.45888471342762455,0.5236671851461094,0.020305899108130437,0.5847149671314358,-0.17278699635008787,0.06704179542541852,0.579742182918491,-0.4123530546846324,0.23888953044470926,-0.10293421994660767,0.6611666112964109,1.0,0.661166611296411,0.2737470845413947,-0.17299821783068217,-0.2733968814360695,0.6601295652894535,0.010386782428148493,0.070704461770325,0.3477998304987166,-0.5241951108962497,0.5596328173802539,0.5480611291876489,0.08126623195758047,0.652760381019398,-0.024509881849738197,0.13557084554394555,0.5559296682716507,-0.2794505598753778,0.26759456481700666,0.0052374142036241975,0.6613709597038947,0.9642212729590842,0.6270550614343737,0.2884735298939135,-0.0009628322355533371,-0.15837613412868157,0.655333898187734,0.11461966042907028,0.1638591664068567,0.3673592830032076,-0.43228758961505326,0.5411159473713265,0.5934383707314521,0.08653831641667878,0.656873133570392,-0.04903363204005428,0.18667519372247085,0.5971609114630009,-0.2031484827942996,0.24391647760832438,0.06246362778766981
0.49033257465459584,0.4219918883845476,0.5725100113359124,0.005598396608465724,-0.2674094494456562,-0.4087725717348311,0.11064784660789123,0.24515531486040812,0.5730355487189488,0.7411125190274961,-0.029601840717236937,0.8123687975221099,0.05151005910767372,0.24746011433056367,0.7679344557340645,0.011689353638035117,0.13449394499570716,0.5349332355466608,-0.01839738860507731,0.5937476972262065,-0.09585417013555625,1.0,0.661166611296411,1.0,0.2224638939790118,-0.019104973901085374,-0.24271003834046875,0.21304927661787043,0.3702619203704852,0.6726129569858058,0.8154221279638164,0.12593413092281294,0.9108616025457823,0.11684997334152934,0.31513213273324814,0.8546434567085424,0.15757476621799862,0.2303448255749662,0.6101540895226985,0.15791022462156698,0.6136073004063765,0.0712318172698973,0.8330801614938629,0.7467421323949963,0.9687739089494587,0.3349992882321313,0.1807338955954871,-0.0719369825917885,0.32333287474934747,0.471445610095381,0.7137104787194403,0.840047031634307,0.21676041311694486,0.925582525844371,0.25225805238383364,0.35799308550228964,0.8796235673414746,0.19585031971195924,0.33550428426160805,0.5569700274564169,0.24722127089297777,0.5275354863739499,0.14710219727394624
-0.04273013004353511,0.10157729411938775,-0.18906871291966024,0.8702651079090918,0.3240466282380671,0.4102395710648206,0.4058564417351205,0.22795338463487372,-0.32433306188954586,-0.14819450764537354,-0.033530364044517785,-0.04958449043732246,0.5982530615735381,0.28827160252397227,0.14783866088366085,0.27033766988591323,-0.12307793159721082,0.5226207249631944,0.16187492950943358,0.6109635622743235,0.19186379412862814,0.2224638939790118,0.2737470845413947,0.2224638939790118,1.0,0.4017573111029742,0.4736170801719809,0.5699717462122935,0.4277416785558119,-0.2070886140813873,0.07364071137524432,0.05576363777312074,0.20932868203141036,0.6704175416369516,0.3928146810018911,0.2907817929246333,0.4062484915196506,-0.002541359643887549,0.5083171659670176,0.2446739596730132,0.6111271102143332,0.3465255969233638,0.3738194681760265,0.35427211222995386,0.35303665073751545,0.9774690511058175,0.4677268900388998,0.509658591881095,0.5931820384370681,0.46362014991733347,-0.07240566404918078,0.11223937612055278,0.19702853707701534,0.24611032004154026,0.6648825341047663,0.4285069630451585,0.411308907595385,0.4021677394701266,0.06614399493619821,0.6172932143351757,0.29383175738103223,0.5770666489680633,0.3921330001899104
-0.538157017939497,-0.2583867314314162,-0.3604855582860786,0.34292415056629205,0.9206473534931245,0.7808553210483579,0.16298026672108606,0.4207196998455627,-0.28667480388670813,-0.37034584864161213,0.48009629219587463,-0.35591871405896053,0.354493572737334,0.7277679225381276,-0.174753942348472,0.779534103272013,0.19308338203057226,0.207228513444557,0.7150440589976464,0.3098994332780797,0.50797521298312,-0.019104973901085374,-0.17299821783068217,-0.019104973901085374,0.4017573111029742,1.0,0.828601738916987,0.39675059736056456,0.5514015980604298,-0.1295891339953267,-0.2260312094974717,0.5247502920144237,-0.16438850787705067,0.39612701433761455,0.7141906626436074,-0.03476747188791656,0.8150385878672259,0.26931018803097695,0.22331223384139143,0.7298021269037368,0.36958383887442,0.5764079908648299,-0.10118804423011084,-0.04855302780980062,0.11716171388322354,0.4564658645493799,0.9419432370664718,0.8356431198019466,0.4006216191484454,0.5487150027510949,-0.0325779664603979,-0.12597882640513453,0.5279263010665712,-0.06375211092890161,0.43259981012771037,0.6705036337189588,0.07764268761475396,0.77057779428027,0.3258345998039974,0.18626272800890956,0.743522133718521,0.302646504994087,0.5872987176523048
-0.5212591653272898,-0.3302561463955637,-0.5937035853690851,0.43259996166536907,0.7712650731598857,0.8931845530709399,0.18652046251910043,0.2931657795766545,-0.3013908942416837,-0.5023773214866843,0.45434416236491854,-0.5909273034417681,0.29467822814007644,0.5300096774543375,-0.36603930935296203,0.7195784498887707,0.09005969540389505,0.23560450636481423,0.6715226551126621,0.3458821915331795,0.5157049896371687,-0.24271003834046875,-0.2733968814360695,-0.24271003834046875,0.4736170801719809,0.828601738916987,1.0,0.4144896337351725,0.46034881685912177,-0.15527571543750265,-0.31118065288053687,0.4754148431342755,-0.3870761488801495,0.34461165384146847,0.5969295878930909,-0.215617727361203,0.7850592549346799,0.2262395829482223,0.24045191848640815,0.6810049948892065,0.42129325741171747,0.6020738954920618,-0.09818558538706061,-0.13962964787196241,-0.04541873234127731,0.4979208119953912,0.7710256336292408,0.9716601527321532,0.42016961938795805,0.4525053612393763,-0.03158398227362191,-0.1992918899396619,0.4953112326910732,-0.260870047878023,0.37160949188042813,0.5847375662008324,-0.0861537189693412,0.7569747769178082,0.2806340100981157,0.27590006953502383,0.7075990778698759,0.3811179388357352,0.6204992352779022
0.056624694028667925,0.5161780240534916,-0.12379649647233838,0.6117040095697887,0.3328430785640397,0.2853360259243138,0.9246542616501867,-0.015332332047983236,-0.48185699006422716,-0.390081551051035,-0.46239528380870376,-0.13834837987050905,0.8349058935729814,0.4056936074015168,0.20982959184983743,0.3657598738131155,0.05944840461353918,0.5700176490934881,0.030300797574915918,0.24684485790569488,0.23990537649849392,0.21304927661787043,0.6601295652894535,0.21304927661787043,0.5699717462122935,0.39675059736056456,0.4144896337351725,1.0,0.25898643548104194,-0.3449960584651599,-0.18507738303628352,-0.3732911141927188,0.06331159883915477,0.8661473223665695,0.42910027161707737,0.3360348958884151,0.5011932009141237,0.17149250175996125,0.5278585471544438,0.10419657108571682,0.31018671116105734,0.3337480559343476,0.3570649261130336,0.6807712857578426,0.31577234613457483,0.5443062321791898,0.4633934844523498,0.4467070465157146,0.965465881765466,0.3203041421233477,-0.16911928014460542,-0.11265760645633956,-0.2926537536264211,0.1163502007254204,0.8739628093664746,0.3842216315319082,0.4068290278863704,0.4192470607519234,0.21806002190646673,0.6311575858045045,0.16238316472448566,0.29485971012423123,0.3735726952345589
-0.28888505015656013,-0.2402974406690249,-0.1799651627650813,0.28929294559189195,0.3563743145958245,0.23878857961738595,-0.01912241733348765,0.870814235861463,0.11150582640574554,0.1659878968435931,0.32638230365910037,0.11865870324735416,0.01976971431724936,0.4181520178976633,0.1998925364486993,0.4358609441826205,0.22201430731171323,0.43377784607778724,0.43898740633299094,0.67608483774295,-0.05432062415988958,0.3702619203704852,0.010386782428148493,0.3702619203704852,0.4277416785558119,0.5514015980604298,0.46034881685912177,0.25898643548104194,1.0,0.23379615891354216,0.3521307001356554,0.4573655237100005,0.38303647898273346,0.1018864465468863,0.5728590364551338,0.33978086359512827,0.6243382992883431,0.36950004502047407,0.46785153658884865,0.532332184894839,0.6960535593684688,0.1299554074719365,0.25555356447684224,0.16283434654568588,0.49626611919786345,0.5115077142331073,0.5848438870585084,0.5204970686954405,0.40724589897013513,0.974109193378497,0.2782185697896714,0.39196272488569156,0.5121196537333791,0.43381395973212533,0.19982416813378515,0.5782423295449128,0.4564161457192179,0.6374703440413096,0.46172940078883234,0.5273010213651614,0.6178276679972877,0.6586118640321291,0.2109910346737984
0.3856723533898021,-0.03815413438181051,0.45549773123470194,-0.41700824765112005,-0.3657554495787427,-0.3365131754394636,-0.4544163028189077,0.21854862516252835,0.9606346869784691,0.8383497914640474,0.4356616630257539,0.6646914323145724,-0.5442830090769123,0.11803423171598403,0.4855570962650819,0.05343724784649326,0.15014036375561124,0.16801755922949743,0.24260738629971873,0.48944296071231586,-0.020329140882041345,0.6726129569858058,0.070704461770325,0.6726129569858058,-0.2070886140813873,-0.1295891339953267,-0.15527571543750265,-0.3449960584651599,0.23379615891354216,1.0,0.8089929224663913,0.5219482669147509,0.6303348706212523,-0.49470833955364435,0.18238002056352592,0.5172040517783036,0.11132903373214861,0.24917615005213917,0.29960345568193236,0.3562385365035509,0.4880463736017995,0.09304047174947129,0.5666337879403207,0.18758738333861527,0.6455209213226671,-0.0699984181638077,-0.0003013171120658693,-0.035225338422273954,-0.2113795546953593,0.28861709925669815,0.9536936303888002,0.8363736109676326,0.5446290850558124,0.6780764933622663,-0.35118662141818113,0.2440604833093317,0.5056531828702641,0.15773516052601994,0.32655016842385964,0.16799391153011395,0.4150286625499609,0.407167332791956,0.15072391123929574
0.3417766440952493,0.10934574105782081,0.4047862178278763,-0.1827447514574513,-0.48344192038099515,-0.4926205918292765,-0.3089409065358323,0.292543606699336,0.7637004466094331,0.9082470337493738,0.1712422444650235,0.7656919149010986,-0.3711858310236617,-0.06427749533264335,0.543984359410662,-0.2639688618476248,-0.003635487863345614,0.27991841126486994,-0.13466793464677596,0.6047920447002765,-0.2628402409326079,0.8154221279638164,0.3477998304987166,0.8154221279638164,0.07364071137524432,-0.2260312094974717,-0.31118065288053687,-0.18507738303628352,0.3521307001356554,0.8089929224663913,1.0,0.2859540038075865,0.8667553309660997,-0.2968723678073552,0.1462193561039523,0.6016062484129502,-0.06648319259470838,0.10987629754269396,0.38134927349704567,0.03281324250647087,0.6172767747689921,-0.07870954497379275,0.6924210838407457,0.4363154487458241,0.7815033956297308,0.17913786300714693,-0.0665507124529936,-0.18583229199136272,-0.04698826173992901,0.3921688236225165,0.769048186986512,0.9735245748947844,0.3513657981241627,0.8357274972957013,-0.16243155311062255,0.21377682657411828,0.6164874878025873,-0.005997488329411875,0.20725076717797458,0.3531297210306451,0.13556809212816914,0.5474228461791287,0.007816175396149785
-0.2847848041812184,-0.5777717903434451,-0.11794658089105656,-0.14128911139860986,0.39439641928051206,0.46359343107902534,-0.6163419307003372,0.5721919691913074,0.452938720664577,0.2833082994748288,0.9728298515004464,0.0031761916055455582,-0.38930193261450907,0.3068430196528878,-0.1282716222748498,0.45147682164255104,0.23783583624900936,-0.028263615415419892,0.7190502209251276,0.4478642394328755,0.18379595838734195,0.12593413092281294,-0.5241951108962497,0.12593413092281294,0.05576363777312074,0.5247502920144237,0.4754148431342755,-0.3732911141927188,0.4573655237100005,0.5219482669147509,0.2859540038075865,1.0,0.04411484465282933,-0.34294338024170545,0.3421177134156385,-0.0508472739432232,0.43401820793490037,0.2949660500806575,0.051717475286101426,0.7216907437126867,0.4316391139994762,0.2609842251650318,0.0365925620192448,-0.3663876191449423,0.20338872673000183,0.1603604764329876,0.4994137471732202,0.510633804340122,-0.2742705334267,0.44017099077330973,0.509373701616514,0.34206127894997723,0.9817185490047525,0.12152864608730914,-0.2554987109521925,0.38722230791629364,0.025724231108128482,0.47071950987215994,0.348206231621972,-0.06868170312032071,0.7229704036380524,0.3403912481768743,0.28135617134427215
