Fp1,Fz,F3,F7,FT9,FC5,FC1,C3,T7,TP9,CP5,CP1,Pz,P3,P7,O1,Oz,P8,TP10,CP6,CP2,C4,T8,FT10,FC6,FC2,F4,F8,Fp2,AF7,AF3,AFz,F1,F5,FT7,FC3,FCz,C1,C5,TP7,CP3,P1,P5,PO7,PO3,POz,PO4,PO8,P6,P2,CPz,CP4,TP8,FC4,FT8,F6,F2,AF4,AF8,O2,P4,C6,C2
1.0,0.4357687306867991,0.32157158596453844,0.2996352283909293,-0.635752997112223,0.18215462049110537,0.26529387924732906,-0.07222621584355114,0.41044647437814896,-0.5512652338390017,-0.16917334079010612,0.4003625650877908,-0.05019263400654326,0.2727968811490643,0.2510179461924393,-0.17697492531255832,0.0133216361211078,0.20755952222448618,-0.4235380186333411,0.16995159863924128,-0.045873151711352,0.2559539910105064,0.4241273316730993,0.2559539910105064,0.28152439474145347,-0.4624550812615698,0.2064598551652875,0.1777557156713616,0.06480816376222037,0.38547423450802554,-0.35114542244703595,-0.1158336919281604,0.2708885304496065,-0.03636845582552037,0.2711650662374509,0.253684026264625,-0.06240891496214454,0.03674292673366515,0.1736026399670714,-0.31761513044800815,0.1787008021359077,-0.05297096419015486,0.5753291192222733,0.43323482765728855,0.2587131969485847,0.22914425346524417,-0.4117690780265513,0.24143798522983068,0.19163071000026205,0.13464098354717266,0.4220134870944825,-0.4287215494556844,-0.09722059248445362,0.346229565072631,0.009580219729011576,0.26807332733450595,0.279724609627483,-0.08185953898789158,0.017743259849250386,0.1960765913677993,-0.44772743272657534,0.10921674076234938,-0.06002289810481278
0.4357687306867991,1.0,0.4132654025990252,0.28829903339802276,-0.5422278315769972,-0.2631336571712055,0.027738370000266976,0.14166174272430931,0.9067795113797628,0.17919441855030493,0.0743750404505775,0.4147755691547325,-0.391696634459574,0.7362445159698099,0.12447523465853724,-0.07392685662127627,-0.09909640844920378,0.15983751577129587,-0.2596088966031166,0.3229175149116502,-0.006009191738328096,0.23056596800000348,0.8552595617260733,0.23056596800000348,0.42971319253403767,-0.17678716399300792,-0.006823913805627859,-0.02955105741544773,0.2302846221462738,0.8367304772560819,0.27520206695982885,0.15286763222508942,0.4080999677502829,-0.25955341932854586,0.6757640536993663,0.2016238051118468,0.06781081024441536,-0.0610443685874725,0.2307532427400804,-0.1640906356922786,0.32247642563262535,0.002139981541490603,0.5700031955340293,0.8124513974661656,0.28922884610528765,0.4142064681989646,-0.18999714198285247,-0.07055559991468444,0.02729356023660476,0.27309932100574175,0.8385692336610734,0.27863246839244465,0.08966194913402897,0.44073859561358364,-0.39688012307295617,0.6926580809475191,0.1306115871771896,0.032400374522368706,-0.06334394987446107,0.19809572918725246,-0.2465470778340392,0.28380239808197844,-0.020161523993975763
0.32157158596453844,0.4132654025990252,1.0,-0.14336340379217777,-0.15605161491988118,0.2584391352612386,0.07820946554779248,0.16778905540546957,0.36062206097152627,0.08037290280338333,-0.33250571217426295,0.7571209925256405,0.19414036794484937,0.3711676969988926,0.4030540872905572,-0.010836410648287111,0.08458052477236223,0.4695378246031232,-0.17437204447936466,0.3344581726021373,0.12003974513827918,0.5610796819826364,0.4742613156963724,0.5610796819826364,0.07451389601990581,0.17576425668423482,0.44557224401774315,0.09231525970933353,0.3115356228368226,0.4602078279989293,0.23499080590071608,-0.11072154736296536,0.6438908997145708,0.28365237227315704,0.3980280295738542,0.48032156327050984,0.15924632180217235,0.13265258488325254,0.46366930359347186,0.0172928082059466,0.33989124685418226,0.17249315311626118,0.49445087792985026,0.5269253877442299,0.7109144300698504,0.12897207285482512,0.1369716812368109,0.4671165598450612,0.15855719084294423,0.36817131561673433,0.3801131976276513,0.1729768163401633,-0.24525274654030693,0.6989278823832569,0.2366683764699718,0.453759207153682,0.46989444863704405,0.10378957814659777,0.08645910455890632,0.49608823476556047,-0.18799962584427268,0.41111357941537213,0.18148448650198548
0.2996352283909293,0.28829903339802276,-0.14336340379217777,1.0,-0.04965611881640357,0.12185646267972827,0.16675351830610455,0.19605739036955613,0.3303248475410912,0.0183083135221854,0.4435195634343994,-0.17988512728478595,0.17124191758676696,0.406138764463604,0.05802599003027878,0.03488797107533899,0.13268322313123762,0.26686811389959847,0.04172702258011716,0.25978749548439606,0.20099457518528052,0.03668160967953965,0.464788731061588,0.03668160967953965,0.8627177482362685,0.12432016580331859,0.2878492719720109,0.22681174728163997,0.3000074368530262,0.3583119935452948,0.01975317349740961,0.4678889831145019,-0.0397913880407324,0.23305498808319536,0.35268407594783385,0.13810647332372059,0.1490102645435675,0.20995227695594104,0.280662231162877,0.1406173898407404,0.2106025288769902,0.21728829760433072,0.35583630455356274,0.4723663437004704,0.024631718455722186,0.8315976898036869,0.13950886865458606,0.19426779641355138,0.22255731076650595,0.35294897434036665,0.3290078866164863,0.0744837350269653,0.4269624819768045,-0.06101575092643747,0.1299782698347109,0.3291885416923727,0.04081404861032523,0.16845875231470972,0.12329806463949675,0.22872137391879382,-0.0013160627348661627,0.2181903975972917,0.20829217132872094
-0.635752997112223,-0.5422278315769972,-0.15605161491988118,-0.04965611881640357,1.0,0.3621681366479153,0.2264708699482387,0.38518663764425026,-0.49705511400698865,0.350484384928725,0.15801011451285588,-0.29578923169557636,0.636135262893276,-0.10006208644178084,-0.03258794342281365,0.5542808741716566,0.04510764496379212,0.35619895369944654,0.6064436908903018,0.2933756425330128,0.3489481371911332,0.14423880844308254,-0.3111565637344802,0.14423880844308254,-0.025133437970690686,0.8099925053070403,0.33625718431892776,0.43123802014862406,0.33412684500182077,-0.305195870493875,0.36814888482265473,0.2583606335762647,-0.01283581551074796,0.6296887118113207,-0.0026274192179171303,0.1213039530085598,0.49683411511230957,0.12856134928813068,0.3656678510905896,0.6456638108071509,0.27103390785481163,0.4163296654225504,-0.11360132807706114,-0.24219333505818727,0.17193765589713675,0.090359930905859,0.8465913363627195,0.36440180392421845,0.40330945380293265,0.30220107579176103,-0.4091646825336086,0.3296734007460573,0.2331409166982236,-0.09087948866424037,0.5691527435198758,-0.05152631461098628,-0.0822723316808113,0.4643924691148294,0.01944694623541999,0.31557765131484067,0.5479830884177427,0.3415504294201166,0.3443363731739754
0.18215462049110537,-0.2631336571712055,0.2584391352612386,0.12185646267972827,0.3621681366479153,1.0,0.6087849080916153,0.3292125066034769,-0.33081893662951734,-0.420027468403229,-0.203391718407128,0.024870710469376986,0.8318747844343325,0.056815376896441644,-0.007720454647087234,0.10665499700502051,-0.019337681930365787,0.6994150528689846,0.24709429485469997,0.19195788274081696,0.23060241543393661,0.2198962557362518,-0.0224894010452394,0.2198962557362518,0.18389821104867535,0.2582186146088914,0.7759205974068724,0.5924430079550903,0.3325207844913806,-0.17295370792851986,-0.16771880913672577,-0.08513501797544487,0.12713783574786103,0.794174911528032,0.06747683678885529,0.1355855125322449,0.21388720462057906,0.06067697028408112,0.6115581187095893,0.346369030665554,0.1274250688678752,0.2565608352224538,0.2740678246121809,0.024766639115902073,0.2587427344432046,0.2571531681633085,0.3043277158988484,0.8736485499072615,0.609110054477404,0.37192092786277486,-0.3190753170910639,-0.32740767901464046,-0.12799245604521542,0.1545744855458016,0.7829856287130973,0.04188889134251773,-0.010981212276705954,0.12651184084864,-0.11908109278235106,0.5990892860745606,0.07416156602720918,0.23468965207377898,0.18561259651862927
0.26529387924732906,0.027738370000266976,0.07820946554779248,0.16675351830610455,0.2264708699482387,0.6087849080916153,1.0,-0.06664500553348474,-0.05983408877884204,-0.2872570094469676,-0.40937902836812723,-0.05876806208318512,0.5862245109356969,0.23472306455548933,0.02996848680428517,0.20863227603961235,-0.1638426353063446,0.4811394736038369,0.0961200341826974,0.008177677064459897,0.5895267497561717,0.014792743701332437,0.14933243885724926,0.014792743701332437,0.17778660537906374,0.06705567769434859,0.37863592976916066,0.8948378445980856,0.011846781064313004,-0.015484665324774015,-0.12424036876744549,-0.3602685701566937,-0.0029920674740668823,0.5402796686463147,0.2276778349809191,0.1630047209634162,0.22020503670679337,-0.06989352353906693,0.4293266337600286,0.17299605231804813,-0.020200471339237677,0.5476014791184235,0.24458519994660402,0.10930826138014126,0.06275518516783121,0.23597643890286077,0.1903147407598256,0.5326908131664374,0.8900168217003566,0.10102076867931889,-0.10341175136997309,-0.20895143533009936,-0.3090682345396266,0.0731455235547538,0.5332516970359362,0.18753723050160512,0.04610567631072633,0.17406311359342555,-0.24778308679263047,0.3961947562607145,-0.04217758756698679,0.014699025057893526,0.5216963454414321
-0.07222621584355114,0.14166174272430931,0.16778905540546957,0.19605739036955613,0.38518663764425026,0.3292125066034769,-0.06664500553348474,1.0,0.2248091012706546,0.2753098082044863,0.48876055200905577,0.14522338048820796,0.3253072123531918,0.3129973656680111,0.08125745726636044,0.2156276292027485,0.20649780896427705,0.5658230685648836,0.2572994853530235,0.6838631927964691,-0.05392759751216209,0.45325115624339907,0.29349669619815144,0.45325115624339907,0.3597120238921136,0.5058798518448416,0.45986991345605527,0.05530726106372965,0.864795818781137,0.36130466915148296,0.4369896911428017,0.6140538042086846,0.3186735642366889,0.41216586509429876,0.41355637591755123,0.21388360255018077,0.3787453046586729,0.2749100341507763,0.600226094225298,0.37689613524115767,0.6648952007593886,0.06706117833400133,0.4579624296142453,0.3756736345144252,0.39205780245387084,0.44897603384242984,0.4973701120167123,0.42367891678440023,0.14367543968628133,0.8880365441312006,0.31593956970040526,0.36461230812870055,0.5254263201625456,0.2796292402400499,0.2789246531322309,0.40865604397220184,-0.03942210079830924,0.3158368002840225,0.23470124285878288,0.5598763343062564,0.21372654283587023,0.6879928967018257,-0.09800069318373109
0.41044647437814896,0.9067795113797628,0.36062206097152627,0.3303248475410912,-0.49705511400698865,-0.33081893662951734,-0.05983408877884204,0.2248091012706546,1.0,0.31039145487392344,0.20939638643738293,0.4661077457344011,-0.33371232051630767,0.6954099202580033,0.27836089106125855,-0.04883654576018431,0.06588194078065675,0.1741838072350722,-0.18519326379953413,0.4066069125546317,0.032794626749267745,0.2870225234632558,0.8780454830396373,0.2870225234632558,0.5492083285305258,-0.07017162027823977,0.009172376777822337,-0.027323707519924762,0.3355520291135426,0.9418607982326601,0.34877812578709616,0.30269916208183884,0.4563737995478586,-0.19900009555224174,0.6635039475331388,0.31841120217293967,0.11056534027737262,0.09756557761042635,0.25835070365868157,-0.055311620907383646,0.40264544171403366,0.06579649707639637,0.629024834306928,0.8280674166627606,0.3492992335716581,0.5107148444993497,-0.10467913855807925,-0.09807119285109601,0.03027421101215136,0.3728560672282638,0.9549453437300103,0.3695537352826888,0.20942308436876586,0.461427606636792,-0.34924942875778664,0.6590840891538714,0.23928963777223358,0.060188417637679105,0.10768570779686829,0.17211590714275662,-0.17554927685897473,0.3303084389552868,0.01143408534008226
-0.5512652338390017,0.17919441855030493,0.08037290280338333,0.0183083135221854,0.350484384928725,-0.420027468403229,-0.2872570094469676,0.2753098082044863,0.31039145487392344,1.0,0.3991264352290173,0.10217790645973758,-0.09032820607260282,0.3174958160443643,0.12968609150847993,0.31523434142738366,0.3916314214638594,0.05541453466186601,0.20221806588576238,0.3634599335304917,0.09156910517710146,0.19396993714538815,0.2842905278020737,0.19396993714538815,0.18677126855598628,0.5238508334978899,-0.09365588331182317,-0.08121744591971485,0.3004859665357185,0.4013269662267384,0.8487887501653555,0.5036435212424663,0.24980278788141216,0.035744452414236495,0.3590970809783456,0.23258566727154759,0.3371982986670028,0.4398169361811412,0.16322806017399696,0.27903545641461286,0.3827386142442497,0.1513887857500277,0.08412403240112136,0.30159256386181926,0.20021922124298863,0.2388252908875323,0.5184721554594196,-0.18649976653659,-0.031851216099658894,0.2934890835185396,0.37081054960146864,0.9446462304544393,0.4122827358743782,0.16211566057968102,-0.13622082147982748,0.34803393350165884,0.07799571896054038,0.3229916438902495,0.4163929469186308,0.10590937184795814,0.3081733202851598,0.38543673262717254,0.13021356617665947
-0.16917334079010612,0.0743750404505775,-0.33250571217426295,0.4435195634343994,0.15801011451285588,-0.203391718407128,-0.40937902836812723,0.48876055200905577,0.20939638643738293,0.3991264352290173,1.0,-0.15612786941050483,-0.03397330639624198,0.19059894973287017,-0.15673929648339552,-0.07713287678216302,0.5035317899225437,0.06913839739651102,0.16796735515986705,0.4871697273416443,-0.11505692347674291,0.1379875379677153,0.17222993402877765,0.1379875379677153,0.4628491520531459,0.23989200062464594,-0.061958886945177004,-0.2259730007026143,0.3832501533529805,0.21764186342951483,0.26374587795291304,0.9052386917821845,-0.07302989591044007,0.014431244855394874,0.17416567891056545,-0.09237012611527572,0.014831796348703416,0.4904073569212099,0.11111333603382192,0.17668674947656923,0.4516689200522531,-0.05712044182166813,0.14150617811075702,0.18883923704018973,0.01626974251890996,0.45364353459973916,0.2457684667705663,-0.14103438911832622,-0.24469388009460818,0.3897538241589697,0.21573423897909572,0.33841029914710963,0.9483039995276172,-0.1406787738340812,-0.07131221677885653,0.12621663902647173,-0.27006717115734463,0.0011595595226116648,0.5677725990389241,0.05895672051035894,0.16702310309515073,0.3819433698433395,-0.11286378107557783
0.4003625650877908,0.4147755691547325,0.7571209925256405,-0.17988512728478595,-0.29578923169557636,0.024870710469376986,-0.05876806208318512,0.14522338048820796,0.4661077457344011,0.10217790645973758,-0.15612786941050483,1.0,0.005896760868546075,0.31614272784418496,0.6322837852366686,-0.21854368185160936,0.14515172875758936,0.31118485345462854,-0.397303577992662,0.26307640795347115,0.06349460172815108,0.5411521358400742,0.47379457286994003,0.5411521358400742,0.025713449214661697,0.05395244989629142,0.25967075478829627,-0.011757504271450284,0.31719887445531797,0.5176251471414155,0.24200118630250358,-0.005787911308042546,0.791273040603132,0.08479857399380543,0.338804522317562,0.6413952951974748,-0.0215418204569503,0.14935996404507743,0.3192051448381301,-0.20198295658402374,0.29197228746853787,0.14000952331246988,0.5598085710477612,0.5080604837250087,0.625008532401041,0.04141920349226472,0.0006354897542991051,0.2558981587775123,0.035822605779733056,0.3459965150533206,0.48254296645666855,0.15635454256986916,-0.10234262598948866,0.8801638245979629,0.02676558034641215,0.3676492057685879,0.6674225638238044,-0.14170355672749724,0.13896851410116792,0.31235308762573816,-0.42831138828048715,0.33429778191613785,0.0804868939665511
-0.05019263400654326,-0.391696634459574,0.19414036794484937,0.17124191758676696,0.636135262893276,0.8318747844343325,0.5862245109356969,0.3253072123531918,-0.33371232051630767,-0.09032820607260282,-0.03397330639624198,0.005896760868546075,1.0,0.07119878839707071,0.10770951853501265,0.26552992726997526,0.12937251456602164,0.7436812634634131,0.5031808195551508,0.2940362609501425,0.5016296014441414,0.31835992835198745,0.003377746265064577,0.31835992835198745,0.28970819556065935,0.6007095148952817,0.7525186337111303,0.7214258477948359,0.3973107351951817,-0.1236790480793197,0.07608111666968163,0.10082305800923373,0.15493974228049331,0.9778399177826809,0.11910960084574468,0.2792130540384617,0.3705597856558617,0.22529444958110775,0.6741585036318494,0.6091395416112731,0.24899670581620637,0.5527044391678582,0.22737337449392128,0.04595903476719189,0.34669434288861983,0.3671459515832749,0.6449806894548394,0.8479198300920365,0.7188552133341272,0.43805573749775034,-0.28390446133771025,-0.028651823560435608,0.07089066074342558,0.1551773607311708,0.9635020788402325,0.08774018828163598,0.11540772465482763,0.3036846876953277,0.09091463635959351,0.6415835060647073,0.35158871928396673,0.3388878197493745,0.48497068706958807
0.2727968811490643,0.7362445159698099,0.3711676969988926,0.406138764463604,-0.10006208644178084,0.056815376896441644,0.23472306455548933,0.3129973656680111,0.6954099202580033,0.3174958160443643,0.19059894973287017,0.31614272784418496,0.07119878839707071,1.0,0.04203953823990077,0.2903827624121454,-0.020176393056685192,0.5647321213820237,0.10417717193150311,0.6106630369810184,0.25524372906774895,0.3041185962592071,0.8667234223125374,0.3041185962592071,0.646737707122708,0.2758090271925131,0.41993703103137037,0.3728982850727879,0.5466684905480328,0.765628868565126,0.5197262636718535,0.4107819921683433,0.5733642125543124,0.21968728349971334,0.968042201437827,0.26038789880835317,0.48634755022038256,0.12614865098935701,0.6521443007310259,0.28565523275488186,0.5698361141845846,0.3517264580473091,0.7602142952974595,0.8795315579037474,0.4438560485877733,0.6854656239337928,0.2852613818908968,0.32204300208127057,0.39819374434427307,0.5501842486579179,0.7013556114334527,0.47875838126001885,0.3229775689973722,0.5204560688338575,0.05773593702329426,0.9414320860335247,0.07982851755680526,0.42700738681997735,0.01311411763330286,0.6197019437727356,0.10101011637529803,0.6499942665707803,0.2607330140271158
0.2510179461924393,0.12447523465853724,0.4030540872905572,0.05802599003027878,-0.03258794342281365,-0.007720454647087234,0.02996848680428517,0.08125745726636044,0.27836089106125855,0.12968609150847993,-0.15673929648339552,0.6322837852366686,0.10770951853501265,0.04203953823990077,1.0,-0.02731592443152143,0.19167128013332257,0.24477972721223723,-0.3411037676574962,0.10183129938399983,0.3035557656416735,0.613492118578443,0.31737044049115176,0.613492118578443,0.14476959897389025,0.1447990366587335,0.2646288314467679,0.13589742310756478,0.3071258037815267,0.35745149419729044,0.214465173719963,0.026781886591584567,0.5355533387738609,0.17100138953573085,0.1012480786476757,0.939651971602873,0.08799214496316284,0.20278136707817343,0.23063065927833076,-0.1476444826275955,0.15527998725958905,0.3356918735466668,0.39941088290663457,0.33509183630653483,0.5871747738075914,0.13469144703325925,0.15564152408230505,0.19524792861755355,0.1909187780183398,0.2778627273490258,0.35560659950325085,0.1296851623509966,-0.09595739480832101,0.5716242545683906,0.0791891529341386,0.09294417815874793,0.9490587516967718,0.002696184573387821,0.15056466164459323,0.13757513017191303,-0.38854358748163487,0.11537733344052796,0.3058962983310094
-0.17697492531255832,-0.07392685662127627,-0.010836410648287111,0.03488797107533899,0.5542808741716566,0.10665499700502051,0.20863227603961235,0.2156276292027485,-0.04883654576018431,0.31523434142738366,-0.07713287678216302,-0.21854368185160936,0.26552992726997526,0.2903827624121454,-0.02731592443152143,1.0,-0.13689143640330123,0.37550343951213916,0.5649823739263882,0.4883704913761053,0.09583665133453899,0.23466916148271502,0.07273821875744486,0.23466916148271502,0.1755811071646388,0.6302956325590763,0.339105708855959,0.4700197408990894,0.37405708615026984,0.1658653124015695,0.5791247439191127,0.2109436742422736,0.3112287561475499,0.33862928863758596,0.42760465109467427,0.1845956368496745,0.9416147387696363,0.03574220211345519,0.452273225294189,0.6323358226398704,0.46963812098619545,0.21800199851920204,0.32564070365917663,0.1895538295189547,0.2928094230395041,0.2775884769733422,0.6836462462721955,0.2821439211979832,0.4853832791488602,0.31109831129479476,0.10036493191948052,0.46180875156071016,0.11707904549409233,0.1316921782883423,0.23760643086899974,0.3664013207110076,-0.04905185019906318,0.9371295429084321,-0.16031285036487677,0.41530081324081736,0.6336474745666193,0.5279381416856945,0.09042697572489346
0.0133216361211078,-0.09909640844920378,0.08458052477236223,0.13268322313123762,0.04510764496379212,-0.019337681930365787,-0.1638426353063446,0.20649780896427705,0.06588194078065675,0.3916314214638594,0.5035317899225437,0.14515172875758936,0.12937251456602164,-0.020176393056685192,0.19167128013332257,-0.13689143640330123,1.0,0.15606624696626564,-0.13501520452851917,0.2771915252275399,0.05806241775095252,0.22647077012344038,0.08360504181509791,0.22647077012344038,0.2368969065915788,0.042587478768904,0.016911051648177248,-0.0750704955892196,0.13822579370066837,0.1214457747654954,0.2572094352422455,0.46193691539547077,0.029964808679455165,0.16573794517292786,-0.0022150513698439007,0.21829359848396018,-0.04749026236535341,0.9637030283918915,0.1403656688679494,-0.044803957976043085,0.22019499160572617,0.04274385265419743,0.14988370426647404,0.08942927365502686,0.1460937899083577,0.23582935221903628,0.14995764495642672,0.0377865413020955,-0.01711326540993774,0.22841821861942474,0.09367159882347506,0.32067665682007823,0.4904539401026897,0.021413334548477502,0.1266925134154468,-0.02698474022270968,0.12579717009699248,-0.05134862805101258,0.9592386813332391,0.12011086033216758,-0.09980735384356273,0.17857405511851387,0.08585714062420306
0.20755952222448618,0.15983751577129587,0.4695378246031232,0.26686811389959847,0.35619895369944654,0.6994150528689846,0.4811394736038369,0.5658230685648836,0.1741838072350722,0.05541453466186601,0.06913839739651102,0.31118485345462854,0.7436812634634131,0.5647321213820237,0.24477972721223723,0.37550343951213916,0.15606624696626564,1.0,0.31018481986276897,0.6429050409976175,0.35957477847326175,0.6013563783810397,0.515294038223369,0.6013563783810397,0.5405743852063515,0.5586648594296763,0.8956585998653753,0.6498379255067736,0.7663751240027393,0.40990452616170214,0.40843395323653836,0.3480913488349868,0.5847292553242122,0.8265385305474063,0.626133802533818,0.4873564560940035,0.6155718383142268,0.31128442910288856,0.9843872614010571,0.5010462165191633,0.5912390872486188,0.47523510560249094,0.7375856867507309,0.5861093759276377,0.6283639434801261,0.6368709357825474,0.6106035025677344,0.8942820373590116,0.7138906452364274,0.7783326314657321,0.25570123871102896,0.22701443476847152,0.23725686328909362,0.5323473134656053,0.704458583157014,0.5989986382150826,0.23724010998251588,0.5219693668179805,0.11847319182811418,0.9575195276036182,0.2068941067307853,0.7275536148545766,0.3367122390965048
-0.4235380186333411,-0.2596088966031166,-0.17437204447936466,0.04172702258011716,0.6064436908903018,0.24709429485469997,0.0961200341826974,0.2572994853530235,-0.18519326379953413,0.20221806588576238,0.16796735515986705,-0.397303577992662,0.5031808195551508,0.10417717193150311,-0.3411037676574962,0.5649823739263882,-0.13501520452851917,0.31018481986276897,1.0,0.31343794554037435,0.23439105970556384,-0.007123917917900564,-0.035458527818959786,-0.007123917917900564,0.23629326934532066,0.6748293088805127,0.34288339262731776,0.3311651745702975,0.2441667863387713,-0.028308225455718938,0.275723883815107,0.27141049703011716,-0.006030065607456758,0.5249371215818609,0.16305187423166628,-0.1869022092823112,0.5438253457212788,-0.06542372569167142,0.3470762506628572,0.9344404921795151,0.22244275840121447,0.30105086037103784,-0.01803073586513237,-0.004054131256293431,0.10056538824528097,0.2549493276364661,0.6378206910593706,0.31976056691800736,0.2901091009571239,0.2023547257673908,-0.1547075730656445,0.24437526215431044,0.233655577462137,-0.14019900405651906,0.5005656594907912,0.12381184633670429,-0.33307456299905724,0.5337578736548305,-0.09764136278574051,0.278504262472579,0.9411295203053621,0.2931232695368522,0.21304058852847332
0.16995159863924128,0.3229175149116502,0.3344581726021373,0.25978749548439606,0.2933756425330128,0.19195788274081696,0.008177677064459897,0.6838631927964691,0.4066069125546317,0.3634599335304917,0.4871697273416443,0.26307640795347115,0.2940362609501425,0.6106630369810184,0.10183129938399983,0.4883704913761053,0.2771915252275399,0.6429050409976175,0.31343794554037435,1.0,0.11525351362558588,0.6449911115270065,0.5359914338223298,0.6449911115270065,0.5053854299318477,0.5716939239418222,0.46467578185448954,0.26893035490762013,0.7770525890196024,0.5921455012163014,0.5519642698343916,0.7128265963517003,0.5214810412899473,0.4137954305134094,0.7004067158517917,0.33575067334766556,0.6349449969131656,0.39408504393020505,0.7061700132288244,0.47317591363778255,0.9669383592946451,0.25876190512290775,0.7504063767662146,0.6345599632993245,0.6407398497515323,0.5846797195289083,0.5958310670926111,0.4084854447957607,0.31940983370948506,0.7764608788543124,0.5114395976912869,0.458844574783032,0.628063632257936,0.4071464929109806,0.2604893129371155,0.619805968812937,-0.0037237575000707225,0.5443938950006447,0.32620666105702895,0.6416667774381882,0.298976191612881,0.9349859108031572,0.09471079512466125
-0.045873151711352,-0.006009191738328096,0.12003974513827918,0.20099457518528052,0.3489481371911332,0.23060241543393661,0.5895267497561717,-0.05392759751216209,0.032794626749267745,0.09156910517710146,-0.11505692347674291,0.06349460172815108,0.5016296014441414,0.25524372906774895,0.3035557656416735,0.09583665133453899,0.05806241775095252,0.35957477847326175,0.23439105970556384,0.11525351362558588,1.0,0.11159975456611754,0.26676628908740735,0.11159975456611754,0.2915846523619248,0.34676785652353237,0.2609909708109742,0.6213560336748576,0.10437470645977491,0.06622846253455798,0.04505275196743637,-0.06828736876241857,0.03861702458663984,0.5004783812063233,0.2509169232597802,0.3656131275632965,0.15263873518972854,0.08915154373106059,0.33083108362705677,0.30475240610833937,0.06092156864954861,0.9702512606075824,0.16718273537035894,0.18939353984836502,0.1930795300358815,0.2873452549453607,0.3868173009544438,0.3034241628401605,0.6170720302136082,0.13379539296145357,-0.017034941508001125,0.05869807427769984,-0.05642970364226642,0.08550602451564464,0.45763761168444256,0.2079180725929594,0.31909417393637707,0.11130216578536792,0.056656041275308086,0.25449571964046414,0.11868907816428682,0.08700446746185106,0.9720284380052266
0.2559539910105064,0.23056596800000348,0.5610796819826364,0.03668160967953965,0.14423880844308254,0.2198962557362518,0.014792743701332437,0.45325115624339907,0.2870225234632558,0.19396993714538815,0.1379875379677153,0.5411521358400742,0.31835992835198745,0.3041185962592071,0.613492118578443,0.23466916148271502,0.22647077012344038,0.6013563783810397,-0.007123917917900564,0.6449911115270065,0.11159975456611754,1.0,0.43448124102614605,1.0,0.2468574202180104,0.40539754352350715,0.47786369744988355,0.21630784095155037,0.6299556515468971,0.47675380875113793,0.43565162543723873,0.3965361806185234,0.630342626946577,0.414720485866454,0.3953710276677642,0.7292483605955017,0.3996493289865861,0.30149515032363394,0.5971607385196264,0.1500140575216985,0.7059294910009701,0.21656482911781597,0.6248484575699035,0.5392221763342003,0.8470485172455968,0.31843216707777255,0.44468699903081005,0.4602010245440251,0.2955933579804877,0.6157844474628569,0.4126451517368016,0.29383353405243884,0.2989947346927432,0.5871013411254414,0.3065896638551946,0.3609995086040393,0.5123584981406998,0.30500837006940973,0.2692789460853158,0.5493294110266155,-0.06263230848012061,0.6377460956116995,0.11434742359865663
0.4241273316730993,0.8552595617260733,0.4742613156963724,0.464788731061588,-0.3111565637344802,-0.0224894010452394,0.14933243885724926,0.29349669619815144,0.8780454830396373,0.2842905278020737,0.17222993402877765,0.47379457286994003,0.003377746265064577,0.8667234223125374,0.31737044049115176,0.07273821875744486,0.08360504181509791,0.515294038223369,-0.035458527818959786,0.5359914338223298,0.26676628908740735,0.43448124102614605,1.0,0.43448124102614616,0.7156861384140346,0.13951364338412012,0.3652851208423462,0.23303716430930396,0.5155949564267148,0.9242033770299999,0.44249464812567896,0.3622347932778226,0.576569317243556,0.16043788338672338,0.8319388305424862,0.4613207010489652,0.3035706887848611,0.17206191370864932,0.5728843377458737,0.12990307973203985,0.5162812980093849,0.31814012695561245,0.781403904819075,0.9697985708215746,0.48710388917162445,0.7035320904146004,0.12947254160374377,0.2650179763462794,0.30827180130096576,0.535017340390877,0.8657448483386387,0.40388528739418433,0.24007526020769437,0.5627209675967545,-0.0217846022798216,0.8188114998710796,0.31656832831558895,0.23464144744551993,0.11610885620134433,0.5047417965111172,-0.05473224583359421,0.5132643278185639,0.24903070214094628
0.2559539910105064,0.23056596800000348,0.5610796819826364,0.03668160967953965,0.14423880844308254,0.2198962557362518,0.014792743701332437,0.45325115624339907,0.2870225234632558,0.19396993714538815,0.1379875379677153,0.5411521358400742,0.31835992835198745,0.3041185962592071,0.613492118578443,0.23466916148271502,0.22647077012344038,0.6013563783810397,-0.007123917917900564,0.6449911115270065,0.11159975456611754,1.0,0.43448124102614616,1.0,0.2468574202180104,0.40539754352350715,0.47786369744988355,0.21630784095155037,0.6299556515468971,0.47675380875113793,0.43565162543723873,0.3965361806185234,0.630342626946577,0.414720485866454,0.3953710276677642,0.7292483605955017,0.3996493289865861,0.30149515032363394,0.5971607385196264,0.1500140575216985,0.7059294910009701,0.21656482911781597,0.6248484575699035,0.5392221763342003,0.8470485172455968,0.31843216707777255,0.44468699903081005,0.4602010245440251,0.2955933579804877,0.6157844474628569,0.4126451517368016,0.29383353405243884,0.2989947346927432,0.5871013411254414,0.3065896638551946,0.3609995086040393,0.5123584981406998,0.30500837006940973,0.2692789460853158,0.5493294110266155,-0.06263230848012061,0.6377460956116995,0.11434742359865663
0.28152439474145347,0.42971319253403767,0.07451389601990581,0.8627177482362685,-0.025133437970690686,0.18389821104867535,0.17778660537906374,0.3597120238921136,0.5492083285305258,0.18677126855598628,0.4628491520531459,0.025713449214661697,0.28970819556065935,0.646737707122708,0.14476959897389025,0.1755811071646388,0.2368969065915788,0.5405743852063515,0.23629326934532066,0.5053854299318477,0.2915846523619248,0.2468574202180104,0.7156861384140346,0.2468574202180104,1.0,0.31925619187304444,0.49193966399467615,0.33539913970832574,0.5392242863143226,0.6379696907111254,0.2903752110470856,0.5982911333620935,0.25723565701514095,0.3978260102833183,0.6095502078450541,0.2831816872442803,0.37560297556825967,0.35490117031686413,0.5763497011205863,0.3795447815273007,0.42055838141762686,0.3583636387909367,0.6265354042645982,0.728538219415839,0.27055963339358785,0.9771404027803995,0.3250644141657726,0.37284795516379415,0.3765686619721187,0.5717728397862202,0.5626840091375267,0.2834871209602623,0.5059630340964973,0.19633395168752035,0.2523182049919157,0.5731055224243684,0.11953371386672762,0.3458014567076021,0.22487270432154824,0.4848772905123856,0.183623486534831,0.4632932249080161,0.2866264295028496
-0.4624550812615698,-0.17678716399300792,0.17576425668423482,0.12432016580331859,0.8099925053070403,0.2582186146088914,0.06705567769434859,0.5058798518448416,-0.07017162027823977,0.5238508334978899,0.23989200062464594,0.05395244989629142,0.6007095148952817,0.2758090271925131,0.1447990366587335,0.6302956325590763,0.042587478768904,0.5586648594296763,0.6748293088805127,0.5716939239418222,0.34676785652353237,0.40539754352350715,0.13951364338412012,0.40539754352350715,0.31925619187304444,1.0,0.5222497493936366,0.38444184088696004,0.609650128756675,0.17820411643749287,0.6418756698358589,0.47343756810427745,0.404072613609359,0.6836558429648677,0.3736784744014628,0.3454721817512324,0.7008104767292199,0.17412658812104706,0.6092585616446335,0.7834628629387304,0.5411539576168857,0.4883565455057649,0.265481429608158,0.241440076757398,0.47206437014708613,0.41864796165555174,0.9671670271043574,0.47182059849150465,0.39801210145862526,0.5705395153258662,0.044155890415200315,0.5852355319095705,0.3550016927293303,0.298876744540425,0.5573480057747574,0.34368037557276954,0.12872455716615835,0.6410344989877051,0.05760581145233045,0.5446824296679398,0.639685750814306,0.6494794228195714,0.36490964109280627
0.2064598551652875,-0.006823913805627859,0.44557224401774315,0.2878492719720109,0.33625718431892776,0.7759205974068724,0.37863592976916066,0.45986991345605527,0.009172376777822337,-0.09365588331182317,-0.061958886945177004,0.25967075478829627,0.7525186337111303,0.41993703103137037,0.2646288314467679,0.339105708855959,0.016911051648177248,0.8956585998653753,0.34288339262731776,0.46467578185448954,0.2609909708109742,0.47786369744988355,0.3652851208423462,0.47786369744988355,0.49193966399467615,0.5222497493936366,1.0,0.556644878813557,0.6832944056488934,0.2520496985149619,0.24607617878451615,0.24612964246112295,0.5556692075400671,0.8218137209338577,0.4740086454307137,0.45794612865364864,0.5545440897031398,0.17809752430556802,0.8768441092060313,0.5440687855434029,0.4057610526506114,0.3794177861027444,0.61642347230244,0.458617088207598,0.5979789417258449,0.5579154296098885,0.525389165476774,0.9482519044693789,0.5820186158103557,0.6583350932405445,0.10733025540286265,0.06643732304112017,0.09152213783322495,0.5005726302784532,0.7410608756188494,0.4634594185958776,0.3059468544892558,0.47319971365427194,-0.047177456315813986,0.8551847682493171,0.2448544552281035,0.5903765525114771,0.2763453170951969
0.1777557156713616,-0.02955105741544773,0.09231525970933353,0.22681174728163997,0.43123802014862406,0.5924430079550903,0.8948378445980856,0.05530726106372965,-0.027323707519924762,-0.08121744591971485,-0.2259730007026143,-0.011757504271450284,0.7214258477948359,0.3728982850727879,0.13589742310756478,0.4700197408990894,-0.0750704955892196,0.6498379255067736,0.3311651745702975,0.26893035490762013,0.6213560336748576,0.21630784095155037,0.23303716430930396,0.21630784095155037,0.33539913970832574,0.38444184088696004,0.556644878813557,1.0,0.24401092840216768,0.10719717108227757,0.14080041803342208,-0.06353288087587561,0.22189462004529173,0.7155626524051608,0.40392894723777756,0.33894912908476454,0.513262186611519,0.06979041052667581,0.6308718863174287,0.47534991246888186,0.23529911013124286,0.654600027161419,0.41466269340961354,0.2390458856484909,0.3104910341689608,0.4142539000492306,0.5015100122225912,0.645100008021176,0.965720455307959,0.2894242154808443,-0.00644231909177153,0.024979562605235803,-0.04873366067485101,0.22180980295328329,0.6723116562032733,0.33739442051449087,0.15250184229048538,0.4451526460527136,-0.13142296577783513,0.5659092905096067,0.20663961318692,0.2861882984444709,0.5811698253907945
0.06480816376222037,0.2302846221462738,0.3115356228368226,0.3000074368530262,0.33412684500182077,0.3325207844913806,0.011846781064313004,0.864795818781137,0.3355520291135426,0.3004859665357185,0.3832501533529805,0.31719887445531797,0.3973107351951817,0.5466684905480328,0.3071258037815267,0.37405708615026984,0.13822579370066837,0.7663751240027393,0.2441667863387713,0.7770525890196024,0.10437470645977491,0.6299556515468971,0.5155949564267148,0.6299556515468971,0.5392242863143226,0.609650128756675,0.6832944056488934,0.24401092840216768,1.0,0.5358405029053811,0.581567395460318,0.6565557730398309,0.6048903436133066,0.517897633103522,0.6538842723729718,0.4828410300002224,0.6067083964684628,0.2756168946249025,0.8092061962773378,0.4357685694094464,0.7734398591687052,0.28104270991626007,0.7242068299244865,0.620295760889643,0.5940067110985109,0.6274005655564898,0.5931094639758877,0.5823115804902143,0.32738069861940866,0.9674013656002264,0.474950120286191,0.4450927007116787,0.512733760285725,0.5187168933311762,0.35507536867380474,0.6380295624657589,0.22792096378136928,0.5237387862915063,0.16644966754210277,0.7709589298585804,0.2234299141794626,0.853506004801154,0.08671401465326593
0.38547423450802554,0.8367304772560819,0.4602078279989293,0.3583119935452948,-0.305195870493875,-0.17295370792851986,-0.015484665324774015,0.36130466915148296,0.9418607982326601,0.4013269662267384,0.21764186342951483,0.5176251471414155,-0.1236790480793197,0.765628868565126,0.35745149419729044,0.1658653124015695,0.1214457747654954,0.40990452616170214,-0.028308225455718938,0.5921455012163014,0.06622846253455798,0.47675380875113793,0.9242033770299999,0.47675380875113793,0.6379696907111254,0.17820411643749287,0.2520496985149619,0.10719717108227757,0.5358405029053811,1.0,0.5366639018764205,0.4202892753839214,0.6332885068741677,0.043469357192545154,0.7794016685321409,0.47435857590540853,0.36090050699580767,0.2067972204793249,0.49930110578939263,0.1383570276470382,0.5839443012137421,0.1419583810164998,0.7772197694824727,0.9247256659703781,0.5295620576942646,0.628797705154877,0.1571988974241701,0.13375578401451826,0.18804053801121587,0.5567011564661799,0.9666361167811363,0.5055834875002403,0.2789695617270451,0.595600553098615,-0.14089964967025986,0.7674026485641597,0.3206873678253465,0.29036348916952825,0.14912038438944428,0.4104356941335019,-0.0173163753760976,0.5575171036582738,0.05124558512456538
-0.35114542244703595,0.27520206695982885,0.23499080590071608,0.01975317349740961,0.36814888482265473,-0.16771880913672577,-0.12424036876744549,0.4369896911428017,0.34877812578709616,0.8487887501653555,0.26374587795291304,0.24200118630250358,0.07608111666968163,0.5197262636718535,0.214465173719963,0.5791247439191127,0.2572094352422455,0.40843395323653836,0.275723883815107,0.5519642698343916,0.04505275196743637,0.43565162543723873,0.44249464812567896,0.43565162543723873,0.2903752110470856,0.6418756698358589,0.24607617878451615,0.14080041803342208,0.581567395460318,0.5366639018764205,1.0,0.5228507296687768,0.5868686113787986,0.23271622597348995,0.6061660881066211,0.4125489739312225,0.6818738779698936,0.38350421455366235,0.50957511317353,0.39972850508021035,0.5733588525768111,0.1790033516938434,0.428134844232192,0.5195338655895709,0.40620928716459825,0.3909718308874534,0.6550722573044191,0.14879653948024163,0.228499171057142,0.5457125696426087,0.46751913127500916,0.9494175595496004,0.38686721705390775,0.4671169220763545,0.024097729371980625,0.594686411599482,0.18117438490917695,0.6331158719853741,0.2625329119899426,0.47643203915383364,0.3794751422488584,0.6420632181975461,0.06179495064121633
-0.1158336919281604,0.15286763222508942,-0.11072154736296536,0.4678889831145019,0.2583606335762647,-0.08513501797544487,-0.3602685701566937,0.6140538042086846,0.30269916208183884,0.5036435212424663,0.9052386917821845,-0.005787911308042546,0.10082305800923373,0.4107819921683433,0.026781886591584567,0.2109436742422736,0.46193691539547077,0.3480913488349868,0.27141049703011716,0.7128265963517003,-0.06828736876241857,0.3965361806185234,0.3622347932778226,0.3965361806185234,0.5982911333620935,0.47343756810427745,0.24612964246112295,-0.06353288087587561,0.6565557730398309,0.4202892753839214,0.5228507296687768,1.0,0.2547790859322233,0.20739437223383236,0.445004027053789,0.1697019662660531,0.3609230488447649,0.5305837395562732,0.41492952941557826,0.36791123489762734,0.6842888442582634,0.05705080372733379,0.42726133323406656,0.4323583402880216,0.31520463010670613,0.6229914234483649,0.4769956436210188,0.1066496951544697,-0.057644309002767125,0.622775985194421,0.3862369355144646,0.5246094488508308,0.9510795679592542,0.1308648985136704,0.061948009854929466,0.39198138933380433,-0.07305563475454349,0.32057212850967187,0.5158671520550417,0.3544590259565038,0.2927130569572284,0.6699109175404379,-0.04672776817911968
