Fp1,Fz,F3,F7,FT9,FC5,FC1,C3,T7,TP9,CP5,CP1,Pz,P3,P7,O1,Oz,P8,TP10,CP6,CP2,C4,T8,FT10,FC6,FC2,F4,F8,Fp2,AF7,AF3,AFz,F1,F5,FT7,FC3,FCz,C1,C5,TP7,CP3,P1,P5,PO7,PO3,POz,PO4,PO8,P6,P2,CPz,CP4,TP8,FC4,FT8,F6,F2,AF4,AF8,O2,P4,C6,C2
1.0,0.6724707880037841,0.6266837933860466,0.6650560379280229,0.4461920462471573,0.41322642704570167,0.718550830454228,0.5480708388939308,0.6117708211021082,0.5849036464937445,0.35297880837284007,0.492972910988877,0.3416155584523302,0.40682567911557016,0.6549426049185216,0.2817281729908098,0.5184350548860667,0.4365364284116574,0.10227798834444962,0.4143788233804768,0.31100440199618323,0.3675658620522514,0.5071368874258183,0.3675658620522514,0.4041242241589905,0.03386732862155197,-0.09117558233834619,0.35684505502194336,0.2678366167619843,0.33917530393264583,0.30295975544086406,-0.1042941841243119,0.24283311375261235,0.165798165714155,0.10442085014516247,0.4580832550486813,0.0007022616821546869,0.33039762963015173,0.41782161015374325,0.047905067806423444,0.3297133176289675,0.29192568773915945,0.692343572297158,0.5452560188355096,0.4147772716632851,0.3594524716184771,0.23399361949993006,0.09863577128832125,0.5921774547187181,0.4302440347395872,0.3788572690617588,0.43624668994065297,0.20359775949973227,0.1637184405058507,0.01511151971180295,-0.07026363745453253,0.2362420267924918,-0.08292761388398119,0.2993494358406911,0.08474912302130835,-0.09639074388870007,0.26121157855185645,0.013998781540371635
0.6724707880037841,1.0,0.6400709591647006,0.6629436256443036,0.32740610442162793,0.40428674020879085,0.6164191209638282,0.49216281130226636,0.6529867315890956,0.3834688877781823,0.14611702505059682,0.5694332969049991,0.3758078807138769,0.3884818589010613,0.6837027886959381,0.17518775671268413,0.2925381002300512,0.646961671472995,0.25295934631628236,0.42171308264266544,0.43564991790332475,0.3110909703626457,0.7540660846230309,0.3110909703626457,0.4326736595537201,-0.1259564215269667,-0.034261644967658454,0.2347383376367811,0.19993689162701458,0.2714355777179653,0.03808298215799259,-0.3140226449635778,0.2041525014365317,0.06714131531063881,0.09758003772659775,0.503905633126934,-0.16765301769107685,0.1409020592470467,0.5053805040052515,0.1736900710615848,0.2709905363048958,0.40592008207374675,0.2579823787813862,0.8325649051086018,0.27506561476055824,0.3958395072732289,-0.010445079488254535,0.23431896470523564,0.43809694426798157,0.325321532126837,0.38040949310244715,0.22342386014545768,-0.017716510675781613,0.14817221585623963,-0.1179580059537508,-0.15234940014837225,0.30673169977282644,-0.22840885552251483,0.07267436079064607,0.19671356141979934,0.0702235455682543,0.1847636146339963,0.14651998897532864
0.6266837933860466,0.6400709591647006,1.0,0.7344932065640607,0.6094868119785126,0.442948385691654,0.42804156352233297,0.6235811225079768,0.7605377341557751,0.5382894015548942,0.3689204604637541,0.39724572630809857,0.25520666878866916,0.6445038874850137,0.7200523669351919,0.42236180890820296,0.45471717211819523,0.4755906962697341,0.45022761696428487,0.6727675666885439,0.4923774277384518,0.703743493810381,0.31123424825328516,0.703743493810381,0.4743507239615839,0.18736183372794757,-0.027638488462846885,-0.167301112297586,0.3031556295627443,0.34565992187006817,0.10550066204868294,-0.17107215746301088,-0.06959676494681596,-0.08940593558585529,0.25899333504586686,0.3916577465799214,0.06020245487405473,0.3196062805179184,0.32263787839690744,0.3581285509747218,0.3929983445456118,0.4195666088389049,0.12156007693068915,0.40098848155050143,0.6747634856224578,0.41646432503955494,0.2891482105750899,0.263324125699065,0.1689456731149487,0.40209588902784876,0.4102106296011192,0.12330416262976612,0.15608061485327376,-0.12588259284363731,-0.14728391684132203,0.009678358287870874,0.21254741531835666,-0.08332092436809456,0.31551933543026167,-0.006804208489902058,0.27993249003676146,0.3087591083940023,0.0877380688189537
0.6650560379280229,0.6629436256443036,0.7344932065640607,1.0,0.6115979330195623,0.648425496444769,0.48189163372633365,0.5562052634028395,0.7695468628287739,0.43320771612361014,0.5683665056345637,0.39211763610328143,0.45106274684570813,0.45421260491608195,0.6035163891372467,0.3675707449163941,0.3666034635169138,0.6028475581610876,0.4269887047783304,0.5678813597783682,0.4871758526389641,0.44768807160059215,0.2417850419283991,0.44768807160059215,0.8126087488817673,0.12599492308883056,0.18021695499185955,-0.030675978361604947,0.20222031804224125,0.4870564736172794,0.010744022406151252,0.10441511953791832,-0.01489694892763061,0.17835257714744515,0.09729926958861959,0.2719738099864154,0.025680846111785473,0.23135347918998814,0.5146232808437607,0.3933280837857441,0.32344912309414414,0.41089635764198323,0.21621515153785242,0.3716071140526969,0.496162379855965,0.784537754233188,0.31794086841921737,0.4103848266652247,0.30395593119911496,0.29193880511800613,0.5132480674006403,0.16472909328687055,0.43462685846798516,-0.08091449037990951,-0.20496212186034724,-0.0790840068397871,0.01705653756147185,-0.1174945445143743,0.31878411661507877,0.0964817426409588,0.27204897412788165,0.3436147572676238,0.12062622952448805
0.4461920462471573,0.32740610442162793,0.6094868119785126,0.6115979330195623,1.0,0.6813135797954423,0.2352317127597798,0.46060222373871607,0.3171712347306051,0.36807189153902026,0.6933050833583846,0.31545622798494816,0.4975187527555541,0.4316143657299565,0.5407026759853876,0.6315309592975146,0.4360838013639287,0.46210434304940123,0.45220503354448816,0.5075689092043382,0.5585891830459876,0.21551060157196103,-0.052408131891226485,0.21551060157196103,0.4441102530374267,0.7560808673135618,0.3638911093040951,-0.18483241795506694,0.05242503443808332,-0.035139273484125245,-0.13568880869051236,0.3191664383935992,-0.04995481140070963,0.2588481593901418,0.06453996620458244,0.19731447742380995,0.3346030294108421,0.2889961282467152,0.33674366576863063,0.3915679290500121,0.28195777658037063,0.43970002241876666,0.1113972431326838,0.05293688549741665,0.33232817988053964,0.4624522493753917,0.8206827430609358,0.5434476218164348,0.1947747770176994,0.2044168241596544,-0.05633657368249459,0.060482173881940084,0.5721333492294916,-0.16780031371098159,0.16886626624384163,-0.19542264415095997,-0.021273971956153742,0.249679686914958,0.25954024982796414,0.059113783317009415,0.3331448103608702,0.25037220917057557,0.07701285124453827
0.41322642704570167,0.40428674020879085,0.442948385691654,0.648425496444769,0.6813135797954423,1.0,0.3850794767199518,0.553880802167464,0.34151735973679753,0.29372017466322287,0.49689525056867956,0.29706921013414644,0.4934470578496148,0.20160020629871686,0.3072786745441114,0.5258251757015632,0.07504094804845299,0.5715890492176702,0.2652687678300867,0.489789948087357,0.49561203320097474,0.09147468300923148,0.011481714335218149,0.09147468300923148,0.4542104794265292,0.5065848479826096,0.6953941828901345,-0.02408939304119453,0.23428208743710377,0.09314746072873487,-0.06410695512453878,0.2274719573453078,0.078157616606051,0.27189301154825846,-0.029053684552319037,-0.025708778420661018,0.2807042364046404,-0.05319406564177199,0.5204443319401337,0.2508644407725608,0.3233936970536185,0.427867893212011,0.14842606370227712,0.13423447254483034,0.2060073251983289,0.48035321672826803,0.5763455838562651,0.8550484742296277,0.2636071195633577,0.34350282679402483,0.0452313969833028,0.20967409243264842,0.46048395194616454,-0.06506608542416531,0.06135565600177624,-0.14676477693236956,-0.26143803787704,0.21126969987676325,0.0949863182614484,0.11322047028826779,0.2195408841006752,0.3141788532122418,0.14802408889566773
0.718550830454228,0.6164191209638282,0.42804156352233297,0.48189163372633365,0.2352317127597798,0.3850794767199518,1.0,0.17372254549555535,0.46333282210214666,0.41758549449716154,0.04525959031996975,0.4387844392941796,0.3730611043126512,0.2625239741015639,0.4487789862342197,0.1292808983439976,-0.020615619326635002,0.41187125372468325,-0.06409502317985113,0.20759615309632748,0.391746772993573,0.18596503104094805,0.4861959729865095,0.18596503104094805,0.27098629835038396,-0.09197722815784021,0.14306893863479497,0.7414011823954767,-0.05272558187625661,0.3790556420849618,0.2018424370188231,-0.3697412643530448,0.348223491924662,0.20546591170889353,0.07393917848364952,0.3064898975901611,-0.06991073200456545,-0.17474090633920988,0.4366633785434624,-0.12856817576686255,0.20431769757428123,0.3779256368571324,0.4092302476690339,0.46883253065943115,0.19433012481323847,0.22898715694451213,0.05078321221989477,0.20303759639432203,0.8646847770314154,0.10405228517516574,0.23851363042071594,0.4558753408154909,-0.08777983361041874,0.2540662797366647,0.13252120816533902,-0.01783916551707019,0.1720890751186778,-0.10637211262253889,-0.02415730086784984,0.15759088278757588,-0.11337612125566086,0.06133960448536879,0.22522143610468903
0.5480708388939308,0.49216281130226636,0.6235811225079768,0.5562052634028395,0.46060222373871607,0.553880802167464,0.17372254549555535,1.0,0.3907650747317573,0.315489876339781,0.45650563003996636,0.2626324979072639,0.38169725846473174,0.4331606105715842,0.4208116157704826,0.27705500875691164,0.3707097020967025,0.5197408932988641,0.342499360113731,0.5801215662059535,0.3104099703641619,0.383177398139228,0.26122824387421056,0.383177398139228,0.3739685053530724,0.2086495020745852,0.06753724620473266,-0.2293189130616155,0.786709915264001,-0.05793674165336346,0.04196478869825191,0.18298011058699234,-0.008633929092619471,0.2310334961447582,0.20687890324486177,0.1884224021377377,0.05661976923463046,0.2520802267850266,0.44759031411393463,0.3033254684958943,0.4766344981868164,0.2649722253230968,0.3237890312872114,0.3793726829797209,0.39772668546323386,0.3699317514196038,0.27910243614686236,0.39428249725743275,0.0712681235255583,0.8771637627133357,0.13306888697270097,0.08668154317912773,0.3700727512384536,-0.10400968025514383,-0.027009272893105653,0.039009501376217934,-0.041795894965064716,0.0106267231693738,0.09100563997157825,0.16117925532864255,0.19666934696695,0.4257063630034918,0.06184898487383676
0.6117708211021082,0.6529867315890956,0.7605377341557751,0.7695468628287739,0.3171712347306051,0.34151735973679753,0.46333282210214666,0.3907650747317573,1.0,0.5692647955933505,0.34365536520652623,0.3733389827685094,0.07562551315440132,0.4253706155213137,0.6785082266590233,0.30838892589144484,0.4201865335148254,0.36517438039164435,0.29333076327040625,0.44721001128522714,0.28964642651600947,0.5181604450580575,0.39689444794627726,0.5181604450580575,0.5475200938172643,-0.12079502846692208,-0.01570603981506311,0.012146673304495332,0.16455642418015587,0.7572049128390049,0.2927961190075099,-0.11437974024476333,-0.02481877309895123,-0.2140929779939119,0.11636400107266358,0.4661559459663109,-0.007800468645706126,0.3352074336602385,0.2762580926963701,0.248585880237171,0.20879147842248594,0.2616691587267897,0.2101429312685134,0.4875530233078521,0.4474900350047543,0.5494291950211855,0.06865321094613545,0.25242986190567174,0.19750619222203183,0.2630974434727312,0.7888371115245457,0.2601190003700177,0.15846357631320432,-0.060233959736146626,-0.44086557512781793,0.018622898243926767,0.33439443727045204,-0.1888605044795794,0.34430506117335874,-0.10134780273549825,0.1279572371953831,0.21840793719664595,0.019741754801963562
0.5849036464937445,0.3834688877781823,0.5382894015548942,0.43320771612361014,0.36807189153902026,0.29372017466322287,0.41758549449716154,0.315489876339781,0.5692647955933505,1.0,0.3798676868554089,0.5294191249177082,0.12392267574711739,0.19732080097336951,0.6821147342435439,0.12493658081543067,0.4477433722049416,0.21674956167849307,-0.02589275148856201,0.321735613006336,0.09544627741637171,0.35063808955185927,0.2314968796682052,0.35063808955185927,0.3121827282921591,0.14560848828385278,0.013646901794950126,0.13554722190733817,0.10370200904707681,0.4491559227575576,0.7851535528210662,0.007234623460293939,0.2364437401487223,-0.07608234180426994,-0.060129199311839875,0.5862130076885294,-0.14449917464725356,0.31598942137030656,0.19729573786652582,-0.10566658640050215,0.2991238527620661,-0.011986817318214294,0.4546061772399934,0.26452771708764933,0.34265731693875284,0.34549723538602795,0.2986286339369287,0.16382090225182713,0.3625546215651979,0.26770690267328523,0.39357193978189353,0.8440543159716272,0.20837232995634752,0.12644216352980073,0.021458405921165397,-0.09987055197011102,0.38123454597532974,-0.2564860944505529,0.20909787906171948,-0.07618856031260784,-0.14594603659944083,0.22622004070691162,-0.16413611097338376
0.35297880837284007,0.14611702505059682,0.3689204604637541,0.5683665056345637,0.6933050833583846,0.49689525056867956,0.04525959031996975,0.45650563003996636,0.34365536520652623,0.3798676868554089,1.0,0.1491474560349305,0.22683457282560335,0.4252253620278938,0.3471408854217405,0.3800737674902742,0.42154105357306326,0.16264692812835083,0.28066214748079,0.1768689850441056,0.13222976377383336,0.015076658829108809,-0.20986485754031003,0.015076658829108809,0.5019209209275483,0.4066705240373484,0.2217165390264197,-0.25063168864629776,0.12382982614255751,0.05384838740618503,0.10106201326829481,0.772462466729881,-0.13448671212723776,0.11355846650430168,0.13934516420753779,0.06970065229710772,0.1764089400668646,0.2828946723843966,0.17200374621262707,0.3062525468656492,0.08462840495933636,0.003852510386597293,0.19726879450299886,-0.13787610529345148,0.1615422992698764,0.4498515127456846,0.6146908642135088,0.37632113979321663,0.041352448457685716,0.24712811378124466,0.1829278882750765,0.12251676222394588,0.9271901452612508,-0.216295347665318,-0.13265353330763777,0.028104006923228123,-0.188648355878832,0.038401204633608216,0.3065884170958851,-0.0964233383597176,0.14542967707737015,0.07840128196371932,-0.20455083285696127
0.492972910988877,0.5694332969049991,0.39724572630809857,0.39211763610328143,0.31545622798494816,0.29706921013414644,0.4387844392941796,0.2626324979072639,0.3733389827685094,0.5294191249177082,0.1491474560349305,1.0,0.17877968122482557,0.09102748005531473,0.5763165847252785,0.14283715347652973,0.3449736623383516,0.42740743358324773,-0.19562303660217759,0.21338723752909483,0.22096289617685602,0.3695556037660117,0.44379200106852257,0.3695556037660117,0.3604293121864268,0.12460576914686997,0.14802401358057077,0.28351186184581867,0.1989990978600832,0.28304395160124024,0.18778427278081072,-0.1607102219186534,0.8144884237965571,0.026356237387514768,-0.13601749831781274,0.5810580992781138,-0.11435557918929092,0.2913834287137134,0.445843447452864,-0.24541840830692463,0.2518169689021103,0.17962825848882194,0.4153439104511397,0.5161136685100214,0.435398918687514,0.3291271849737653,0.20749884161838592,0.22241182159736747,0.5239299617697372,0.28195639980440607,0.2959738197447786,0.4426841225734052,0.09395104723024451,0.746120899807629,0.06594518667088496,-0.38157366057102227,0.35648110376781494,-0.10681448251852987,0.27760873890546883,0.22228091819387882,-0.36932833962499517,0.2525895392808328,-0.07059672537494766
0.3416155584523302,0.3758078807138769,0.25520666878866916,0.45106274684570813,0.4975187527555541,0.4934470578496148,0.3730611043126512,0.38169725846473174,0.07562551315440132,0.12392267574711739,0.22683457282560335,0.17877968122482557,1.0,0.173434602129953,0.3311923887233772,0.2792938119469083,-0.023188860911992747,0.5075907591699157,0.34144621242107276,0.3518172030122171,0.5862442723504387,0.016746888516171527,0.1644262490409242,0.016746888516171527,0.3234940484491405,0.3389788858447928,0.2715467455628272,0.2095847632492393,0.11681472406634585,-0.1280742917283245,-0.18282128934273592,-0.0640627413854719,-0.024597018823639516,0.8767364707402604,-0.0008912918204883225,0.16228641130016952,0.09136215935333689,-0.20151444016725376,0.38744176839373873,0.26125730378590833,0.23062581041261934,0.529425258566713,0.0779912510468802,0.23126980629259902,0.015034457511075565,0.4087931760732821,0.3304297239070169,0.3760093356433475,0.389985557391722,0.24064134425386652,-0.23169646033453506,0.10092397984545401,0.11686793571951863,-0.12309077348609822,0.5336156050493692,-0.13943090776488298,0.01933799026295807,0.0583787203146468,-0.3700238212957292,0.2205629209271689,0.2920997215873982,0.18801212179409174,0.4423260021324204
0.40682567911557016,0.3884818589010613,0.6445038874850137,0.45421260491608195,0.4316143657299565,0.20160020629871686,0.2625239741015639,0.4331606105715842,0.4253706155213137,0.19732080097336951,0.4252253620278938,0.09102748005531473,0.173434602129953,1.0,0.4979774308957253,0.5646488049324702,0.24032129754727538,0.19513085938445326,0.6118758792356978,0.2517288779344708,0.4085625035880769,0.3970346626290702,0.15833042545156686,0.3970346626290702,0.3221771136009331,0.14244902562275075,-0.1336312084799068,-0.0890573542510375,0.26165988176261207,0.059723716365512235,0.010345261873978459,0.11194324996008168,-0.2094064858347836,0.032098210652409406,0.8275688494003263,0.29387320314552295,0.41095405187816797,0.09575095165752942,0.1350332533823143,0.6255697785573658,0.10032337551823935,0.3520576192939411,0.058524361580063425,0.18842109975313892,0.47340645034110074,0.19194576491239973,0.3171363274950941,0.07258639533879259,0.10383720727778031,0.30735447403064414,0.28006886939083886,-0.08279910846332986,0.32391409609737043,-0.16999956210688766,-0.04832230746923531,0.5773276833893676,0.13672179912794596,0.2887498488794559,0.2579476827201708,-0.062399365022557086,0.4801669841977337,0.024931144850309412,0.21268038068374326
0.6549426049185216,0.6837027886959381,0.7200523669351919,0.6035163891372467,0.5407026759853876,0.3072786745441114,0.4487789862342197,0.4208116157704826,0.6785082266590233,0.6821147342435439,0.3471408854217405,0.5763165847252785,0.3311923887233772,0.4979774308957253,1.0,0.43859319797010293,0.6481922498121698,0.4128082141856141,0.3887698409264732,0.3747585685692948,0.5462491595814776,0.44180836670593865,0.3930268048567942,0.44180836670593865,0.3242095408491641,0.1819946061240506,-0.13796368189025102,0.0635237730325071,0.114793298194452,0.30714789178187357,0.2604171159119726,-0.11749763844542821,0.14299737647076857,0.029466582415946248,0.16500064227446828,0.8671428230133907,0.0717648789319191,0.45996816415333774,0.2629298126430835,0.2817283498634332,0.20199723638911826,0.4405838793815243,0.22931153553705358,0.5141241508273496,0.441417393524632,0.34664688665339355,0.33460072280018854,0.1378537473576288,0.3257489484346743,0.2936847944486932,0.35642079697807855,0.39270723812148994,0.15682539610618795,0.043803176064547936,-0.035383924957734104,-0.09322871451364356,0.6724795751529011,-0.03855717232115047,0.2706034191027084,-0.0641433753742625,0.20460132033567216,0.14122602218680624,0.18204413452342794
0.2817281729908098,0.17518775671268413,0.42236180890820296,0.3675707449163941,0.6315309592975146,0.5258251757015632,0.1292808983439976,0.27705500875691164,0.30838892589144484,0.12493658081543067,0.3800737674902742,0.14283715347652973,0.2792938119469083,0.5646488049324702,0.43859319797010293,1.0,0.2839212982855569,0.12362632435542464,0.48805586785779786,0.2980089949001918,0.5859230715710222,0.09491729799407549,-0.12501843865936968,0.09491729799407549,0.14128762455232452,0.6017265807068448,0.2783251512931884,-0.1541990471085768,0.1538303368808914,0.06470111304208352,-0.20377565738278097,0.15198920923684206,-0.07314600520536872,0.10710094195940809,0.4117526214740009,0.24020893942271623,0.8409698928078957,0.14953538411421802,0.03249900140454287,0.49352679171625746,0.11236300746689173,0.5302634083549521,-0.04261557342503247,-0.033262810249078796,0.24894411361746818,0.1468197701877557,0.6268304063544217,0.4409432307876136,0.015008594549783117,0.2190273586910706,0.080945672252204,-0.1329145483174218,0.30702558514827466,-0.12220743740435434,0.1413687146125096,0.2246498498779978,0.0908229617336781,0.7121985395101958,0.2608296169274453,-0.2878000571243445,0.38654879019506716,0.13115081460401914,0.27677297028005987
0.5184350548860667,0.2925381002300512,0.45471717211819523,0.3666034635169138,0.4360838013639287,0.07504094804845299,-0.020615619326635002,0.3707097020967025,0.4201865335148254,0.4477433722049416,0.42154105357306326,0.3449736623383516,-0.023188860911992747,0.24032129754727538,0.6481922498121698,0.2839212982855569,1.0,0.17387116466548938,0.2358585712409671,0.41788818021405827,0.14885264919229285,0.3611397273835291,0.19718545821582392,0.3611397273835291,0.28913965686173293,0.26412755219333406,-0.3052440061176682,-0.2512760517264598,0.2397085740817883,0.19211158658744287,0.20686677524217936,0.22921915538410637,0.05508914013415371,-0.1741804224993234,0.009163401756744889,0.6099573173213907,0.10652502078637517,0.9290964445615857,0.1168255573606901,0.17992694336179513,0.33502191421857436,0.09368735406825675,0.325400275756603,0.28237735190819213,0.41899634263157254,0.26658801906154067,0.3394656824736656,-0.12972307035220496,-0.06379827348239175,0.31919515639589224,0.33929588253858123,0.1660377912409016,0.3684382318334875,0.013659299610752183,-0.0750573817279177,-0.17730005574807856,0.5041930730717868,0.0432256401222123,0.6486632052956578,-0.02421157348625264,0.05750148327279473,0.35699596125752603,-0.1544476996353629
0.4365364284116574,0.646961671472995,0.4755906962697341,0.6028475581610876,0.46210434304940123,0.5715890492176702,0.41187125372468325,0.5197408932988641,0.36517438039164435,0.21674956167849307,0.16264692812835083,0.42740743358324773,0.5075907591699157,0.19513085938445326,0.4128082141856141,0.12362632435542464,0.17387116466548938,1.0,0.3916761025500108,0.5912132544056145,0.4061513597354689,0.4250471944002478,0.5390378620331121,0.4250471944002478,0.5290893464182433,0.2527278354896508,0.3006547924942085,0.11849118900412736,0.30699497152648464,0.15089377807183418,-0.05425277118934127,-0.14136102558149705,0.16893145557329653,0.36137660617178524,0.02118335078665595,0.2190680528049322,-0.047175831511448156,0.1856282960955521,0.9036713209616997,0.32003284768234913,0.4434719364789323,0.3926559585519193,0.18021046622354625,0.6395808070177983,0.41221377025981243,0.5820485439931989,0.3236199360139084,0.4922169956195877,0.38666992368588887,0.39906567617165417,0.16768493314892938,0.16383685070254253,0.14537249441836364,0.08831467399317079,-0.011900198727970773,-0.13502498504975521,0.12363182516046892,-0.009847552609179265,0.10535893787349127,0.6835181711254783,0.2819649341983628,0.4353032776331775,0.21348731505385693
0.10227798834444962,0.25295934631628236,0.45022761696428487,0.4269887047783304,0.45220503354448816,0.2652687678300867,-0.06409502317985113,0.342499360113731,0.29333076327040625,-0.02589275148856201,0.28066214748079,-0.19562303660217759,0.34144621242107276,0.6118758792356978,0.3887698409264732,0.48805586785779786,0.2358585712409671,0.3916761025500108,1.0,0.45695866455294837,0.46867622614670806,0.3279879889618331,0.041818170624607194,0.3279879889618331,0.3208608913013015,0.27611300204172373,-0.013158385527565966,-0.3710358064265125,0.1507707618079849,-0.03524596878665329,-0.17275902743090865,0.07998744727616541,-0.5089841454307865,0.20687428169814148,0.48169864121840483,0.1644617862701188,0.3647038043940063,0.18402396494683884,0.1675699105330619,0.9776195685764562,0.17822761343123364,0.403771868337975,-0.24263013220165555,0.12163395085937849,0.33146339823131576,0.33051976616841283,0.3226889088569896,0.18709076028527993,-0.22366845806337923,0.16211543720588542,0.10708521553762035,-0.2098435202618338,0.22724137801592356,-0.4740231557922806,-0.008001016334915926,0.3180376772332933,0.14625391967751433,0.2632565671453782,0.10383416862624115,0.02874243052223826,0.9268130896444657,0.1741291311184552,0.3471623642411726
0.4143788233804768,0.42171308264266544,0.6727675666885439,0.5678813597783682,0.5075689092043382,0.489789948087357,0.20759615309632748,0.5801215662059535,0.44721001128522714,0.321735613006336,0.1768689850441056,0.21338723752909483,0.3518172030122171,0.2517288779344708,0.3747585685692948,0.2980089949001918,0.41788818021405827,0.5912132544056145,0.45695866455294837,1.0,0.4547721969240192,0.6206726014227718,0.3560375509548145,0.6206726014227718,0.5715721493530592,0.4105609790063722,0.23279047460990943,-0.18119610618886384,0.5127312891660559,0.3125569280682619,0.03825874951774962,-0.10471574523676848,-0.0443962555896003,0.16986225133153637,0.09494348789469834,0.16714316002164434,0.18899471648446772,0.4208478589355184,0.5085791097509846,0.3848875015572455,0.8653097321779291,0.4420353010767039,0.17698034457235576,0.3861912221677003,0.599286448146274,0.5513661934348051,0.34725971748580137,0.38270982523552605,0.06962761422136637,0.5120832863597236,0.2967212370076877,0.10020011919452747,0.11291629003521764,-0.06346017175916074,0.24764971372389166,-0.008636332719148638,0.12081860142836894,0.12621675720877343,0.31597273463965597,0.33390681660913146,0.4193352552014085,0.8400212771185789,0.25404187353049085
0.31100440199618323,0.43564991790332475,0.4923774277384518,0.4871758526389641,0.5585891830459876,0.49561203320097474,0.391746772993573,0.3104099703641619,0.28964642651600947,0.09544627741637171,0.13222976377383336,0.22096289617685602,0.5862442723504387,0.4085625035880769,0.5462491595814776,0.5859230715710222,0.14885264919229285,0.4061513597354689,0.46867622614670806,0.4547721969240192,1.0,0.3079529428138376,0.18269683254464714,0.3079529428138376,0.3004261845852575,0.43294677330439096,0.2896736565611073,0.16102946334088955,0.13805869785471464,0.10840004736084256,-0.34250562860638306,-0.1478391520430338,0.005338419575313931,0.39515193486910694,0.26948929900750296,0.3812019600363779,0.39486441739527955,0.03432290085783823,0.309486838972604,0.4227226391450507,0.3134849742353915,0.9641405300691306,-0.029636275710214134,0.23743815469884527,0.3838981082289704,0.2826515956073668,0.436823353209611,0.4356744593201636,0.3664556439343326,0.23012382749915392,0.06352791744577102,-0.11350876663750555,0.06492221019426894,-0.05113172912283023,0.33114361940358206,0.1091520802838616,0.3269136812022882,0.3186315092073038,0.07226708879294343,0.053676238103163,0.5101796027990277,0.2310047186562272,0.8060991238577794
0.3675658620522514,0.3110909703626457,0.703743493810381,0.44768807160059215,0.21551060157196103,0.09147468300923148,0.18596503104094805,0.383177398139228,0.5181604450580575,0.35063808955185927,0.015076658829108809,0.3695556037660117,0.016746888516171527,0.3970346626290702,0.44180836670593865,0.09491729799407549,0.3611397273835291,0.4250471944002478,0.3279879889618331,0.6206726014227718,0.3079529428138376,1.0,0.3659086755503292,1.0,0.4755986158239646,0.07781169220895413,-0.06190825986664463,-0.06888584307055856,0.41114030495065745,0.45600983021676816,0.1682674515578753,-0.26223966953339295,0.1342538765770649,-0.07234328045622804,0.2859975630861299,0.3416820573729354,0.011462319868248453,0.43759832872172766,0.40100033206041147,0.29000392586146934,0.4875371743236805,0.32973879813544144,0.24217112213228273,0.3881895754287326,0.9317905527130288,0.40777559336520847,0.1519479455382763,0.04858147578599697,0.11973615640024114,0.36970915603236587,0.5215573808691925,0.09328849171370582,-0.0356959411523323,0.1950367992829937,-0.09630761724411746,0.1592574141767918,0.36443783909519106,-0.04137471967947022,0.41800739730834907,0.32051081027319017,0.264840178821053,0.5118788478553841,0.2330835206867175
0.5071368874258183,0.7540660846230309,0.31123424825328516,0.2417850419283991,-0.052408131891226485,0.011481714335218149,0.4861959729865095,0.26122824387421056,0.39689444794627726,0.2314968796682052,-0.20986485754031003,0.44379200106852257,0.1644262490409242,0.15833042545156686,0.3930268048567942,-0.12501843865936968,0.19718545821582392,0.5390378620331121,0.041818170624607194,0.3560375509548145,0.18269683254464714,0.3659086755503292,1.0,0.3659086755503294,0.2644963906116722,-0.21128367695554662,-0.0699424150499838,0.4763270592427658,0.3063689718669469,0.3126486056645724,0.18170401180526558,-0.4259011667671603,0.33290326103510215,0.11734960705280989,0.17534186693621276,0.4434811812616268,-0.158708088746368,0.21675392233920576,0.5372018094835979,-0.0029688272831580745,0.38954512501356836,0.27956950019784527,0.4910866248630095,0.9529664137883614,0.24845447671649776,0.22821033187047857,-0.14210821792003145,0.020761257959298368,0.48309046151841384,0.3519781634845249,0.4047555333119508,0.2413495032610885,-0.27241822485648237,0.3834282885619585,0.058320621585711455,0.039630136017835736,0.4867177183207795,-0.12250665423833404,0.041189053388808884,0.5278810699318992,-0.030383454890528714,0.33943230848397715,0.23000499375522815
0.3675658620522514,0.3110909703626457,0.703743493810381,0.44768807160059215,0.21551060157196103,0.09147468300923148,0.18596503104094805,0.383177398139228,0.5181604450580575,0.35063808955185927,0.015076658829108809,0.3695556037660117,0.016746888516171527,0.3970346626290702,0.44180836670593865,0.09491729799407549,0.3611397273835291,0.4250471944002478,0.3279879889618331,0.6206726014227718,0.3079529428138376,1.0,0.3659086755503294,1.0,0.4755986158239646,0.07781169220895413,-0.06190825986664463,-0.06888584307055856,0.41114030495065745,0.45600983021676816,0.1682674515578753,-0.26223966953339295,0.1342538765770649,-0.07234328045622804,0.2859975630861299,0.3416820573729354,0.011462319868248453,0.43759832872172766,0.40100033206041147,0.29000392586146934,0.4875371743236805,0.32973879813544144,0.24217112213228273,0.3881895754287326,0.9317905527130288,0.40777559336520847,0.1519479455382763,0.04858147578599697,0.11973615640024114,0.36970915603236587,0.5215573808691925,0.09328849171370582,-0.0356959411523323,0.1950367992829937,-0.09630761724411746,0.1592574141767918,0.36443783909519106,-0.04137471967947022,0.41800739730834907,0.32051081027319017,0.264840178821053,0.5118788478553841,0.2330835206867175
0.4041242241589905,0.4326736595537201,0.4743507239615839,0.8126087488817673,0.4441102530374267,0.4542104794265292,0.27098629835038396,0.3739685053530724,0.5475200938172643,0.3121827282921591,0.5019209209275483,0.3604293121864268,0.3234940484491405,0.3221771136009331,0.3242095408491641,0.14128762455232452,0.28913965686173293,0.5290893464182433,0.3208608913013015,0.5715721493530592,0.3004261845852575,0.4755986158239646,0.2644963906116722,0.4755986158239646,1.0,0.1996617113254726,0.29149524508711655,0.025873339077726553,0.26602260109229897,0.5449997427157971,0.06579193753448641,0.2792489428621702,0.10754926948710458,0.22977864399513026,0.174876945875462,0.16246086953699582,0.030011210215488384,0.2870879506450734,0.5729128452723137,0.34182860166549944,0.49078475800964994,0.2728645753473506,0.2732862510919934,0.3341330617941925,0.5256186178524362,0.939734237883319,0.3429026683403241,0.36564396111663905,0.26620122970961574,0.24898554016204033,0.5938433654380405,0.16272169658545377,0.5055477661361865,0.12781283646937672,-0.03770238059631967,0.05460872145307878,0.006444654877889674,-0.045244376908090266,0.40395848491672415,0.3701376034683169,0.2746317944992808,0.574669574333233,0.1414573427801554
0.03386732862155197,-0.1259564215269667,0.18736183372794757,0.12599492308883056,0.7560808673135618,0.5065848479826096,-0.09197722815784021,0.2086495020745852,-0.12079502846692208,0.14560848828385278,0.4066705240373484,0.12460576914686997,0.3389788858447928,0.14244902562275075,0.1819946061240506,0.6017265807068448,0.26412755219333406,0.2527278354896508,0.27611300204172373,0.4105609790063722,0.43294677330439096,0.07781169220895413,-0.21128367695554662,0.07781169220895413,0.1996617113254726,1.0,0.5416450211955787,-0.17520458707017933,0.11046677536878674,-0.1670774079762229,-0.13942677192045141,0.36947431821438154,0.028304473361621858,0.30207707784873516,0.08166916049057593,0.05534852567029503,0.5978709358039116,0.24941556347798768,0.2424635011577916,0.2520288970787828,0.3653594520846213,0.3814967723241571,0.02587162656483945,-0.15863143764210602,0.20471445844830743,0.25924378764846306,0.9208841657673696,0.5710447090644996,0.032951325378122336,0.17969498163062297,-0.24595573785408126,-0.0005551715243896059,0.4380044360787825,-0.06370431530939501,0.4380472779236201,-0.037301268421798886,0.006739019219220674,0.6021936850050916,0.20908012811534776,0.1690302257285594,0.3077956229847962,0.381416052167261,0.20764577090497402
-0.09117558233834619,-0.034261644967658454,-0.027638488462846885,0.18021695499185955,0.3638911093040951,0.6953941828901345,0.14306893863479497,0.06753724620473266,-0.01570603981506311,0.013646901794950126,0.2217165390264197,0.14802401358057077,0.2715467455628272,-0.1336312084799068,-0.13796368189025102,0.2783251512931884,-0.3052440061176682,0.3006547924942085,-0.013158385527565966,0.23279047460990943,0.2896736565611073,-0.06190825986664463,-0.0699424150499838,-0.06190825986664463,0.29149524508711655,0.5416450211955787,1.0,0.12032727053562901,0.055841754321215895,0.13556474264492963,-0.10147691229861755,0.23883903476823487,0.22692020162121712,0.3023237937398017,-0.05153180690050075,-0.26746961434885397,0.3342228336562701,-0.2431446293657834,0.4266867686459485,0.03067048460414234,0.257888377437189,0.31964861996418936,0.08168798721645514,-0.07105452977826777,0.009971134891142602,0.3173680829669129,0.5388440696116047,0.882519695981042,0.22982677285356223,0.07386642705850581,-0.028806459145513524,0.11032912093206373,0.2997448362334513,0.17041011251589464,0.23017110022454046,-0.027568381177187413,-0.2605661779132483,0.3350866149736376,-0.02321396895960496,0.3127992725962339,0.1268428880029668,0.29163721112284635,0.2518269724607698
0.35684505502194336,0.2347383376367811,-0.167301112297586,-0.030675978361604947,-0.18483241795506694,-0.02408939304119453,0.7414011823954767,-0.2293189130616155,0.012146673304495332,0.13554722190733817,-0.25063168864629776,0.28351186184581867,0.2095847632492393,-0.0890573542510375,0.0635237730325071,-0.1541990471085768,-0.2512760517264598,0.11849118900412736,-0.3710358064265125,-0.18119610618886384,0.16102946334088955,-0.06888584307055856,0.4763270592427658,-0.06888584307055856,0.025873339077726553,-0.17520458707017933,0.12032727053562901,1.0,-0.1341769423506674,0.2587138616129468,0.1988137772383262,-0.2981354073719853,0.49196938106660354,0.3218496525453382,0.042684258703906415,0.20883528487008712,-0.0612131530025612,-0.2788142930208524,0.2730476259895652,-0.36723721686102745,0.026787628074267468,0.2331833644301565,0.484049619502777,0.3693475933600105,-0.07256016349837628,0.004966169257980813,-0.0879659516926106,-0.018354622808703973,0.8746012903361239,-0.05798612727476921,0.11112798472235498,0.39890176695660884,-0.23412086713220523,0.48711244082503746,0.318762415586306,0.0894734916509535,0.2565841964676921,0.005556568655807781,-0.18840695749494785,0.2816503014768117,-0.2834636452742932,-0.04763265864490195,0.34004463852543415
0.2678366167619843,0.19993689162701458,0.3031556295627443,0.20222031804224125,0.05242503443808332,0.23428208743710377,-0.05272558187625661,0.786709915264001,0.16455642418015587,0.10370200904707681,0.12382982614255751,0.1989990978600832,0.11681472406634585,0.26165988176261207,0.114793298194452,0.1538303368808914,0.2397085740817883,0.30699497152648464,0.1507707618079849,0.5127312891660559,0.13805869785471464,0.41114030495065745,0.3063689718669469,0.41114030495065745,0.26602260109229897,0.11046677536878674,0.055841754321215895,-0.1341769423506674,1.0,0.02887484925580313,0.06147907196463083,0.1450315465756115,0.1686533073477707,0.19102766300398352,0.33290686589895296,0.12987822021875947,0.20787942619366698,0.27659924669737096,0.36473439006515584,0.17803189872110933,0.5867432479485252,0.1835019765577605,0.36380415615279266,0.3464145240113522,0.41955362862987766,0.22910043913283293,0.10403604809990029,0.22886230619819764,-0.00786058273140826,0.9428652143000774,0.2295980636309419,9.390139984683324e-05,0.17700090470205984,0.19299488437352347,0.11739384571024368,0.268111387262673,0.0526044816826232,0.22853480009337926,0.13456612990257943,0.27990325756115764,0.10945042281776989,0.6153634566483611,0.17727427883083866
0.33917530393264583,0.2714355777179653,0.34565992187006817,0.4870564736172794,-0.035139273484125245,0.09314746072873487,0.3790556420849618,-0.05793674165336346,0.7572049128390049,0.4491559227575576,0.05384838740618503,0.28304395160124024,-0.1280742917283245,0.059723716365512235,0.30714789178187357,0.06470111304208352,0.19211158658744287,0.15089377807183418,-0.03524596878665329,0.3125569280682619,0.10840004736084256,0.45600983021676816,0.3126486056645724,0.45600983021676816,0.5449997427157971,-0.1670774079762229,0.13556474264492963,0.2587138616129468,0.02887484925580313,1.0,0.40236951798552895,-0.1607717397490608,0.1807704260092437,-0.19822988596333324,0.017838512780128518,0.3023826502079617,0.011507239093289781,0.2696075506541303,0.2536954336499059,-0.02504834285580937,0.28819357999042305,0.15961571467114527,0.270651410070164,0.2928323600304074,0.4100153283921159,0.5365554438172226,-0.0272062503347067,0.14140381557935805,0.29203936915863504,0.03688436515298027,0.886979916068786,0.34130459414280895,0.006539938912783319,0.21039111717035985,-0.26130526052250336,0.135795139230364,0.3388398526130729,-0.12410800808969853,0.41881714527435804,0.042385329976637506,-0.04358255432901473,0.33769228784500127,0.12064244766290158
0.30295975544086406,0.03808298215799259,0.10550066204868294,0.010744022406151252,-0.13568880869051236,-0.06410695512453878,0.2018424370188231,0.04196478869825191,0.2927961190075099,0.7851535528210662,0.10106201326829481,0.18778427278081072,-0.18282128934273592,0.010345261873978459,0.2604171159119726,-0.20377565738278097,0.20686677524217936,-0.05425277118934127,-0.17275902743090865,0.03825874951774962,-0.34250562860638306,0.1682674515578753,0.18170401180526558,0.1682674515578753,0.06579193753448641,-0.13942677192045141,-0.10147691229861755,0.1988137772383262,0.06147907196463083,0.40236951798552895,1.0,0.007306922376738973,0.1583549508462092,-0.17072740234119696,0.019248644391833575,0.34711820733741716,-0.21358226800495278,0.17995193724304667,0.042442607454519235,-0.18819289346317,0.16216451547461844,-0.36393025448425353,0.483586810049497,0.12558206874933103,0.10881056222606673,0.09351682928568054,0.005466819470222498,-0.09130865761994914,0.18400869998256483,0.14827520569121752,0.38845704455056257,0.8748104014610442,0.04778190130165789,0.12073858496005807,-0.040831337290075265,0.16298843823949588,0.31002698985867605,-0.27101409590178865,0.1351954780459693,-0.0217356599718568,-0.20794554835786844,0.11876127001666123,-0.27345469816869006
-0.1042941841243119,-0.3140226449635778,-0.17107215746301088,0.10441511953791832,0.3191664383935992,0.2274719573453078,-0.3697412643530448,0.18298011058699234,-0.11437974024476333,0.007234623460293939,0.772462466729881,-0.1607102219186534,-0.0640627413854719,0.11194324996008168,-0.11749763844542821,0.15198920923684206,0.22921915538410637,-0.14136102558149705,0.07998744727616541,-0.10471574523676848,-0.1478391520430338,-0.26223966953339295,-0.4259011667671603,-0.26223966953339295,0.2792489428621702,0.36947431821438154,0.23883903476823487,-0.2981354073719853,0.1450315465756115,-0.1607717397490608,0.007306922376738973,1.0,-0.1783269310650108,0.05356563099270574,0.12300692229599917,-0.16859859939882288,0.23323151960258437,0.20992633196859545,-0.037153280924107246,0.18498134429054755,-0.05634522546602229,-0.2137684570787056,0.08463009072996874,-0.3787576542187219,-0.11419176179815603,0.240092894890309,0.49534815068793003,0.2515418246793496,-0.2238191379403139,0.1344166762032944,0.0026162304861049837,-0.054023851535795794,0.8962361859341688,-0.18079491069492454,-0.09963175482825545,0.12505243179063583,-0.2848195595410277,0.21242026320980134,0.23634108525859007,-0.044905756397385456,0.09758102843204315,0.05148651892560182,-0.20840508470334893
