Fp1,Fz,F3,F7,FT9,FC5,FC1,C3,T7,TP9,CP5,CP1,Pz,P3,P7,O1,Oz,P8,TP10,CP6,CP2,C4,T8,FT10,FC6,FC2,F4,F8,Fp2,AF7,AF3,AFz,F1,F5,FT7,FC3,FCz,C1,C5,TP7,CP3,P1,P5,PO7,PO3,POz,PO4,PO8,P6,P2,CPz,CP4,TP8,FC4,FT8,F6,F2,AF4,AF8,O2,P4,C6,C2
1.0,0.6020969467452894,0.5743878529127,0.4154651064490457,-0.25865481502625126,-0.16906272256180668,0.5872611084019732,-0.34944449669701433,0.18191747033331887,-0.015710433876935825,-0.4148631429511342,0.2419828088224504,0.35271615601297723,0.34302933160621174,0.1780703792268135,-0.08217775056422782,-0.1561586585485798,0.10012660682785672,-0.17009791238063743,-0.19806765255830186,0.5205199750764894,0.5121841514812249,0.6254094962906641,0.5121841514812249,0.41284765856215855,-0.317794405065842,-0.2145511186014959,0.47573904064266476,-0.41263193956824357,0.09579338995720316,-0.06760516721405345,-0.4936995578521581,0.1670997331305863,0.3591888623565613,0.28975215310681257,0.13308627622377486,-0.12825645227731636,-0.24463114566853944,0.05400742070729082,-0.28774887066506827,-0.23652563584136777,0.5366555965845782,0.9143884627587278,0.5940645140247505,0.4144869316318872,0.37955973555000083,-0.3113552448593053,-0.21537136511586566,0.5338978148818035,-0.3737437950777183,0.1842966779436416,-0.013313209807976279,-0.4267837350661974,0.23053090055124012,0.35939800866436467,0.3447652247211326,0.19289645545103978,-0.11371909686120658,-0.101995307776206,0.12348277108879738,-0.17397392218045402,-0.2163518689951527,0.5149831392691444
0.6020969467452894,1.0,0.6652817311374775,0.426608646736265,-0.2645469214400889,-0.3627402768681886,0.48767252448001763,-0.30156221172191483,0.4464717382036046,0.3991107089462361,-0.28063388030841624,0.4998945015065775,0.25720662718858794,0.3235557518646228,0.5830996593825395,-0.07952308008227198,-0.04867389630227212,0.12436105859119308,0.09624273766255119,-0.27734355742652383,0.7588000033195513,0.665028118389782,0.9440067889331364,0.665028118389782,0.42900772415950067,-0.2912516733383516,-0.4258642032533355,0.39151829354775847,-0.3775882549037436,0.41665880168335806,0.3701152849572696,-0.341151265663487,0.4211806563328058,0.2680366820237775,0.2984425672842519,0.5543538301114647,-0.09879021800728346,-0.0889269419384318,0.08533262503565249,0.043123476009665644,-0.29371664082777055,0.7655779329943595,0.5952091756951821,0.9394970093038948,0.5733143869540039,0.35301858522159646,-0.3228631654703065,-0.4475630588419542,0.41773331984169654,-0.39006140388430033,0.4399739246053226,0.3932450458206267,-0.3131937211447963,0.44516011993359444,0.22560424595752201,0.2708200374782364,0.5923101827586635,-0.13707167586214516,-0.052889595577971585,0.08972933692064859,0.0835960722272791,-0.298869102731894,0.7484780320817992
0.5743878529127,0.6652817311374775,1.0,0.06811245965384094,-0.33291664552162475,-0.27198570479849715,0.34041106131695714,-0.16284641406793757,0.606703052529155,0.49481460188128873,-0.09435219641809262,0.5210330185250974,0.24018440939374996,0.42632701421644154,0.5620286590870173,-0.17575178141515782,0.02061803745380163,0.03929752640754749,0.12810980565642024,-0.11976196966609638,0.6012326555331035,0.8615473293361002,0.665672749701284,0.8615473293361002,0.036879736186693796,-0.4011244252141489,-0.31312812926422356,0.15030540769887515,-0.2581929135720611,0.5325001173794279,0.4675787369897172,-0.20038180885196552,0.44453999026583546,0.1515082665167291,0.37863464014408066,0.5247548442009373,-0.21516452841637668,-0.05423098175229412,0.011510365635972322,0.039791210570856016,-0.19912933113645745,0.5984845762760636,0.5440605517717919,0.5949353959255438,0.9038569066080108,-0.038015502256009914,-0.34884009654262776,-0.34350393207544616,0.4102689275673301,-0.20111872378504628,0.6092909743064922,0.5023232695247167,-0.09783604505061658,0.4687812879913788,0.19029167845680975,0.42310589128884096,0.5357317946650827,-0.2009673912020948,-0.0016116564682556104,0.05742292423563222,0.06602933517643612,-0.1616382768118597,0.5971797656874337
0.4154651064490457,0.426608646736265,0.06811245965384094,1.0,0.3109222513320867,0.3413619162016502,0.599672279642067,-0.09592610060199194,-0.13779642296553196,-0.2892480257094972,-0.14145726095619138,-0.16670973386990695,0.48202326653765193,0.11546555898562803,0.12866171465144322,0.13255801103836318,0.04357647464623362,0.22328918759567312,0.13962245037149434,0.04321417663397803,0.33691372410138937,0.015794948091168604,0.40991681710986383,0.015794948091168604,0.9490139023328867,0.29387836230362385,0.27131007628970644,0.6178138195395022,-0.09633179895170946,-0.21568028556774926,-0.3609636052229743,-0.18479618594673686,-0.26297946600677097,0.5411953981736584,0.06020561392304959,0.09963981478459305,0.06253644024671005,-0.0003465872901692498,0.15058403619959593,0.12997305535109907,0.06206689545521513,0.327554263755719,0.3411669946381562,0.36684760635501934,-0.03717673262933702,0.9341271279572165,0.2507390207529796,0.26289051268228564,0.4689057760642996,-0.159734328396975,-0.16528544750395557,-0.3127315403648054,-0.21685248476943222,-0.2007513237870505,0.48787051042677304,0.060144152236389734,0.12002218183810381,0.06439982117904151,0.11247865419120258,0.1918102007211854,0.28197924300999494,0.0858521842526915,0.3374902420843241
-0.25865481502625126,-0.2645469214400889,-0.33291664552162475,0.3109222513320867,1.0,0.7036682382460926,0.07772313147209058,0.5764078059769718,-0.3273176479643668,-0.08657292318595862,0.5012238377365515,-0.3714967919913451,0.4213625167275052,-0.06567568683475944,-0.033355883609898926,0.36835437156516493,0.5658813230210084,0.45815858370159956,0.5812449220213821,0.603593939476324,-0.014992336207719394,-0.39656180373366623,-0.256411060709337,-0.39656180373366623,0.30285510573446006,0.9642355829688706,0.683820945363049,0.15279345201922093,0.6070148833686408,-0.39108105202056137,-0.11273957917270302,0.5006149370335451,-0.38806006622828665,0.41308779857656674,-0.09996559261581586,-0.11233383532710414,0.31780697677857367,0.5694274306698864,0.39125658114170764,0.5351022152752805,0.6254349704441262,-0.06530518428130722,-0.3787051154358766,-0.3331896089738433,-0.3325598288385214,0.3368879399029453,0.9790812400907541,0.6724858607744836,0.05973702430910522,0.5671287931341837,-0.3470352779902323,-0.12358246326561981,0.4804039815279388,-0.4304835783064843,0.44751613879502744,-0.11299273166796905,-0.035903819255540856,0.3120201590885739,0.59044754422199,0.446329467298043,0.6111630211869722,0.641517026013702,-0.007475464741939006
-0.16906272256180668,-0.3627402768681886,-0.27198570479849715,0.3413619162016502,0.7036682382460926,1.0,0.09982387004865174,0.45842263533046845,-0.14688279718095673,-0.4307424021940178,0.46024808205628076,-0.3786516615884653,0.2801280163404291,0.18081682008248492,-0.01631227895913753,0.3110838187651798,0.510470578114455,0.3018593448450007,0.426450775769858,0.6254242247690806,-0.21211807196363625,-0.43177291202615176,-0.32726282603498563,-0.43177291202615176,0.2758018897876862,0.685846496454516,0.9733390240030934,0.12642967501480432,0.5006055658999099,-0.2452491338153873,-0.4664694015404245,0.4129092355127238,-0.43694357616922774,0.2636406862929551,0.12568816911839745,-0.09847633254023798,0.23977559416611868,0.4740124767804641,0.24343946236361944,0.4262227148073679,0.5961629352615611,-0.21399435293135954,-0.23119283966937032,-0.4266777786238793,-0.2479167660444646,0.3234365440406411,0.7008276385932546,0.9746709257691033,0.09188971410928977,0.44380828043698356,-0.22560991533434724,-0.4533675149992451,0.40066318733047157,-0.42582613220234217,0.27564614051992864,0.1680977914787998,-0.04468610346944729,0.2730832176978778,0.470116626168682,0.29204247478153067,0.5200464729692454,0.6025132014083749,-0.16257854446517878
0.5872611084019732,0.48767252448001763,0.34041106131695714,0.599672279642067,0.07772313147209058,0.09982387004865174,1.0,-0.31912342905427005,-0.056922839212729816,-0.20524129141859734,-0.40739998507056363,-0.10293664524810929,0.47727575897945834,0.14440219402689916,0.06812683305463926,-0.06052015838320151,-0.07325942059230635,0.2912893612852574,-0.030873330817781427,0.001663881283209433,0.45617362909023224,0.25644115358373637,0.5608756679442861,0.25644115358373637,0.6013600304367505,0.0639213829319005,0.09142526671160403,0.9232883508786466,-0.3186687217191168,-0.1412205177365303,-0.2640214849021136,-0.5107060228701807,-0.20591067256122234,0.4892668978645561,0.11561018427744632,-0.03210327003256475,-0.0936828309049664,-0.13238917115670298,0.2178444051249919,-0.06162298999524508,-0.011453597274670857,0.4420697917625173,0.5627029442280955,0.5153106649369288,0.24720896970274242,0.6281683523455245,0.03961681722108091,0.07697184845941099,0.9481214868966219,-0.35161276692592597,-0.05607210313106395,-0.20442215868751937,-0.4120422951723705,-0.12187798329723173,0.4918597271268068,0.12287238999651694,0.05887536527265097,-0.09063216325009936,-0.0375323652008424,0.31099323162537834,0.03624439219487898,-0.02025226767916562,0.44529809706841633
-0.34944449669701433,-0.30156221172191483,-0.16284641406793757,-0.09592610060199194,0.5764078059769718,0.45842263533046845,-0.31912342905427005,1.0,0.006946677387050481,0.22917520835485622,0.6626630190179134,-0.22276397243424453,0.06416215320138853,-0.09496879137916019,0.11648771535265229,0.31818949684150566,0.5235550683894834,0.14939838865824653,0.4971805324118992,0.3089209241717593,-0.15517177017960826,-0.3360279869141467,-0.4269242194580046,-0.3360279869141467,-0.1858121404507842,0.4744013724638342,0.38873326233422995,-0.3762319007623901,0.9316079063399663,-0.051688611079254064,0.16012531367902447,0.6448470503103381,-0.29036284900519216,-0.004833309702557686,-0.16633439376136647,0.08174645898852566,0.2618140909301758,0.5611158570477184,0.14953416559206142,0.44035345037612045,0.31430030188633695,-0.16638591077770531,-0.5184393856561424,-0.4371885221328629,-0.18010748684299094,-0.13673726649881993,0.5542433162107505,0.42279114942000445,-0.2816106301200629,0.9612357026830167,-0.0163658780780023,0.1927780432193707,0.6381477145071595,-0.3057151053882262,0.1072846428877439,-0.11045588910810018,0.12801908259893172,0.33680909262030573,0.55707492481842,0.18088097140691567,0.4896329862819266,0.4024616826315658,-0.11917801601006699
0.18191747033331887,0.4464717382036046,0.606703052529155,-0.13779642296553196,-0.3273176479643668,-0.14688279718095673,-0.056922839212729816,0.006946677387050481,1.0,0.512210436665832,0.2837328442839331,0.5909822189991795,-0.2782698073324634,0.3636132933658758,0.6352340959883754,0.00030774729369413073,0.29441570276326756,-0.08190601248437057,0.15623942768384427,0.0808479901821324,0.42989082488967456,0.538153324135288,0.42674620534645663,0.538153324135288,-0.09032708445635468,-0.36655282021999874,-0.20461640449454,-0.1527731150679907,-0.06294837040989851,0.9632048607343602,0.504176729618165,0.18886897250538165,0.5702369994403053,-0.34382284135363594,0.34107882621265245,0.5963901716307485,-0.018569861934417637,0.25570065694724053,-0.1118386853433898,0.09511917885872473,-0.013855129841772795,0.40228455397381285,0.194358330181733,0.3452607113348179,0.6427391589512066,-0.19494304483068023,-0.3325010887930173,-0.17886513539891055,-0.04338864637489007,-0.010700867563079681,0.9791428500519692,0.5229852968915969,0.2714398544731235,0.5441211243082661,-0.31828015037108637,0.3563564358201567,0.6522752065088491,-0.021725956327558523,0.25287518002210146,-0.10679442527897391,0.1063917939852046,-0.029586889287089937,0.40752603469845833
-0.015710433876935825,0.3991107089462361,0.49481460188128873,-0.2892480257094972,-0.08657292318595862,-0.4307424021940178,-0.20524129141859734,0.22917520835485622,0.512210436665832,1.0,0.2660893949857246,0.5819349599439212,-0.02364156751984633,-0.04544222151223045,0.5354926123733412,-0.07267941011636968,0.082613777506958,-0.1346780515488708,0.22593872238043075,-0.13810448363987984,0.4131329325505587,0.43122688259600234,0.3123958766194284,0.43122688259600234,-0.29727757525913623,-0.18871700277169629,-0.47019138402262595,-0.35026850302630214,0.09164895213251059,0.5128956227651219,0.9768739275388902,0.21226137102118645,0.5540193357011232,-0.13398767253787003,-0.04688467818584627,0.5102231181764881,-0.09634307672949176,0.10629983780014034,-0.13335884026521763,0.13407221628443394,-0.16165027551025674,0.36638728005952326,-0.039464436373718104,0.3049020740070495,0.5239772461516441,-0.35452393538843086,-0.11716214399352436,-0.47786205917241703,-0.15521934168531373,0.1811387974506467,0.560499964948177,0.9894957190639957,0.27378162451075977,0.535376912742001,-0.08457878715347708,-0.06836309379965069,0.5434619759270464,-0.0886553114340511,0.0749321224850692,-0.1258940814836384,0.09937245400708661,-0.09840699474617795,0.3923667199987899
-0.4148631429511342,-0.28063388030841624,-0.09435219641809262,-0.14145726095619138,0.5012238377365515,0.46024808205628076,-0.40739998507056363,0.6626630190179134,0.2837328442839331,0.2660893949857246,1.0,0.09759075516872102,-0.1264170143077261,-0.031178346919890926,0.24722369265638444,0.16695472995943442,0.5117908699212385,-0.006529455315327721,0.48715577933474336,0.49422006950494846,-0.05029530407813423,-0.22605598971687116,-0.3506378634308167,-0.22605598971687116,-0.1366708717992356,0.4346279309106844,0.42264840203585635,-0.4199036738203055,0.6036286259980334,0.2415717727097121,0.2393521239949627,0.9562151944686657,0.08081062990213969,-0.23005613964597083,-0.04684085873714813,0.18452645586099536,0.11701062659668099,0.5407846204331745,0.01530164123439679,0.4803347248734828,0.5161768300276969,-0.08102601440637149,-0.46543526521915657,-0.4271085159391801,-0.05119150648707864,-0.23476464413738532,0.4663927927947324,0.39793373337531024,-0.3822152393993482,0.636761540256084,0.23696305502032158,0.23276954669290437,0.9775561742932405,0.032481900374491494,-0.17833190426125173,-0.07069185345974126,0.24561143580743963,0.13775753342068991,0.5558739918374802,-0.020493398023508167,0.47744786827081154,0.5177776311569452,-0.016321227083597303
0.2419828088224504,0.4998945015065775,0.5210330185250974,-0.16670973386990695,-0.3714967919913451,-0.3786516615884653,-0.10293664524810929,-0.22276397243424453,0.5909822189991795,0.5819349599439212,0.09759075516872102,1.0,-0.25968687545618985,0.34417305992450903,0.3902742822051093,-0.3095539994349159,-0.1114890802037252,-0.3388561211605024,-0.13160236957574395,-0.10292417633229746,0.3548559822076207,0.46092130397121817,0.4988911157858476,0.46092130397121817,-0.14559611648594184,-0.4467605301778654,-0.4701318358394425,-0.24534269068851985,-0.3692423968165891,0.5695812208932991,0.5723873742040682,0.01939000133957982,0.9463435375164507,-0.31425710156319614,0.3046835904932971,0.3746533136117024,-0.35635997947443426,-0.12667127241416967,-0.3874724096760099,-0.16832534726838957,-0.13789734773298243,0.36426360486340115,0.2958198918928889,0.44258952130492735,0.45193336855720373,-0.2762780359515795,-0.4115429062253784,-0.4339598951641044,-0.07150756101608381,-0.25897035257218926,0.5901568002941053,0.5953754061344139,0.08268024537038263,0.9781218975130973,-0.3195110241232608,0.31735672517092195,0.41857830643760474,-0.3696738067223916,-0.11104916972138877,-0.3555110968515391,-0.19635992483470574,-0.12178934662971298,0.3498688468744596
0.35271615601297723,0.25720662718858794,0.24018440939374996,0.48202326653765193,0.4213625167275052,0.2801280163404291,0.47727575897945834,0.06416215320138853,-0.2782698073324634,-0.02364156751984633,-0.1264170143077261,-0.25968687545618985,1.0,0.012128578760184023,0.2040063863443448,0.13541290768097763,0.07077328375983427,0.49828321224265504,0.4270002686512174,0.1990175014864385,0.49462181345167533,0.20905234148230104,0.24275506874735153,0.20905234148230104,0.4215640160031076,0.3836200822201255,0.30263094862409623,0.43982498094591466,0.09625693372971929,-0.33243370530138805,-0.06441250445788935,-0.12102135666740117,-0.30394411358967494,0.9680210458713744,-0.04555271924787731,0.11922450291844294,0.07094540673687848,0.022119855510416595,0.4388120057720432,0.35816345585441306,0.18682116460638512,0.4821718087555576,0.27318134896847457,0.20745163614772044,0.09962558938104761,0.491355736232064,0.4236224157302255,0.24489619117007863,0.5132823133435495,0.07507611504464025,-0.2580509771433525,-0.02562653875343231,-0.1470609748004337,-0.2766867699556108,0.9772451639783166,0.014839005092267925,0.16169562321228065,0.10432089736882402,0.0771969550770223,0.5588367898667316,0.4641064955317367,0.24510974871090505,0.510688721577911
0.34302933160621174,0.3235557518646228,0.42632701421644154,0.11546555898562803,-0.06567568683475944,0.18081682008248492,0.14440219402689916,-0.09496879137916019,0.3636132933658758,-0.04544222151223045,-0.031178346919890926,0.34417305992450903,0.012128578760184023,1.0,0.23640178510170912,0.29056720561481125,0.13560909782362687,0.12733279534353006,0.20367905605549974,0.03748683988028856,0.1814397760335695,0.2644482180348446,0.32682773687590694,0.2644482180348446,0.07430002794813984,-0.10947257025661082,0.1113744356797424,0.03128931153939162,-0.14246768360467288,0.3263882335575772,-0.05994066604787108,-0.14802050700489347,0.26133844676359885,-0.020247321802976937,0.9761755896620891,0.1578863531940287,0.22864270158730762,0.10110017446654547,0.08729234665637496,0.11807033806298423,-0.036478968327201836,0.19041683300979437,0.29360585011321355,0.2333439686423336,0.33689847272864487,-0.0032176523959395772,-0.11445178176234558,0.086622288940021,0.13451260158654926,-0.19923030949261217,0.2722798919603457,-0.09148719583827636,-0.10973340382601039,0.25516995328804704,-0.04140156638235698,0.982967158348843,0.2420043180473404,0.2043890707888747,0.05029217935186039,0.07094478364262169,0.122871802938331,-0.0629522174441121,0.1730244830951086
0.1780703792268135,0.5830996593825395,0.5620286590870173,0.12866171465144322,-0.033355883609898926,-0.01631227895913753,0.06812683305463926,0.11648771535265229,0.6352340959883754,0.5354926123733412,0.24722369265638444,0.3902742822051093,0.2040063863443448,0.23640178510170912,1.0,0.16679300487009324,0.37961935410363123,0.0951288114128126,0.48499343459666533,0.15031025038704604,0.6097247444415426,0.5640861583685912,0.5587918001320796,0.5640861583685912,0.10818442401914154,-0.04588743479032694,-0.042026349766536485,0.02739400530158883,0.11793708940764715,0.6280279844800047,0.532493684011888,0.2435418253030487,0.37906643557259095,0.15836807560431987,0.22846804945125238,0.9697429127426246,0.14386490023110918,0.34347520539728293,0.06452642875727488,0.4140931694886143,0.08963376497086786,0.5821456576561443,0.2237740012792157,0.537426187104816,0.583090626861271,0.05459877014242507,-0.0005618531628096547,-0.06892407727791515,0.11786594876816743,0.0899689694059227,0.6338332636462676,0.5373282463683743,0.21946496431072354,0.34379650604390716,0.1596096316313488,0.21494658367171385,0.9905982294850292,0.12351793628970556,0.33704400391952805,0.07800897954955396,0.45916823531483775,0.11034645534313706,0.6103667226687137
-0.08217775056422782,-0.07952308008227198,-0.17575178141515782,0.13255801103836318,0.36835437156516493,0.3110838187651798,-0.06052015838320151,0.31818949684150566,0.00030774729369413073,-0.07267941011636968,0.16695472995943442,-0.3095539994349159,0.13541290768097763,0.29056720561481125,0.16679300487009324,1.0,0.3183867932377724,0.3638840131825153,0.34132528963449044,0.006559900512880023,0.015892630962280524,-0.1550918402501512,-0.16033604832537077,-0.1550918402501512,0.05673430537163688,0.33351042645737966,0.29281641809622344,-0.011389992752980764,0.3561007379390583,-0.02198611974364626,-0.13107976807790975,0.15664331785929037,-0.3558184578347984,0.1237268363945455,0.27606226672369594,0.1161803892430717,0.9739469091676511,0.3174893520261689,0.33038641927271095,0.2603277074601084,-0.028902614431692335,-0.05280394542555298,-0.2273526567602793,-0.16801028881103194,-0.21276273600802345,0.05209618357306632,0.33934758239066404,0.2521102007991045,-0.11459703296271313,0.28015875148611785,-0.03525161375529066,-0.12361572477349504,0.11609408599746986,-0.3800717965868714,0.14993937598976628,0.26112603584439104,0.17205365319598387,0.9806464042631119,0.3017003033569529,0.31851637347196815,0.30094026902371485,-0.04293622338747854,-0.023237115253632645
-0.1561586585485798,-0.04867389630227212,0.02061803745380163,0.04357647464623362,0.5658813230210084,0.510470578114455,-0.07325942059230635,0.5235550683894834,0.29441570276326756,0.082613777506958,0.5117908699212385,-0.1114890802037252,0.07077328375983427,0.13560909782362687,0.37961935410363123,0.3183867932377724,1.0,0.50001509488573,0.7087128703318308,0.6009963615650903,0.1602504142514988,0.030776428654024968,-0.025114144756688668,0.030776428654024968,0.0676713461904245,0.5703558537339479,0.47658109450104436,0.008082418651851614,0.5286744244911334,0.2666466187574696,0.10915256019994306,0.5222388144260058,-0.0858617979393591,0.05128821662792408,0.10854152488153533,0.355749440336464,0.3233565240581118,0.9870759431105792,0.4462380072640941,0.6747825080291526,0.5543024907477432,0.15925981177357118,-0.19860337420074586,-0.07864122940553446,0.12021322324758611,0.1201355095696155,0.6019290913146936,0.5242105201243097,-0.09132741689624604,0.5604565293733461,0.2680119967206531,0.08141863082400413,0.5251108033926407,-0.1636194430173765,0.10797707682799376,0.1436282194079085,0.4041910930075789,0.31930892877984074,0.9573714839759259,0.4964488532615279,0.7288564556646253,0.573896170700013,0.20324655483436146
0.10012660682785672,0.12436105859119308,0.03929752640754749,0.22328918759567312,0.45815858370159956,0.3018593448450007,0.2912893612852574,0.14939838865824653,-0.08190601248437057,-0.1346780515488708,-0.006529455315327721,-0.3388561211605024,0.49828321224265504,0.12733279534353006,0.0951288114128126,0.3638840131825153,0.50001509488573,1.0,0.5830251046946868,0.35750843174587277,0.37890451576812595,0.1933817763083182,0.19395951043108456,0.1933817763083182,0.2818948301495216,0.5280756042698873,0.35446628132437524,0.40579737530694826,0.25304455040348484,-0.05798862349839604,-0.09254787566916159,0.06489929621742305,-0.29321296521942614,0.5401748194142095,0.1322538124182407,0.0540652969939133,0.405039735596731,0.4914738979028748,0.9678092047441372,0.550988905727555,0.32914465220297057,0.3698743953260738,0.08325820711912132,0.13767895553057866,0.012886073930958234,0.30672050551123387,0.4760437337237157,0.317180066578217,0.29515475266511537,0.178509145395963,-0.04746142672145894,-0.13165184715417097,0.014684186255878747,-0.36720500921025956,0.5419011088087822,0.12001852118594282,0.12152355194922275,0.3472432307252006,0.4411863949308952,0.9744803716323729,0.5730427460481522,0.3088330575388226,0.3547257863577237
-0.17009791238063743,0.09624273766255119,0.12810980565642024,0.13962245037149434,0.5812449220213821,0.426450775769858,-0.030873330817781427,0.4971805324118992,0.15623942768384427,0.22593872238043075,0.48715577933474336,-0.13160236957574395,0.4270002686512174,0.20367905605549974,0.48499343459666533,0.34132528963449044,0.7087128703318308,0.5830251046946868,1.0,0.5579892850807976,0.41711260765089936,0.18155703225195619,0.0859861373952555,0.18155703225195619,0.18447627692098767,0.5910342137016709,0.4466971076372775,0.05388352485464569,0.5723544173995367,0.20190213121148015,0.27020653981862874,0.5103699596568091,-0.07382219133009794,0.4059202941797702,0.22457071760587077,0.4467063278540073,0.3480413087239415,0.7135562285864416,0.563266598158448,0.9589914563168501,0.5353677484749833,0.39915514845616984,-0.1464515124004088,0.023928611410538002,0.22009375778128684,0.1713578963633472,0.6021209223010723,0.41040015857963236,0.011980652235249578,0.5044422843516213,0.16559400042719433,0.21439791814751866,0.48820593053266237,-0.19579901187344725,0.41542872344020765,0.18925924919145523,0.4910166706955107,0.3065667755873742,0.6246022977492338,0.5699529326825225,0.9657111202546694,0.5477204934719324,0.43852192818678665
-0.19806765255830186,-0.27734355742652383,-0.11976196966609638,0.04321417663397803,0.603593939476324,0.6254242247690806,0.001663881283209433,0.3089209241717593,0.0808479901821324,-0.13810448363987984,0.49422006950494846,-0.10292417633229746,0.1990175014864385,0.03748683988028856,0.15031025038704604,0.006559900512880023,0.6009963615650903,0.35750843174587277,0.5579892850807976,1.0,0.014206122824825505,-0.08209689632547565,-0.14036957922348123,-0.08209689632547565,0.1380756221553352,0.6248284045819483,0.6388308662443408,0.16045429404022474,0.40974955840928196,0.05658016242306009,-0.08705514325034137,0.5046859370406444,-0.004952983822057848,0.22274805000172532,0.036640553645487746,0.1303195709237205,-0.00998997414404107,0.5589903015118441,0.2916874218364682,0.5469642406980493,0.9782400743444681,-0.018881888940426132,-0.09928077883163236,-0.25839404681604966,0.02577026750166781,0.1428826278788069,0.659662229990525,0.682205650148245,0.028063343873102664,0.3677788546482313,0.08076579974519248,-0.1162670108843274,0.5169746109110945,-0.0782714551022103,0.23470923201452354,0.061844500298959194,0.16775689620998865,-0.04703988829984886,0.555659913286339,0.3574802007032265,0.5766541665300003,0.9597582193964264,0.036655811020805625
0.5205199750764894,0.7588000033195513,0.6012326555331035,0.33691372410138937,-0.014992336207719394,-0.21211807196363625,0.45617362909023224,-0.15517177017960826,0.42989082488967456,0.4131329325505587,-0.05029530407813423,0.3548559822076207,0.49462181345167533,0.1814397760335695,0.6097247444415426,0.015892630962280524,0.1602504142514988,0.37890451576812595,0.41711260765089936,0.014206122824825505,1.0,0.716604568928257,0.7670630110214752,0.716604568928257,0.43794705406947276,-0.02559880017795592,-0.20594925013894197,0.43388155676752216,-0.11653260607990323,0.44980341140915936,0.4213618526590727,-0.07423531014084023,0.3719347849569205,0.47240071213176993,0.1742975844853103,0.5343032193789786,0.02491425756643831,0.12222693359392975,0.32748208627631,0.35380324026195287,-0.02680524783856626,0.9858486983253706,0.540983367024917,0.741010639472167,0.516116209433949,0.36386828845992597,-0.016664831846553884,-0.2410068374345657,0.48264160649852744,-0.11524230881039206,0.4964358487173362,0.44333722631002226,-0.017292381031903906,0.3406043516183566,0.48164716046431355,0.1560941374732119,0.6317779805585257,-0.010032608792927647,0.17827292630043287,0.3963108063524677,0.40906938180451635,-0.04443405122751834,0.9842177927674449
0.5121841514812249,0.665028118389782,0.8615473293361002,0.015794948091168604,-0.39656180373366623,-0.43177291202615176,0.25644115358373637,-0.3360279869141467,0.538153324135288,0.43122688259600234,-0.22605598971687116,0.46092130397121817,0.20905234148230104,0.2644482180348446,0.5640861583685912,-0.1550918402501512,0.030776428654024968,0.1933817763083182,0.18155703225195619,-0.08209689632547565,0.716604568928257,1.0,0.721860383025321,1.0,0.08397571613073665,-0.3698310141015663,-0.4057049380198187,0.23349931287534192,-0.3023747075146567,0.5651095399347237,0.48393948486498617,-0.22181176744297562,0.5245617171260876,0.19870768533224367,0.28013119527627234,0.5957523955255779,-0.1029255817943649,-0.03686655941920489,0.1784282772656795,0.14117624164761314,-0.15453716581150306,0.710294047823074,0.5859510055556674,0.6891643356287884,0.8173049033272239,-0.009039277539396613,-0.3640507552743548,-0.4463442868493285,0.3190471744796281,-0.30074233305738113,0.6082592435187857,0.46964421322036526,-0.17316815586601145,0.4681217476673339,0.20261045574358585,0.2586530386898246,0.5674328395852657,-0.16468792760137724,-0.013918783547711687,0.177754048475024,0.12466274705782644,-0.17374361637361846,0.6934968789929862
0.6254094962906641,0.9440067889331364,0.665672749701284,0.40991681710986383,-0.256411060709337,-0.32726282603498563,0.5608756679442861,-0.4269242194580046,0.42674620534645663,0.3123958766194284,-0.3506378634308167,0.4988911157858476,0.24275506874735153,0.32682773687590694,0.5587918001320796,-0.16033604832537077,-0.025114144756688668,0.19395951043108456,0.0859861373952555,-0.14036957922348123,0.7670630110214752,0.721860383025321,1.0,0.721860383025321,0.46512264151591376,-0.2433281847369953,-0.3593543569691594,0.5135292258673921,-0.44521370854187453,0.41187257115681203,0.3221198291514317,-0.3991792390228003,0.4641530362767761,0.2762372856672904,0.3222092555191189,0.5411986984889262,-0.15716735436820403,-0.07935306624469465,0.1527742881961015,0.05166618500909796,-0.16532406989046405,0.7718112703743135,0.6775032463202967,0.9642512582625411,0.6087428422125641,0.3851286508342191,-0.2891006869259426,-0.38280261370811464,0.5317340235957158,-0.4753924041873575,0.4385840259521857,0.32911933063730825,-0.36887207614046913,0.4736936001001535,0.23059768046907173,0.29054405785721005,0.5734244239824282,-0.22372605909688426,-0.0431119762025857,0.16422226507895224,0.08214585413459341,-0.19942507478171287,0.751536295344009
0.5121841514812249,0.665028118389782,0.8615473293361002,0.015794948091168604,-0.39656180373366623,-0.43177291202615176,0.25644115358373637,-0.3360279869141467,0.538153324135288,0.43122688259600234,-0.22605598971687116,0.46092130397121817,0.20905234148230104,0.2644482180348446,0.5640861583685912,-0.1550918402501512,0.030776428654024968,0.1933817763083182,0.18155703225195619,-0.08209689632547565,0.716604568928257,1.0,0.721860383025321,1.0,0.08397571613073665,-0.3698310141015663,-0.4057049380198187,0.23349931287534192,-0.3023747075146567,0.5651095399347237,0.48393948486498617,-0.22181176744297562,0.5245617171260876,0.19870768533224367,0.28013119527627234,0.5957523955255779,-0.1029255817943649,-0.03686655941920489,0.1784282772656795,0.14117624164761314,-0.15453716581150306,0.710294047823074,0.5859510055556674,0.6891643356287884,0.8173049033272239,-0.009039277539396613,-0.3640507552743548,-0.4463442868493285,0.3190471744796281,-0.30074233305738113,0.6082592435187857,0.46964421322036526,-0.17316815586601145,0.4681217476673339,0.20261045574358585,0.2586530386898246,0.5674328395852657,-0.16468792760137724,-0.013918783547711687,0.177754048475024,0.12466274705782644,-0.17374361637361846,0.6934968789929862
0.41284765856215855,0.42900772415950067,0.036879736186693796,0.9490139023328867,0.30285510573446006,0.2758018897876862,0.6013600304367505,-0.1858121404507842,-0.09032708445635468,-0.29727757525913623,-0.1366708717992356,-0.14559611648594184,0.4215640160031076,0.07430002794813984,0.10818442401914154,0.05673430537163688,0.0676713461904245,0.2818948301495216,0.18447627692098767,0.1380756221553352,0.43794705406947276,0.08397571613073665,0.46512264151591376,0.08397571613073665,1.0,0.32261663266960505,0.23980098748437556,0.690000210324818,-0.12055615425735133,-0.1271013057561244,-0.32356455900262393,-0.1582316959558198,-0.16658535298741078,0.5118760255514253,0.05476728894846633,0.08584050055458375,0.029133721080193443,0.025931234199467187,0.21464682857943904,0.17913713324940084,0.155274894564981,0.4251717623914057,0.396143611002725,0.41842783083932544,-0.023578479685782895,0.9528880836105571,0.2598238135502602,0.23454858090492478,0.48384237293030313,-0.2071385418847939,-0.08677088075890237,-0.2982467124108026,-0.17688738140318924,-0.15183916841875536,0.44513115466513054,0.021788446284527207,0.11890177768026905,-0.008566096510475948,0.1258759674380021,0.2437028225841482,0.31726695553894557,0.1375565505813462,0.42589471051393274
-0.317794405065842,-0.2912516733383516,-0.4011244252141489,0.29387836230362385,0.9642355829688706,0.685846496454516,0.0639213829319005,0.4744013724638342,-0.36655282021999874,-0.18871700277169629,0.4346279309106844,-0.4467605301778654,0.3836200822201255,-0.10947257025661082,-0.04588743479032694,0.33351042645737966,0.5703558537339479,0.5280756042698873,0.5910342137016709,0.6248284045819483,-0.02559880017795592,-0.3698310141015663,-0.2433281847369953,-0.3698310141015663,0.32261663266960505,1.0,0.708511452573551,0.20740377110721542,0.5645353092150406,-0.3860073704760522,-0.17215175128533844,0.4889531835086578,-0.40515850151042937,0.41580719449920905,-0.10724467015601419,-0.09814654799375452,0.32609357404328637,0.577910870927524,0.4794603595126143,0.5779048138416022,0.6555321464137199,-0.07235316807589534,-0.37434306451154115,-0.3108812957685273,-0.3678290314169186,0.35121528680061853,0.9700925332168719,0.6742134114893099,0.056978441238721915,0.48456091197135026,-0.37160638429807646,-0.21844310667172828,0.43125426814232914,-0.48922629055847616,0.4237252475851454,-0.1635757407209448,-0.0465179928808145,0.27982829095731643,0.5676350918367621,0.4917451253380007,0.6250688121557132,0.6367979378640358,-0.028373489960877248
-0.2145511186014959,-0.4258642032533355,-0.31312812926422356,0.27131007628970644,0.683820945363049,0.9733390240030934,0.09142526671160403,0.38873326233422995,-0.20461640449454,-0.47019138402262595,0.42264840203585635,-0.4701318358394425,0.30263094862409623,0.1113744356797424,-0.042026349766536485,0.29281641809622344,0.47658109450104436,0.35446628132437524,0.4466971076372775,0.6388308662443408,-0.20594925013894197,-0.4057049380198187,-0.3593543569691594,-0.4057049380198187,0.23980098748437556,0.708511452573551,1.0,0.15674376753617938,0.4910253779004778,-0.26539190292904374,-0.47173458229115073,0.4129541749012944,-0.4750313711746576,0.2941149356046242,0.09435645873783763,-0.11729996406621623,0.2600174908360451,0.4455436417995821,0.3253762852366567,0.46054972087910995,0.6186680591439228,-0.2100502841794882,-0.23213358504183268,-0.4504881729545,-0.2592857852523778,0.28154566757554345,0.7019825560150624,0.9696175285064765,0.1054191682675773,0.40008365930420203,-0.26312553167668923,-0.484686013274647,0.3875621164459879,-0.4975752837156816,0.2983328563174651,0.10246412260367624,-0.07422644243523488,0.26497799576659936,0.41113630783925936,0.33816405587478277,0.528189712044697,0.5989931398943524,-0.16346534216364425
0.47573904064266476,0.39151829354775847,0.15030540769887515,0.6178138195395022,0.15279345201922093,0.12642967501480432,0.9232883508786466,-0.3762319007623901,-0.1527731150679907,-0.35026850302630214,-0.4199036738203055,-0.24534269068851985,0.43982498094591466,0.03128931153939162,0.02739400530158883,-0.011389992752980764,0.008082418651851614,0.40579737530694826,0.05388352485464569,0.16045429404022474,0.43388155676752216,0.23349931287534192,0.5135292258673921,0.23349931287534192,0.690000210324818,0.20740377110721542,0.15674376753617938,1.0,-0.27839579206078857,-0.1823684516266892,-0.35609843791624174,-0.4566268570989745,-0.2514705501543724,0.5193297286536211,0.0449145168155885,-0.021804919508000613,0.006897400506430603,-0.05078483124512239,0.3363434271895292,0.057877085082492036,0.15897149922979606,0.4129327819001302,0.5353871573593062,0.4860100430896424,0.13876047077780088,0.71811684620685,0.150890279518629,0.14624248019384486,0.8517757132677042,-0.3660785877148068,-0.12257400679766624,-0.333694451667618,-0.3953070339130361,-0.2243305375886637,0.4925966881407947,0.012754680353647622,0.03644817094478706,-0.03815814029706995,0.02616018805445119,0.4018911702043701,0.1322476732690099,0.10852678765666116,0.41447048396080943
-0.41263193956824357,-0.3775882549037436,-0.2581929135720611,-0.09633179895170946,0.6070148833686408,0.5006055658999099,-0.3186687217191168,0.9316079063399663,-0.06294837040989851,0.09164895213251059,0.6036286259980334,-0.3692423968165891,0.09625693372971929,-0.14246768360467288,0.11793708940764715,0.3561007379390583,0.5286744244911334,0.25304455040348484,0.5723544173995367,0.40974955840928196,-0.11653260607990323,-0.3023747075146567,-0.44521370854187453,-0.3023747075146567,-0.12055615425735133,0.5645353092150406,0.4910253779004778,-0.27839579206078857,1.0,-0.06693855252800553,0.07569980543254673,0.6455692078358879,-0.34778915999022536,0.06673565995713265,-0.1713588721074086,0.1033115993580698,0.3572295183546969,0.5629693640132196,0.26799637923747244,0.5341837019990416,0.41034635979386236,-0.13209492997240532,-0.5210300230975998,-0.4483647584387751,-0.23685246274064758,-0.08197254223651318,0.628170438123203,0.5082486399179049,-0.2556337051233078,0.9496659113085262,-0.053167119809401406,0.07762153293998209,0.6136585635047819,-0.4181306665107516,0.16784222952333766,-0.15364554965751526,0.13599188340802787,0.3832910400797551,0.5281594851782069,0.268852892936979,0.5725528244769323,0.45644047568708485,-0.09558363081943783
0.09579338995720316,0.41665880168335806,0.5325001173794279,-0.21568028556774926,-0.39108105202056137,-0.2452491338153873,-0.1412205177365303,-0.051688611079254064,0.9632048607343602,0.5128956227651219,0.2415717727097121,0.5695812208932991,-0.33243370530138805,0.3263882335575772,0.6280279844800047,-0.02198611974364626,0.2666466187574696,-0.05798862349839604,0.20190213121148015,0.05658016242306009,0.44980341140915936,0.5651095399347237,0.41187257115681203,0.5651095399347237,-0.1271013057561244,-0.3860073704760522,-0.26539190292904374,-0.1823684516266892,-0.06693855252800553,1.0,0.5440560349471778,0.19622886168915216,0.6115227089707703,-0.37954957708486126,0.3447699962037014,0.6121032744996615,0.0015875648950891307,0.2449731671239975,-0.06854120925466507,0.1560276906878801,-0.03171895338557793,0.4280174505555492,0.1687220536354728,0.3597628121222881,0.5958680875076022,-0.23939185266482751,-0.37600905947226354,-0.25113168001137004,-0.11245888910935711,-0.04237921650864874,0.97339205067043,0.5335079346193237,0.2538038261024538,0.5388854197273717,-0.36841658067849375,0.3212313958302325,0.6592632196205376,-0.030588225675179055,0.20372397074833096,-0.09584535674008926,0.13644479899453515,-0.06429002099233083,0.4212511735913188
-0.06760516721405345,0.3701152849572696,0.4675787369897172,-0.3609636052229743,-0.11273957917270302,-0.4664694015404245,-0.2640214849021136,0.16012531367902447,0.504176729618165,0.9768739275388902,0.2393521239949627,0.5723873742040682,-0.06441250445788935,-0.05994066604787108,0.532493684011888,-0.13107976807790975,0.10915256019994306,-0.09254787566916159,0.27020653981862874,-0.08705514325034137,0.4213618526590727,0.48393948486498617,0.3221198291514317,0.48393948486498617,-0.32356455900262393,-0.17215175128533844,-0.47173458229115073,-0.35609843791624174,0.07569980543254673,0.5440560349471778,1.0,0.22303777591645618,0.6044936180022258,-0.15158430555717708,-0.0277173295282593,0.5316618995451935,-0.11513539690877657,0.13831218382493501,-0.07132867553236581,0.200712488229816,-0.10726791375594548,0.3807058780926562,-0.039055036416632216,0.31461467705184654,0.5380608054931632,-0.39155329188554305,-0.12078473822343516,-0.49075469584764364,-0.2008188338651678,0.13662634114746755,0.5674098005595869,0.977442341161565,0.2669585570683982,0.5453052157988733,-0.11827648483191205,-0.07917131666785031,0.5457028373059433,-0.1455204018085069,0.07168372828842155,-0.09734246841521887,0.13495708922645605,-0.07106172198240372,0.397817311446133
-0.4936995578521581,-0.341151265663487,-0.20038180885196552,-0.18479618594673686,0.5006149370335451,0.4129092355127238,-0.5107060228701807,0.6448470503103381,0.18886897250538165,0.21226137102118645,0.9562151944686657,0.01939000133957982,-0.12102135666740117,-0.14802050700489347,0.2435418253030487,0.15664331785929037,0.5222388144260058,0.06489929621742305,0.5103699596568091,0.5046859370406444,-0.07423531014084023,-0.22181176744297562,-0.3991792390228003,-0.22181176744297562,-0.1582316959558198,0.4889531835086578,0.4129541749012944,-0.4566268570989745,0.6455692078358879,0.19622886168915216,0.22303777591645618,1.0,0.06751307433147682,-0.18798249842769532,-0.1396170141167944,0.21957018291069522,0.14912791393253505,0.5624291980773357,0.10241740271763719,0.516661687848438,0.539205244033974,-0.10067507496729602,-0.5122771673322385,-0.4507034203862381,-0.15924858121156782,-0.25677844574449715,0.49717345569768373,0.37608795522040184,-0.4708506608155382,0.6506069861973942,0.17021879014090524,0.18800558705580053,0.9590160988157989,-0.026319237585215722,-0.15092990453178975,-0.19310184775789416,0.24885935050007596,0.1355965464708896,0.5509656414380381,0.031309966056073266,0.5028728932826004,0.534429425393869,-0.05170914224813417
