Fp1,Fz,F3,F7,FT9,FC5,FC1,C3,T7,TP9,CP5,CP1,Pz,P3,P7,O1,Oz,P8,TP10,CP6,CP2,C4,T8,FT10,FC6,FC2,F4,F8,Fp2,AF7,AF3,AFz,F1,F5,FT7,FC3,FCz,C1,C5,TP7,CP3,P1,P5,PO7,PO3,POz,PO4,PO8,P6,P2,CPz,CP4,TP8,FC4,FT8,F6,F2,AF4,AF8,O2,P4,C6,C2
1.0,0.3997791793423567,-0.07458933984270522,-0.021207755250867613,-0.2243324661219874,-0.3008065507560408,-0.10213739675788251,0.008311744890789272,-0.28752211692609486,0.06736638921957841,0.397690546549559,0.16984690840790304,0.14808346154893182,-0.3639001164889861,-0.39904810923355255,0.3816602188676197,-0.025984016747736906,0.033932078701914004,-0.009916700437477145,-0.16072426325780395,0.10609379079690091,-0.15439375415037968,-0.0784688641048673,-0.15439375415037968,-0.14967392045060496,-0.28260797833594903,-0.23342197249295632,-0.18458685320054513,-0.021234297538361792,-0.28374658186582935,0.3901889045002853,0.23364683326860144,0.12763043932711607,0.2403483080701095,-0.24401777929313848,-0.3336180540976417,0.4547275151471606,0.0024053697331064203,0.0716986064349605,-0.013190537406087607,-0.14586732097677566,0.07033819167198606,0.7172008488460376,0.15968946669357087,-0.12216957812175834,-0.05113168916028865,-0.30610988488530066,-0.1021807429137437,-0.12065946753678268,0.021596175279081604,-0.26429477498199605,0.3130440572598669,0.3378641548306479,0.2140675819437672,0.20264865638733698,-0.2548773218742356,-0.28775258404432325,0.41079349331846765,0.12085565937350871,0.10255692355639039,0.0030918368742135884,-0.16658902625383074,0.15670636336564392
0.3997791793423567,1.0,0.1550694591015403,0.384958411809269,-0.38482710459308933,-0.14000418895716732,0.20825166298898504,-0.29710207073998246,-0.2379485880478935,-0.1442653448380396,0.008181861875837323,-0.01792142496341751,0.35354139398524187,-0.17253534512086902,-0.14083174021545175,0.26710847517665826,-0.14546582024972157,0.19823822413035638,0.1202658509478004,-0.3657832161605776,0.052493839839200016,0.0335255182430627,0.5829115357064713,0.0335255182430627,0.31380790684380383,-0.4082894636749588,-0.2675364061143505,0.27921755027118633,-0.22873100743276223,-0.049167287987116254,0.10731085656896328,-0.014317376522687756,0.0006501155020633673,0.38924969820065564,-0.09604736198043022,-0.11679208691230633,0.28844659048626137,-0.14067181762849887,0.21543562858724702,0.131306797670772,-0.380870434893456,0.06596497811490572,0.3242473859239027,0.6299237097754741,0.159526764567618,0.29592257705655745,-0.39171209833149284,-0.1914338702409446,0.2401392067038342,-0.22367788968548552,-0.0753962506086662,0.1911578396000108,-0.04162618443985909,-0.011080045186239562,0.3192912451345707,-0.08404365527639045,-0.057661093880873364,0.27810275951903596,-0.034545839431229894,0.22661888322593518,0.12097885539957662,-0.381363219922243,0.04872278124949664
-0.07458933984270522,0.1550694591015403,1.0,0.041720806997307534,-0.22284088621779813,-0.3088127912347782,0.13344808215712037,-0.2703570473997051,-0.07487855597642191,-0.11577012945194018,-0.5692574655987904,-0.3233296273376966,0.19650621400587204,0.16376678432701394,-0.1406094496174154,-0.4439761773954723,0.012809294571681198,0.1554305848618902,0.22329282428883274,0.25437859150404923,0.40196034795584656,0.7847739737379663,0.19938660322848656,0.7847739737379663,0.027607765616415095,-0.19380917698075187,-0.40030357845913334,0.05045546931864215,-0.21703458604635234,0.11280368831903717,-0.013669156888054129,-0.44402941404367285,-0.30355685597349535,0.23582210661143785,0.1440900835515703,-0.0666110219234361,-0.3755879357071556,0.04108372261345457,0.12179704391633922,0.2814242246617109,0.22331101842184267,0.38800328358131775,-0.3193709411625982,-0.027028215632793794,0.8478658065809431,0.03497955286792353,-0.24135198012647796,-0.4318638984871757,-0.14385919510323328,-0.16032719923311697,0.05457135250633223,0.11843930240554516,-0.45230987236480225,-0.215746555745821,0.2047621891493013,0.16464083912383676,-0.03741142318621195,-0.318127803133042,0.06413809209791549,0.08702870505599176,0.2706787875938318,0.27898440790733064,0.39351304030722095
-0.021207755250867613,0.384958411809269,0.041720806997307534,1.0,0.2458898955277749,0.2519146080568183,0.09179687151438655,-0.2036396435968892,0.009573834997568132,-0.3417802163284748,-0.04183984017779842,0.17362360949464173,0.040690008170115005,0.3204948709674865,0.49338702599144907,0.1052459242177917,-0.055408509713837546,0.05684946108694617,-0.21934507566131864,-0.22403792832423525,0.13381768260698026,0.12353298445228181,0.365699577775973,0.12353298445228181,0.9118761469706496,0.2118218109565839,0.20893216223444505,0.1612430674823438,-0.18490147983808541,0.06436556756869237,-0.19288316169685762,-0.024753260013120806,0.21325647502833162,0.10236686909935967,0.34317101419458484,0.4323613309979806,0.15881059904991773,-0.164758343759339,0.06154084766944892,-0.19411332563462924,-0.23110585800136366,0.17903433404020175,-0.1588013526171008,0.35698180142524655,0.20566799232613983,0.9088181260973245,0.23938463146596264,0.2689813722154108,0.11954360657954109,-0.12349049460851784,0.09608680743828349,-0.12256436510875174,-0.021286853888631586,0.26168965347102746,0.13383789579617353,0.3575135318301053,0.5010726118216903,0.16421650359954496,0.03339377031970591,0.10629253323889938,-0.17704054811660894,-0.2493013553020943,0.19314718884368262
-0.2243324661219874,-0.38482710459308933,-0.22284088621779813,0.2458898955277749,1.0,0.3823944697151566,-0.2287511905737577,-0.10013494959795295,-0.04982456158291845,-0.30286479042444,0.062454954439561464,0.1289900631968771,-0.26433558554005004,0.41332078460083405,0.7615150596914223,0.060583646234625414,0.3501145856032372,-0.27843514803172614,-0.4608070934704207,0.3524221285405981,-0.07149846635109577,-0.21046875690980754,-0.20985101137750947,-0.21046875690980754,0.19534885892529769,0.9349661765230896,0.5045483368913549,-0.22066266832378867,-0.18122766695124365,-0.18572627426090915,-0.33588963843087494,0.0811189993600312,0.20856719246509947,-0.231362762133854,0.4411787614832846,0.7506585860789141,0.11569297152564116,0.3457520845666571,-0.2790897751615782,-0.37526633794621694,0.39688507255170496,-0.0015585686390246533,-0.19134098599459587,-0.10895895293932331,-0.1815450891087642,0.19627138145316636,0.9163722564774089,0.49255644169288915,-0.20502135699967122,-0.10422814048549578,-0.14746601715459656,-0.3651156084141604,0.15003897600240818,0.16173163508631228,-0.19316048202935635,0.3752960719830819,0.67121871793402,0.11177010599913913,0.27405551615008794,-0.2384616741312169,-0.36160392178444184,0.32688294842400134,0.05682859353467279
-0.3008065507560408,-0.14000418895716732,-0.3088127912347782,0.2519146080568183,0.3823944697151566,1.0,-0.10217775965909406,0.19988685826822689,0.19440487474985116,-0.012991051881086842,0.0047228784399318425,0.11280541607049499,0.18913687620926004,-0.0074748009154096,0.441413868721775,-0.07671579369653586,0.044464844566646435,0.3112351297866642,0.01931031707319497,0.041198539448662606,-0.010007387139217139,-0.05925421570020789,0.25673799372914147,-0.05925421570020789,0.40013109245322503,0.5288978187557948,0.7963813075297889,0.17402639012306567,0.23837092002353247,0.2612355168292786,-0.06633768886172323,0.2319081815096558,0.18675034773747734,0.1876087613708922,0.031598997195011164,0.430426273618842,-0.05683615614231712,0.035277306445590656,0.32225036982040195,-0.010465957685806819,0.034674640303861956,-0.03440698056840596,0.09034462196911956,0.2884634366443945,-0.08247613381664763,0.3587114344662041,0.5432842204146989,0.9301261040769241,0.19457131278206757,0.1841521977741012,0.28860028748261307,-0.07842927236254024,0.2572676907851156,0.2627679080397206,0.17350927713228753,0.15136049297716123,0.4590786540174743,0.1293784590031623,-0.05962425026302151,0.39766868536653643,0.08460880738521498,0.042890126392512454,-0.0009797263971144383
-0.10213739675788251,0.20825166298898504,0.13344808215712037,0.09179687151438655,-0.2287511905737577,-0.10217775965909406,1.0,0.2044698338273699,0.005434288044839973,0.007741923831054201,0.0014795287235418338,0.027331151044454327,0.38275366705359054,-0.21617966784004464,-0.1667415896651998,-0.03513603496818054,-0.28667172098468524,0.5964940394273285,0.1544615217344205,-0.5593576164777113,-0.038727772492651295,-0.11373924261497341,0.18716220923345553,-0.11373924261497341,0.08274951245420575,-0.3090299359701167,-0.019942623643417267,0.7610568924665969,0.18644637345764345,0.03795595849899557,-0.040979027890804,0.00611607641641447,0.016136032659077502,0.3678480785368336,-0.26817683478690685,-0.15292624926792622,-0.018880850841446487,-0.2266179074904908,0.6081434627183512,0.13179709196151823,-0.5297982966131487,-0.005972182262938614,-0.21012690973485096,0.3231451244950795,-0.0781423914981002,0.12072949251234619,-0.2898141027710501,-0.20511320037358993,0.8653395004195763,0.2089147789169599,0.042135048941899886,-0.08110204806280509,-0.022447697391241538,0.11560910120057685,0.39428492044465374,-0.24966029001610696,-0.1628551787249569,-0.02231172868419697,-0.1579984218561597,0.5540257482299801,0.1817193227755463,-0.4917616955386916,-0.016926990571573
0.008311744890789272,-0.29710207073998246,-0.2703570473997051,-0.2036396435968892,-0.10013494959795295,0.19988685826822689,0.2044698338273699,1.0,-0.17601509888920033,0.3499514908032891,0.07836623801316822,-0.22014765684117105,0.2736705747167148,-0.3727565072356875,-0.2596111441223383,-0.10500147810394857,0.05254381456540901,0.35501679111941936,0.31902464483379184,-0.04362984598217163,0.20993962110849268,-0.2668776958008449,-0.030109715427683627,-0.2668776958008449,-0.14888940174544313,-0.0904293075534717,0.29475558542474045,0.2762152778717981,0.9266432201173382,-0.1941027377458501,0.2848567014862071,0.1835433451861576,-0.10297808089196483,0.16591062283795524,-0.37469499122267885,-0.2122608985347454,-0.06568452763445197,-0.051242736860164284,0.3633775393146858,0.28086754556262705,-0.03030175772336624,0.14866362232389166,0.17992892083213222,-0.025597699786202605,-0.3210415465292963,-0.07721164160000321,-0.11605540930319326,0.259890446517667,0.3220342558816591,0.946419152596649,-0.08533527255880123,0.2522953405902921,0.1657588275524911,-0.10943553846977774,0.29442271830060507,-0.2816884290769881,-0.20839975717831927,0.01129471276405152,0.04173953673914896,0.41577902101815206,0.32807314802747495,0.005051438635092729,0.15471302372262752
-0.28752211692609486,-0.2379485880478935,-0.07487855597642191,0.009573834997568132,-0.04982456158291845,0.19440487474985116,0.005434288044839973,-0.17601509888920033,1.0,0.12180365358281889,0.002092407180649377,0.3912857334486825,-0.10325957844250377,0.32178427143018834,0.3103625188645312,-0.055847234755690485,-0.18974321073633835,-0.03595359255752046,0.062343476957280555,-0.05325750036297037,-0.0017677226571165886,0.14436133793065192,0.0008573117638967479,0.14436133793065192,0.06060023324312845,0.030417181064350197,0.23933102360767758,0.06880405803137382,-0.16729858836292533,0.8879624436779414,0.07197639313168637,0.05642281288502363,0.34170204228422935,-0.23489699519845528,0.30181164777466724,0.24378417121076051,-0.14282256873643048,-0.14693090270096104,-0.06156664100533807,-0.0020130805896596228,-0.03922649533398548,0.01044788678729018,-0.16256139910000822,0.10050296597353783,0.10029780656890494,0.10666942809781516,0.09948549386181856,0.17077263583575797,0.03933673864470695,-0.16982184850163978,0.8951108016300191,-0.02694270279025643,0.0349789893919078,0.3748226897609233,0.061530012527304015,0.2931391577114854,0.27150980892154436,-0.08753766356555222,-0.26385881494028346,-0.054974974791285554,0.14836212063751353,-0.03365361770230436,0.008379820750022096
0.06736638921957841,-0.1442653448380396,-0.11577012945194018,-0.3417802163284748,-0.30286479042444,-0.012991051881086842,0.007741923831054201,0.3499514908032891,0.12180365358281889,1.0,0.18138779244799702,-0.06616569407074013,0.2831593581308172,-0.2465996020440055,-0.1973877655760095,0.15524649228743917,0.22392432373562857,0.01328224108848622,0.2697401499030785,0.05792398463135973,-0.021107770226359915,0.13923225048287488,0.006290828810112759,0.13923225048287488,-0.26337285387163556,-0.1978076322348797,-0.07452130813832193,0.10633025616470516,0.4871188617350682,0.2055491942622276,0.7663061882932795,0.35158491665596686,-0.053866029741616285,0.2065534575731293,-0.2423101299272232,-0.18885591199907534,0.18296748011696612,0.19315433957133835,0.03526092879046281,0.15358349556395834,0.05842378635803959,-0.06458004147304382,0.45359341261479746,-0.13069040544524635,0.04100033063682604,-0.2777517866965555,-0.10438679359350671,0.05503560588031504,0.14091632928619027,0.38878700322234777,0.30595724774947647,0.777894880609712,0.42590453778001686,0.06308958337590433,0.290949747904655,-0.18044758609665423,-0.050536588577424844,0.25209526850815783,0.14449597374700782,0.08860852253768053,0.3169589574277964,0.13921216602146072,-0.012245654472114668
0.397690546549559,0.008181861875837323,-0.5692574655987904,-0.04183984017779842,0.062454954439561464,0.0047228784399318425,0.0014795287235418338,0.07836623801316822,0.002092407180649377,0.18138779244799702,1.0,0.6440006064263083,-0.102865664367856,-0.11610117347080089,-0.10239302339423946,0.5046947045247421,-0.07965870554613194,-0.2139885297154788,-0.4095266873650981,-0.15569003156903785,-0.30096754836034373,-0.3372514450437232,-0.23478122178656932,-0.3372514450437232,-0.09821695521887787,0.005793565067041837,0.14523467040780738,0.121651534695358,0.07411321344337304,-0.2158942689776548,0.19609441894046534,0.840128563514372,0.6626425126024112,-0.0785950934300662,-0.048610134435711126,-0.21293574106277413,0.5359116642826626,-0.03423257228835965,-0.1625286505714761,-0.46328120133145717,-0.1269692683257039,-0.3214910805157844,0.5538919226966953,-0.04707360125552912,-0.3657771036460648,-0.09706280343893092,0.04037942410412682,0.15156934509796893,0.18604978563095254,-0.003576289811307185,-0.09052190213096183,0.056228851702404166,0.8035641344202159,0.5947107078540327,-0.1146490444934873,-0.10050601660221636,-0.1041250041769822,0.45796608749491996,-0.09099883234131165,-0.10857768791429775,-0.39608690485561154,-0.17077083673038362,-0.23784193691485428
0.16984690840790304,-0.01792142496341751,-0.3233296273376966,0.17362360949464173,0.1289900631968771,0.11280541607049499,0.027331151044454327,-0.22014765684117105,0.3912857334486825,-0.06616569407074013,0.6440006064263083,1.0,-0.3785054509190434,0.02396919410973429,0.08008617180619362,0.17040014973586104,-0.12842716110710614,-0.2048568160986675,-0.40693882015470645,-0.1838166137939029,0.03385538061960818,-0.1292139709358594,-0.012578535207842098,-0.1292139709358594,0.10980042891039601,0.02548224677182111,0.1898259686366603,0.048486540064832516,-0.247771272367341,0.16045757006868627,0.06981540884266087,0.4410559188596033,0.9299124845033238,-0.36274696658746697,0.07338239645556503,-0.05152139974622129,0.18065306255539135,-0.20601074584821338,-0.165431640645393,-0.43301518884852064,-0.14637955994191515,0.054951857959478004,0.27895208669445043,0.17102355563669144,-0.13291535388548067,0.13843707671550165,0.14630795122296994,0.12118464449690718,0.11349069073118816,-0.313896835303413,0.22821250033949395,-0.035213522924431244,0.43639863689499875,0.8707035084882432,-0.23599985979974022,0.015910314117576735,0.06060717944255615,0.14669390061000445,-0.13314919868907057,-0.06419491900592726,-0.36574685179510136,-0.1975219056903081,0.06456774821932519
0.14808346154893182,0.35354139398524187,0.19650621400587204,0.040690008170115005,-0.26433558554005004,0.18913687620926004,0.38275366705359054,0.2736705747167148,-0.10325957844250377,0.2831593581308172,-0.102865664367856,-0.3785054509190434,1.0,-0.3194233176547784,-0.11712361388162866,0.18511025793532235,-0.13144904444094946,0.6982312268994817,0.5487199691726317,-0.14492128978516916,-0.10248991010243734,0.12210418931862638,0.27118005546694796,0.12210418931862638,0.029885012313586697,-0.15324978496030683,0.1062527832103225,0.433556208975048,0.34881112959594324,0.11303466348925173,0.3529251911069423,0.17313938689854294,-0.3258680027606964,0.9360377108477111,-0.2969720216698854,-0.028998211416003006,0.22113043616801453,-0.099933643991905,0.6903730155745915,0.501834168178373,-0.16992597714500227,-0.12837582436559627,0.171198859515612,0.2614637758804708,0.11970670521538536,0.07678648452533274,-0.221199050088454,0.19779678738643822,0.4154922759617121,0.3392236142215385,0.12452836558318273,0.30485663148766756,0.15162438614496423,-0.14778398982031038,0.9289442735620622,-0.20950113058330838,0.011872564905324616,0.3070953546878042,0.030577107618131365,0.6429782143579325,0.5710437014785484,-0.13046333076855746,-0.06766168782424398
-0.3639001164889861,-0.17253534512086902,0.16376678432701394,0.3204948709674865,0.41332078460083405,-0.0074748009154096,-0.21617966784004464,-0.3727565072356875,0.32178427143018834,-0.2465996020440055,-0.11610117347080089,0.02396919410973429,-0.3194233176547784,1.0,0.6226067311256569,0.02900312428153792,0.29006510928891616,-0.48708832747296016,-0.31057788925209673,0.38404049629163456,0.007687702746865888,0.23401797933069943,-0.2466626512354571,0.23401797933069943,0.24959294935112733,0.43753208642598607,0.08097420325561558,-0.0887874010829968,-0.3874863134225963,0.2548913261436299,-0.37967957972719457,-0.09411220679385703,0.14836064628346027,-0.27983359256689405,0.9716735295847876,0.5823919636456327,0.023132313657658637,0.28005743259292,-0.5048916698512924,-0.24494544726391432,0.43266556235741205,0.052920933557067666,-0.42889966058454043,-0.30525416914776654,0.2876571501725041,0.20765499261861844,0.45277734340054687,0.031159540962187836,-0.2656724481092892,-0.2929539402290479,0.3399502496523592,-0.2865739964008329,-0.032830844789459634,0.07879962862520257,-0.1932439022904364,0.9086857505872319,0.5662692975976061,0.04795450819543137,0.1909286543092185,-0.46286766613742214,-0.18398035010671185,0.42298657857430644,0.08313362038285385
-0.39904810923355255,-0.14083174021545175,-0.1406094496174154,0.49338702599144907,0.7615150596914223,0.441413868721775,-0.1667415896651998,-0.2596111441223383,0.3103625188645312,-0.1973877655760095,-0.10239302339423946,0.08008617180619362,-0.11712361388162866,0.6226067311256569,1.0,0.1602810691182485,0.2482343875516808,-0.21804689488723913,-0.23321364734874497,0.25763766088435813,-0.007926584597628825,-0.02375614449001419,0.023175599978698905,-0.02375614449001419,0.48998815855148165,0.7802589846933142,0.49832739295289114,-0.06396004563672006,-0.2627915893099742,0.30997855240475014,-0.2784902463855796,0.0457741414224237,0.17864024750911248,-0.15165821042448807,0.6301728398585822,0.9736333771904006,0.15777751530050824,0.2271744710899121,-0.24123648470220618,-0.17173956112784938,0.27805829109528385,0.06673334287310709,-0.2931406092166219,0.07726246964784407,0.01521857410927189,0.4714452950985093,0.809725046336344,0.5004655659634849,-0.114350727890258,-0.20434322185466539,0.3067187352266607,-0.2572336774617385,0.0848332885392273,0.14568623651262122,-0.020931447757385018,0.5713279297461259,0.9358096063445488,0.1806238293125181,0.16748479006331515,-0.2112380240615169,-0.13612122852031655,0.23260485942651066,0.11191971903021364
0.3816602188676197,0.26710847517665826,-0.4439761773954723,0.1052459242177917,0.060583646234625414,-0.07671579369653586,-0.03513603496818054,-0.10500147810394857,-0.055847234755690485,0.15524649228743917,0.5046947045247421,0.17040014973586104,0.18511025793532235,0.02900312428153792,0.1602810691182485,1.0,0.2813914929697906,-0.04144330643345671,0.04837059654176873,0.07584678063827203,-0.14254285302002237,-0.3042578028818682,0.01943824702706661,-0.3042578028818682,0.04396916067768252,0.09253886015735373,0.11559362323575084,0.08845959218142184,-0.024300717825380437,-0.056999328355377375,0.31742438314596816,0.5214460886176567,0.2564039489702923,0.2667458551683175,0.08289601942640987,0.14475450178646132,0.9726234345849335,0.2699029851952376,-0.020745317281262717,0.04476107325512237,0.09639057088199984,-0.10658832583930183,0.4346856274625076,0.08730127780474004,-0.3436434780717059,0.028605110479659995,0.08577319241638326,0.15415866555069702,0.08025942977195727,-0.06410737491366468,0.00842033718710195,0.15463169276267066,0.6357997293517509,0.21280680099149246,0.19585816749024787,0.030131139485077185,0.22388307931561116,0.8919548933281,0.4391926964693079,-0.004632283573860625,0.09798821281569355,0.06332954923656592,-0.030870676186268636
-0.025984016747736906,-0.14546582024972157,0.012809294571681198,-0.055408509713837546,0.3501145856032372,0.044464844566646435,-0.28667172098468524,0.05254381456540901,-0.18974321073633835,0.22392432373562857,-0.07965870554613194,-0.12842716110710614,-0.13144904444094946,0.29006510928891616,0.2482343875516808,0.2813914929697906,1.0,-0.22487659703990004,0.10717277876810967,0.5126905491900092,0.27864878393857806,0.20625064377005872,0.08618311736940597,0.20625064377005872,-0.06801459854986686,0.4057238297963452,0.25419932809269075,-0.11899018681607204,0.15004970454745772,-0.1703997248904968,0.13119854095739705,0.08667672583376518,0.030371161348228343,-0.08571643338427927,0.3283701986348979,0.2929213881597487,0.3181268042736439,0.8872628874914061,-0.21481456776113655,0.16624623912299846,0.5409907906067056,0.31001599197837565,0.2024696764198771,-0.09108787536069894,0.17107837517014277,-0.08273514501551847,0.4167175841639873,0.18237588161023488,-0.23447702225700143,0.09045300718290118,-0.06422064603769848,0.15631302674165978,0.24434894338875324,-0.03055364813415626,-0.07434757296762663,0.3104053574933355,0.32539044485930674,0.3750124672835503,0.8991913152870483,-0.104317766267607,0.20023964847404313,0.5662877817186317,0.3001200042456422
0.033932078701914004,0.19823822413035638,0.1554305848618902,0.05684946108694617,-0.27843514803172614,0.3112351297866642,0.5964940394273285,0.35501679111941936,-0.03595359255752046,0.01328224108848622,-0.2139885297154788,-0.2048568160986675,0.6982312268994817,-0.48708832747296016,-0.21804689488723913,-0.04144330643345671,-0.22487659703990004,1.0,0.5746809051521811,-0.2615302037830168,0.2100263485307161,0.03419328983441607,0.3462177996437647,0.03419328983441607,0.07870032496157743,-0.19375242759114913,0.27918149375084694,0.5600873534568444,0.3693898306871359,0.14729313255650914,0.12093860100453699,0.015309444975320236,-0.21559845602712813,0.6807819070954949,-0.49732513689705876,-0.14289542671485422,-0.04382119958708603,-0.17442164284749342,0.9885164446156319,0.5440157691536317,-0.3015256940102932,0.1902517087186316,-0.008419346865948198,0.421069521699083,-0.019015717015549514,0.13497121453153715,-0.2648713021006349,0.2353989991533232,0.5627083432578464,0.37742136044951935,0.09580946842194146,0.021980954055587296,-0.0044278246566294395,-0.033314154496115585,0.6677061102309215,-0.4062398071107566,-0.15618552205281902,0.05122549945092128,-0.08830943196034591,0.9454829043128357,0.5486103580450046,-0.2715196863859673,0.17962503100530333
-0.009916700437477145,0.1202658509478004,0.22329282428883274,-0.21934507566131864,-0.4608070934704207,0.01931031707319497,0.1544615217344205,0.31902464483379184,0.062343476957280555,0.2697401499030785,-0.4095266873650981,-0.40693882015470645,0.5487199691726317,-0.31057788925209673,-0.23321364734874497,0.04837059654176873,0.10717277876810967,0.5746809051521811,1.0,0.001971740891414488,0.34381927956033553,0.22733901129934736,0.23629767652193684,0.22733901129934736,-0.15115654125319966,-0.36624993440194986,-0.07260221628762152,0.13933088057722193,0.38704937952176605,0.2853704540961619,0.3461046740148332,-0.14263177952550782,-0.40913631763631036,0.4800633357689675,-0.34932006935657334,-0.12317939659271471,0.004782500724123335,-0.01949599124642065,0.5583739809619029,0.9775154237153953,-0.0392049804544327,0.3349646489912105,0.05445788925242722,0.1010361509891838,0.16208887248155407,-0.12808981059623276,-0.4025981159786969,-0.004129194857675661,0.09053385595530179,0.3608762010111349,0.2408985831191763,0.29668320086829486,-0.16386992418643956,-0.3585159389124294,0.5687500642116979,-0.29893346903311774,-0.11883974391203854,0.05930033089957543,0.21525300223735633,0.5011006114000713,0.9269755990395407,0.027576773552275925,0.228538953251227
-0.16072426325780395,-0.3657832161605776,0.25437859150404923,-0.22403792832423525,0.3524221285405981,0.041198539448662606,-0.5593576164777113,-0.04362984598217163,-0.05325750036297037,0.05792398463135973,-0.15569003156903785,-0.1838166137939029,-0.14492128978516916,0.38404049629163456,0.25763766088435813,0.07584678063827203,0.5126905491900092,-0.2615302037830168,0.001971740891414488,1.0,0.35037045671969624,0.34978718249943164,-0.06392634951761933,0.34978718249943164,-0.21231257919008292,0.4787273810920092,0.12232797538740962,-0.2973033359669704,-0.024527105169398405,0.010120645763951096,0.1335199884609785,0.020693721025243108,-0.012698711796872169,-0.08598488236709241,0.41861074277252486,0.2817060603893021,0.09148737577896568,0.47550843470749843,-0.2954624452774006,0.07399708870462911,0.9863275724345937,0.3369282208263679,-0.012157736488869352,-0.2969097651764683,0.25917570827402575,-0.23524295090734357,0.4122079596301409,0.1256289840169739,-0.5752389633496364,0.03410332508728947,0.05147570338025466,0.08760395586355071,0.11442666397932243,-0.08818088359499808,-0.13378874218942716,0.38624199216580274,0.296627652193062,0.14913633071156263,0.44977866974674785,-0.2273811650219662,0.09144214098571216,0.9650624262230127,0.39741138544307186
0.10609379079690091,0.052493839839200016,0.40196034795584656,0.13381768260698026,-0.07149846635109577,-0.010007387139217139,-0.038727772492651295,0.20993962110849268,-0.0017677226571165886,-0.021107770226359915,-0.30096754836034373,0.03385538061960818,-0.10248991010243734,0.007687702746865888,-0.007926584597628825,-0.14254285302002237,0.27864878393857806,0.2100263485307161,0.34381927956033553,0.35037045671969624,1.0,0.40339744805492517,0.35209097200401646,0.40339744805492517,0.14299428667033778,-0.04265340311536943,0.06442911885095141,0.10620821996891112,0.21634271237683184,0.14629483766108647,0.23674765365897954,-0.14615743518725452,0.13405220339205567,-0.08622134394105715,0.01654396998975492,0.06581538224039755,-0.1095143471947152,0.14195905213186633,0.17195688214590568,0.41533076118776163,0.32216864696741937,0.9816937145146971,0.11455856268893033,0.23412881717558934,0.37481234318603324,0.1810446158515963,-0.045934643182846444,-0.012331670478869362,-0.12473840784589246,0.25210510654894286,0.12469593558446611,0.2507396855533932,-0.08539579294169919,0.08645906041734942,0.06316512984379645,0.05338286676542413,0.12664660210627543,-0.023281347374489076,0.25978742408971733,0.2755250092439334,0.38517960402862583,0.3531495004341529,0.952513809671659
-0.15439375415037968,0.0335255182430627,0.7847739737379663,0.12353298445228181,-0.21046875690980754,-0.05925421570020789,-0.11373924261497341,-0.2668776958008449,0.14436133793065192,0.13923225048287488,-0.3372514450437232,-0.1292139709358594,0.12210418931862638,0.23401797933069943,-0.02375614449001419,-0.3042578028818682,0.20625064377005872,0.03419328983441607,0.22733901129934736,0.34978718249943164,0.40339744805492517,1.0,0.2757543549342093,1.0,0.21906178165364848,-0.06595332939932216,-0.1681360629065714,0.0583013999014795,-0.11354130040204582,0.3223265492585507,0.172449186320176,-0.06215848164842974,-0.09430842637994148,0.159093345075505,0.22188827070469966,-0.010523139379252701,-0.25355736661309053,0.2034339133967798,-0.007455704107082637,0.2397464352174318,0.2873071384223386,0.3611508201364627,-0.06844186470292758,-0.06868501019098286,0.9556494420624904,0.17951079131922099,-0.07734986638598261,-0.13681328133211015,-0.21828322119705013,-0.16755241481440963,0.29636579910677163,0.23526747342817952,-0.11870560603621746,0.006045516828521303,0.13383507658198054,0.2625113309517911,0.10968314738122303,-0.15912019826818088,0.17413626964379111,-0.0007091658498412929,0.24521183096934118,0.37476701653314726,0.36168709752364625
-0.0784688641048673,0.5829115357064713,0.19938660322848656,0.365699577775973,-0.20985101137750947,0.25673799372914147,0.18716220923345553,-0.030109715427683627,0.0008573117638967479,0.006290828810112759,-0.23478122178656932,-0.012578535207842098,0.27118005546694796,-0.2466626512354571,0.023175599978698905,0.01943824702706661,0.08618311736940597,0.3462177996437647,0.23629767652193684,-0.06392634951761933,0.35209097200401646,0.2757543549342093,1.0,0.27575435493420924,0.442265714518079,-0.1304103301352184,0.13630433201978837,0.387133194931103,0.0777930136958142,0.2077026049228822,0.24164329885414312,-0.07824844842289251,0.06841784314377275,0.2709718211571834,-0.1888005930946285,0.009028961410334916,0.029713754100732043,0.0013389025244253461,0.33733377730392666,0.22098582608307496,-0.09605387157447083,0.3514852340041058,0.18534756482214348,0.8426332920350871,0.30178605390340696,0.4412262746166203,-0.11459894996335697,0.13804055009681085,0.30290319300527774,0.036266243785172174,0.1918487075565216,0.2580248326235327,-0.10273478918581852,0.04176703142039151,0.24279851955068354,-0.09259003005748469,0.13567040595920454,0.1326520635392679,0.11089432687462275,0.3944748262998278,0.2883096236003511,-0.05298510213767061,0.3062457884802337
-0.15439375415037968,0.0335255182430627,0.7847739737379663,0.12353298445228181,-0.21046875690980754,-0.05925421570020789,-0.11373924261497341,-0.2668776958008449,0.14436133793065192,0.13923225048287488,-0.3372514450437232,-0.1292139709358594,0.12210418931862638,0.23401797933069943,-0.02375614449001419,-0.3042578028818682,0.20625064377005872,0.03419328983441607,0.22733901129934736,0.34978718249943164,0.40339744805492517,1.0,0.27575435493420924,1.0,0.21906178165364848,-0.06595332939932216,-0.1681360629065714,0.0583013999014795,-0.11354130040204582,0.3223265492585507,0.172449186320176,-0.06215848164842974,-0.09430842637994148,0.159093345075505,0.22188827070469966,-0.010523139379252701,-0.25355736661309053,0.2034339133967798,-0.007455704107082637,0.2397464352174318,0.2873071384223386,0.3611508201364627,-0.06844186470292758,-0.06868501019098286,0.9556494420624904,0.17951079131922099,-0.07734986638598261,-0.13681328133211015,-0.21828322119705013,-0.16755241481440963,0.29636579910677163,0.23526747342817952,-0.11870560603621746,0.006045516828521303,0.13383507658198054,0.2625113309517911,0.10968314738122303,-0.15912019826818088,0.17413626964379111,-0.0007091658498412929,0.24521183096934118,0.37476701653314726,0.36168709752364625
-0.14967392045060496,0.31380790684380383,0.027607765616415095,0.9118761469706496,0.19534885892529769,0.40013109245322503,0.08274951245420575,-0.14888940174544313,0.06060023324312845,-0.26337285387163556,-0.09821695521887787,0.10980042891039601,0.029885012313586697,0.24959294935112733,0.48998815855148165,0.04396916067768252,-0.06801459854986686,0.07870032496157743,-0.15115654125319966,-0.21231257919008292,0.14299428667033778,0.21906178165364848,0.442265714518079,0.21906178165364848,1.0,0.23673890603850736,0.2760831827068904,0.2605647868033235,-0.06986325614305783,0.18367061999512013,-0.11058325589032932,0.0358351145122451,0.17401689990181385,0.10654791838349148,0.2763267541879658,0.43823930934332345,0.09394851681242129,-0.1467990859097438,0.07600969145652052,-0.12804185587215225,-0.23411373361743082,0.16788245837137444,-0.113794674038174,0.34954015926912524,0.2599884767388457,0.9646089505160304,0.2863720552581859,0.38106266229785546,0.19154446369957978,-0.059118150824535254,0.18350783901637016,-0.08578271453623651,0.0012036781871848266,0.2498343150299927,0.09749175955988716,0.3339918723248625,0.533380027921158,0.1432250926916402,0.017702282870753802,0.1087140193448742,-0.1274039813718693,-0.21505087861036057,0.1890958145305896
-0.28260797833594903,-0.4082894636749588,-0.19380917698075187,0.2118218109565839,0.9349661765230896,0.5288978187557948,-0.3090299359701167,-0.0904293075534717,0.030417181064350197,-0.1978076322348797,0.005793565067041837,0.02548224677182111,-0.15324978496030683,0.43753208642598607,0.7802589846933142,0.09253886015735373,0.4057238297963452,-0.19375242759114913,-0.36624993440194986,0.4787273810920092,-0.04265340311536943,-0.06595332939932216,-0.1304103301352184,-0.06595332939932216,0.23673890603850736,1.0,0.6170574178162559,-0.1224623082434007,-0.11609504016928107,-0.01170585677600197,-0.22872437936588336,0.17132932581557497,0.15470311533640058,-0.10811871937357762,0.47150640199599075,0.7856618854662225,0.12830212315716985,0.4380935709959585,-0.2105966157345665,-0.28854951794248934,0.5013648516696833,0.0035665962672442597,-0.1348421643539275,-0.10234352477446747,-0.0899795728995725,0.22140197638084608,0.9501924207780585,0.6322982353790405,-0.19327957489061673,-0.07298017866308207,0.004161942458585265,-0.2894369426082949,0.24738266196816172,0.13874702627303664,-0.11744194351515794,0.4319712306104381,0.7133948738206728,0.17579634754794213,0.31440470108498286,-0.17244948863544546,-0.26915793267774807,0.45240067076533347,0.08704785923872377
-0.23342197249295632,-0.2675364061143505,-0.40030357845913334,0.20893216223444505,0.5045483368913549,0.7963813075297889,-0.019942623643417267,0.29475558542474045,0.23933102360767758,-0.07452130813832193,0.14523467040780738,0.1898259686366603,0.1062527832103225,0.08097420325561558,0.49832739295289114,0.11559362323575084,0.25419932809269075,0.27918149375084694,-0.07260221628762152,0.12232797538740962,0.06442911885095141,-0.1681360629065714,0.13630433201978837,-0.1681360629065714,0.2760831827068904,0.6170574178162559,1.0,0.2654904570076532,0.3516650156700998,0.1832995579458786,-0.1456564665015408,0.34780750024220247,0.3414264282871132,0.029918735789392244,0.12857808506645013,0.4896473392134643,0.11879533792878878,0.29993246429201814,0.27630503544893287,-0.050740213925829065,0.13202237886371315,0.07003639397360993,0.06612463237643113,0.25803106014762883,-0.22571475247895012,0.30358309663340627,0.6319668837219055,0.8364587380478014,0.24521735067579253,0.27057438690586794,0.2517534318432268,-0.27307164632225717,0.41141888656080805,0.3652042601188922,0.14070481287609288,0.2113977212016854,0.494947961744051,0.2550576286590474,0.1407309427638732,0.38126841169871767,0.017297401154204167,0.09804500149876856,0.1288045696112205
-0.18458685320054513,0.27921755027118633,0.05045546931864215,0.1612430674823438,-0.22066266832378867,0.17402639012306567,0.7610568924665969,0.2762152778717981,0.06880405803137382,0.10633025616470516,0.121651534695358,0.048486540064832516,0.433556208975048,-0.0887874010829968,-0.06396004563672006,0.08845959218142184,-0.11899018681607204,0.5600873534568444,0.13933088057722193,-0.2973033359669704,0.10620821996891112,0.0583013999014795,0.387133194931103,0.0583013999014795,0.2605647868033235,-0.1224623082434007,0.2654904570076532,1.0,0.36075129756144914,0.19585212366972019,0.13233247005221815,0.34625328858847915,0.2056137059938562,0.4156763719322284,-0.09622562512722485,-0.05435925227380221,0.09769905863512543,-0.04132677593659291,0.5532850803555497,0.13771072560707603,-0.29425614236650693,0.11106727053595929,0.009328695399197074,0.37997591431939937,0.033708694840297475,0.25422829640734296,-0.12231816658203393,0.08091401814012804,0.8824356861244228,0.3044032793968328,0.23193235275786137,0.03189439616847305,0.292675342161753,0.23969881321425549,0.42670319009444946,-0.03953487295733967,-0.00815751606336333,0.1710437793756471,-0.058810512227022785,0.5641239254582054,0.18550748214139146,-0.24840823435794146,0.1415216932536742
-0.021234297538361792,-0.22873100743276223,-0.21703458604635234,-0.18490147983808541,-0.18122766695124365,0.23837092002353247,0.18644637345764345,0.9266432201173382,-0.16729858836292533,0.4871188617350682,0.07411321344337304,-0.247771272367341,0.34881112959594324,-0.3874863134225963,-0.2627915893099742,-0.024300717825380437,0.15004970454745772,0.3693898306871359,0.38704937952176605,-0.024527105169398405,0.21634271237683184,-0.11354130040204582,0.0777930136958142,-0.11354130040204582,-0.06986325614305783,-0.11609504016928107,0.3516650156700998,0.36075129756144914,1.0,-0.12562777821506269,0.3964555804892089,0.2594978549068188,-0.09175796704669734,0.24167892904653548,-0.37121836096862054,-0.2141104593513981,0.031867695272573354,0.0858218265911559,0.3902774382279874,0.35355198900030527,-0.01691307477809765,0.1629956794025404,0.2552309661135194,-0.009242317540397164,-0.18845979420288622,-0.024256917037375335,-0.08953631886635774,0.29873275561372215,0.3841364551215813,0.9355397569357103,0.011770899529164472,0.34547825431574997,0.2797021545842603,-0.047821812456483516,0.3606153019548692,-0.22008182694342454,-0.13068226963234839,0.14909531998789316,0.1359451053251021,0.4618833554849688,0.41508658257947406,0.04178541393783031,0.19156688368378738
-0.28374658186582935,-0.049167287987116254,0.11280368831903717,0.06436556756869237,-0.18572627426090915,0.2612355168292786,0.03795595849899557,-0.1941027377458501,0.8879624436779414,0.2055491942622276,-0.2158942689776548,0.16045757006868627,0.11303466348925173,0.2548913261436299,0.30997855240475014,-0.056999328355377375,-0.1703997248904968,0.14729313255650914,0.2853704540961619,0.010120645763951096,0.14629483766108647,0.3223265492585507,0.2077026049228822,0.3223265492585507,0.18367061999512013,-0.01170585677600197,0.1832995579458786,0.19585212366972019,-0.12562777821506269,1.0,0.19803698515414994,-0.017660505888454258,0.14847387321498878,0.019596972394658026,0.24585045161019228,0.2944523398123616,-0.14003853819897624,-0.12911713970286545,0.11325307522223724,0.23588129684222028,-0.0018373096650050299,0.15648009181559694,-0.12160709196488723,0.2130804249854013,0.2689464084227568,0.21609838602699702,0.03494996436883734,0.19563908782039727,0.10202269769832195,-0.12616774275724696,0.9301792427684489,0.12417198938922772,-0.01597189536142287,0.250297540940986,0.23596731144318334,0.2646763921338511,0.3245033426593237,-0.03513199364275909,-0.20469786539057208,0.10188771990482143,0.3430368301218767,0.03937405590501808,0.15697613981744404
0.3901889045002853,0.10731085656896328,-0.013669156888054129,-0.19288316169685762,-0.33588963843087494,-0.06633768886172323,-0.040979027890804,0.2848567014862071,0.07197639313168637,0.7663061882932795,0.19609441894046534,0.06981540884266087,0.3529251911069423,-0.37967957972719457,-0.2784902463855796,0.31742438314596816,0.13119854095739705,0.12093860100453699,0.3461046740148332,0.1335199884609785,0.23674765365897954,0.172449186320176,0.24164329885414312,0.172449186320176,-0.11058325589032932,-0.22872437936588336,-0.1456564665015408,0.13233247005221815,0.3964555804892089,0.19803698515414994,1.0,0.37417517385102483,0.11927178604195081,0.3602717845755508,-0.30510705543558647,-0.24122495010159453,0.3746402575048209,0.03860019409090129,0.1397550991664011,0.27177907471150514,0.1305810686510826,0.1922130509444189,0.656794357290905,0.11147165284055621,0.07676654133061166,-0.0783443036194509,-0.17109181056979778,0.05756908121664738,0.08009422112449865,0.35548076637602993,0.2954462010826064,0.8764479752491446,0.4511010578672467,0.20410012115287657,0.43943304310795117,-0.24655693455497543,-0.06113774564609035,0.42742249677610544,0.245739747740838,0.1978608675026566,0.4169900244339703,0.18558094265632621,0.27325292882321045
