Fp1,Fz,F3,F7,FT9,FC5,FC1,C3,T7,TP9,CP5,CP1,Pz,P3,P7,O1,Oz,P8,TP10,CP6,CP2,C4,T8,FT10,FC6,FC2,F4,F8,Fp2,AF7,AF3,AFz,F1,F5,FT7,FC3,FCz,C1,C5,TP7,CP3,P1,P5,PO7,PO3,POz,PO4,PO8,P6,P2,CPz,CP4,TP8,FC4,FT8,F6,F2,AF4,AF8,O2,P4,C6,C2
1.0,0.6868134094313892,0.4637197186770007,0.6234076413686545,-0.14343936920940262,0.5234910392017323,0.7849311751795793,-0.07845931558290357,0.30370263977510925,-0.12498660182803936,-0.25150067225022915,0.15273935541506314,0.09247733680594089,0.23774606011360896,0.1961221586770613,0.5145380698979043,-0.1542712970400377,0.3425744251304025,-0.36495717310151027,-0.032755480196525695,0.4326317332938894,-0.03858179876204702,0.48674342881846894,-0.03858179876204702,0.518084224947167,-0.3552884687706949,0.27841426514771433,0.6497966102670112,-0.1093516530101339,0.1892258602284074,-0.35512556178279014,-0.35542630003037723,0.03835347206928469,-0.10812509190930643,0.0677221782275101,0.019070917241663352,0.38977146576506094,-0.2131718546491479,0.34163105819392053,-0.41724089772530626,-0.099441009040311,0.35688095214524856,0.7709440394683605,0.45119699813881364,0.006800348576633099,0.44709113013712193,-0.26642776182729516,0.32632074434749947,0.7590796381510612,0.0008348911214214363,0.37299276030722356,-0.39372047547755,-0.19096299725921356,-0.017988625634671948,0.19970110090891183,-0.10280164012681667,0.27935334527378103,0.22964452833133833,-0.2123681363270187,0.34941016958006355,-0.22228173772580323,0.1146562152782897,0.3124975455431839
0.6868134094313892,1.0,0.6811644658819289,0.4206145099509151,-0.33878461137931326,0.2781413266781995,0.7053128078708835,-0.20846714326055338,0.6491975748748728,0.3136219786845409,-0.3962094092220906,0.48894770666466275,-0.18918845219209218,0.6894484355320101,0.2762674679207913,0.3668749245084179,-0.04651857125453654,0.05066898595938644,-0.17279240511227656,-0.42586632911445144,0.5852169692654505,-0.19054087308301232,0.5691218281354278,-0.19054087308301232,0.3002740057564052,-0.5747162241854323,-0.06179733464965497,0.5093981292041591,-0.32843811110768867,0.4854284969278769,0.12382443400986896,-0.3679899748573343,0.4380921742663527,-0.34392994666191407,0.5547414788673746,0.02450099713817158,0.24959694337182925,-0.09719274489766802,0.1444583446000454,-0.3264012233692687,-0.34155980667460295,0.4971056538573945,0.7472020249762213,0.650389461072276,-0.033699023052251156,0.29996943742916543,-0.46766798802665865,0.03013650326068046,0.5946248043651026,-0.2758333827726074,0.718399676119318,0.11166336543938002,-0.42109667294197006,0.3205521922141195,-0.09869320646621856,0.403861512064907,0.417897686047213,0.0980897018766707,-0.2861124539492221,0.17336911990521092,-0.14633466143240786,-0.12831306244263127,0.4609155333423134
0.4637197186770007,0.6811644658819289,1.0,0.37573666300840786,0.08600947310255543,0.5407298282903114,0.265536703311042,0.28102401497461055,0.32968085891652343,0.5773805929332478,0.12958838813355697,0.5064021692819459,0.02030018084734324,0.6864709448492509,0.25399104171018555,0.4533435201329652,0.2234707578839029,0.43993773082834003,0.21461103261353742,0.062014444001413434,0.263727158030191,0.07626477989148082,0.21924927860020765,0.07626477989148082,0.2310476303388016,-0.05425617727319449,0.09879305378466796,0.09030641923170048,0.12046832707644549,0.22702156485186648,0.32774468293365316,0.13613203460170137,0.2726301564039333,-0.18241416757115228,0.5181191462101405,0.05890943070381838,0.28052176047117516,0.05115736910123643,0.427211191722251,0.013761356949539881,-0.041651755648795544,0.16320940228683414,0.519643746979648,0.32921447547396726,0.4773282747921924,0.13897160861819907,-0.046902251366066613,0.26426286291503176,0.26368057488354046,0.08625869131055663,0.48491657827448403,0.38406543391187226,0.09546131117400954,0.1585204186668624,0.1817570135505009,0.43639303106446836,0.38167679188389025,0.07906741341419801,-0.002033320058848575,0.3407992444079678,0.1849733351347977,0.27821347003961977,0.1750413828071539
0.6234076413686545,0.4206145099509151,0.37573666300840786,1.0,0.08442020238110946,0.6046369525443933,0.49153643824235016,0.11127324521472758,0.077168932921205,-0.1335021567418401,-0.014607576652894073,-0.06298165568764527,0.26036577429089813,0.15865422442966168,0.07263228046972413,0.5833965953870786,-0.3301201856247741,0.31321503274493373,-0.1375166480555859,0.12382752085757943,0.25098942393500345,0.19175124116105483,0.21748007210087228,0.19175124116105483,0.8353008262440351,-0.06836786783039184,0.432440734800427,0.36359412333805685,0.11390530408693252,-0.11068202832202796,-0.2986559315482505,-0.1378226808315485,-0.07575049298314147,0.10164136378129268,0.028173487234486885,-0.0157434518907779,0.5204316540481426,-0.4042063635133032,0.29477926968409096,-0.05005647368208556,0.022482935771928465,0.15935003161060166,0.41625780907003546,0.15565823209365937,0.10157237534246885,0.7401744211353094,-0.012767184636999773,0.4910722656900867,0.5384995326940702,0.24376566226318844,0.09663752919616636,-0.3164450055490984,0.06847666108874956,-0.2234400274300898,0.26476890734088654,-0.021091388773096256,0.12728832235636423,0.4182255501095839,-0.2679059914526621,0.22145349766477168,0.07670002221731956,0.29567692357765196,0.13769174436410692
-0.14343936920940262,-0.33878461137931326,0.08600947310255543,0.08442020238110946,1.0,0.3475961642315637,-0.5862092784341794,0.5723184589486098,-0.5697397996022445,0.23059773448595436,0.8228458405061663,-0.009832339316607836,0.24821479041380917,-0.2696120665573505,0.09187843111549396,0.304772824677203,0.44532719241604424,0.19481262537247085,0.2844390466213006,0.7325986946019025,-0.12946829322395786,0.3977840664786101,-0.4103616457345245,0.3977840664786101,0.09310801689308291,0.8170955768446776,0.24676344430243105,-0.6283446763620867,0.6227524399206628,-0.5616635097208197,0.09033383793670709,0.6966482449048869,-0.16525282023046362,0.11611982102032299,-0.34683685809078074,0.24241817522346415,0.24095634284176634,0.2600173067787098,0.07124632843873702,0.22585686712654765,0.6374982048427701,-0.16808569607508173,-0.37210362335531455,-0.5728422256453176,0.484517472430871,0.05322417628661165,0.9032600995100614,0.27018048370961917,-0.49539118230624946,0.5058347102123856,-0.5062596602673213,0.08940026015178257,0.8286961314978646,-0.19666364767752054,0.3153242924043185,-0.4448212429014282,-0.05357828395426045,0.17384246451847088,0.5595313928884886,-0.11834111140543906,0.3892371510526136,0.5857595254190904,-0.15110458152911346
0.5234910392017323,0.2781413266781995,0.5407298282903114,0.6046369525443933,0.3475961642315637,1.0,0.27611173286875246,0.5230658494764482,-0.14781584546177534,-0.008080333991259514,0.312025836722246,-0.16331080131478679,0.5475030281431275,0.17476944335222244,-0.0820474557137887,0.7914041210467675,-0.03418613309706973,0.5515817162217563,0.20886725126396882,0.29698770058508533,0.22507473242146636,0.1930525814863882,-0.11600836990125692,0.1930525814863882,0.5054889264643939,0.1700219076562622,0.7052812352645207,0.1397326930586366,0.4055333942297586,-0.25915467927986857,-0.25602399669887527,0.1646307886790062,-0.3091966747960818,0.3273651046315648,0.0311732753377069,-0.1671776754892572,0.710874001863838,-0.2483567553479042,0.4493338956465122,0.1393387572785089,0.12054031076600923,0.15918479848853645,0.23580457469496066,-0.1070336382676381,0.2905894096092218,0.3600414353129449,0.16124433509399655,0.8194358364049213,0.32247362783653266,0.5546842939946238,-0.07078710458282365,-0.2495856386155586,0.30461990478307543,-0.3395113219883541,0.6241142425135479,-0.058488990859020165,-0.027587683658091243,0.48775889164569497,-0.05342937129070996,0.26531824655235947,0.3529669645649568,0.3897907129777094,0.1408978184984336
0.7849311751795793,0.7053128078708835,0.265536703311042,0.49153643824235016,-0.5862092784341794,0.27611173286875246,1.0,-0.32912779013887694,0.47510422383523004,-0.3311992083553518,-0.6621212923076292,-0.04897639731218811,0.08241040145582446,0.36833755645836475,-0.00208775472824673,0.3659587989688863,-0.5077162013947022,0.13097072996769563,-0.35804233274001585,-0.5026318622788053,0.3800705280212293,-0.3992361376673139,0.5305837374178974,-0.3992361376673139,0.41196143069724644,-0.7031215372719458,0.19582657058969657,0.8663854463467874,-0.3784464546480151,0.33228712901815194,-0.45152120420717645,-0.6907520330325754,-0.043920661917069954,-0.0231212780801658,0.2570874070746496,-0.20566791106792243,0.31880917874049686,-0.4733582863972658,0.20356149542155744,-0.35640065864620335,-0.413333414510819,0.34794498538331187,0.7184684615172519,0.5602026820839081,-0.37698849455446287,0.3655268838369925,-0.6611701713688543,0.2054355345806966,0.8833262701896829,-0.16319010337123704,0.4499213837404739,-0.4548771450260495,-0.6835573765167632,-0.042498425631465546,0.022702750385029166,0.19141953088735814,0.0874501166880499,0.20781646708065762,-0.5885059170813552,0.2649842232177206,-0.3120256489186621,-0.2896248999713437,0.29295671072841717
-0.07845931558290357,-0.20846714326055338,0.28102401497461055,0.11127324521472758,0.5723184589486098,0.5230658494764482,-0.32912779013887694,1.0,-0.3546236467856791,0.22507806252506102,0.6309600001138901,0.0033361860793973287,0.2738376781825618,-0.021773333228043562,-0.01775106088493237,0.32005587509448796,0.2479273538772968,0.29299151903798176,0.4015395737862375,0.4590255737432572,-0.3388418075594178,0.42881276185471584,-0.3972860783732037,0.42881276185471584,0.01041910216843552,0.4699257952488759,0.3002061875111618,-0.3552274392345262,0.8607946236775532,-0.33599594265432464,0.10330324086033711,0.5148242490431344,-0.11308846694095534,0.09253981988858684,-0.07874833103961291,0.013877634243451968,0.3167948927195224,0.03456513294459473,0.13665679280281515,0.3224310484486175,0.32451366708091917,-0.3579951132013157,-0.1679111769658702,-0.31411666205293803,0.4489347491784134,-0.11622067426449179,0.4713930862774661,0.3739977697755659,-0.2003766464321962,0.8101296996269045,-0.25792883493697255,0.12599061075492685,0.6271992216141118,-0.14083841006324194,0.31235591782854255,-0.07663911924805183,-0.06759427019457512,0.14551880295808403,0.24203402564088897,0.08728894558975278,0.42743589083237454,0.45941755713703564,-0.3461078776296767
0.30370263977510925,0.6491975748748728,0.32968085891652343,0.077168932921205,-0.5697397996022445,-0.14781584546177534,0.47510422383523004,-0.3546236467856791,1.0,0.32812916644639695,-0.36865381811978626,0.5319733309223613,-0.40951061060631583,0.45305915291097026,0.502348665367258,-0.10024048403261314,0.12207725718025852,-0.26249216970424655,-0.1335315752288982,-0.5008135921427871,0.36650878613301396,-0.20409112499342383,0.5257293954488079,-0.20409112499342383,0.02058501566780746,-0.6386887207419075,-0.4400359983384945,0.30119904867838093,-0.4296643104195124,0.9139765057692252,0.3356831945307641,-0.29531724094848966,0.6401843464860828,-0.4236594213637361,0.3952407367661779,0.23244288360243456,-0.13650871539854356,0.15412528872780207,-0.12860465192372816,-0.23569034790184634,-0.44060854558151524,0.3409534856186124,0.5693082525006906,0.6464581145907992,-0.007449033935632493,0.18115368091365025,-0.5837930955294653,-0.3309508143826223,0.32295523193775044,-0.41739317996213915,0.8939569432383341,0.28681900812026734,-0.4222864710956547,0.6259444285692285,-0.32445127334801616,0.3735062860912164,0.6229107079872509,-0.24929073884479602,-0.14316471604233466,-0.12972178138703094,-0.1965529024550373,-0.3212479192557051,0.3078960454570449
-0.12498660182803936,0.3136219786845409,0.5773805929332478,-0.1335021567418401,0.23059773448595436,-0.008080333991259514,-0.3311992083553518,0.22507806252506102,0.32812916644639695,1.0,0.38551434834647696,0.8602075718043768,-0.4195488219441642,0.4584732894153613,0.41356684623862133,-0.02155826124665076,0.6057531284293093,-0.20171404308709112,0.3468351481292044,0.04425868500853532,0.010329934784563835,0.28377237493795454,-0.06916431584264335,0.28377237493795454,-0.322298142218432,0.04152480213629568,-0.5257384416769468,-0.555560516015469,0.030787099353784868,0.32058758755600747,0.8169803707582817,0.4352033971788483,0.6621696697781402,-0.454584542235082,0.3729413779288982,0.34459401860857264,-0.18094964115329173,0.4612941317683221,-0.17060494166670942,0.1519189905007917,-0.023065906606379347,-0.06294827201750582,0.009767712594046676,0.023466198046083592,0.41994753008769836,-0.27168819101935643,0.14400839377851168,-0.3841687106105393,-0.4172168775115732,-0.19993368030009154,0.40447660047575246,0.8593949277197177,0.3325607421559494,0.6080674875698345,-0.2973802497568412,0.35382830921316893,0.3989839434799533,-0.29717404278161963,0.35572086341343323,-0.2843212402004635,0.15449684236131467,0.09276178791161176,-0.03334972991129665
-0.25150067225022915,-0.3962094092220906,0.12958838813355697,-0.014607576652894073,0.8228458405061663,0.312025836722246,-0.6621212923076292,0.6309600001138901,-0.36865381811978626,0.38551434834647696,1.0,0.08916102720223544,0.3204293230957046,-0.24637009621245487,0.2670621728426755,0.24800041840260487,0.6021808211067905,0.09730886500171872,0.47096956141936386,0.7077880425560098,-0.17887887855530787,0.5282953058425673,-0.4379320599504463,0.5282953058425673,-0.0046745967387313075,0.7409326274514424,0.13498285557211076,-0.7123815063240049,0.6214692893460201,-0.34192776148111587,0.2779297597988069,0.9113355091487656,-0.029080112166409874,0.2086860156432507,-0.3145156946638294,0.3641701027165062,0.20385071326018886,0.46246277201485225,-8.739983761972321e-05,0.3829510991721938,0.5185259763565331,-0.2018615742115596,-0.4019796916911987,-0.47240565266216483,0.580851021101712,0.008577163487111251,0.7790568851480718,0.2173470489901999,-0.5727226245447968,0.5082345561148232,-0.3418604580267591,0.23541568136098384,0.9174441769309056,-0.11182754071615271,0.38018452101690187,-0.31766735930686935,0.13876124465608872,0.12063824252793405,0.657465879194129,-0.20266300740135626,0.5123781448024044,0.5232664102956924,-0.22673133906671777
0.15273935541506314,0.48894770666466275,0.5064021692819459,-0.06298165568764527,-0.009832339316607836,-0.16331080131478679,-0.04897639731218811,0.0033361860793973287,0.5319733309223613,0.8602075718043768,0.08916102720223544,1.0,-0.6273607426453545,0.38407067897890984,0.5350921931736802,-0.1728214739505938,0.4803667406051405,-0.29864256987241533,-0.07728001586286214,-0.10058341478014159,0.029985657570270052,0.1499918638493781,0.18390256147869666,0.1499918638493781,-0.27812060172847936,-0.24089733249674014,-0.6947268147085163,-0.29678885678085987,-0.17678000830179977,0.5333260559128841,0.6577397258130283,0.1257668977145673,0.7897825754452428,-0.7085309381997776,0.2711458817209875,0.4120157288487359,-0.3620414055169318,0.37387907208981347,-0.23607102880806782,-0.22061777755103124,-0.12480352185006656,-0.058360641693165856,0.27262635145919517,0.2427394184652974,0.25791179367875994,-0.22160530895583128,-0.08766083264551022,-0.5904747825714008,-0.19526587083035044,-0.3958436879647478,0.5665127492271544,0.6961738769469339,0.07509676375196969,0.7880354604861085,-0.49792310049130795,0.23010144700417826,0.5045395336245135,-0.5087064114607572,0.21755714789229427,-0.26380073707061646,-0.2144872169845013,-0.0663645151509528,-0.045681354610747016
0.09247733680594089,-0.18918845219209218,0.02030018084734324,0.26036577429089813,0.24821479041380917,0.5475030281431275,0.08241040145582446,0.2738376781825618,-0.40951061060631583,-0.4195488219441642,0.3204293230957046,-0.6273607426453545,1.0,-0.17842990217792712,-0.20084026912604833,0.45683184124478554,-0.17310585965969416,0.36963824180266663,0.3520786122366756,0.2873526573502249,0.16232737712134446,-0.038814377408366435,-0.17993003202238408,-0.038814377408366435,0.49899026861122936,0.3403772367082523,0.8418035364845436,0.15603506206215353,0.3269473720345077,-0.46588899645699305,-0.4661275709350145,0.2745612503986821,-0.6091751536944932,0.8761639037165496,-0.19273460531015646,-0.18915730540163486,0.6119534120698461,-0.1936749643244897,0.28945056945794273,0.30799604363465233,0.19457754900602434,0.18804064046379207,-0.11352845401112624,-0.19709081093055364,0.11510005502109748,0.38037834400471293,0.257490858088132,0.7806941500856426,0.21290483065937557,0.6254594297915629,-0.3650178830631754,-0.4774838828399886,0.203216461432263,-0.6905862487832295,0.8472702575330814,-0.21985082254598504,-0.19962363915792056,0.5869522608136633,-0.02675184692478922,0.21841809420647051,0.5180335979291157,0.2270143865670341,0.12466670850357717
0.23774606011360896,0.6894484355320101,0.6864709448492509,0.15865422442966168,-0.2696120665573505,0.17476944335222244,0.36833755645836475,-0.021773333228043562,0.45305915291097026,0.4584732894153613,-0.24637009621245487,0.38407067897890984,-0.17842990217792712,1.0,0.15066042755463413,0.25224784638083375,0.027572455348234253,0.13763698048609135,0.25885177446438234,-0.33624999911271014,0.3190640247721714,-0.0755494030016797,0.4224580878507036,-0.0755494030016797,0.02094134530327716,-0.3989615998930823,-0.11483927013628771,0.24794897509293126,-0.20283795445611444,0.31162394197973964,0.3152643738612413,-0.21054990947382438,0.2938990417368852,-0.23807831636433607,0.9052325597873944,-0.00751302161191629,0.1900167092521353,-0.0223902531970426,0.24456033043124917,0.07946717396977378,-0.31271948613370604,0.2817013381944386,0.487221990333432,0.5282103632025188,0.0773852958609542,0.00012363987880952806,-0.34737232172922783,0.003758062720053611,0.30143634675006803,-0.1802152013256778,0.5411307657441463,0.38330054125304075,-0.2682843973323873,0.24291569741647165,-0.12425486962208522,0.624549345351846,0.28913935803034646,0.047828080633154975,-0.23800344053392258,0.20711905251366855,0.04145689949074116,-0.035735403826672396,0.27941376021191655
0.1961221586770613,0.2762674679207913,0.25399104171018555,0.07263228046972413,0.09187843111549396,-0.0820474557137887,-0.00208775472824673,-0.01775106088493237,0.502348665367258,0.41356684623862133,0.2670621728426755,0.5350921931736802,-0.20084026912604833,0.15066042755463413,1.0,-0.06832459390535013,0.679182744502911,-0.13309902059408452,0.13284638512174995,0.2624520496097153,0.3358506682985013,0.3142235704582695,0.4577380225727602,0.3142235704582695,0.18324693771203057,0.06673236451429304,-0.3179364390094658,-0.1482174642086545,0.09467152512027405,0.42479296509109904,0.4059277531110049,0.2721519405383572,0.5573565985809139,-0.3961502745016535,0.08887957286803433,0.9207959427917342,-0.06809833666069255,0.6126630438698862,-0.04698629490239748,0.03339944825847112,0.3502779996645238,0.2833947052561669,0.325382259510718,0.3285062837548507,0.2468709495960995,0.2833571292971305,0.2399103922770114,-0.23197677990010976,-0.00914752289663835,-0.051633924634922786,0.47435141150421506,0.3171686683969729,0.25960398060915446,0.4536460855096038,-0.02133195756669221,-0.021689904102054205,0.8617046907670332,-0.35189349664795844,0.6044999008025971,-0.06901424302744136,0.1158999308878536,0.3336984284460129,0.24588035658040672
0.5145380698979043,0.3668749245084179,0.4533435201329652,0.5833965953870786,0.304772824677203,0.7914041210467675,0.3659587989688863,0.32005587509448796,-0.10024048403261314,-0.02155826124665076,0.24800041840260487,-0.1728214739505938,0.45683184124478554,0.25224784638083375,-0.06832459390535013,1.0,-0.1088136167960691,0.31024415919282194,0.20324414588089068,0.18168682909097575,0.3108897308509096,-0.007839835698737918,-0.08455912117018716,-0.007839835698737918,0.45684328994417256,0.11979237512004817,0.5603111835344304,0.22560862929839046,0.21845955553049845,-0.2507742734612049,-0.29226855405086144,0.16227679582485166,-0.300075233696954,0.2900150456993013,0.06857735879026551,-0.10044001248779891,0.8160656579119224,-0.25356299388160014,0.2506554275728426,0.09345231239898551,0.12409143076114058,0.24101183704465015,0.2365478584251376,-0.08417881378576163,0.055749958099265674,0.36139450745520885,0.15563282766497583,0.6496338824003796,0.36825160393507334,0.35165065856851674,-0.0692000244303143,-0.3211680636694763,0.14779842655957698,-0.38492978967904606,0.4828287023036929,-0.05329260275703873,-0.09212528382620612,0.6331054299499498,-0.04262017957416398,0.0903943994532178,0.2880644542039921,0.25143514602361894,0.1804523142315168
-0.1542712970400377,-0.04651857125453654,0.2234707578839029,-0.3301201856247741,0.44532719241604424,-0.03418613309706973,-0.5077162013947022,0.2479273538772968,0.12207725718025852,0.6057531284293093,0.6021808211067905,0.4803667406051405,-0.17310585965969416,0.027572455348234253,0.679182744502911,-0.1088136167960691,1.0,-0.020260471141140237,0.41254477273300205,0.4588011035217208,0.1552363343938006,0.3795060933544382,0.04303793455528546,0.3795060933544382,-0.2375388269988647,0.42102178534852575,-0.26740680688711316,-0.5489781419705448,0.31313923235268754,0.19005468120638164,0.6339825263891686,0.6186290054240173,0.4708953471183933,-0.2549785008425274,0.03265137040887311,0.6772095580257408,-0.07100747634558034,0.9250169724512519,0.00512132292920146,0.24345690961095437,0.4694867208482127,0.14365919632679072,0.02008449669217228,0.033164335358980786,0.5487891109856811,-0.16151045539337797,0.49751835911497705,-0.16411113063520769,-0.4436720791985479,0.06611577957392654,0.21863172015483512,0.5645232952190039,0.6103780834533096,0.3843035146751852,0.07889266110582717,-0.00611532615917797,0.6153763168234062,-0.2581346667912808,0.8611152262362591,-0.06309180329636711,0.37314392714249855,0.4542106325696112,0.15532783098225592
0.3425744251304025,0.05066898595938644,0.43993773082834003,0.31321503274493373,0.19481262537247085,0.5515817162217563,0.13097072996769563,0.29299151903798176,-0.26249216970424655,-0.20171404308709112,0.09730886500171872,-0.29864256987241533,0.36963824180266663,0.13763698048609135,-0.13309902059408452,0.31024415919282194,-0.020260471141140237,1.0,0.18623544230588082,0.42506720954675864,0.0845458919331166,0.10428838729629865,0.14778571686306272,0.10428838729629865,0.3946309325065618,0.34071515942980907,0.6369015029206622,0.2686154248995132,0.42783829630272513,-0.24590888791229262,-0.1385454567636711,0.08226058982906805,-0.29434248535033986,0.27525247394841373,0.16257257917286072,-0.1554419891613423,0.38341836296104315,-0.08821295546485278,0.9289613655854286,0.20076625206935386,0.25047956928081233,0.09931587403751706,0.3120093833986998,0.12004243485225405,0.47884700736049046,0.2631401938887061,0.19015595189464649,0.6882169867308456,0.3771527920414321,0.4292216384168763,-0.048776767701902965,-0.14907390878085924,0.19558363966971462,-0.4132081273287946,0.5687657873108399,0.12160436218088705,0.07074908125312904,0.35338693907486973,0.020278376317430402,0.7241444638749058,0.32221241472178314,0.562686576536236,0.15376426031385731
-0.36495717310151027,-0.17279240511227656,0.21461103261353742,-0.1375166480555859,0.2844390466213006,0.20886725126396882,-0.35804233274001585,0.4015395737862375,-0.1335315752288982,0.3468351481292044,0.47096956141936386,-0.07728001586286214,0.3520786122366756,0.25885177446438234,0.13284638512174995,0.20324414588089068,0.41254477273300205,0.18623544230588082,1.0,0.24048920709752025,0.1384308452997833,0.2539474508006817,-0.2127598211094269,0.2539474508006817,0.009851387698528445,0.45012224135728457,0.2508419066350455,-0.3096868291638681,0.4712450056612705,-0.13461342941100396,0.4508187763806027,0.5773874326033768,0.039887949886628915,0.3939198609776668,0.3374186584387516,0.18704807189011083,0.35976729511856287,0.335439613229196,0.1849339713669038,0.8938377773631676,0.22900295252297634,0.192654322209363,-0.16999976675819553,-0.11316826415344852,0.3716377198873301,0.010669139271296512,0.3749636592420285,0.3238738131448967,-0.15901536402832242,0.4222467277732604,0.016593670756008257,0.4583403699326648,0.41199295816425646,-0.12106961605091958,0.40497180613299716,0.33319514372438075,0.1598276525147331,0.2649435731850665,0.3729298948817974,0.017859857868574535,0.8566446217220923,0.40768715616062223,0.21333228048245256
-0.032755480196525695,-0.42586632911445144,0.062014444001413434,0.12382752085757943,0.7325986946019025,0.29698770058508533,-0.5026318622788053,0.4590255737432572,-0.5008135921427871,0.04425868500853532,0.7077880425560098,-0.10058341478014159,0.2873526573502249,-0.33624999911271014,0.2624520496097153,0.18168682909097575,0.4588011035217208,0.42506720954675864,0.24048920709752025,1.0,-0.09494557319283023,0.41804727122051566,-0.17359936814436597,0.41804727122051566,0.21742177541532237,0.835771227207633,0.3079179186582569,-0.4210969124474599,0.6060787487134215,-0.4086637747358687,0.0067991976787856725,0.6531433223009361,-0.18485132678514946,0.18068648804595414,-0.35044735760106616,0.44442478603946467,0.15715879310498607,0.35708663572255545,0.33768101883022567,0.26258300989539446,0.8258933120362978,-0.10873369569177159,-0.19932615617208096,-0.38646780148933013,0.5551078252729665,0.1874743348993175,0.8533389158308461,0.323431398129471,-0.2777291377439949,0.4726176050216378,-0.39438223510465487,-0.03376411539662142,0.7852981086646372,-0.25717921723781195,0.4733243536336747,-0.46058092075729756,0.15375216685519572,0.11008231100292079,0.7087842384210058,0.1793116859273514,0.36727673930081944,0.8142015542504462,-0.0764508508347385
0.4326317332938894,0.5852169692654505,0.263727158030191,0.25098942393500345,-0.12946829322395786,0.22507473242146636,0.3800705280212293,-0.3388418075594178,0.36650878613301396,0.010329934784563835,-0.17887887855530787,0.029985657570270052,0.16232737712134446,0.3190640247721714,0.3358506682985013,0.3108897308509096,0.1552363343938006,0.0845458919331166,0.1384308452997833,-0.09494557319283023,1.0,0.022991300284364937,0.605076084930316,0.022991300284364937,0.47485160904748414,-0.16768104607436485,0.3029527601531912,0.4376352120432366,-0.20850118555515734,0.2782302962681534,0.02535662963966713,-0.11178373699778685,0.19040127497611214,0.09275834793547788,0.3082261750172955,0.2136196667116201,0.37234660372739853,0.17183544870263248,0.15221126535286847,-0.027376732746860238,-0.05645700626203641,0.9780493547186345,0.48315543577273634,0.5100337592263344,-0.04095990739966371,0.5315782308015191,-0.09034169338553759,0.33641353697900406,0.4769160876357919,-0.08991529581310366,0.49581030536423026,-0.06444610643271263,-0.1197157697481223,0.04004302494909953,0.3368979383956518,0.12551579590994458,0.4725547689567911,0.2982287588996425,0.0832886649045305,0.2251206885734321,0.27296888432967314,0.1762681551829369,0.9526981611762118
-0.03858179876204702,-0.19054087308301232,0.07626477989148082,0.19175124116105483,0.3977840664786101,0.1930525814863882,-0.3992361376673139,0.42881276185471584,-0.20409112499342383,0.28377237493795454,0.5282953058425673,0.1499918638493781,-0.038814377408366435,-0.0755494030016797,0.3142235704582695,-0.007839835698737918,0.3795060933544382,0.10428838729629865,0.2539474508006817,0.41804727122051566,0.022991300284364937,1.0,-0.015708869036954273,1.0,0.1435289681022029,0.33415018683971626,0.041195992340616605,-0.38328031479908203,0.4584218761837717,-0.2552945088040214,0.28123980269196786,0.41295906957880457,0.11825023894537866,-0.0910819472707804,-0.0808562181068899,0.39260318722117554,-0.001227371358762506,0.28274461881941954,0.03296333869560567,0.21497710979037105,0.2548020127943488,-0.028419471231253067,-0.16078039807062297,-0.13949954271232964,0.2322509881852452,0.13432629888988254,0.43449711293624077,0.11408563218665795,-0.2573865531255481,0.3142325605311984,-0.11970582058761228,0.2103760435884773,0.7087822991520714,0.012495707975158745,0.09891931789119347,-0.09573245899386759,0.25452683462260267,0.005009530575278613,0.4378777488950887,0.022453996372592117,0.2538987375714513,0.4790599444819542,-0.005583796109373953
0.48674342881846894,0.5691218281354278,0.21924927860020765,0.21748007210087228,-0.4103616457345245,-0.11600836990125692,0.5305837374178974,-0.3972860783732037,0.5257293954488079,-0.06916431584264335,-0.4379320599504463,0.18390256147869666,-0.17993003202238408,0.4224580878507036,0.4577380225727602,-0.08455912117018716,0.04303793455528546,0.14778571686306272,-0.2127598211094269,-0.17359936814436597,0.605076084930316,-0.015708869036954273,1.0,-0.015708869036954218,0.2922093993561731,-0.4392334614089235,-0.06469652469093899,0.5790181883655856,-0.2943714081998144,0.4557477086463947,-0.02031806358240955,-0.407182591153701,0.28019020316608295,-0.32373167352853727,0.3780996901610034,0.27047781186698494,-0.019866062155438482,0.15196095655430525,0.30091079772853246,-0.2895180292607249,-0.14892979853350216,0.5809901224734013,0.6837140851845623,0.8257189801903315,-0.08877507051167405,0.3521424349717205,-0.3123909707294557,-0.0446761606839974,0.5883973770756903,-0.22764879402978294,0.6378190368372195,-0.07242510710000148,-0.3131165014078405,0.1627227247536711,-0.0656893926516401,0.26244622278222896,0.5535308956318011,-0.15241078703608324,-0.08369205121279984,0.37927624282921113,-0.1401628801444396,0.05382973005430358,0.5766650543309204
-0.03858179876204702,-0.19054087308301232,0.07626477989148082,0.19175124116105483,0.3977840664786101,0.1930525814863882,-0.3992361376673139,0.42881276185471584,-0.20409112499342383,0.28377237493795454,0.5282953058425673,0.1499918638493781,-0.038814377408366435,-0.0755494030016797,0.3142235704582695,-0.007839835698737918,0.3795060933544382,0.10428838729629865,0.2539474508006817,0.41804727122051566,0.022991300284364937,1.0,-0.015708869036954218,1.0,0.1435289681022029,0.33415018683971626,0.041195992340616605,-0.38328031479908203,0.4584218761837717,-0.2552945088040214,0.28123980269196786,0.41295906957880457,0.11825023894537866,-0.0910819472707804,-0.0808562181068899,0.39260318722117554,-0.001227371358762506,0.28274461881941954,0.03296333869560567,0.21497710979037105,0.2548020127943488,-0.028419471231253067,-0.16078039807062297,-0.13949954271232964,0.2322509881852452,0.13432629888988254,0.43449711293624077,0.11408563218665795,-0.2573865531255481,0.3142325605311984,-0.11970582058761228,0.2103760435884773,0.7087822991520714,0.012495707975158745,0.09891931789119347,-0.09573245899386759,0.25452683462260267,0.005009530575278613,0.4378777488950887,0.022453996372592117,0.2538987375714513,0.4790599444819542,-0.005583796109373953
0.518084224947167,0.3002740057564052,0.2310476303388016,0.8353008262440351,0.09310801689308291,0.5054889264643939,0.41196143069724644,0.01041910216843552,0.02058501566780746,-0.322298142218432,-0.0046745967387313075,-0.27812060172847936,0.49899026861122936,0.02094134530327716,0.18324693771203057,0.45684328994417256,-0.2375388269988647,0.3946309325065618,0.009851387698528445,0.21742177541532237,0.47485160904748414,0.1435289681022029,0.2922093993561731,0.1435289681022029,1.0,0.11377040130427035,0.6348998660364908,0.4397892505392396,0.18615622623732467,-0.14951102701218635,-0.30108916383185075,-0.05146975351306958,-0.12059376275087608,0.3518903086728482,-0.0014498534066043403,0.1296561754556854,0.5778618322161887,-0.28252044146121913,0.34388967054568176,0.07698682276813794,0.1706063262746028,0.4271328067546023,0.381399733644113,0.19709907368863844,0.14982997433029788,0.9285337838542825,0.12556098180054617,0.6327910235733236,0.5871754228724918,0.3670061339026832,0.0828439115022168,-0.3763305501247881,0.07445044535285882,-0.34673068868630746,0.5485345509794156,-0.11354316995442076,0.2939244642937376,0.4945238561374106,-0.1114514681576756,0.36259410080009297,0.2719784596746392,0.42984846716992314,0.42320567736644854
-0.3552884687706949,-0.5747162241854323,-0.05425617727319449,-0.06836786783039184,0.8170955768446776,0.1700219076562622,-0.7031215372719458,0.4699257952488759,-0.6386887207419075,0.04152480213629568,0.7409326274514424,-0.24089733249674014,0.3403772367082523,-0.3989615998930823,0.06673236451429304,0.11979237512004817,0.42102178534852575,0.34071515942980907,0.45012224135728457,0.835771227207633,-0.16768104607436485,0.33415018683971626,-0.4392334614089235,0.33415018683971626,0.11377040130427035,1.0,0.338495389203925,-0.5760594899384526,0.6876564231133167,-0.56006339617904,0.13261763876279506,0.7616012729096092,-0.2322023678632547,0.3076610783518145,-0.3347441054279982,0.2742033135895487,0.1605495773960802,0.32329268973948216,0.22157832056382903,0.4708224922969554,0.7728413773967866,-0.1516310375825817,-0.4440246253270123,-0.539859627016113,0.5428730782720572,0.09081185001140023,0.9217036938864157,0.3185241200994976,-0.4574751547246322,0.5295838449878535,-0.5357034607250036,0.10172346478449039,0.7697276644827764,-0.33425562613046966,0.473033129976584,-0.3516500853256999,-0.02187962615837126,0.18055469563386656,0.6580592347810792,0.0378342576809028,0.5505291268752944,0.6863079645229335,-0.11449028483726663
0.27841426514771433,-0.06179733464965497,0.09879305378466796,0.432440734800427,0.24676344430243105,0.7052812352645207,0.19582657058969657,0.3002061875111618,-0.4400359983384945,-0.5257384416769468,0.13498285557211076,-0.6947268147085163,0.8418035364845436,-0.11483927013628771,-0.3179364390094658,0.5603111835344304,-0.26740680688711316,0.6369015029206622,0.2508419066350455,0.3079179186582569,0.3029527601531912,0.041195992340616605,-0.06469652469093899,0.041195992340616605,0.6348998660364908,0.338495389203925,1.0,0.3508584781786959,0.41730434785956394,-0.48051382742184434,-0.5046331683534739,0.09156942305421716,-0.5968058051907064,0.7350694464892698,-0.08848980400020702,-0.29585081456141915,0.7260930640730872,-0.3235114441827111,0.5274475918108875,0.24563374547447944,0.21189574765724742,0.3242847271884331,0.07327802965905221,-0.09881695925417879,0.13797328648049542,0.48602998321263374,0.2293847892651316,0.957597341647994,0.42205988685015816,0.6724763068344987,-0.3106948004587083,-0.5348793846860763,0.1645713339520139,-0.6816247554005918,0.8659419219376852,-0.17548095625964275,-0.2083702353423434,0.6813386783228582,-0.103398555654112,0.45530818717426336,0.4939723688443048,0.39805267007611644,0.3151719625065753
0.6497966102670112,0.5093981292041591,0.09030641923170048,0.36359412333805685,-0.6283446763620867,0.1397326930586366,0.8663854463467874,-0.3552274392345262,0.30119904867838093,-0.555560516015469,-0.7123815063240049,-0.29678885678085987,0.15603506206215353,0.24794897509293126,-0.1482174642086545,0.22560862929839046,-0.5489781419705448,0.2686154248995132,-0.3096868291638681,-0.4210969124474599,0.4376352120432366,-0.38328031479908203,0.5790181883655856,-0.38328031479908203,0.4397892505392396,-0.5760594899384526,0.3508584781786959,1.0,-0.2923334532611346,0.2514946592926907,-0.49223090092218563,-0.67810780051183,-0.12009833851416109,0.1136637863752971,0.2581838007379935,-0.29667290528761053,0.33428056984133375,-0.4288087226401489,0.3142081981959191,-0.27550811056803837,-0.3581790222087046,0.46329570093914463,0.6886898980870455,0.6507197687942281,-0.31807722173149316,0.4017685065481801,-0.6180206583223996,0.31763334410443506,0.9354381597982301,-0.04322666361995265,0.3724145122707812,-0.5319785888670254,-0.6533641228744935,-0.19243345331571365,0.16594263913660637,0.14237645546085717,0.06382017646046512,0.2805530929441835,-0.5734127787411879,0.5102398829368485,-0.1878126753510869,-0.142685095958731,0.43755580738317157
-0.1093516530101339,-0.32843811110768867,0.12046832707644549,0.11390530408693252,0.6227524399206628,0.4055333942297586,-0.3784464546480151,0.8607946236775532,-0.4296643104195124,0.030787099353784868,0.6214692893460201,-0.17678000830179977,0.3269473720345077,-0.20283795445611444,0.09467152512027405,0.21845955553049845,0.31313923235268754,0.42783829630272513,0.4712450056612705,0.6060787487134215,-0.20850118555515734,0.4584218761837717,-0.2943714081998144,0.4584218761837717,0.18615622623732467,0.6876564231133167,0.41730434785956394,-0.2923334532611346,1.0,-0.3684663901420809,0.13748835015234087,0.593837319416137,-0.07947457713645187,0.17272816795553542,-0.12914225979539462,0.17780540555534038,0.3750595263046262,0.15361540605070426,0.2663412200372094,0.4620643664447631,0.5119225224867442,-0.1866681456745511,-0.14952289517759423,-0.2382427043587209,0.5436018290747782,0.09984201629664656,0.630361355055034,0.45132396000962743,-0.11384220133357346,0.8719606592990584,-0.2680594868275636,0.09288092122922333,0.6785856673039233,-0.19649042255671512,0.48684235260658526,-0.11036899198363968,0.08334191312306684,0.20988388823391096,0.4008296931942425,0.20794936160018612,0.6027367716271063,0.654375575326789,-0.15876675049348843
0.1892258602284074,0.4854284969278769,0.22702156485186648,-0.11068202832202796,-0.5616635097208197,-0.25915467927986857,0.33228712901815194,-0.33599594265432464,0.9139765057692252,0.32058758755600747,-0.34192776148111587,0.5333260559128841,-0.46588899645699305,0.31162394197973964,0.42479296509109904,-0.2507742734612049,0.19005468120638164,-0.24590888791229262,-0.13461342941100396,-0.4086637747358687,0.2782302962681534,-0.2552945088040214,0.4557477086463947,-0.2552945088040214,-0.14951102701218635,-0.56006339617904,-0.48051382742184434,0.2514946592926907,-0.3684663901420809,1.0,0.41084006107842963,-0.19476342594648371,0.6965807202628118,-0.42138178743866106,0.33084705795199965,0.20345693661827877,-0.2299483676808308,0.2576207285367095,-0.13303952148552242,-0.2086127244641854,-0.40606773100755417,0.2893468289389862,0.5187492777012405,0.6396318178342321,0.1069185371099934,0.033933661764578335,-0.5596525555591093,-0.38137004999373125,0.2398365689888609,-0.3939651827313917,0.886108834106161,0.3639960382512198,-0.3644911016967362,0.7409648518855245,-0.28885179592268684,0.35123798381210897,0.593842341634961,-0.34541083234014835,-0.07116732351636801,-0.10999081109350177,-0.18441480185280287,-0.2743429620024997,0.291225901264864
-0.35512556178279014,0.12382443400986896,0.32774468293365316,-0.2986559315482505,0.09033383793670709,-0.25602399669887527,-0.45152120420717645,0.10330324086033711,0.3356831945307641,0.8169803707582817,0.2779297597988069,0.6577397258130283,-0.4661275709350145,0.3152643738612413,0.4059277531110049,-0.29226855405086144,0.6339825263891686,-0.1385454567636711,0.4508187763806027,0.0067991976787856725,0.02535662963966713,0.28123980269196786,-0.02031806358240955,0.28123980269196786,-0.30108916383185075,0.13261763876279506,-0.5046331683534739,-0.49223090092218563,0.13748835015234087,0.41084006107842963,1.0,0.4710303863665214,0.7927369370751015,-0.3892867399489141,0.44067223145763573,0.3734826986653615,-0.19149462344062756,0.5868395701396951,-0.11995613260929028,0.3374173828176317,-0.025096787088441305,0.019505553559058354,-0.016621945238092434,0.1673942696056773,0.5095472713626508,-0.17731132041626796,0.11793032996490461,-0.39310061311121175,-0.37879207459718534,-0.15404983732887254,0.48574073072917,0.9533997540526238,0.29502609937433427,0.6333511382130075,-0.21845376062556995,0.5032974478808141,0.5362208772173434,-0.2768609446155462,0.41403795427405715,-0.18833648856701637,0.31173939852899973,0.14708529975702678,0.10690474086037698
-0.35542630003037723,-0.3679899748573343,0.13613203460170137,-0.1378226808315485,0.6966482449048869,0.1646307886790062,-0.6907520330325754,0.5148242490431344,-0.29531724094848966,0.4352033971788483,0.9113355091487656,0.1257668977145673,0.2745612503986821,-0.21054990947382438,0.2721519405383572,0.16227679582485166,0.6186290054240173,0.08226058982906805,0.5773874326033768,0.6531433223009361,-0.11178373699778685,0.41295906957880457,-0.407182591153701,0.41295906957880457,-0.05146975351306958,0.7616012729096092,0.09156942305421716,-0.67810780051183,0.593837319416137,-0.19476342594648371,0.4710303863665214,1.0,0.13681251120269664,0.22273576695912517,-0.1882668475431794,0.38704434002671817,0.19003880289701922,0.5186985470261016,0.009798909265121298,0.4909570230145285,0.5034304840163053,-0.11749646466342027,-0.3564952416970674,-0.3658301809682255,0.632576258650234,0.017475464309439897,0.7384724666071499,0.156484644297663,-0.5228371102596957,0.44911486138763523,-0.18938462388794855,0.40952010532713484,0.8177978467254687,-0.0107778824814448,0.417821497872209,-0.14733751676650253,0.20811584634151867,0.11063959428602281,0.6983944565958736,-0.24314114250879518,0.6139078622761592,0.497380269009387,-0.11034397207012651
