Fp1,Fz,F3,F7,FT9,FC5,FC1,C3,T7,TP9,CP5,CP1,Pz,P3,P7,O1,Oz,P8,TP10,CP6,CP2,C4,T8,FT10,FC6,FC2,F4,F8,Fp2,AF7,AF3,AFz,F1,F5,FT7,FC3,FCz,C1,C5,TP7,CP3,P1,P5,PO7,PO3,POz,PO4,PO8,P6,P2,CPz,CP4,TP8,FC4,FT8,F6,F2,AF4,AF8,O2,P4,C6,C2
1.0,0.3802826074543753,0.21124943527857382,0.11293522514551108,-0.5571633575927614,-0.06832404691406373,0.6660257203730691,-0.292132382323605,0.13104428448821703,-0.5476619892159839,-0.664332867478288,-0.0969930233740399,0.129759909190676,-0.07284585279730177,0.5140303422639728,-0.0994786089216629,0.26716546992687745,0.10073211128887632,-0.3465256175790584,0.04799289015736085,-0.19183217315712348,0.07484421016046057,0.46845936930175247,0.07484421016046057,0.0818993310314931,-0.5800804740806756,0.0011700021340230844,0.6709531014994466,-0.18419969631901412,0.1017900012573824,-0.5463308330062567,-0.6708855145778462,-0.08771700275904433,0.16647923595845876,0.0167621081436991,0.49956547566296516,-0.08072352167875133,0.19818685744546066,0.03326341353102917,-0.45489267049842347,-0.04057246287563785,-0.1045942278631833,0.8513722603190204,0.5286849830012121,0.017532039438797335,0.14825958583265766,-0.5414818687013887,0.04566110137112742,0.6740683777027033,-0.11285009702729006,0.17652149828120758,-0.5085180598631021,-0.4766820815778108,-0.04698494439178415,0.1639364531594873,0.0367355413302872,0.5438172175508127,-0.0947377720734899,0.21164002099080362,0.030285006772924075,-0.44657269415242196,-0.03662187888471789,-0.16183078459319003
0.3802826074543753,1.0,0.6192149177700891,0.1445745480038101,-0.5848106247917882,-0.3914846103660282,0.7148510703881303,-0.2952982652801239,0.6770550797797771,0.16263628806619823,-0.6527018842908157,0.46394120270545036,-0.18211462226873643,0.546793164146524,0.5308572030449635,-0.34985134292478365,-0.3450922733616767,-0.17345151950575308,-0.4428513182383214,-0.4577138402884999,-0.4182735222501472,0.5086129383387106,0.9335373189590354,0.5086129383387106,0.10850171844328024,-0.6332631819312396,-0.381194933368224,0.6028835565497114,-0.30662428309690726,0.5782935831412552,0.15893444219111363,-0.6704906292667249,0.4560908346645188,-0.18350262697028683,0.5536151738085192,0.3700549915346855,-0.30179532128611386,-0.3452988321642266,-0.15699546475980045,-0.34496841975736897,-0.5081290936856565,-0.3787413602859905,0.5243605668826495,0.8561284914276369,0.35287802696541504,0.1463267050445201,-0.5882616444819575,-0.4042153225347162,0.5850766098749997,-0.37237638124586653,0.5705512407948125,0.1787430617306271,-0.7714307787651673,0.4514117963621048,-0.30017291599760065,0.561036482408293,0.26459783326748765,-0.4024320455133608,-0.3473706643757824,-0.17734990120346616,-0.6286384825279173,-0.49943670658126593,-0.46082197656088697
0.21124943527857382,0.6192149177700891,1.0,0.1126406008554313,-0.223227971623227,-0.3162277939779692,0.3617392232222712,-0.09991682192062092,0.23561547384495016,0.22971983805346108,-0.5688295450644708,0.3994815533816885,-0.13515292948171417,0.27576006792440116,0.32767600837851407,-0.6636440668094894,-0.1628598296852631,0.04764626232770522,-0.30318877579822723,-0.07338539474443244,-0.16577794285582978,0.906367249332276,0.7116607261646093,0.906367249332276,0.19763295687265636,-0.21692780128430078,-0.2476571316336069,0.3140028520622254,-0.03518821688695289,0.20026910736005613,0.23319942015423625,-0.4944272042834217,0.3477507158564493,-0.10383728737845374,0.3250506565319515,0.3026921555474826,-0.5573676990007231,-0.09870317822332929,0.11803689741344259,-0.0865130096073417,-0.1148914750478878,-0.09955195272257614,0.3643940768102227,0.7382455650394887,0.846615071883658,0.21883025043565107,-0.17400649981778007,-0.2024625784679421,0.4083794892874036,-0.09330250503340314,0.20330998360056288,0.3064824428108174,-0.5605108690746449,0.3966657053238248,-0.08888094265844274,0.3264745774732465,0.3704070358684095,-0.6625734486083124,-0.13652550276129347,0.10557598020269877,-0.32372984903070007,-0.12458763524078162,-0.16125537655468447
0.11293522514551108,0.1445745480038101,0.1126406008554313,1.0,0.264747257618369,0.15711461189257572,-0.048131511920416675,0.2068207070631919,-0.11730347737709909,0.06444977153157395,0.009387834413348216,-0.04585921460262385,0.21898058310690321,-0.23541717714651844,0.2379992974217798,-0.16963215113033367,0.032216253009460585,0.013076771084886559,0.13733482518255555,0.16126224343476614,0.23555337327212408,-0.001781489271248438,0.20563805506152977,-0.001781489271248438,0.9185880309088991,0.19001295994763426,0.14810325736441932,-0.14969770798804674,0.28322252793410657,-0.20084768261185332,-0.00520578281901205,-0.09942202852646335,0.03697499555911976,0.2260949776540215,-0.0943135000855314,0.17784692792687049,-0.10491662912170567,-0.0024291001538627025,0.06524785622567282,0.15460299505549566,0.22371924283465738,0.17895222450222287,0.1605662539626778,0.06758854594243538,0.11953234544363904,0.850444664601868,0.26826632938861106,0.09988606392504375,-0.023840210978718683,0.2925288599367304,-0.17886519177833513,-0.007084567689915267,0.0168448755690045,-0.02439885653986865,0.042024974493753614,-0.22057558317317555,-0.049632786980536435,-0.1717481642939776,-0.12250177001122382,-0.004394180660026927,-0.06286412403525897,0.15054080723784635,0.15865262396187335
-0.5571633575927614,-0.5848106247917882,-0.223227971623227,0.264747257618369,1.0,0.4813204918468212,-0.5864654407988485,0.42821202046681334,-0.6722942208811805,0.05877201692957058,0.6145853913880073,-0.15092586680105635,0.3542001433787561,-0.5844579005640097,-0.3836665464627301,0.18089138148674822,0.18213957838943426,0.04265083314981292,0.6338318261498523,0.2423492509285488,0.4520968533720261,-0.16153695263403817,-0.5574323344169444,-0.16153695263403817,0.2234527863186114,0.9555359145722818,0.47890300449767714,-0.5913253402981173,0.3972078095246659,-0.6268971037607206,0.038129865023212015,0.5779376008575159,-0.11427527291131519,0.2828588851097208,-0.5781527098108443,-0.3374501428075028,0.1860784847319918,0.21576794266096275,0.11370687039855883,0.5965085126647105,0.33355566472184395,0.3924771510775299,-0.6769127041539152,-0.6565304418609912,0.022961344122839816,0.12766780056205154,0.9400800015081923,0.4141789153476427,-0.4997316808650112,0.38994381027141556,-0.6710126905202262,0.04517082957942786,0.5757827495936636,-0.12003015162473712,0.3180097206785843,-0.6441808071118079,-0.344096057031998,0.19530735193044368,0.0743360039717138,0.07009335831980436,0.6689310141623614,0.248887267122272,0.4115421952366427
-0.06832404691406373,-0.3914846103660282,-0.3162277939779692,0.15711461189257572,0.4813204918468212,1.0,-0.005459642896957301,0.5346633170597268,-0.6998243584544701,-0.5839896039915426,0.23124389943558038,-0.6144299114310501,0.7290235587761873,-0.13840017412700892,-0.48260325119178127,0.6217212957909024,0.2939271140338941,0.615119587006951,0.5612169731228874,0.39701554921365523,0.0980148587514467,-0.3475901204179998,-0.46569567426766806,-0.3475901204179998,0.05002267015545493,0.5094176737374528,0.9363647301732523,0.02525654791696026,0.5140989798598276,-0.7316797725103825,-0.5626509040810839,0.09556123225849902,-0.5787707640441827,0.6500766165442831,-0.16392247296248325,-0.4607000891930097,0.5321416698496939,0.29195025520682616,0.6381729178888266,0.37339382181844005,0.35063492584510364,0.08703393175132529,-0.2634977666112651,-0.29480917698064574,-0.3023561925604409,-0.059053783798918694,0.4902391327042685,0.8963828031046411,0.09562907998093775,0.5734726834440413,-0.7337265050336619,-0.6256444664996833,0.2870420097527038,-0.6368451065588563,0.6043012748536992,-0.251991034319058,-0.5726180337910223,0.5205874492593913,0.15402305288388685,0.5237140097485492,0.42507747733779777,0.2096527253148474,0.09595192531119845
0.6660257203730691,0.7148510703881303,0.3617392232222712,-0.048131511920416675,-0.5864654407988485,-0.005459642896957301,1.0,-0.33056050917454727,0.2575512804528132,-0.5005929255187649,-0.8101090147455876,0.05741669810714172,0.2558807370444022,0.4469792221813163,0.2859249020960013,0.08755609474587643,-0.09244572417122086,0.17501978117611797,-0.44140699843517966,-0.38986031387188025,-0.4390881080025904,0.3103152627494964,0.6691760444081832,0.3103152627494964,-0.04824619441632804,-0.6008023588408175,0.040353579309009215,0.958327661779828,-0.25941037030486835,0.17415372505535895,-0.42210957651008835,-0.834514170372558,0.12430522714044182,0.30732977957818264,0.48225759323843703,0.21685881612366273,0.10324532006996408,-0.1206143381316505,0.11850603222375557,-0.46209515287774133,-0.5378428787738534,-0.3605072057249329,0.5978280847006031,0.701234924691781,0.06776304392073518,0.036791650823587346,-0.5843732491089708,0.045112118173122946,0.9470991220269249,-0.2685106116126539,0.23032348854764387,-0.44648211145425915,-0.8411950436120166,0.12841451967530276,0.21957558569747151,0.47651462898344754,0.19372148669934028,0.03917800840632972,-0.11292858980843165,0.09610781402329742,-0.5681196562032218,-0.5219618546139133,-0.3853232958271557
-0.292132382323605,-0.2952982652801239,-0.09991682192062092,0.2068207070631919,0.42821202046681334,0.5346633170597268,-0.33056050917454727,1.0,-0.3511303934824411,0.0035016089580769414,0.3491452124028044,-0.25134995165532986,0.26158285924899016,-0.17082498238693894,-0.29370646140892326,0.11252483462764609,-0.04046550908161133,0.20941192431887506,0.4363030334929437,0.40641537043890524,-0.011757084558603517,-0.0712215996235874,-0.2822763749456072,-0.0712215996235874,0.20748128527707915,0.3963299506075127,0.4270979317161562,-0.3253130288850382,0.851544667521293,-0.3478243550029051,-0.005996859988737174,0.3356424963120752,-0.2764171723191212,0.14378957348769322,-0.2191681442555733,-0.3193707053212714,0.08466305517804389,-0.0032391386922742795,0.2925684939800981,0.4143755838738907,0.4765245235234608,-0.061525378835609615,-0.3289217869712215,-0.17804978100532268,0.056742373659056926,-0.10527176416561076,0.40014575025044646,0.3434689211926295,-0.2940769192678111,0.8224631906996978,-0.32686453780738306,0.01183304858950136,0.397693901532569,-0.22065567825841434,0.1535996208287316,-0.1845427782126706,-0.4026559581110562,0.09633831009170617,-0.10972976113452146,0.29695567391035316,0.3139963722093335,0.4390623775026497,-0.07779049525030703
0.13104428448821703,0.6770550797797771,0.23561547384495016,-0.11730347737709909,-0.6722942208811805,-0.6998243584544701,0.2575512804528132,-0.3511303934824411,1.0,0.5513072830903326,-0.19646408401313392,0.5711613515874179,-0.6916494987456508,0.4949774382638877,0.5158451525214541,-0.34885155315010674,-0.29812902540352787,-0.45552702647877674,-0.38860327877605133,-0.3733170537353421,-0.17271984412018,0.21624011547088925,0.604589688043563,0.21624011547088925,-0.10683051823138537,-0.6701745523378855,-0.7318032678973269,0.22088685595382515,-0.42498513150802597,0.956705959806408,0.5676005393470721,-0.14354027780263326,0.5402561751290128,-0.6577824094650774,0.45945499215122204,0.4347327944655945,-0.3090674065949405,-0.29527423952600035,-0.47167875478610205,-0.27103345920618366,-0.3628519046750835,-0.16597948274905672,0.35224174809566106,0.5159086630041755,0.14134873112463864,-0.042841808350602785,-0.6432439824009049,-0.7209460257135059,0.1138540247732982,-0.4581031090285711,0.9560512404285489,0.5429253853357197,-0.3196179701304038,0.5105360956683601,-0.7319428822682125,0.4591999906827153,0.36096393910683916,-0.3962761442822957,-0.17955279814316893,-0.4622365722109716,-0.46940013088184757,-0.3274132214922075,-0.22774477261468556
-0.5476619892159839,0.16263628806619823,0.22971983805346108,0.06444977153157395,0.05877201692957058,-0.5839896039915426,-0.5005929255187649,0.0035016089580769414,0.5513072830903326,1.0,0.3794284378071838,0.5977038630128979,-0.7249453716758552,0.10163402435257424,0.2094430560276532,-0.5175785464423476,-0.23449538985582472,-0.49680693775055207,-0.0004115778090958609,-0.11556881668477333,0.20323273826061117,0.26106035370873776,0.12671613925177647,0.26106035370873776,0.07408841760041714,0.053801501976740336,-0.6414608695871258,-0.5401434454307954,-0.12385466149003921,0.5838019051527227,0.9583242049870967,0.45494962074723655,0.5439051897904542,-0.7349494506332594,0.08351354892034255,0.16308100078687,-0.4544634340446666,-0.17965142554385075,-0.4492617495496461,0.20687457833747078,-0.011783537558841213,0.13666496971370787,-0.26623472842338797,-0.017202140590945936,0.38151839622403017,0.08430161327793197,0.06722393698470695,-0.6354703325184491,-0.5793681094480798,-0.1881736805947558,0.49222801581129394,0.9647598233949501,0.2308503463436894,0.518722129760199,-0.7606269282491015,0.04049190106259706,0.11980090805898652,-0.5425046155669188,-0.13268276223905467,-0.4393171996400621,0.02848177024997881,-0.011575328511320595,0.11387493003658918
-0.664332867478288,-0.6527018842908157,-0.5688295450644708,0.009387834413348216,0.6145853913880073,0.23124389943558038,-0.8101090147455876,0.3491452124028044,-0.19646408401313392,0.3794284378071838,1.0,-0.03301626256633975,-0.091016476318647,-0.3406822003658893,-0.2292553539331837,0.31000244343982586,0.1697513278532753,-0.09452642183490004,0.6232504660776146,0.27959131879940186,0.4799118790279999,-0.47221854018856174,-0.7367983450205208,-0.47221854018856174,-0.07878694111050331,0.6531398498703088,0.11699863701611218,-0.7473466271259062,0.1867352340275074,-0.1294759284598967,0.3317899459834894,0.939750174416454,-0.054507059795587134,-0.15062499523256542,-0.3530289469065591,-0.15762447243918315,0.2766376864645607,0.19513652842317744,-0.12043590830895377,0.5703710423300778,0.3689118881912867,0.3734468982527072,-0.7385950664044537,-0.7935958524540289,-0.27472093093786165,-0.13973642824935373,0.593088203761624,0.10951415807266172,-0.7734230318909386,0.23881017410344207,-0.216887438291267,0.2705803316106087,0.913765313606229,-0.1534971501223584,-0.14956803368751959,-0.48341981013156277,-0.2679350911907911,0.24813245016336188,0.12190827515778506,-0.17628272294346684,0.6272841165991538,0.2699989467469495,0.38386113893590995
-0.0969930233740399,0.46394120270545036,0.3994815533816885,-0.04585921460262385,-0.15092586680105635,-0.6144299114310501,0.05741669810714172,-0.25134995165532986,0.5711613515874179,0.5977038630128979,-0.03301626256633975,1.0,-0.5615172513821787,0.137377801561878,0.48835836617978035,-0.6031099517006328,-0.08388774378918827,-0.5591880976811243,-0.40296843937351784,-0.5706339733799268,-0.16908863067400026,0.4099219970649716,0.44108734113639203,0.4099219970649716,-0.0106261908336202,-0.14830607478444424,-0.5673398644898507,0.0167771577470903,-0.2075707085896061,0.5894021904323632,0.5688218487807457,0.0027944607347705525,0.9070777278175217,-0.60692512887006,0.14707344790196886,0.44781849724606926,-0.5206036834230755,-0.08643262357078076,-0.48174238873197134,-0.2788822381123877,-0.4784094722891692,-0.19640481799190926,0.013878017893929187,0.31692825411784026,0.47444807059809735,0.01497840086274036,-0.12707572659735958,-0.6131357213063203,-0.010901187772468023,-0.34186681072645986,0.5427254584169245,0.5846365632031797,-0.15503187430640272,0.92465009290083,-0.5404942144644116,0.1371042354500583,0.3669653035446327,-0.509873061753242,-0.07577790990293516,-0.37768001948951635,-0.4290711141174182,-0.39446820621458656,-0.2113424965360956
0.129759909190676,-0.18211462226873643,-0.13515292948171417,0.21898058310690321,0.3542001433787561,0.7290235587761873,0.2558807370444022,0.26158285924899016,-0.6916494987456508,-0.7249453716758552,-0.091016476318647,-0.5615172513821787,1.0,-0.10205988513102411,-0.32139441067671903,0.5224354197988401,0.04742522683288182,0.5641653342210095,0.33958379183825604,0.24481437439369308,-0.0845245869376783,-0.13782620211967572,-0.1597765792471098,-0.13782620211967572,0.1693511222954067,0.3586466064738385,0.7162251446575695,0.21153497589421882,0.28395634181350476,-0.7361214890778834,-0.6917468651955364,-0.20460294645188848,-0.4986968278923785,0.9500660337625939,-0.015653118068398097,-0.29914991563794285,0.48717502712955646,0.01990283834354371,0.5595814315590961,0.17457158622011387,0.1848696857801255,-0.0810860637637848,-0.07234991223736649,-0.13000047888938954,-0.16422419160519164,0.08348335378720359,0.34138437136327276,0.6450620006148453,0.33523175859770415,0.31728181129954575,-0.7023789526652237,-0.744134975965624,-0.06730323562036353,-0.5466466159421,0.8842794631747629,-0.12019212254011727,-0.39611212626726944,0.4863488142931416,-0.09349404306286511,0.49480304348625875,0.224680727217384,0.11431755756203184,-0.04030869885291875
-0.07284585279730177,0.546793164146524,0.27576006792440116,-0.23541717714651844,-0.5844579005640097,-0.13840017412700892,0.4469792221813163,-0.17082498238693894,0.4949774382638877,0.10163402435257424,-0.3406822003658893,0.137377801561878,-0.10205988513102411,1.0,0.013647428048779137,0.09394708502524096,-0.45670548383214044,0.2122893139599318,-0.31058001323078305,-0.3154413742150832,-0.406349867539012,0.2709761326332717,0.4306892955648635,0.2709761326332717,-0.1895021539077769,-0.4927228277311279,-0.17125906763051757,0.4142582135156501,-0.20082609788654152,0.4308795634688239,0.15917009766469598,-0.35107275428505214,0.16095261163442492,-0.05519115718562731,0.9233865537543868,-0.024642691071620353,0.11189571505791722,-0.4673842303007577,0.1823101223684425,-0.24396565423993397,-0.4347598009214419,-0.3808878435163406,0.18084582645696984,0.5227772225084604,0.05512056085377658,-0.17008308904794955,-0.5143464315580067,-0.19847843882182914,0.40046476516803853,-0.27434850549024403,0.4025774819955834,0.07053741362792136,-0.4722023886449254,0.06491015568247525,-0.18540085648303206,0.8985686636418101,-0.17610166530766536,0.02393009696482044,-0.3559095150262313,0.18638171354488994,-0.3917174736568836,-0.42397712150253564,-0.3955810375054986
0.5140303422639728,0.5308572030449635,0.32767600837851407,0.2379992974217798,-0.3836665464627301,-0.48260325119178127,0.2859249020960013,-0.29370646140892326,0.5158451525214541,0.2094430560276532,-0.2292553539331837,0.48835836617978035,-0.32139441067671903,0.013647428048779137,1.0,-0.3660722922617154,0.12548148147242771,-0.18318949293914458,-0.353960798775952,-0.1692477378491229,-0.0994440072362539,0.26075467142923436,0.5518066878433667,0.26075467142923436,0.11569341945056871,-0.41336600584270833,-0.4534797012852846,0.2552173819517544,-0.37863806056618454,0.5431879371876481,0.18314314755401465,-0.26835962078192555,0.48082633448538437,-0.30179164765312294,0.1025745587196875,0.9333509725471485,-0.2675526896263947,0.0990692719958669,-0.2431171999243173,-0.35954851887621725,-0.19782960097952376,-0.09092204584017019,0.5102071565483096,0.46592149719906195,0.2761930063699869,0.22127416480910445,-0.3395822801388277,-0.4282598219784625,0.2361703283036452,-0.37181595575876875,0.46916706989695117,0.16856175698550088,-0.19137235573017206,0.43694957031065235,-0.3548057196302928,0.00451553917755707,0.7940052969745339,-0.3910425996511673,0.06209629338199872,-0.2855743450347448,-0.5026559869697378,-0.21338916450943582,-0.17788978172503256
-0.0994786089216629,-0.34985134292478365,-0.6636440668094894,-0.16963215113033367,0.18089138148674822,0.6217212957909024,0.08755609474587643,0.11252483462764609,-0.34885155315010674,-0.5175785464423476,0.31000244343982586,-0.6031099517006328,0.5224354197988401,0.09394708502524096,-0.3660722922617154,1.0,0.04607952646543106,0.4414331624723203,0.48165681041568015,0.11649470217407724,0.0752084751937429,-0.6018225415171905,-0.49189512740766456,-0.6018225415171905,-0.2738115528226837,0.20325357735483174,0.5485524783880639,0.15722539991990936,0.006819905013262576,-0.367237272742395,-0.45935314136245176,0.21804233075872542,-0.47459633539132606,0.516123057645587,0.09596387112550082,-0.32994231764737,0.9341273181473693,0.02577701872162516,0.31084075962980057,0.30019711441991476,0.008269248627265639,0.06936188866365438,-0.301008964279207,-0.46477062736024083,-0.718024283362944,-0.26480320531113716,0.1408531852943402,0.5350291106471072,0.09605146741993041,0.07717564941772109,-0.3720611185400335,-0.580087173621023,0.22833849906974116,-0.6109360111464718,0.4489408226534067,-0.0007850146555355208,-0.42491215696478873,0.8985685027653335,-0.013595347761547721,0.23120501237685906,0.4146981438797318,-0.0651013735369528,0.06420120704860278
0.26716546992687745,-0.3450922733616767,-0.1628598296852631,0.032216253009460585,0.18213957838943426,0.2939271140338941,-0.09244572417122086,-0.04046550908161133,-0.29812902540352787,-0.23449538985582472,0.1697513278532753,-0.08388774378918827,0.04742522683288182,-0.45670548383214044,0.12548148147242771,0.04607952646543106,1.0,0.20868001030305838,0.05401115208217033,0.32847218972901965,0.18376009102900148,-0.18745420232037138,-0.3310621515681378,-0.18745420232037138,-0.028809628959874666,0.21587520899040583,0.34349513837324336,-0.017050206865957315,0.09597805459401788,-0.22894217613573153,-0.18888672219065636,0.11622182697453459,-0.049117577814532985,0.016049254861653973,-0.4339847205008767,0.1945986876106518,0.03931430147941041,0.9724588415345319,0.11935540218011596,-0.08225375921915533,0.27972381935771734,0.1693718681521006,0.031829073794927984,-0.17506148276408626,-0.01995087822239498,0.10473169002236939,0.24077427981029997,0.42256665039514385,0.0045094088454515095,0.20694430373615916,-0.3116553564925531,-0.30509263545425497,0.3301425638122135,-0.1492299427206636,0.1254336064407392,-0.6098335895015105,0.23619148947922564,-0.06260271315104798,0.930742570996629,0.05537924055210794,0.08338727986821942,0.19235119491047606,0.20778414437429144
0.10073211128887632,-0.17345151950575308,0.04764626232770522,0.013076771084886559,0.04265083314981292,0.615119587006951,0.17501978117611797,0.20941192431887506,-0.45552702647877674,-0.49680693775055207,-0.09452642183490004,-0.5591880976811243,0.5641653342210095,0.2122893139599318,-0.18318949293914458,0.4414331624723203,0.20868001030305838,1.0,0.20598978421776568,0.5450977304451096,-0.1071656269301379,0.04581866973901551,-0.16877204026795575,0.04581866973901551,-0.007138966806481535,0.16882693672171006,0.613533442620657,0.2786906046110135,0.2421015577390101,-0.4836372220606012,-0.4333233772044918,-0.18398688926871495,-0.4709897933828171,0.5780961239010856,0.24952064475774108,-0.07654244982832634,0.5148049042949784,0.22613284337280798,0.9002634820445938,0.1399490979057051,0.3437468884484054,-0.06648731546899653,0.034741596814720783,0.06073996675463543,-0.06174954192031233,-0.004979668317905433,0.18417269887320073,0.6134244894531968,0.3396373881357247,0.2733597449804045,-0.46342390146340173,-0.5310313112553333,0.02994787903247179,-0.6402050697498511,0.5556586369670299,0.10666107504960108,-0.19716086351398948,0.35390165846467336,0.13350518195326377,0.7534696683460721,0.14730445630356828,0.2163720557436989,-0.07615449579487646
-0.3465256175790584,-0.4428513182383214,-0.30318877579822723,0.13733482518255555,0.6338318261498523,0.5612169731228874,-0.44140699843517966,0.4363030334929437,-0.38860327877605133,-0.0004115778090958609,0.6232504660776146,-0.40296843937351784,0.33958379183825604,-0.31058001323078305,-0.353960798775952,0.48165681041568015,0.05401115208217033,0.20598978421776568,1.0,0.5001121930221668,0.45891009807694594,-0.36724861259087227,-0.4731538754260913,-0.36724861259087227,0.07176071512209879,0.6218631669553515,0.48842163653515075,-0.380589796790412,0.2971202412251136,-0.3826251252609099,-0.020677177433417744,0.6055372448695329,-0.44624307008042,0.2632095695079867,-0.32292571186353586,-0.2992608941697071,0.39794609157064054,0.10480892426308291,0.27033552380672865,0.9121345839014745,0.5699572505582421,0.42277950651861085,-0.44275522169896375,-0.5535860705169569,-0.25608532046276916,-0.03652891753943775,0.5957708385825741,0.504090352591726,-0.36437254625586196,0.41934933154095166,-0.39580100283274783,-0.030089413674338577,0.5363685844651358,-0.47153357018851844,0.23462822327044383,-0.33807125552568495,-0.35615092107797586,0.4594259897530813,-0.01292659532712366,0.2118441986867391,0.8960120515361519,0.47368255783549834,0.37177183737944974
0.04799289015736085,-0.4577138402884999,-0.07338539474443244,0.16126224343476614,0.2423492509285488,0.39701554921365523,-0.38986031387188025,0.40641537043890524,-0.3733170537353421,-0.11556881668477333,0.27959131879940186,-0.5706339733799268,0.24481437439369308,-0.3154413742150832,-0.1692477378491229,0.11649470217407724,0.32847218972901965,0.5450977304451096,0.5001121930221668,1.0,0.23939859438979677,-0.08961676789514926,-0.3429672463492812,-0.08961676789514926,0.16781973696450414,0.3025201061132899,0.3725633532235166,-0.28930420259701156,0.4099512939381056,-0.34719675499892644,-0.129593921901885,0.2914849718727899,-0.5515770113317708,0.2121718635564695,-0.24982361375899495,-0.05687600139579706,0.17713849956752536,0.3710451894618505,0.4865361497506325,0.4686638313987083,0.9233739338616352,0.24779363625733386,0.02200579751859137,-0.21113547068621608,0.043140873688987405,0.07829453139371681,0.3138596866393518,0.3851242610225077,-0.2229505985695025,0.49601377211178044,-0.3314368908728878,-0.15415355133975936,0.4581438033823631,-0.6708121024304625,0.25212816392412163,-0.3783176915786772,-0.0678140150749542,0.015056701512888218,0.3044540005238684,0.36997768547479526,0.5037626790989875,0.781819959003142,0.2156983292192575
-0.19183217315712348,-0.4182735222501472,-0.16577794285582978,0.23555337327212408,0.4520968533720261,0.0980148587514467,-0.4390881080025904,-0.011757084558603517,-0.17271984412018,0.20323273826061117,0.4799118790279999,-0.16908863067400026,-0.0845245869376783,-0.406349867539012,-0.0994440072362539,0.0752084751937429,0.18376009102900148,-0.1071656269301379,0.45891009807694594,0.23939859438979677,1.0,-0.17340731432437886,-0.39078984108705056,-0.17340731432437886,0.21307535962884544,0.4811714919324461,0.1072616045073728,-0.41849095697075944,-0.041003505493587465,-0.09334306788344919,0.21497438395422447,0.5302780666063396,-0.1422308699533385,0.01827114394858336,-0.3583334069520834,-0.0003752725933500018,0.05038362974451087,0.1939211777818824,-0.10506534948492507,0.47361441264646703,0.2858815807269038,0.9795248818199884,-0.21616033850078215,-0.45436114980924597,-0.037381801932730364,0.28398235595648735,0.41021909016581987,0.13967568238035957,-0.3702768838077481,0.09345542070983351,-0.15913099632052494,0.22326522972148882,0.4392159914319077,-0.08850076870039539,-0.06930704456128117,-0.45065632997566496,0.05428237363810107,0.03898338114137918,0.22287263596032836,-0.19802713054589505,0.5031714396580061,0.17106533580906252,0.962487694010419
0.07484421016046057,0.5086129383387106,0.906367249332276,-0.001781489271248438,-0.16153695263403817,-0.3475901204179998,0.3103152627494964,-0.0712215996235874,0.21624011547088925,0.26106035370873776,-0.47221854018856174,0.4099219970649716,-0.13782620211967572,0.2709761326332717,0.26075467142923436,-0.6018225415171905,-0.18745420232037138,0.04581866973901551,-0.36724861259087227,-0.08961676789514926,-0.17340731432437886,1.0,0.6241135429369422,1.0,0.12633269936712715,-0.1495736315840462,-0.28056831850600994,0.28722764363631953,-0.03765147366979565,0.19510156105715734,0.3041331773940034,-0.3708451230142314,0.44627052676080803,-0.06701725283734754,0.3511463499928583,0.28144346981965684,-0.44189054379996645,-0.09600636401445058,0.0538083511202579,-0.09987945011231715,-0.18370413556057544,-0.10329603033798015,0.21995793024169627,0.6442849670041342,0.8904385066885409,0.16787035692503013,-0.1210347259624632,-0.2448149689666009,0.3843235357529886,-0.11243649164498061,0.21456499408397417,0.3565651646694635,-0.45678046694685787,0.4438239995165538,-0.03766858893144532,0.2834776945390213,0.39320471574976684,-0.6531790002187347,-0.13782163211114135,0.013702900272664484,-0.29912783480912,-0.2208297730799451,-0.13503759907109522
0.46845936930175247,0.9335373189590354,0.7116607261646093,0.20563805506152977,-0.5574323344169444,-0.46569567426766806,0.6691760444081832,-0.2822763749456072,0.604589688043563,0.12671613925177647,-0.7367983450205208,0.44108734113639203,-0.1597765792471098,0.4306892955648635,0.5518066878433667,-0.49189512740766456,-0.3310621515681378,-0.16877204026795575,-0.4731538754260913,-0.3429672463492812,-0.39078984108705056,0.6241135429369422,1.0,0.6241135429369421,0.26217399172987854,-0.6059341227723775,-0.37898832920637576,0.578171901105997,-0.2036603370701892,0.5280418719595477,0.13000136558473072,-0.687716156994794,0.45220196199355256,-0.13556683011356988,0.47663017510290545,0.4616032296242447,-0.401362672523882,-0.3175327034450762,-0.11105330554011816,-0.32863153633274383,-0.36101581099828495,-0.3223342782808497,0.6517248438342327,0.8983634594597694,0.499239723238032,0.28563061245783256,-0.5291577672560954,-0.400599904176948,0.602956856963106,-0.27152962104733824,0.555117662774531,0.18712462197419621,-0.7696360911626551,0.4697515840408131,-0.17378963846250242,0.5271741680942529,0.40979400088750495,-0.4670144840513861,-0.30615437079107666,-0.08695624416544301,-0.5876682404295159,-0.32100069351183624,-0.3917033051366404
0.07484421016046057,0.5086129383387106,0.906367249332276,-0.001781489271248438,-0.16153695263403817,-0.3475901204179998,0.3103152627494964,-0.0712215996235874,0.21624011547088925,0.26106035370873776,-0.47221854018856174,0.4099219970649716,-0.13782620211967572,0.2709761326332717,0.26075467142923436,-0.6018225415171905,-0.18745420232037138,0.04581866973901551,-0.36724861259087227,-0.08961676789514926,-0.17340731432437886,1.0,0.6241135429369421,1.0,0.12633269936712715,-0.1495736315840462,-0.28056831850600994,0.28722764363631953,-0.03765147366979565,0.19510156105715734,0.3041331773940034,-0.3708451230142314,0.44627052676080803,-0.06701725283734754,0.3511463499928583,0.28144346981965684,-0.44189054379996645,-0.09600636401445058,0.0538083511202579,-0.09987945011231715,-0.18370413556057544,-0.10329603033798015,0.21995793024169627,0.6442849670041342,0.8904385066885409,0.16787035692503013,-0.1210347259624632,-0.2448149689666009,0.3843235357529886,-0.11243649164498061,0.21456499408397417,0.3565651646694635,-0.45678046694685787,0.4438239995165538,-0.03766858893144532,0.2834776945390213,0.39320471574976684,-0.6531790002187347,-0.13782163211114135,0.013702900272664484,-0.29912783480912,-0.2208297730799451,-0.13503759907109522
0.0818993310314931,0.10850171844328024,0.19763295687265636,0.9185880309088991,0.2234527863186114,0.05002267015545493,-0.04824619441632804,0.20748128527707915,-0.10683051823138537,0.07408841760041714,-0.07878694111050331,-0.0106261908336202,0.1693511222954067,-0.1895021539077769,0.11569341945056871,-0.2738115528226837,-0.028809628959874666,-0.007138966806481535,0.07176071512209879,0.16781973696450414,0.21307535962884544,0.12633269936712715,0.26217399172987854,0.12633269936712715,1.0,0.17952644145879176,0.12435868335623011,-0.11078590920493087,0.4072018486677915,-0.1638753818161737,0.03195615571324994,-0.09178265988035358,0.087755994084644,0.21965676818192817,-0.04791596611950011,0.14320676103103502,-0.1697002361799464,-0.03796346321489566,0.08171068140935556,0.16907751214928998,0.2552683973678452,0.18172993491724207,0.1890280568695118,0.11616098349050523,0.21385257814390252,0.9076813237510113,0.2622525070285558,0.07641770073438886,0.036197883724240806,0.4047811863764561,-0.1016631169492429,0.053878362728565936,-0.06355605453436611,0.05482631511979688,0.11078351638037473,-0.1018643233310977,-0.027989135452295998,-0.18494151127602795,-0.11075353438601758,0.08709416573030485,-0.024149896097397577,0.25230757030282436,0.19824198094117768
-0.5800804740806756,-0.6332631819312396,-0.21692780128430078,0.19001295994763426,0.9555359145722818,0.5094176737374528,-0.6008023588408175,0.3963299506075127,-0.6701745523378855,0.053801501976740336,0.6531398498703088,-0.14830607478444424,0.3586466064738385,-0.4927228277311279,-0.41336600584270833,0.20325357735483174,0.21587520899040583,0.16882693672171006,0.6218631669553515,0.3025201061132899,0.4811714919324461,-0.1495736315840462,-0.6059341227723775,-0.1495736315840462,0.17952644145879176,1.0,0.5077922511215412,-0.5677896592459478,0.3880974218695906,-0.6122649065861017,0.03125013095906381,0.6153539541924719,-0.1118681507935971,0.31426014943457886,-0.46786666392337245,-0.29965835346411207,0.23342916993478138,0.24979763929883655,0.22681144533508693,0.5951095531700873,0.3726975529609454,0.4237515306505535,-0.6890724740160501,-0.6524186823464271,0.03520271526045216,0.1009696512406265,0.9668484465834156,0.4605400662882396,-0.4648760823375659,0.3927628917998481,-0.6472809769959919,0.027451862050648947,0.626496029968036,-0.15530349626435352,0.3589703961637612,-0.5703185007443995,-0.3519468255377426,0.21786629803324065,0.11810917017680968,0.16148691875179363,0.6795723994201047,0.26361393018530915,0.4639762450764198
0.0011700021340230844,-0.381194933368224,-0.2476571316336069,0.14810325736441932,0.47890300449767714,0.9363647301732523,0.040353579309009215,0.4270979317161562,-0.7318032678973269,-0.6414608695871258,0.11699863701611218,-0.5673398644898507,0.7162251446575695,-0.17125906763051757,-0.4534797012852846,0.5485524783880639,0.34349513837324336,0.613533442620657,0.48842163653515075,0.3725633532235166,0.1072616045073728,-0.28056831850600994,-0.37898832920637576,-0.28056831850600994,0.12435868335623011,0.5077922511215412,1.0,0.09622589067225532,0.5560740445281478,-0.7293303898303259,-0.6094521245212635,0.03702151327760447,-0.5077371465335694,0.6538961159889138,-0.19076799061638516,-0.3832849154135555,0.4932695629691634,0.35410021645608813,0.6796517807298663,0.32174806522895905,0.34855101870871086,0.13106658353673942,-0.1671705221709517,-0.2268478666481247,-0.2503653947519346,0.02464964033076954,0.511048169599323,0.92900687600385,0.18435709390499774,0.5971310962619122,-0.7477669896940804,-0.6484856624836732,0.19553352420030315,-0.5544298794124968,0.6862776324693116,-0.2347533168177501,-0.4711771095031244,0.5296549367719026,0.23331271165045286,0.6265793247365858,0.42099478606189383,0.2701765991145496,0.14545107358966716
0.6709531014994466,0.6028835565497114,0.3140028520622254,-0.14969770798804674,-0.5913253402981173,0.02525654791696026,0.958327661779828,-0.3253130288850382,0.22088685595382515,-0.5401434454307954,-0.7473466271259062,0.0167771577470903,0.21153497589421882,0.4142582135156501,0.2552173819517544,0.15722539991990936,-0.017050206865957315,0.2786906046110135,-0.380589796790412,-0.28930420259701156,-0.41849095697075944,0.28722764363631953,0.578171901105997,0.28722764363631953,-0.11078590920493087,-0.5677896592459478,0.09622589067225532,1.0,-0.2296504874855127,0.1484740165843401,-0.46427653611464503,-0.7557133352439389,0.09179383608135848,0.28708850366253136,0.45533643047478883,0.2559954471061528,0.1924792579874051,-0.018967421886585865,0.20168270444075148,-0.38900999949090354,-0.4573905766811649,-0.3262863059777284,0.5787934137412042,0.633925447665916,0.01494600108547822,-0.013536859127783409,-0.5494183757486882,0.13910376493273313,0.9624844339327808,-0.20590181188602655,0.23400190645441069,-0.47111653993111563,-0.7459079085936952,0.07592098505927218,0.254461792718928,0.4630698781328385,0.2484037582361296,0.13311353699411246,-0.03404456233848281,0.1793912281521794,-0.45395977157329004,-0.43919964825866764,-0.35118262856021304
-0.18419969631901412,-0.30662428309690726,-0.03518821688695289,0.28322252793410657,0.3972078095246659,0.5140989798598276,-0.25941037030486835,0.851544667521293,-0.42498513150802597,-0.12385466149003921,0.1867352340275074,-0.2075707085896061,0.28395634181350476,-0.20082609788654152,-0.37863806056618454,0.006819905013262576,0.09597805459401788,0.2421015577390101,0.2971202412251136,0.4099512939381056,-0.041003505493587465,-0.03765147366979565,-0.2036603370701892,-0.03765147366979565,0.4072018486677915,0.3880974218695906,0.5560740445281478,-0.2296504874855127,1.0,-0.41480320895261014,-0.12737848502352442,0.21826560021386823,-0.19228201992639868,0.1737754013121972,-0.22101776183662175,-0.3302305651998107,0.03339803897543891,0.12571401202688798,0.3833309892422083,0.31272853170245274,0.5159765274473124,-0.05950945094059097,-0.2107723870532583,-0.09166163726647093,0.10907364306514908,0.08823051944590553,0.4200952366675844,0.42504537050402197,-0.1597028315111463,0.9249853639709968,-0.380946471962274,-0.104053445719057,0.2770518763070561,-0.1655390779497661,0.2798363943043966,-0.16017333844115306,-0.4107444044765043,0.09265315627455221,0.0367983764503011,0.47482544703208235,0.24101933633956388,0.5513378993066633,-0.05069153580795014
0.1017900012573824,0.5782935831412552,0.20026910736005613,-0.20084768261185332,-0.6268971037607206,-0.7316797725103825,0.17415372505535895,-0.3478243550029051,0.956705959806408,0.5838019051527227,-0.1294759284598967,0.5894021904323632,-0.7361214890778834,0.4308795634688239,0.5431879371876481,-0.367237272742395,-0.22894217613573153,-0.4836372220606012,-0.3826251252609099,-0.34719675499892644,-0.09334306788344919,0.19510156105715734,0.5280418719595477,0.19510156105715734,-0.1638753818161737,-0.6122649065861017,-0.7293303898303259,0.1484740165843401,-0.41480320895261014,1.0,0.6129387194190165,-0.03588683753129935,0.5349520754087945,-0.6950080559733444,0.3735097852825262,0.4965045745125486,-0.3341602403799695,-0.21510877772494646,-0.4859246871881742,-0.2660203028566302,-0.31514114899077816,-0.087802761555102,0.3331468493504988,0.43755745856304623,0.15718663980376146,-0.07490322670413992,-0.5872663767240457,-0.7132182295035253,0.047343255093152965,-0.438696220057414,0.9227775796703656,0.5784904792103958,-0.2472525054897517,0.5319448963390937,-0.7279084405762638,0.39394882890999533,0.4319088118767963,-0.3936210669028711,-0.06025086463200232,-0.4574969010771484,-0.4141821034774238,-0.2667141176731057,-0.12688152755048074
-0.5463308330062567,0.15893444219111363,0.23319942015423625,-0.00520578281901205,0.038129865023212015,-0.5626509040810839,-0.42210957651008835,-0.005996859988737174,0.5676005393470721,0.9583242049870967,0.3317899459834894,0.5688218487807457,-0.6917468651955364,0.15917009766469598,0.18314314755401465,-0.45935314136245176,-0.18888672219065636,-0.4333233772044918,-0.020677177433417744,-0.129593921901885,0.21497438395422447,0.3041331773940034,0.13000136558473072,0.3041331773940034,0.03195615571324994,0.03125013095906381,-0.6094521245212635,-0.46427653611464503,-0.12737848502352442,0.6129387194190165,1.0,0.4421701586676778,0.5551886471736383,-0.6791661289314233,0.132042553622804,0.1556451201495238,-0.3925582693432472,-0.12423155246719161,-0.38378923965352646,0.19697199766061743,-0.040243272924626816,0.15851782413884136,-0.2550804001464856,0.0007251631646103808,0.4155878766591926,0.07566984251517156,0.06145982340168097,-0.6060468731672789,-0.5007024295255824,-0.20386740769199999,0.5150745734002513,0.9428734964273356,0.17543551978768349,0.5211570238431816,-0.7140059703715086,0.058464047592905445,0.13798486165696502,-0.50642159779595,-0.037681943918542106,-0.38003500600395723,0.016715291500300388,-0.032132113765043484,0.15669497992226128
-0.6708855145778462,-0.6704906292667249,-0.4944272042834217,-0.09942202852646335,0.5779376008575159,0.09556123225849902,-0.834514170372558,0.3356424963120752,-0.14354027780263326,0.45494962074723655,0.939750174416454,0.0027944607347705525,-0.20460294645188848,-0.35107275428505214,-0.26835962078192555,0.21804233075872542,0.11622182697453459,-0.18398688926871495,0.6055372448695329,0.2914849718727899,0.5302780666063396,-0.3708451230142314,-0.687716156994794,-0.3708451230142314,-0.09178265988035358,0.6153539541924719,0.03702151327760447,-0.7557133352439389,0.21826560021386823,-0.03588683753129935,0.4421701586676778,1.0,-0.00043915484739897605,-0.23877458297494766,-0.3504065927639148,-0.1544222973708562,0.20623960503955363,0.16473066840830208,-0.16550791799185044,0.6299950880032067,0.40927263516633694,0.45647622131628396,-0.6819041138740278,-0.7579279152736077,-0.16191348752103343,-0.14911412350282338,0.5584447127225046,0.033803120097151314,-0.7831435576523692,0.23901472798482462,-0.1137525305977416,0.3989125772211172,0.8578238713326801,-0.05881148780827525,-0.16504787996362838,-0.4253578602112959,-0.17251803550077033,0.2091091888749701,0.15584369504961085,-0.16292454286784513,0.6895696645555167,0.36731178470089615,0.47541866825830076
