Fp1,Fz,F3,F7,FT9,FC5,FC1,C3,T7,TP9,CP5,CP1,Pz,P3,P7,O1,Oz,P8,TP10,CP6,CP2,C4,T8,FT10,FC6,FC2,F4,F8,Fp2,AF7,AF3,AFz,F1,F5,FT7,FC3,FCz,C1,C5,TP7,CP3,P1,P5,PO7,PO3,POz,PO4,PO8,P6,P2,CPz,CP4,TP8,FC4,FT8,F6,F2,AF4,AF8,O2,P4,C6,C2
1.0,0.22649938996034807,0.03532288594085264,0.7657267092048543,-0.4126740842750998,0.301698621657954,0.7040703825902478,-0.4844673323119293,0.17253597440152763,-0.5404527605376634,-0.5475312017309145,-0.1796702231901557,0.17729711653624453,-0.3326219119322483,0.05332635169349286,0.10393108958857321,-0.47812245632207456,0.31080790261255037,-0.8143908272080064,-0.13886436736908067,0.39250373443448267,-0.06014497290763394,0.37654682257088995,-0.06014497290763394,0.5840892585275768,-0.23612278562498448,0.3537266055900835,0.6349982292510776,-0.14705252910819677,0.07832020682612202,-0.5983309024722978,-0.30996781635992166,-0.20631146015188415,0.1756635329505246,-0.31923016232661744,-0.03893722677907206,0.10084723735580961,-0.32174321273896106,0.3346574049937909,-0.8303811767301593,-0.16390511504597788,0.3326822948379566,0.5477296010942678,0.44111410523655886,-0.14188564060853454,0.5691420922518288,-0.23658269814612354,0.3933331853967181,0.5635673433957576,-0.18805991092617333,0.09527702591981003,-0.5989597610559547,-0.4856978028497873,-0.22448883514148224,0.09573438531707291,-0.3398718891186992,-0.03748958092028616,0.0341109243706803,-0.2841982954737963,0.3043052527173313,-0.8331131488457426,-0.23337347402060726,0.29757430259472073
0.22649938996034807,1.0,0.5661489508111296,0.329331694016098,-0.7846617782558659,-0.40809478141054334,0.5273005444490041,-0.5787609018056059,0.6761158839481562,0.10966438352180646,-0.6484372281579801,0.4499039233640183,-0.2759150325072155,0.598597638731836,0.010818555653816536,-0.34424893428832337,-0.1401790874615636,-0.17211588544381096,-0.017615418865959787,-0.6221947764893921,0.796465557006029,0.4762749126250392,0.3969166467060227,0.4762749126250392,0.3482587713911466,-0.8492567963572273,-0.35218195225138604,0.34098589912600036,-0.5551041752050194,0.5840192511799641,0.16914249746221768,-0.7920620280913899,0.3115941013315233,-0.389699926733636,0.5741737356251432,-0.47614215185655484,-0.37250091102140126,-0.5104922215010643,-0.17223511550322518,-0.12236181112211487,-0.5798967935028505,0.6136352190391974,0.28163971660301795,0.7240496369744752,-0.49902841504092615,0.26535813572168687,-0.8678181243333918,-0.22209715747343484,0.3591650109100067,-0.6328983761784478,0.4626564297328505,0.17435496438430526,-0.7268715822987017,0.3146301179967133,-0.3304286947580751,0.4875272991848453,-0.41163908604248184,-0.46288323729271863,-0.4015593663567606,-0.21249720152133214,-0.11250330160757593,-0.7102578100125257,0.581459839861342
0.03532288594085264,0.5661489508111296,1.0,-0.204817858044352,-0.2646728726235888,-0.11430491842763295,0.043695816012991155,-0.334276102196948,0.22013357144097265,0.2544100614483695,-0.289758685180823,0.41038697389881507,-0.32488891917886814,0.27212509124742085,0.2577246582014753,-0.6405875855747275,0.329853218802047,0.05759398775857087,0.3108242721676242,-0.031031432319132798,0.4906311282053529,0.6306429898971707,0.1574409246334604,0.6306429898971707,-0.3381391153542077,-0.1860627643571149,-0.19202998218728615,-0.03566015143580543,-0.6343929051688413,0.2552547208283794,0.19902012588513154,-0.24980015543155387,0.0727757249684237,-0.2947668288341186,0.31546593862391736,-0.0838892165205501,-0.6137043380630154,0.024589591781368367,0.026416597591822907,0.21207180158277592,-0.10474697654844468,0.30546183822424094,0.030031022013191702,0.40697800058411476,0.08107430661015261,-0.3131039407547751,-0.27303838667312225,-0.12112027410690346,0.3209001183398263,-0.4964982937467954,0.1269293462514186,0.18217342401450884,-0.23875084099713875,0.01765780206654757,-0.3038807684313103,0.1574370290248851,-0.07785561966520997,-0.7000810844377064,0.14676652430781362,-0.03957608211014973,0.21368075338856865,-0.2548243333868463,0.27060936813133135
0.7657267092048543,0.329331694016098,-0.204817858044352,1.0,-0.41178392427282523,0.2612966984955354,0.837301634554391,-0.4483474120677052,0.14276290067095537,-0.5561220809692802,-0.6125761029521493,-0.26058416679170066,0.34747546741216456,-0.11037341381928943,-0.19677311925296853,0.3387304040343616,-0.6653230846641754,0.1665431024905306,-0.6305796878583395,-0.36424421610770785,0.4869660161797048,-0.21047026950996292,0.23202091461229746,-0.21047026950996292,0.8487566402636416,-0.4458582638623871,0.3498544752856493,0.7163026360747401,-0.02677208424962374,-0.0009611803511904623,-0.5460287726203903,-0.5593804855176864,-0.1565283149539706,0.2736235033347282,-0.17357512494794017,-0.3181794460703894,0.250287646807226,-0.5746045067929237,0.2007438885642411,-0.6298225269989672,-0.3437407777186751,0.3662295605276215,0.351366527867622,0.3376199567327034,-0.4493739045593508,0.8248147774624253,-0.38464436982164363,0.4134024245273291,0.47108143156595816,-0.1494469385278177,0.09053873773572957,-0.5670676692902175,-0.6389506606948595,-0.19063600400803823,0.26532742931513525,-0.153863696831514,-0.3430579155948462,0.1999548468410336,-0.4741175269484762,0.1715533146072194,-0.6292277696221255,-0.4875627582278636,0.33387973546191696
-0.4126740842750998,-0.7846617782558659,-0.2646728726235888,-0.41178392427282523,1.0,0.33849672835679884,-0.6473041489108506,0.7744162809644343,-0.5991091150765996,0.18836044352462947,0.8275797685517265,-0.2956007278583578,0.22068000677119157,-0.5319138816115071,0.1854379373606364,0.1846538502619732,0.4565383392880992,-0.11706514047679027,0.3518359568038288,0.6148932494261319,-0.7092083332369766,-0.44789204395660565,-0.584703252614486,-0.44789204395660565,-0.46159356839973625,0.7525729747383515,0.13892937572172195,-0.5551922232677834,0.4853080290019973,-0.5628100787150855,0.09672161482080362,0.7791035328328033,-0.2256509196580966,0.3281929868908191,-0.47449971622382325,0.5216262420877144,0.23414703970719503,0.6975934357569735,-0.12740666809393145,0.4331988311232162,0.6124603811823466,-0.6826728567985031,-0.5804843804316057,-0.8670133081630148,0.4779828695236483,-0.38711864162554754,0.9079742915083684,0.031382360558177474,-0.5062409722805332,0.6074385075453874,-0.42999312587645044,0.034873620734201236,0.8113973258752177,-0.3052677906000043,0.2971591615581243,-0.5049860432971361,0.33951549879319504,0.16429720353134666,0.5793270571946925,-0.14503121130242566,0.4363982956544407,0.4456803113027372,-0.6744519393719723
0.301698621657954,-0.40809478141054334,-0.11430491842763295,0.2612966984955354,0.33849672835679884,1.0,0.22953812745920757,0.2252583036259967,-0.8016152013085863,-0.7090970802836329,-0.01865958650290903,-0.7881265099595408,0.7554210517589939,-0.41582877339847646,-0.4874551984644431,0.4815525930816371,-0.47628666800124836,0.6399317825737867,-0.07586651521721434,0.5227323532505238,-0.11168313470937964,-0.21423249624965549,-0.20892737760238647,-0.21423249624965549,-0.16205326782344434,0.45817739591107093,0.9116776180195915,0.334449763997561,0.48278280644590765,-0.6684898411755771,-0.714520453437696,0.160093669227099,-0.7338897494800729,0.755191800671345,-0.3094267236704431,-0.12149541475077354,0.5356616322497243,-0.07301588588348147,0.6230914015625151,-0.04422623805961789,0.36362545929644874,-0.1114968848721531,0.02666368269373358,-0.1934946562207885,0.1829775797132634,0.01657974837206781,0.33698285721081433,0.8318762240321592,0.2388729782744754,0.4315607457482218,-0.7100781319986973,-0.7719432271225884,0.05074229650214962,-0.8221088344545517,0.6856085918774961,-0.40618475667272996,-0.2559915631243216,0.410232350496936,-0.16612998922539224,0.5698622473614223,-0.08307968089350368,0.2654297764793902,-0.17037855034215615
0.7040703825902478,0.5273005444490041,0.043695816012991155,0.837301634554391,-0.6473041489108506,0.22953812745920757,1.0,-0.6227214829592782,0.21237775152968555,-0.5902887074700249,-0.836358981217065,-0.21833375446993095,0.2827710609643107,0.15182602048831173,-0.38797156107274483,0.23945503171361665,-0.7650952387869925,0.3391459408825396,-0.4403409371295303,-0.5718326611837429,0.7779610885290056,0.08915078490368812,0.45841825369263633,0.08915078490368812,0.690081116503578,-0.5899769967283255,0.31226074651576186,0.8530562755156361,-0.193852345999946,0.1277482689605038,-0.5507974689170074,-0.8139013700280294,-0.16795141874569963,0.19277170153260909,0.15424326221779905,-0.5171528151301062,0.22512151400980746,-0.746418931053768,0.37462020381259076,-0.5177475996652631,-0.6139277642604721,0.7140293656810488,0.48915379054462854,0.6098422715553706,-0.6925161088030415,0.7040964072494834,-0.6441445445108475,0.35575098564090324,0.567645602622834,-0.42841077479555706,0.07524555184432724,-0.5455691613851223,-0.865676892801141,-0.16305042184708765,0.12875984356179235,0.1134472012244246,-0.5041361774763635,0.1946399337810485,-0.6381524857557794,0.34270778436099264,-0.5319539044439278,-0.5387124081379745,0.6871506182136595
-0.4844673323119293,-0.5787609018056059,-0.334276102196948,-0.4483474120677052,0.7744162809644343,0.2252583036259967,-0.6227214829592782,1.0,-0.46844242001819975,0.15437933219238079,0.7910404416084948,-0.33879306694189476,0.3229660618972827,-0.3059131893194275,0.007236553870041418,0.32182058783053363,0.3437699465929216,-0.2730887663554743,0.3905125485741132,0.473223288713274,-0.6541662254480072,-0.4093472399257715,-0.6194298427563464,-0.4093472399257715,-0.4953681654404583,0.47736999702362665,0.0963594789408416,-0.620096137902582,0.7437017988650373,-0.455151728259787,0.16377315891109087,0.5964719954801916,-0.13006431339799887,0.2881902659731321,-0.23889641315065602,0.28271127031714344,0.30331845409476915,0.461798906048821,-0.296743172101091,0.4459500567882772,0.4657049102372615,-0.6703939718772931,-0.6268534914009186,-0.7879686775458553,0.3609084376593898,-0.4670884017282266,0.601166765767808,0.009424269516693416,-0.449876411763683,0.7712775864137141,-0.3729202299102622,0.1436613743766743,0.7076198824973381,-0.18857772569542375,0.30851897186483257,-0.282507436895496,0.17310119249858402,0.19924743682203377,0.41090772340660625,-0.29476724532905724,0.4499518884692049,0.33326276562350715,-0.6622062127522378
0.17253597440152763,0.6761158839481562,0.22013357144097265,0.14276290067095537,-0.5991091150765996,-0.8016152013085863,0.21237775152968555,-0.46844242001819975,1.0,0.5222551496747374,-0.24958515197648712,0.7843558301187791,-0.6943042318776957,0.35774701852915247,0.46397001049423553,-0.48527682161881747,0.20798601464040004,-0.5168776455064319,-0.2282435504432421,-0.6901727904484306,0.4081059124147583,0.27398506203095424,0.4065453465860421,0.27398506203095424,0.4917287008454561,-0.6962572031641376,-0.7812690230108087,0.030708270271930262,-0.5849600549885058,0.8508942557643138,0.5330464092265734,-0.39726898778889785,0.7465931670231619,-0.6642605135944905,0.36328216890126,0.0673811676091926,-0.4317999119736149,-0.09533929980338342,-0.46354428145329873,-0.2603424419030679,-0.5006868197681125,0.37924947442302087,0.2640660268952696,0.5121876762938576,-0.3645344917614092,0.24841687155904454,-0.5855178880316378,-0.6857698016962874,0.005156079142016374,-0.5869230406579472,0.7982443558796914,0.5516838086002492,-0.3429497733549705,0.7663484021518313,-0.6598947783922314,0.3451398491879954,0.14653978247255312,-0.4601442979512137,-0.07806786471626667,-0.4673687467599934,-0.23695656740583154,-0.5198263155426097,0.385078881052111
-0.5404527605376634,0.10966438352180646,0.2544100614483695,-0.5561220809692802,0.18836044352462947,-0.7090970802836329,-0.5902887074700249,0.15437933219238079,0.5222551496747374,1.0,0.48974545909048445,0.7988937010951538,-0.7895977585988577,0.18251644157960004,0.6968152022913773,-0.6324312866711552,0.8453735311953133,-0.6634871806304212,0.4144100933272946,-0.1290129024328772,-0.2094123844487027,0.18105357496270877,-0.12427830490572266,0.18105357496270877,-0.21208053900485796,-0.006498918479674567,-0.8544041694145296,-0.647801119342882,-0.37898170492573635,0.5161846411827615,0.9496316194681229,0.3013307275723388,0.7073779800308121,-0.6549084100917585,0.23883738638386678,0.49504778560027773,-0.5038364821736842,0.5606298684676554,-0.638937584399734,0.42536861378918367,0.03855733066442986,-0.21449327980389513,-0.2822953842077366,-0.12136216070002344,0.17775861102122312,-0.3714115003100151,0.13498448515606923,-0.828473873768034,-0.45614730740151843,-0.1865660428322766,0.5149308096478841,0.9234870027493823,0.42712397608929825,0.6851189820037579,-0.6201636424575682,0.16569217525423416,0.5143759932779336,-0.5680268017028461,0.5729142770951522,-0.6560204840581297,0.4457688670866992,-0.0805373241547186,-0.1955903447228427
-0.5475312017309145,-0.6484372281579801,-0.289758685180823,-0.6125761029521493,0.8275797685517265,-0.01865958650290903,-0.836358981217065,0.7910404416084948,-0.24958515197648712,0.48974545909048445,1.0,0.054971115404140604,-0.0695243931010036,-0.3930416719448678,0.3361330998476984,0.0049342443406518366,0.6247374944567294,-0.44548282212469165,0.3474205841134161,0.4707732816355789,-0.8177524107465167,-0.41100200351020677,-0.5703588589151729,-0.41100200351020677,-0.4640121205650754,0.5826616312296161,-0.20459839506971936,-0.768857239142435,0.42297710276412004,-0.23007927907614364,0.4382595060207826,0.8562527519925579,0.13326432693291476,0.013947563823108047,-0.302957816665095,0.5814735407935004,0.07636909120691346,0.7425246487811251,-0.44759249586832583,0.4234539494435014,0.5516222881035268,-0.7363845919883146,-0.5718340347174263,-0.7790520528769267,0.5002812223832291,-0.49191599616435616,0.7275574413096954,-0.29473174270486996,-0.7390423428746968,0.5568941088114541,-0.15765887359664046,0.3833147671918209,0.8992238485077715,0.05481241612131843,0.008773535448613392,-0.33756026580403736,0.4987654184942743,-0.015717483301242285,0.5112974658537748,-0.4560320380335205,0.4341059177800255,0.44198626660328044,-0.713103345177079
-0.1796702231901557,0.4499039233640183,0.41038697389881507,-0.26058416679170066,-0.2956007278583578,-0.7881265099595408,-0.21833375446993095,-0.33879306694189476,0.7843558301187791,0.7988937010951538,0.054971115404140604,1.0,-0.8426547069168805,0.3042588630018059,0.6105081903384754,-0.7997728357141403,0.5285281619090435,-0.5581608123741083,0.11562768572179444,-0.4152482254369779,0.16373386030607762,0.41085950294615,0.16793270391495135,0.41085950294615,0.1106124336806699,-0.3434563366967497,-0.8335182039457035,-0.3393482808256114,-0.6702911176865639,0.7164731719010006,0.7748015857716468,-0.015829861546407413,0.846458863324268,-0.7360235933103076,0.342661262075364,0.2672640078962652,-0.6817004401304205,0.24174959233532678,-0.5122088565949025,0.0704096258018731,-0.254300273405024,0.15231552426641876,0.06710598422637139,0.2727869893428058,0.014512385872929773,-0.10194791050073622,-0.2762212011005458,-0.771158887681693,-0.08926866459385423,-0.547018878424412,0.6521947253892726,0.7721876581822367,0.006364313381150815,0.8430161721720736,-0.7568886129402342,0.28472165778356495,0.36456788041168364,-0.7016173175919506,0.22123355350766846,-0.5174200377681875,0.07772902650400679,-0.2819665817092549,0.16773039287320457
0.17729711653624453,-0.2759150325072155,-0.32488891917886814,0.34747546741216456,0.22068000677119157,0.7554210517589939,0.2827710609643107,0.3229660618972827,-0.6943042318776957,-0.7895977585988577,-0.0695243931010036,-0.8426547069168805,1.0,-0.21814375568661007,-0.6678750731922579,0.7355660517308871,-0.620129419023055,0.36769895367193695,-0.05813484025821749,0.26142029986327137,0.014348824978174026,-0.32613895021511263,-0.321009696271028,-0.32613895021511263,0.007839564248081727,0.12017351705763542,0.8326968882333756,0.3153100974544109,0.7144599157149619,-0.6793836850387952,-0.7053945481691385,-0.08792551672489674,-0.6385988518328974,0.8755839469553293,-0.2307636676859485,-0.370566561460592,0.629121929799163,-0.31978329582289583,0.3672157842480019,-0.02381036708265944,0.12804067265518046,0.011799432872836293,-0.1380956350856972,-0.33073645358127046,-0.12503811563921982,0.18302972689161598,0.09097593929937306,0.7954644706965184,0.13156263397656534,0.5006206767146237,-0.6151492325760176,-0.7010345377006564,-0.10199129709406578,-0.6663483784257639,0.8597872061410488,-0.20048244840895582,-0.4835829617905983,0.60801803501929,-0.3782335501901592,0.35897721878380834,-0.0420491224297503,0.08239552699508516,-0.0105299916721077
-0.3326219119322483,0.598597638731836,0.27212509124742085,-0.11037341381928943,-0.5319138816115071,-0.41582877339847646,0.15182602048831173,-0.3059131893194275,0.35774701852915247,0.18251644157960004,-0.3930416719448678,0.3042588630018059,-0.21814375568661007,1.0,-0.25310727541382794,-0.10693378132693211,-0.14311258144562042,-0.05957262856129197,0.36170665804748087,-0.41908682276789344,0.49440533232401895,0.5165630888797703,0.13557568252800467,0.5165630888797703,0.01884795374209827,-0.500690958011917,-0.29899848912584914,0.16468632906307848,-0.28105292030384105,0.42281914333616016,0.3192710603153918,-0.5797249422785892,0.31389903534304725,-0.21948987566229397,0.9152148977713088,-0.4237047628668063,-0.04156652543883023,-0.39692480002901215,-8.569730084994454e-05,0.34488568971284306,-0.3780022775327775,0.5232662398168363,0.15667456007062677,0.44831243081417693,-0.395098796880136,0.018866530682083705,-0.6150387933677114,-0.2008674923694772,0.13211505873718038,-0.3681173974204573,0.23166046721398573,0.33693748389881445,-0.43790335816349046,0.38771662092973547,-0.13070690884861355,0.9446865884874527,-0.3470006659187564,-0.018764859574094735,-0.33960398053837737,-0.03546896429996024,0.3322844993976777,-0.3013131716878299,0.496547044735215
0.05332635169349286,0.010818555653816536,0.2577246582014753,-0.19677311925296853,0.1854379373606364,-0.4874551984644431,-0.38797156107274483,0.007236553870041418,0.46397001049423553,0.6968152022913773,0.3361330998476984,0.6105081903384754,-0.6678750731922579,-0.25310727541382794,1.0,-0.5338973533460205,0.7839906454923042,-0.42255177140570105,-0.14145154720133266,0.07870010117221467,-0.1937456236495514,0.12261214301558618,0.04908663228623122,0.12261214301558618,0.003271195805043126,0.15380922308397646,-0.5833768703048862,-0.37359315167322493,-0.37650458613443366,0.46903126278610596,0.58224749666812,0.365892456136233,0.49973532884298755,-0.5146665441322291,-0.23419803300429654,0.789685694926839,-0.45536942630008187,0.616139661528142,-0.4040408142674322,-0.08007046538715361,0.2260887473554478,-0.2300056497353241,0.00041455082201512515,-0.04409794042922262,0.37717480455252506,-0.0808966407849105,0.31894454319528875,-0.5338515795800122,-0.1521348211935545,-0.09806260200934531,0.5048525951404569,0.5501180302206192,0.3673351166658202,0.43944020715465126,-0.4963904673851682,-0.278137186250923,0.7618836588676504,-0.5341742857552916,0.6488913058124499,-0.4258994057914202,-0.07539215695019048,0.016464323716549222,-0.22767163576093558
0.10393108958857321,-0.34424893428832337,-0.6405875855747275,0.3387304040343616,0.1846538502619732,0.4815525930816371,0.23945503171361665,0.32182058783053363,-0.48527682161881747,-0.6324312866711552,0.0049342443406518366,-0.7997728357141403,0.7355660517308871,-0.10693378132693211,-0.5338973533460205,1.0,-0.5553419251356783,0.26426032657503257,-0.14494092912285872,0.13542432732318554,-0.10909133995516448,-0.3878003028195778,-0.24756244022634383,-0.3878003028195778,0.2082978557538251,0.15663943063603408,0.617084529381403,0.41143514802423387,0.7055008446415536,-0.4199409227461691,-0.5511505679259285,-0.07036986571954969,-0.44737953793999996,0.6667237993882686,-0.17015251919320495,-0.2310332567798834,0.8598563149186302,-0.31127682487996433,0.2774487825010626,-0.02305261262857608,0.06136508871182885,-0.01990516623014013,0.05897974863822101,-0.2754028153884399,-0.2587677280559827,0.4123708076476529,0.1574840940347221,0.6081093979877132,-0.07779014024691344,0.6030148835753627,-0.32139748785563554,-0.5473321505065827,-0.016678823313694684,-0.4794850210724871,0.6867532267279136,-0.08948773816557674,-0.3166532006718677,0.8551384301875823,-0.36796163764068496,0.2728458193613795,-0.03157851789632047,0.14813320454105386,-0.02524289241279919
-0.47812245632207456,-0.1401790874615636,0.329853218802047,-0.6653230846641754,0.4565383392880992,-0.47628666800124836,-0.7650952387869925,0.3437699465929216,0.20798601464040004,0.8453735311953133,0.6247374944567294,0.5285281619090435,-0.620129419023055,-0.14311258144562042,0.7839906454923042,-0.5553419251356783,1.0,-0.49844667573034895,0.36770123039052927,0.26322894449132844,-0.41684773467520003,0.08704400803354971,-0.2263494513788818,0.08704400803354971,-0.48877023165260103,0.3174462237295534,-0.6382473877895324,-0.7459994216675907,-0.2443482273889826,0.23139737331066232,0.7344378166564423,0.5463551997195324,0.35381294624893056,-0.497241641899265,-0.11841735053664228,0.6319200678665526,-0.5230713492335882,0.7521199280300005,-0.529977487955394,0.40607325128401006,0.34893933655765724,-0.46935326818171724,-0.40369759008333417,-0.31839865052485417,0.48825535018352517,-0.5696647375641284,0.4581575262741532,-0.6338590119072177,-0.4557345649691365,0.02020097529358381,0.2621250019131759,0.7127771825212597,0.6231404626806699,0.32125270431700387,-0.45052225975718757,-0.1651374917016282,0.6090194090790202,-0.5623430897744014,0.7981703984565034,-0.5336780473186277,0.43064316552174553,0.17560502606187173,-0.45069959045610863
0.31080790261255037,-0.17211588544381096,0.05759398775857087,0.1665431024905306,-0.11706514047679027,0.6399317825737867,0.3391459408825396,-0.2730887663554743,-0.5168776455064319,-0.6634871806304212,-0.44548282212469165,-0.5581608123741083,0.36769895367193695,-0.05957262856129197,-0.42255177140570105,0.26426032657503257,-0.49844667573034895,1.0,-0.20024792079513365,0.3888131805004724,0.1030579336394118,0.3072239315501324,0.4163587650333501,0.3072239315501324,-0.11846875924822756,0.34257544740633594,0.70165567571642,0.5741523304482967,0.09422201449185182,-0.24182903893516353,-0.613988552499803,-0.10523693145024578,-0.5452065972087189,0.44231247736889834,-0.023226957291625973,-0.1349559831030874,0.3627472629813664,-0.187229991876184,0.9732370616160313,-0.10338427515731188,0.2449235578023924,0.2085367370471687,0.4955751043218621,0.29456324960926583,0.13558324260141846,0.09910798458385155,0.07443544022014105,0.6733714109803665,0.5168184780756712,0.07661748186197007,-0.36979150467201,-0.6251273690606451,-0.17886854526015267,-0.5661429083596579,0.3785139900092124,-0.0337778518608982,-0.2543714715117646,0.41976132605523214,-0.24149224686602874,0.971713787441521,-0.15647716884429352,0.35131357001324054,0.14691360883977136
-0.8143908272080064,-0.017615418865959787,0.3108242721676242,-0.6305796878583395,0.3518359568038288,-0.07586651521721434,-0.4403409371295303,0.3905125485741132,-0.2282435504432421,0.4144100933272946,0.3474205841134161,0.11562768572179444,-0.05813484025821749,0.36170665804748087,-0.14145154720133266,-0.14494092912285872,0.36770123039052927,-0.20024792079513365,1.0,0.05401659109569184,-0.08124637707941987,0.18300840813935398,-0.4035170858574532,0.18300840813935398,-0.6149943206623297,0.12585760018419379,-0.18520360822807397,-0.4089369290784731,0.00687998724470444,-0.1672059688386825,0.43677159906778956,0.11388184365693314,0.0716897604545483,-0.04506615514087428,0.4149947991498574,-0.10296409894448653,-0.13252343609066755,0.20577231474188468,-0.23140057401148176,0.9040088842656755,0.02120551529113452,-0.12482872879997711,-0.5017009228537601,-0.35365746313875907,-0.011685421194230106,-0.5442528935328489,0.11421880545291996,-0.20543090329357983,-0.32348794428825256,0.056057141552916294,-0.2399041454734427,0.4081058052416245,0.30093505509680657,0.044601418757567256,-0.02805444590779195,0.308843951447838,-0.17854642854943953,-0.1739957112906113,0.21443891762879974,-0.2607486433193764,0.8884599302756394,-0.03208947985456592,-0.12675009120215322
-0.13886436736908067,-0.6221947764893921,-0.031031432319132798,-0.36424421610770785,0.6148932494261319,0.5227323532505238,-0.5718326611837429,0.473223288713274,-0.6901727904484306,-0.1290129024328772,0.4707732816355789,-0.4152482254369779,0.26142029986327137,-0.41908682276789344,0.07870010117221467,0.13542432732318554,0.26322894449132844,0.3888131805004724,0.05401659109569184,1.0,-0.6653286231559572,-0.09850185874359701,-0.3054244934302275,-0.09850185874359701,-0.6079140191010562,0.7927911270556983,0.45644203654216886,-0.28129591976656304,0.41391087436067703,-0.48227443093532046,-0.16323224328557714,0.7214239979185342,-0.46322408634736173,0.37607945844462476,-0.399293079120387,0.39796232547975574,0.1693105341361389,0.572339229773203,0.3342846325081016,0.21031694223219247,0.9311541542690686,-0.6276335147470486,-0.12390355366681889,-0.4168473278336009,0.8247634019220272,-0.45035509509440363,0.732773457226061,0.4193294950990236,-0.10694140703221704,0.6359727919820389,-0.46735839253618655,-0.21332155050448434,0.6563485854763215,-0.5394326053489669,0.4303668083716347,-0.3992360220991264,0.22966937039420515,0.1196512236375895,0.4176696788887063,0.31851952614799356,0.1929116449177715,0.6250141300651108,-0.6766619082402596
0.39250373443448267,0.796465557006029,0.4906311282053529,0.4869660161797048,-0.7092083332369766,-0.11168313470937964,0.7779610885290056,-0.6541662254480072,0.4081059124147583,-0.2094123844487027,-0.8177524107465167,0.16373386030607762,0.014348824978174026,0.49440533232401895,-0.1937456236495514,-0.10909133995516448,-0.41684773467520003,0.1030579336394118,-0.08124637707941987,-0.6653286231559572,1.0,0.4650847381725555,0.3691185728980602,0.4650847381725555,0.4137423121317713,-0.7086598638402135,-0.03399243841588134,0.5963506984163872,-0.4674381858817385,0.35596659845942674,-0.1627380574899941,-0.8958070837064899,0.09450298605298264,-0.05629256637911056,0.47940437089864574,-0.528695440764498,-0.13022997866814195,-0.6582108080933734,0.14191933016683977,-0.20856806686976642,-0.7343374978751416,0.8961621123440701,0.36096226438586143,0.6869888153658315,-0.6899850377829335,0.4492761034712891,-0.756912922832621,0.04872621540124197,0.536140254766995,-0.6636211010942427,0.27471689239982955,-0.13424364790895282,-0.8680962379652954,0.1154704780434875,-0.12183333888578902,0.40905453733491887,-0.4459515212508497,-0.14417972167884585,-0.4470985955124748,0.103840174000872,-0.21592807887184767,-0.6491592527003304,0.8852432212628853
-0.06014497290763394,0.4762749126250392,0.6306429898971707,-0.21047026950996292,-0.44789204395660565,-0.21423249624965549,0.08915078490368812,-0.4093472399257715,0.27398506203095424,0.18105357496270877,-0.41100200351020677,0.41085950294615,-0.32613895021511263,0.5165630888797703,0.12261214301558618,-0.3878003028195778,0.08704400803354971,0.3072239315501324,0.18300840813935398,-0.09850185874359701,0.4650847381725555,1.0,0.2999982702902291,1.0,-0.151775423739495,-0.11363553804763385,-0.14072753082235326,0.22448090753232125,-0.4449432396537483,0.5494515156977372,0.26963731479400954,-0.2967006180742965,0.3858318422453017,-0.21143907008800267,0.5519486358107276,-0.024806860280305362,-0.2477103700939382,-0.04996819156200092,0.3252456259830062,0.24699257721490997,-0.15529761370818604,0.5206595598635576,0.4895342762448311,0.5172852850310086,0.008670487655737458,-0.100650394053274,-0.31526848961343507,-0.06031206947819964,0.4830345840818293,-0.35483745397537575,0.3366517057115082,0.28650682074839356,-0.23908581232187487,0.3439707625955695,-0.2512944935985631,0.4441703491391988,-0.03976168704336424,-0.282917697754036,0.00863072749994674,0.3136919977803838,0.18173195717248472,-0.057352663169645345,0.4550868478884056
0.37654682257088995,0.3969166467060227,0.1574409246334604,0.23202091461229746,-0.584703252614486,-0.20892737760238647,0.45841825369263633,-0.6194298427563464,0.4065453465860421,-0.12427830490572266,-0.5703588589151729,0.16793270391495135,-0.321009696271028,0.13557568252800467,0.04908663228623122,-0.24756244022634383,-0.2263494513788818,0.4163587650333501,-0.4035170858574532,-0.3054244934302275,0.3691185728980602,0.2999982702902291,1.0,0.29999827029022913,0.2942149618761675,-0.34758304971269965,-0.15548103546755326,0.40149830665857583,-0.3925607765694212,0.4464548737305372,-0.07962845321215055,-0.4410164666524996,0.07865593406085007,-0.33237440900877335,0.1914337136665267,-0.05733589263016255,-0.12576258330151097,-0.2512375931855294,0.402162214047105,-0.4035966676954489,-0.23364640570536593,0.3994097051411407,0.5318348817433002,0.6940829238995773,-0.22960686085722054,0.30710258431461246,-0.45790288673862267,-0.14021079179852444,0.33932593191018906,-0.4896662076946199,0.3085339169404827,-0.06584853093678204,-0.4459920622030393,0.11676430803538593,-0.37786795193222217,0.1901313063773685,-0.08883212998430878,-0.03011779785698063,-0.33233940438001797,0.4280939311282116,-0.404984528629384,-0.11016472025743627,0.4033001430763879
-0.06014497290763394,0.4762749126250392,0.6306429898971707,-0.21047026950996292,-0.44789204395660565,-0.21423249624965549,0.08915078490368812,-0.4093472399257715,0.27398506203095424,0.18105357496270877,-0.41100200351020677,0.41085950294615,-0.32613895021511263,0.5165630888797703,0.12261214301558618,-0.3878003028195778,0.08704400803354971,0.3072239315501324,0.18300840813935398,-0.09850185874359701,0.4650847381725555,1.0,0.29999827029022913,1.0,-0.151775423739495,-0.11363553804763385,-0.14072753082235326,0.22448090753232125,-0.4449432396537483,0.5494515156977372,0.26963731479400954,-0.2967006180742965,0.3858318422453017,-0.21143907008800267,0.5519486358107276,-0.024806860280305362,-0.2477103700939382,-0.04996819156200092,0.3252456259830062,0.24699257721490997,-0.15529761370818604,0.5206595598635576,0.4895342762448311,0.5172852850310086,0.008670487655737458,-0.100650394053274,-0.31526848961343507,-0.06031206947819964,0.4830345840818293,-0.35483745397537575,0.3366517057115082,0.28650682074839356,-0.23908581232187487,0.3439707625955695,-0.2512944935985631,0.4441703491391988,-0.03976168704336424,-0.282917697754036,0.00863072749994674,0.3136919977803838,0.18173195717248472,-0.057352663169645345,0.4550868478884056
0.5840892585275768,0.3482587713911466,-0.3381391153542077,0.8487566402636416,-0.46159356839973625,-0.16205326782344434,0.690081116503578,-0.4953681654404583,0.4917287008454561,-0.21208053900485796,-0.4640121205650754,0.1106124336806699,0.007839564248081727,0.01884795374209827,0.003271195805043126,0.2082978557538251,-0.48877023165260103,-0.11846875924822756,-0.6149943206623297,-0.6079140191010562,0.4137423121317713,-0.151775423739495,0.2942149618761675,-0.151775423739495,1.0,-0.5452944888805847,-0.05626814507600524,0.5643446297097566,-0.15903069115796406,0.32233546786112627,-0.1839162163686676,-0.5006305493765624,0.2932144690571919,0.009561940981751121,-0.04291028109993325,-0.14449892645429993,0.1761319491739251,-0.4515889575711818,-0.037708165432959545,-0.5703129259016811,-0.4813611684340757,0.3975404611068637,0.38956269905593177,0.32490196520013864,-0.536478478820392,0.875543208235303,-0.42599820295601665,0.013546532065739861,0.2533642473104036,-0.26029169730171503,0.4188381043146853,-0.19262591779410274,-0.5374597646823152,0.27150121978406755,-0.026353543495440408,0.011990125297247276,-0.13286658838442508,0.1721273073827317,-0.43128941567363815,-0.04632021827450632,-0.5637786999379601,-0.4985431528453018,0.3902494667388444
-0.23612278562498448,-0.8492567963572273,-0.1860627643571149,-0.4458582638623871,0.7525729747383515,0.45817739591107093,-0.5899769967283255,0.47736999702362665,-0.6962572031641376,-0.006498918479674567,0.5826616312296161,-0.3434563366967497,0.12017351705763542,-0.500690958011917,0.15380922308397646,0.15663943063603408,0.3174462237295534,0.34257544740633594,0.12585760018419379,0.7927911270556983,-0.7086598638402135,-0.11363553804763385,-0.34758304971269965,-0.11363553804763385,-0.5452944888805847,1.0,0.3643044091847057,-0.30420471518123854,0.3364139641467491,-0.4388089468682288,-0.07653073931247886,0.8081979349092627,-0.3089061574878724,0.2826660057997218,-0.4553924106875852,0.5376382393757935,0.23342480979502564,0.5891885341893789,0.314868749638608,0.2681376133904605,0.7021459558180734,-0.5697561240916968,-0.13802150668342375,-0.551572354629005,0.7045019683581285,-0.38569548983457863,0.9134615131391514,0.2660037895081241,-0.18396782028310968,0.5679006436380389,-0.4064911072096885,-0.11490591728903599,0.7515201344715352,-0.37293234101544126,0.2418078875658934,-0.45752658650581185,0.46334025218920977,0.24305833162084298,0.5095747662281486,0.321752220654525,0.24052932118095607,0.8092410696700526,-0.5802690822519939
0.3537266055900835,-0.35218195225138604,-0.19202998218728615,0.3498544752856493,0.13892937572172195,0.9116776180195915,0.31226074651576186,0.0963594789408416,-0.7812690230108087,-0.8544041694145296,-0.20459839506971936,-0.8335182039457035,0.8326968882333756,-0.29899848912584914,-0.5833768703048862,0.617084529381403,-0.6382473877895324,0.70165567571642,-0.18520360822807397,0.45644203654216886,-0.03399243841588134,-0.14072753082235326,-0.15548103546755326,-0.14072753082235326,-0.05626814507600524,0.3643044091847057,1.0,0.47774491016690185,0.5025718012425091,-0.6384719578352244,-0.8077673572750808,0.013714722472832435,-0.7200351370361545,0.7976339450073465,-0.27710851465366976,-0.24415253684226043,0.5760010115112068,-0.258347888326828,0.6900728786798178,-0.1218095689121371,0.28949818879665407,-0.0052270794113795,0.1689442068281662,-0.12367923973391076,0.1192333724516245,0.1591877537004621,0.19834197154764646,0.9737788606863088,0.3773683476564196,0.4747626125510759,-0.6491575767869704,-0.8153718703282891,-0.07418711915152701,-0.761851671744112,0.7831151065913787,-0.2782002408750779,-0.34763792862261444,0.5489983091360003,-0.31676605654461676,0.6701263693604163,-0.15704987775794746,0.290824210383162,-0.0539918567459755
0.6349982292510776,0.34098589912600036,-0.03566015143580543,0.7163026360747401,-0.5551922232677834,0.334449763997561,0.8530562755156361,-0.620096137902582,0.030708270271930262,-0.647801119342882,-0.768857239142435,-0.3393482808256114,0.3153100974544109,0.16468632906307848,-0.37359315167322493,0.41143514802423387,-0.7459994216675907,0.5741523304482967,-0.4089369290784731,-0.28129591976656304,0.5963506984163872,0.22448090753232125,0.40149830665857583,0.22448090753232125,0.5643446297097566,-0.30420471518123854,0.47774491016690185,1.0,-0.11193172491529575,0.11912443858776177,-0.5925111502376755,-0.6236843790397086,-0.23974033395541258,0.3402363490373354,0.1450886545675993,-0.3509934587281638,0.42040178872415634,-0.596220820280545,0.6046221201506692,-0.3941176494053349,-0.3330048453779604,0.6608352649579177,0.7202899674006772,0.5681237492986907,-0.4961570799702903,0.6948699599718542,-0.4327531583505263,0.5476263496941809,0.5410931706150449,-0.23008484124683976,0.038666092685466176,-0.5998441802786507,-0.6718450967153167,-0.2542256136876316,0.2867572690923398,0.13576421082462226,-0.41290703361960235,0.3950212688117655,-0.5978060522759387,0.5688628122569983,-0.4450534398857159,-0.285989050252848,0.5966153337958291
-0.14705252910819677,-0.5551041752050194,-0.6343929051688413,-0.02677208424962374,0.4853080290019973,0.48278280644590765,-0.193852345999946,0.7437017988650373,-0.5849600549885058,-0.37898170492573635,0.42297710276412004,-0.6702911176865639,0.7144599157149619,-0.28105292030384105,-0.37650458613443366,0.7055008446415536,-0.2443482273889826,0.09422201449185182,0.00687998724470444,0.41391087436067703,-0.4674381858817385,-0.4449432396537483,-0.3925607765694212,-0.4449432396537483,-0.15903069115796406,0.3364139641467491,0.5025718012425091,-0.11193172491529575,1.0,-0.5230972286855662,-0.28024509914585605,0.3262182693327772,-0.3336397880948883,0.6591955881314273,-0.22224852368037493,0.035807511668294656,0.6912125305083161,0.09068124488108203,0.1019220202818233,0.11860500486117613,0.3929422090782433,-0.3640581275192676,-0.23630503778259246,-0.5502053660225753,0.1546614038541298,-0.03526321560613479,0.3702504112805635,0.4294434037607379,-0.195863012370703,0.7826926363448249,-0.4637271246581927,-0.28577021824483484,0.37602521645305387,-0.36761208644749904,0.6454370954934142,-0.1947126037034565,-0.10077504869985165,0.6495334612602525,-0.06453306187661974,0.11969282491522365,0.09729231908172191,0.3348362525261637,-0.3707089264361435
0.07832020682612202,0.5840192511799641,0.2552547208283794,-0.0009611803511904623,-0.5628100787150855,-0.6684898411755771,0.1277482689605038,-0.455151728259787,0.8508942557643138,0.5161846411827615,-0.23007927907614364,0.7164731719010006,-0.6793836850387952,0.42281914333616016,0.46903126278610596,-0.4199409227461691,0.23139737331066232,-0.24182903893516353,-0.1672059688386825,-0.48227443093532046,0.35596659845942674,0.5494515156977372,0.4464548737305372,0.5494515156977372,0.32233546786112627,-0.4388089468682288,-0.6384719578352244,0.11912443858776177,-0.5230972286855662,1.0,0.5939439565514391,-0.30468281670929603,0.7355146642223702,-0.5749062742488237,0.4843241916951173,0.1775317515718789,-0.261897854157041,-0.03468006563402621,-0.18087681169643655,-0.08255329881058751,-0.33241259298251813,0.4410800392075031,0.4754171825142358,0.5685631051867243,-0.19483600616928873,0.20368662010183108,-0.45798835005957256,-0.5449727655978283,0.0736418081105576,-0.4597539083083122,0.8006690481437283,0.5946507939074774,-0.22697929577662446,0.7295441905231707,-0.566068965806115,0.432115621477157,0.27252618406144824,-0.3083021709067766,-0.038474176275540915,-0.18915536621598414,-0.09307688331431707,-0.23169090538777984,0.41023853324161597
-0.5983309024722978,0.16914249746221768,0.19902012588513154,-0.5460287726203903,0.09672161482080362,-0.714520453437696,-0.5507974689170074,0.16377315891109087,0.5330464092265734,0.9496316194681229,0.4382595060207826,0.7748015857716468,-0.7053945481691385,0.3192710603153918,0.58224749666812,-0.5511505679259285,0.7344378166564423,-0.613988552499803,0.43677159906778956,-0.16323224328557714,-0.1627380574899941,0.26963731479400954,-0.07962845321215055,0.26963731479400954,-0.1839162163686676,-0.07653073931247886,-0.8077673572750808,-0.5925111502376755,-0.28024509914585605,0.5939439565514391,1.0,0.2095218128448533,0.7765133439951236,-0.5808513813350292,0.40402616251054735,0.4224482188849354,-0.4034186517794908,0.47113936419101843,-0.5775990463250379,0.49396252263950774,0.024545250364556015,-0.12409971651308914,-0.22399021428407706,-0.08719974170017683,0.12421174239111811,-0.3440016371972799,0.02152596313571687,-0.7669422131378242,-0.408035205485962,-0.11782029472005469,0.5064970710984161,0.9788926334009729,0.3931449552031401,0.7539015549613515,-0.5284633069105866,0.33327533393453934,0.42112044021197276,-0.45341517968990247,0.4352954214979818,-0.5833962652058143,0.504028679305666,-0.06522957339601858,-0.12226496621085256
-0.30996781635992166,-0.7920620280913899,-0.24980015543155387,-0.5593804855176864,0.7791035328328033,0.160093669227099,-0.8139013700280294,0.5964719954801916,-0.39726898778889785,0.3013307275723388,0.8562527519925579,-0.015829861546407413,-0.08792551672489674,-0.5797249422785892,0.365892456136233,-0.07036986571954969,0.5463551997195324,-0.10523693145024578,0.11388184365693314,0.7214239979185342,-0.8958070837064899,-0.2967006180742965,-0.4410164666524996,-0.2967006180742965,-0.5006305493765624,0.8081979349092627,0.013714722472832435,-0.6236843790397086,0.3262182693327772,-0.30468281670929603,0.2095218128448533,1.0,-0.015141228907810724,0.06656451872299252,-0.5051879236561112,0.6728057092102541,0.0135428265350534,0.8048174253331941,-0.128888731436378,0.2158807744936504,0.741789034432644,-0.7808455489508126,-0.29809164282201195,-0.6703970001535561,0.7733314441771068,-0.500038661089501,0.8632312965933167,-0.07965008844155275,-0.4747626540709193,0.5486781290732018,-0.23100860594725622,0.16496418883803987,0.9247960002777116,-0.07549379805317152,0.027824640272620826,-0.5148797945751776,0.6021226517161389,-0.0261084752367395,0.6036107338343631,-0.11848787229085918,0.20911901121870785,0.6345704199219311,-0.7755852936574645
