Fp1,Fz,F3,F7,FT9,FC5,FC1,C3,T7,TP9,CP5,CP1,Pz,P3,P7,O1,Oz,P8,TP10,CP6,CP2,C4,T8,FT10,FC6,FC2,F4,F8,Fp2,AF7,AF3,AFz,F1,F5,FT7,FC3,FCz,C1,C5,TP7,CP3,P1,P5,PO7,PO3,POz,PO4,PO8,P6,P2,CPz,CP4,TP8,FC4,FT8,F6,F2,AF4,AF8,O2,P4,C6,C2
1.0,0.4322227504406905,-0.26157860616606055,0.8813577157118264,-0.2270134801567887,0.4494770563412844,0.28984068460109363,0.031062987242978787,0.16834893210014362,-0.3360553919511905,-0.20623403867929657,-0.7019761194672469,0.31615999155042207,0.2664644436916034,0.8237354616681318,-0.03488700812066131,0.5262935300094228,-0.7334033340078369,-0.42954144009263967,0.35022578703488233,-0.6717761315365341,-0.7196857551020044,0.041543161957144324,-0.7196857551020044,0.5687603559088099,-0.30600060192877115,0.31657594092303365,-0.2962711251918493,-0.030839424515894637,-0.4808889953841007,-0.7474288146606135,-0.4660164158097203,-0.6986019113412489,0.2542780605527334,0.19671416155649765,0.4942628749496294,-0.023290229619250872,0.5128245560310596,-0.827307497007466,-0.4023208497191459,0.20582187231795793,-0.7242292675687138,0.5614257208273375,0.02271112090840453,-0.6661132979047959,0.4724846886385187,-0.041011779303917154,0.31530555131370747,-0.1404439403710343,-0.03337487195821749,-0.6246307963543778,-0.6843832459090075,-0.3349094840979409,-0.25639543412236027,0.3845977940440688,0.2552849431505424,0.6789655913545688,-0.6025469505773304,0.42700398223364655,-0.8663791396124124,-0.4094813140764531,0.18896285347446676,-0.7741346687493084
0.4322227504406905,1.0,0.13960210801591105,0.5640737618802785,0.16079847484655188,0.023198519034369668,0.3935399854605863,-0.46809586822642785,0.7149558998109217,-0.3029145766664691,0.44162787189908453,-0.30912353370351453,0.17217994170865247,-0.4262617223064462,0.2173233462764434,0.1870420691477743,-0.006282775486442048,-0.023364844592503993,0.02842261317350596,-0.2607549758440476,0.036850202515784386,-0.6043459063245505,0.6609696454490191,-0.6043459063245505,0.14544048558616401,-0.37899834062338006,0.09528287250547296,-0.2566979352967779,-0.3910075887491147,0.08673489823818273,-0.20895940978235023,0.04437758789646584,-0.09536395714365664,0.20587072444411805,-0.5025354227131215,-0.027043868968228725,0.10617068585992884,-0.09592905336623886,-0.24659506719942145,0.10749104663215908,-0.49553032945285386,-0.051841637777117464,0.07686113093767558,0.6539857998363536,-0.5944625301298676,0.07324774307936695,-0.3458875464769654,0.07608821009905319,0.08356325058576546,-0.487580053889563,-0.07156379160431546,-0.38766411371793813,0.41071490438070196,-0.5594278053891013,0.24050511398136923,-0.5149007176393946,0.21651295633886813,-0.25554828244211586,-0.19743350277636393,-0.29341243494027375,0.07310906211976897,-0.39596592083507204,-0.11970156380131206
-0.26157860616606055,0.13960210801591105,1.0,-0.20100744797340447,0.6726931146928726,-0.5498240496584661,0.03358963061996388,-0.21004457101148027,0.38039651642870737,0.2033796032356635,0.19230873774960475,0.486728218704071,-0.06267846558441932,-0.20201779310769077,-0.4361616163879285,0.1056718717995259,-0.3688950770131724,0.5752061743348189,0.4308824825132276,-0.206459208783623,0.5162193407445199,0.4701268618706412,-0.2864701121395615,0.4701268618706412,-0.7419780929000793,0.2875082862396027,-0.571808859213234,0.008829606582011314,-0.1393675134087754,0.13194396405283768,0.11597776243277187,0.16056374276183977,0.20905425477395378,-0.15854505425355667,-0.39369610943201927,-0.513911015804989,-0.18994591648869194,-0.5696224931323387,0.46839637200109346,0.2835456590268725,-0.2158893719233558,0.27873584712803545,-0.5737942999368704,-0.2975884530033607,0.3822304863456358,-0.7641197976208425,0.17802486152789618,-0.6167141848143081,-0.018759440769206926,-0.2602463918554909,0.27659233974451786,0.09278288181591685,0.23466291193379568,0.10336067439176969,-0.26729329414048536,-0.1768368146597111,-0.5261243740679836,0.27537006086093585,-0.4946976066943095,0.4708882891987818,0.2316671547640517,-0.22577419134734794,0.18597734363420967
0.8813577157118264,0.5640737618802785,-0.20100744797340447,1.0,-0.03554024040417853,0.27141423119367675,0.40576109414254197,-0.06463640335459214,0.26542294597831695,-0.4165951652922904,-0.17410325030467474,-0.7351574874290501,0.26711399533741986,0.2272555497530035,0.6659886371668846,-0.12097459371781957,0.550860123560544,-0.5736406823848874,-0.2213383559585115,0.3390882615161358,-0.5534323556671811,-0.6342066849742705,0.17332658665338307,-0.6342066849742705,0.6746855256049458,-0.19412139958894606,0.19601071749063803,-0.13507621873805045,-0.07439326093747925,-0.38349440308202315,-0.6461262040166017,-0.4121350112836164,-0.6348745773641657,0.30012886606727524,0.1392409329618171,0.3356217582066205,-0.06459472519189562,0.5176295692168744,-0.6451439245729035,-0.17571704041713454,0.12494753458031342,-0.5583028397760988,0.5080644037318536,0.19163147461013458,-0.5919995328290104,0.5769848292222645,0.05513048853541655,0.17324850231017486,0.07272100929066894,-0.06480310610843953,-0.5134113091896717,-0.6657547986284216,-0.26333207700462824,-0.3589525190548482,0.41871458514901566,0.20293120764540595,0.5568271265244191,-0.5772325759144734,0.44673338711643196,-0.6965620930358675,-0.20973781953703632,0.18746970335398253,-0.6481070854151142
-0.2270134801567887,0.16079847484655188,0.6726931146928726,-0.03554024040417853,1.0,-0.4006292628050992,0.47220062342314884,0.01670592469586254,0.14772966916964048,-0.42411984226661187,-0.1077308917461127,0.43149269391624395,-0.5923260847243751,0.20378415469182593,-0.5498804998306897,-0.5603740629055579,-0.06517567303212482,0.32361625568992936,0.8502062259813203,0.340370715398548,0.6109290591641382,0.3920868048752662,0.07811250525051094,0.3920868048752662,-0.4834001020107511,0.7335265143217045,-0.5814406469434938,0.15419129598546472,-0.029014662303684227,-0.2703365742918586,-0.057114822205375775,-0.0744513897465612,0.059451693088268746,-0.5412977611751112,0.04040790104763858,-0.810139497751592,-0.6772366747798186,-0.3634894558202233,0.282991729173985,0.7787706535519879,0.2079808698711466,0.46321625655778187,-0.6404244868016077,0.006121491472715491,0.23373890184497562,-0.5394975070663228,0.5058699392119775,-0.6256912355782972,0.42215810680389193,0.05507702485827728,-0.08446447846912654,-0.2951635040090866,-0.016086877729280146,0.20838546409471603,-0.6154082823911401,0.14107838023233954,-0.7015697055499195,-0.2227323932341667,-0.19790261370803464,0.20323045708420942,0.7231316340942378,0.31253553421479546,0.3568085282074669
0.4494770563412844,0.023198519034369668,-0.5498240496584661,0.27141423119367675,-0.4006292628050992,1.0,0.20931347780271217,0.4830868106572658,0.08606941406216605,-0.039875518075673744,0.10507800598238089,-0.20395418618714434,0.23879866620824,0.0688160756064977,0.6215706098028135,0.02959240395605195,0.06955531630180455,-0.6316958145662316,-0.4204087495669205,0.13316922059291803,-0.5173507818003685,-0.38199317915676145,0.19608307538563227,-0.38199317915676145,0.4644004946492302,-0.1413163882267513,0.830465348434741,-0.019582679440814994,0.18774167629137592,-0.1240315391498265,-0.08045804050449491,-0.026101521682989636,-0.10388697533391801,0.14176306529988342,0.3669701866847111,0.48946029535297403,0.23465058660240534,0.2604165578093473,-0.6141847761179963,-0.3190301476753841,0.226995028780418,-0.40868997061955065,0.3821178295708602,0.18932160248527638,-0.3130577622350105,0.45566385915969854,0.06462524355709962,0.7775521818923337,-0.03551185392590408,0.17493316190264518,-0.24498956302579825,-0.13715142035433778,-0.15669634272843344,-0.062402182443570424,0.2008583755530978,0.20788021877105758,0.5044925389760523,-0.19643138020567405,0.18586904389110123,-0.5901770825602894,-0.35370158736994045,0.16049645017292768,-0.47836511997031433
0.28984068460109363,0.3935399854605863,0.03358963061996388,0.40576109414254197,0.47220062342314884,0.20931347780271217,1.0,0.14979350532351363,0.3383948068292503,-0.6902994396192916,-0.17916424035653247,-0.05521539777130339,-0.3493954266773626,0.2692293449919168,0.042326069624882376,-0.4642981251657577,0.3215318059171486,-0.2942140472764605,0.4578722582339601,0.3470863028168403,0.12170081329849561,-0.23110036494534178,0.36879262421684134,-0.23110036494534178,0.13890243661898152,0.30798011773264744,-0.12912139361309222,0.2695560734737275,-0.025202897845624437,-0.21065278957007502,-0.2732007592715769,-0.38023268182490105,-0.12029120128831046,-0.3113676995992976,0.08951023351360854,-0.2328290076524838,-0.5129318384527425,0.16477537584966037,-0.3360206530557965,0.5367152984691669,0.14345707222066198,0.17293023055785786,0.03593407796099748,0.26623466253885275,-0.24169757575408146,0.03533739332498787,0.2383344108966069,-0.1814443796021057,0.6959770217134076,-0.09703206607774023,-0.22541874331436765,-0.5926863546320567,-0.21522327985724665,-0.16601939000815963,-0.30412316293370567,0.1118036245953254,-0.13279535663871128,-0.43798033281123394,0.0865130231758318,-0.30638612217415884,0.4249430371073414,0.2595038344349333,-0.02881446746050943
0.031062987242978787,-0.46809586822642785,-0.21004457101148027,-0.06463640335459214,0.01670592469586254,0.4830868106572658,0.14979350532351363,1.0,-0.4215520654441527,-0.0188459814088976,-0.36358633098010673,0.3131924116346368,-0.23504200415759485,0.4833311025232199,0.18228395556512506,-0.45254623568411534,0.2273819074941957,-0.29440883852169286,-0.036861508882953364,0.46563977951149305,-0.28202201108333386,0.3460532104365501,-0.22395463937267387,0.3460532104365501,0.14976043044690449,0.4363398029728114,0.21550489821207286,0.45991409312778164,0.5090340598325892,-0.2633366241106777,0.02691217114276841,-0.1808007732385895,0.005758887446769703,-0.4104304741221461,0.6224051240056262,0.2168700977114377,-0.29102144185535284,0.3558913543484359,-0.18328242131946484,-0.0018932816691912015,0.6268774659093984,-0.18852595359215826,0.1722656662573519,-0.2076685645390771,0.31952115654824476,0.15550156625722258,0.4493329334619001,0.17687844585184678,0.2015357258791935,0.73503185854318,-0.14351114703446438,-0.00040790859745198075,-0.43067256780559865,0.5752627707710903,-0.3704827404781724,0.5378583905354266,0.08597029863159887,-0.02077891156006384,0.3946640617274076,-0.14466781612487864,-0.03462345309421444,0.536662608847191,-0.2573734284740533
0.16834893210014362,0.7149558998109217,0.38039651642870737,0.26542294597831695,0.14772966916964048,0.08606941406216605,0.3383948068292503,-0.4215520654441527,1.0,0.13777593318905731,0.6655997211529665,-0.10130647989956425,0.38181601490992095,-0.6622190880497653,0.06645885721836517,0.47636408753366943,-0.3686896713692902,0.17730580525674572,-0.04729786148856006,-0.5445381249161387,0.13603257658500129,-0.32918689114209315,0.4003049010110042,-0.32918689114209315,-0.09939397633390971,-0.33073501932290833,0.09274710975149496,-0.18403453347686102,-0.5056412941657846,0.519387008475526,0.08344097981787804,0.25985096234040983,0.13850894519165588,0.3773454533209723,-0.6591771764419253,-0.08620657448306376,0.30032958706657725,-0.393294204771844,-0.013039775121022237,-0.01635910702499063,-0.6544907141254609,0.09016205529895988,-0.05949882068450686,0.40197623651674025,-0.30093075624097615,-0.1173207093188635,-0.31137289173502725,-0.0010049696086630775,-0.0381416454206125,-0.7378918545334608,0.334636575935392,-0.04508970510821733,0.5055231650812421,-0.6827387773124595,0.3095625729076999,-0.6192220079502979,-0.005180483734438419,0.11056897617536567,-0.6071066497325308,0.017842533968506567,-0.1000553459501678,-0.6228628842346182,-0.07072541049673058
-0.3360553919511905,-0.3029145766664691,0.2033796032356635,-0.4165951652922904,-0.42411984226661187,-0.039875518075673744,-0.6902994396192916,-0.0188459814088976,0.13777593318905731,1.0,0.4627175945203164,0.2519089167485556,0.6089292939742336,-0.5330354643842355,0.012144126890409342,0.7170778195602042,-0.5061372769966513,0.42183250105834286,-0.522509743319933,-0.6280942537122511,-0.05878190084041341,0.3591613745828448,-0.4520285866429919,0.3591613745828448,-0.2027726515515759,-0.3324088792690702,0.19520667595142097,-0.041480107805419664,0.0019391509334309998,0.6158604782673932,0.5535782857476531,0.5440231446404226,0.41660838491100777,0.47476521195894006,-0.3234089306488253,0.3009916624187068,0.6694545698865161,-0.2750569788540922,0.4622187370890492,-0.577680077410208,-0.3619814093976807,-0.05521341056209129,0.013524871648988116,-0.3443530060951976,0.38506666982820836,-0.11886357884307479,-0.24397722933484842,0.17729252026544656,-0.5407995229697663,-0.1333707868107222,0.6261097112558202,0.8093414398575787,0.42679163661206526,0.009002750196701952,0.3739907030374631,-0.31291528800646506,0.08955283788369199,0.7794771163598295,-0.3696686831744311,0.5278723932113629,-0.5814167373072997,-0.543084732436205,-0.06391703488510124
-0.20623403867929657,0.44162787189908453,0.19230873774960475,-0.17410325030467474,-0.1077308917461127,0.10507800598238089,-0.17916424035653247,-0.36358633098010673,0.6655997211529665,0.4627175945203164,1.0,0.13287269637343357,0.3782675440216538,-0.886315957633441,-0.10566632275612296,0.6123164569865374,-0.7013894025037796,0.4299586910704063,-0.16873697735285073,-0.7446941890333697,0.17322537996951412,-0.18561996624068283,0.40894893101667107,-0.18561996624068283,-0.22181223116510826,-0.4557195136397691,0.3345527367989207,-0.34348561335051747,-0.32331223447177276,0.6003126539531826,0.48777616842716287,0.6608051604708901,0.3359320526607863,0.34907930210659033,-0.6472026306140708,-0.05690095153538195,0.584399796206026,-0.5944559912487672,0.26316896086721736,-0.12607005464673574,-0.702075047135039,0.09736123500164916,-0.29720979275287757,0.47096459643797195,-0.18089419431964462,-0.18519633888996473,-0.5546274652712804,0.22960472976743446,-0.2804069637416109,-0.5387096446496946,0.43180238318091974,0.41825672390430413,0.7857582445533631,-0.427276209794265,0.2906863786477108,-0.7825758259808379,-0.027959118849341182,0.3483714370959832,-0.7181209795954195,0.2553429188656794,-0.1600663467563932,-0.7631009836359751,0.04731572818398753
-0.7019761194672469,-0.30912353370351453,0.486728218704071,-0.7351574874290501,0.43149269391624395,-0.20395418618714434,-0.05521539777130339,0.3131924116346368,-0.10130647989956425,0.2519089167485556,0.13287269637343357,1.0,-0.4404017016757326,-0.05143067511209599,-0.5619478930159141,-0.1358713554711333,-0.5164576369625117,0.5567438263385863,0.5090984338875336,-0.1007345616020818,0.7002565864489119,0.7529262773892715,-0.137830123664872,0.7529262773892715,-0.7338758373067554,0.5229276157698838,-0.25946553976848913,0.39472512038908314,0.33518849311620197,0.18543202372740986,0.6309836050843413,0.24420810001448057,0.7129380293258047,-0.5715233923414805,0.003516443826023473,-0.4093047258341012,-0.16596015628797997,-0.5498185968649285,0.5970520421349027,0.45892069147073133,0.09654696453222739,0.6125367377429668,-0.573325693943591,-0.1354422587487583,0.6026002387505262,-0.7126079706643089,0.2654729267883873,-0.2540187741467124,0.2338643265880034,0.24474501728973308,0.467868775571274,0.5235658220826968,0.26258519666997004,0.5797124235095356,-0.6600593647170554,-0.031168235960962954,-0.5419859704703425,0.5134643352010932,-0.37889230552663256,0.6337380500924045,0.4387964736113157,0.025695655925412345,0.5664775626352335
0.31615999155042207,0.17217994170865247,-0.06267846558441932,0.26711399533741986,-0.5923260847243751,0.23879866620824,-0.3493954266773626,-0.23504200415759485,0.38181601490992095,0.6089292939742336,0.3782675440216538,-0.4404017016757326,1.0,-0.46015876774623254,0.5427747982324331,0.758257461679682,-0.15257455645412227,-0.1864025378997663,-0.7736849078387604,-0.5270929472883175,-0.5026214011459653,-0.2924039720173173,-0.21911158555071317,-0.2924039720173173,0.28453475413647905,-0.704691775960705,0.40583226564657243,-0.21512695274441798,-0.23745944848125294,0.3887912617716747,0.016125431695528887,0.24626460826633273,-0.10304365501999532,0.9229660414517429,-0.34224747835542696,0.602925605542955,0.70609037592119,0.09188801127108936,-0.15672778991404343,-0.7773626654014495,-0.45251161129950235,-0.4789819800724763,0.4429670838200164,-0.1292452057910033,-0.15482362718408443,0.34433512850065345,-0.3972684233511125,0.38211319850929687,-0.5215366435225469,-0.34006896002819265,0.23093961091970036,0.22833211251143756,0.20730678041376144,-0.4365257460905205,0.8743568278508442,-0.3035548255407377,0.5553992099989216,0.34176606209076915,-0.10924083782230073,-0.0816873090627363,-0.8224979693585749,-0.5488752430488186,-0.548206643686934
0.2664644436916034,-0.4262617223064462,-0.20201779310769077,0.2272555497530035,0.20378415469182593,0.0688160756064977,0.2692293449919168,0.4833311025232199,-0.6622190880497653,-0.5330354643842355,-0.886315957633441,-0.05143067511209599,-0.46015876774623254,1.0,0.1740456922206628,-0.737911373766122,0.5933995335775921,-0.514493489885202,0.2560224048245479,0.8831037870076103,-0.16867655658157946,0.15129909111651593,-0.3482047505511904,0.15129909111651593,0.2262711661043562,0.5862761780855696,-0.18489825014197134,0.30467981302548286,0.5259350747702048,-0.7658148805871409,-0.47624774092341493,-0.6645408234308913,-0.37446041263390156,-0.45394721403633864,0.8475977733873447,0.0017309172397170565,-0.6189680670518415,0.4682026581601885,-0.36094522232415704,0.19335176311188465,0.866651229801518,-0.16573905532598138,0.14395853762848476,-0.41306892513506116,0.10160024711328357,0.1544877415660107,0.6198760763048969,-0.13533960873341977,0.3264644499695428,0.6237395627870602,-0.5474365919403449,-0.4652973986146742,-0.7910664279789874,0.5171163783228819,-0.35526179819075354,0.9090718913830091,0.03100189919095105,-0.4586601548651812,0.6576197893695224,-0.3798248517797525,0.2175447603866235,0.866700829053919,-0.14236219923435625
0.8237354616681318,0.2173233462764434,-0.4361616163879285,0.6659886371668846,-0.5498804998306897,0.6215706098028135,0.042326069624882376,0.18228395556512506,0.06645885721836517,0.012144126890409342,-0.10566632275612296,-0.5619478930159141,0.5427747982324331,0.1740456922206628,1.0,0.18626303709972394,0.3675540329156277,-0.7401433375800768,-0.682439475743879,0.13724978271609398,-0.7301469637950134,-0.5678212158717374,-0.1060449398752474,-0.5678212158717374,0.578998616838709,-0.41015600749267944,0.555941105136305,-0.15827954254578755,0.12301038456605952,-0.24752376679952373,-0.450873688624713,-0.262212820955625,-0.3679832464651107,0.4088739687425282,0.23166670274746406,0.7756937104122248,0.26307020129952485,0.5205280827800364,-0.7640269456339349,-0.6386354074331637,0.15601486654157073,-0.7114205162439036,0.6497713634530249,-0.05478907263541116,-0.43587022779658774,0.5524878564684912,-0.10574411539666785,0.568028722737516,-0.2806578518367093,0.07324956335438379,-0.30019712245902846,-0.3161630577075049,-0.24271421178375496,-0.22267328109506238,0.5162174025750406,0.22123246082845938,0.8621695469716254,-0.19402678274763577,0.42555686147592325,-0.7045296903120953,-0.6470868704021612,0.06385208497138312,-0.755629111398533
-0.03488700812066131,0.1870420691477743,0.1056718717995259,-0.12097459371781957,-0.5603740629055579,0.02959240395605195,-0.4642981251657577,-0.45254623568411534,0.47636408753366943,0.7170778195602042,0.6123164569865374,-0.1358713554711333,0.758257461679682,-0.737911373766122,0.18626303709972394,1.0,-0.47172100616097545,0.2847934759721212,-0.6018572379795092,-0.8801842520053648,-0.153166637794437,-0.15098177385216238,-0.06712634615319275,-0.15098177385216238,-0.06150467191598362,-0.7586932009323811,0.32981432829840635,-0.2757831005498796,-0.38860043938871486,0.6963777072652787,0.3541065905842549,0.49840315516464784,0.26992770136531363,0.6922956500339348,-0.6219454712809637,0.4387341271163822,0.8790526799672601,-0.29058167022824544,0.18711179843068204,-0.6110337054368377,-0.7798345637772938,-0.17089620323732063,0.18561642148741173,-0.005786598069440296,-0.014481935248567133,-0.0005437594430584124,-0.5740746359709329,0.3214600466543667,-0.4534798384340908,-0.5358148613945556,0.49468206123357705,0.5301999531737377,0.5483480778610468,-0.45237216597149676,0.674195392703573,-0.6172064592026197,0.3387638906934547,0.5701838575417634,-0.453450138984558,0.25166111314786305,-0.616935429208373,-0.8578814037333716,-0.16087492378649992
0.5262935300094228,-0.006282775486442048,-0.3688950770131724,0.550860123560544,-0.06517567303212482,0.06955531630180455,0.3215318059171486,0.2273819074941957,-0.3686896713692902,-0.5061372769966513,-0.7013894025037796,-0.5164576369625117,-0.15257455645412227,0.5933995335775921,0.3675540329156277,-0.47172100616097545,1.0,-0.5389246275346994,-0.060854288482791195,0.605528304515963,-0.4678238116595911,-0.2828797769480608,-0.061906643857034566,-0.2828797769480608,0.6028149668932119,0.08677065316559843,-0.16697788272814904,0.13966709862786586,0.1919932347926847,-0.5572341084348994,-0.5736827577884007,-0.5784468566439617,-0.4915760454198776,-0.16086725995870021,0.3411983575817424,0.21058187961164282,-0.4420054347231668,0.9061491793874225,-0.4914610080173452,-0.008777724752524769,0.44126527281487843,-0.3191598280332,0.4973292876984576,-0.13147972151042817,-0.23133685398849643,0.485400155125928,0.2018574724696248,-0.1267885764610487,0.1879172395918386,0.2523728116032564,-0.5229021148370209,-0.5637054742498322,-0.5480290944618871,0.039347360728102285,-0.09509336532690472,0.45178581224379527,0.25919500449560723,-0.47113226697699245,0.8392196848332054,-0.47840015746740394,0.0027022430526508837,0.5306865844600083,-0.3055250810571529
-0.7334033340078369,-0.023364844592503993,0.5752061743348189,-0.5736406823848874,0.32361625568992936,-0.6316958145662316,-0.2942140472764605,-0.29440883852169286,0.17730580525674572,0.42183250105834286,0.4299586910704063,0.5567438263385863,-0.1864025378997663,-0.514493489885202,-0.7401433375800768,0.2847934759721212,-0.5389246275346994,1.0,0.34595427051114863,-0.527953254450958,0.6305140732692559,0.5554998507163714,-0.018681551495614804,0.5554998507163714,-0.5908617872658558,0.08438726950938963,-0.38085660947014544,-0.0026543687207588196,-0.16729548463155708,0.5363949054582973,0.6048553970909553,0.5370548517498533,0.582538250383313,-0.1429310490055012,-0.5134749891711226,-0.4707435398527081,0.154219981089208,-0.6021083602839572,0.9160472449846522,0.28946383549299587,-0.4679070235504628,0.5459452262900694,-0.5446167793783548,0.016001786479381445,0.5215149131093498,-0.5735939766406779,-0.13235894147069235,-0.39536027883954633,-0.0059626922174553666,-0.19986909638275951,0.566375854032569,0.5977759900114589,0.5956956685662926,0.08260642582483317,-0.2321380592508391,-0.4970456689275687,-0.5768591352265245,0.5175109855068266,-0.551868601217204,0.8724769700091424,0.2969489329931653,-0.4706115730993523,0.5729046776860486
-0.42954144009263967,0.02842261317350596,0.4308824825132276,-0.2213383559585115,0.8502062259813203,-0.4204087495669205,0.4578722582339601,-0.036861508882953364,-0.04729786148856006,-0.522509743319933,-0.16873697735285073,0.5090984338875336,-0.7736849078387604,0.2560224048245479,-0.682439475743879,-0.6018572379795092,-0.060854288482791195,0.34595427051114863,1.0,0.32356868472278655,0.7588523159906051,0.41422889119419803,0.19812051874603961,0.41422889119419803,-0.45730913501686515,0.7404247507241081,-0.5683450940137652,0.27399826234071023,0.08434756143207668,-0.22864657981614908,0.11368196252878845,-0.10159665320010947,0.2367240403596643,-0.6767002245623183,0.10239484528741549,-0.7992484716442211,-0.6458327451257458,-0.3298104800736611,0.3714341429656135,0.9618315709104127,0.21004864156742492,0.7138299862345479,-0.639051144343663,0.1557112104918285,0.24715737096707419,-0.4985131637002562,0.4559642996840393,-0.5687221368599373,0.6046469601638677,0.09496731572107654,-0.018160384047113468,-0.15955456400878879,0.0033608344995249974,0.2710911998501046,-0.7274628944504885,0.1339653878968066,-0.7165546271171757,-0.16773294693924673,-0.12216459217569856,0.31340883221519517,0.9491020323850348,0.3551074892112473,0.6567309755163937
0.35022578703488233,-0.2607549758440476,-0.206459208783623,0.3390882615161358,0.340370715398548,0.13316922059291803,0.3470863028168403,0.46563977951149305,-0.5445381249161387,-0.6280942537122511,-0.7446941890333697,-0.1007345616020818,-0.5270929472883175,0.8831037870076103,0.13724978271609398,-0.8801842520053648,0.605528304515963,-0.527953254450958,0.32356868472278655,1.0,-0.11958193583894061,0.01864202022368942,-0.17712332996854913,0.01864202022368942,0.25838005292200045,0.6203277141736269,-0.14949039357010005,0.14686896083874057,0.4518388339859222,-0.8680475583354882,-0.5680305771639674,-0.6392032217359528,-0.5030195171337501,-0.4928529172661696,0.7854288126745274,-0.1326867760842729,-0.729473811553118,0.4698423547932133,-0.39496921538335056,0.29591365841046546,0.9296980437026583,-0.13489074141544338,0.055524653197309114,-0.22833818271644876,-0.11556686340646245,0.16782372778689408,0.6101534753735737,-0.13656137975042096,0.27811271256884357,0.5935142391800288,-0.7158055069439,-0.6074558431069299,-0.7098452631741476,0.483082854930026,-0.4356124625944239,0.8293173723316295,-0.020833847142007342,-0.682523836171298,0.6458332002658567,-0.4948426063400307,0.3118496938739656,0.9536715884416935,-0.14795151160431722
-0.6717761315365341,0.036850202515784386,0.5162193407445199,-0.5534323556671811,0.6109290591641382,-0.5173507818003685,0.12170081329849561,-0.28202201108333386,0.13603257658500129,-0.05878190084041341,0.17322537996951412,0.7002565864489119,-0.5026214011459653,-0.16867655658157946,-0.7301469637950134,-0.153166637794437,-0.4678238116595911,0.6305140732692559,0.7588523159906051,-0.11958193583894061,1.0,0.4937988787769033,0.13162851342675197,0.4937988787769033,-0.715081395955578,0.42859810717036606,-0.48508521371430396,0.11618020965356052,-0.06559628835925112,0.18120203773041593,0.4085313144884277,0.22173956789325763,0.6060824796667027,-0.42556221280235645,-0.24874541533977332,-0.6963647017735803,-0.2713656717400419,-0.6334017723015098,0.6674876701559577,0.7077125141620414,-0.11743325403210536,0.9014461009428986,-0.7070993232511169,0.11145115041096426,0.3274646209467233,-0.7246696231596061,0.10127104594574127,-0.4658020094333894,0.29693638871899997,-0.11890794886671036,0.36491796383520714,0.24658027804992502,0.3824827862068235,0.169911021908616,-0.5639970408885039,-0.25253801651475016,-0.6820647380803099,0.23153342071996713,-0.4700589156144914,0.6172674816213377,0.7066608461386771,-0.06079672642100971,0.8569949351031017
-0.7196857551020044,-0.6043459063245505,0.4701268618706412,-0.6342066849742705,0.3920868048752662,-0.38199317915676145,-0.23110036494534178,0.3460532104365501,-0.32918689114209315,0.3591613745828448,-0.18561996624068283,0.7529262773892715,-0.2924039720173173,0.15129909111651593,-0.5678212158717374,-0.15098177385216238,-0.2828797769480608,0.5554998507163714,0.41422889119419803,0.01864202022368942,0.4937988787769033,1.0,-0.5062689285332725,1.0,-0.5214095998489116,0.6058651157124475,-0.3812555229744813,0.453920046564722,0.28930083972474874,0.15361052395757946,0.5020413294263145,0.21494965103804495,0.5395802352893023,-0.35561499838978294,0.15431629127444546,-0.3404193700299362,-0.1833102079270821,-0.2872950460289232,0.70496073882271,0.3122727378489369,0.2107855352964409,0.4867226840303157,-0.40026362061189563,-0.48321792326835816,0.9006147911522745,-0.4877956590444965,0.5202337491899475,-0.36858997242480174,0.1566279645420833,0.3930659537496305,0.4379164695700675,0.5332905394028918,-0.019927248260890765,0.5819849642517843,-0.47101198724777654,0.22871179235865766,-0.5448130140604226,0.5364617125573616,-0.12446213542559757,0.733672168407328,0.2900680199938844,0.15265596399644357,0.4516452707556984
0.041543161957144324,0.6609696454490191,-0.2864701121395615,0.17332658665338307,0.07811250525051094,0.19608307538563227,0.36879262421684134,-0.22395463937267387,0.4003049010110042,-0.4520285866429919,0.40894893101667107,-0.137830123664872,-0.21911158555071317,-0.3482047505511904,-0.1060449398752474,-0.06712634615319275,-0.061906643857034566,-0.018681551495614804,0.19812051874603961,-0.17712332996854913,0.13162851342675197,-0.5062689285332725,1.0,-0.5062689285332724,0.2255402385910839,-0.18403785681768528,0.21892693608298266,-0.06376625421889001,-0.27108806234177457,0.15577912151124312,0.10172409880852455,0.09657207704411547,0.08673232585598006,-0.09666550305203205,-0.2572328619271075,-0.18091151034086073,0.05602113178352221,-0.10533091872479775,-0.17441226289112088,0.3556818660895233,-0.36254880698392256,0.20792316889420462,-0.035610927991379895,0.9407996257295816,-0.5090560930298517,0.20837464370377243,-0.3291549310558025,0.19692689203856517,0.2999288396731508,-0.2935798649999514,-0.04041776229004499,-0.19971038847217756,0.3733606142323588,-0.41738216848499415,-0.025122166887128074,-0.4583611961109348,-0.0064604836430381795,-0.2763627159387066,-0.1793591600959016,-0.22903121265713988,0.35731208220313676,-0.2223689485431993,0.22612212931624504
-0.7196857551020044,-0.6043459063245505,0.4701268618706412,-0.6342066849742705,0.3920868048752662,-0.38199317915676145,-0.23110036494534178,0.3460532104365501,-0.32918689114209315,0.3591613745828448,-0.18561996624068283,0.7529262773892715,-0.2924039720173173,0.15129909111651593,-0.5678212158717374,-0.15098177385216238,-0.2828797769480608,0.5554998507163714,0.41422889119419803,0.01864202022368942,0.4937988787769033,1.0,-0.5062689285332724,1.0,-0.5214095998489116,0.6058651157124475,-0.3812555229744813,0.453920046564722,0.28930083972474874,0.15361052395757946,0.5020413294263145,0.21494965103804495,0.5395802352893023,-0.35561499838978294,0.15431629127444546,-0.3404193700299362,-0.1833102079270821,-0.2872950460289232,0.70496073882271,0.3122727378489369,0.2107855352964409,0.4867226840303157,-0.40026362061189563,-0.48321792326835816,0.9006147911522745,-0.4877956590444965,0.5202337491899475,-0.36858997242480174,0.1566279645420833,0.3930659537496305,0.4379164695700675,0.5332905394028918,-0.019927248260890765,0.5819849642517843,-0.47101198724777654,0.22871179235865766,-0.5448130140604226,0.5364617125573616,-0.12446213542559757,0.733672168407328,0.2900680199938844,0.15265596399644357,0.4516452707556984
0.5687603559088099,0.14544048558616401,-0.7419780929000793,0.6746855256049458,-0.4834001020107511,0.4644004946492302,0.13890243661898152,0.14976043044690449,-0.09939397633390971,-0.2027726515515759,-0.22181223116510826,-0.7338758373067554,0.28453475413647905,0.2262711661043562,0.578998616838709,-0.06150467191598362,0.6028149668932119,-0.5908617872658558,-0.45730913501686515,0.25838005292200045,-0.715081395955578,-0.5214095998489116,0.2255402385910839,-0.5214095998489116,1.0,-0.29080424912871705,0.4748193237920773,0.08424317573175658,0.0783476439314487,-0.18252249429334977,-0.2719725338728694,-0.2670577000267276,-0.42556349894141393,0.3687009063837006,0.32792956690133984,0.5471747350488767,0.2010724365468575,0.74608846678718,-0.5206000932584177,-0.33988195831519874,0.16305822138391138,-0.5027477056372589,0.7309062368594114,0.23218911366992442,-0.44781170170748485,0.9319586803618255,-0.018173779502511058,0.4698649534743724,0.09960807166953675,0.15649977058704592,-0.3495476672420545,-0.2560345748323399,-0.2744065185831027,-0.2514649741282076,0.49158253855120454,0.2442327039183545,0.6143714305900785,-0.3445756762502561,0.6194677499550136,-0.5511216086333481,-0.34697650834755867,0.2026934319025289,-0.5046121111995774
-0.30600060192877115,-0.37899834062338006,0.2875082862396027,-0.19412139958894606,0.7335265143217045,-0.1413163882267513,0.30798011773264744,0.4363398029728114,-0.33073501932290833,-0.3324088792690702,-0.4557195136397691,0.5229276157698838,-0.704691775960705,0.5862761780855696,-0.41015600749267944,-0.7586932009323811,0.08677065316559843,0.08438726950938963,0.7404247507241081,0.6203277141736269,0.42859810717036606,0.6058651157124475,-0.18403785681768528,0.6058651157124475,-0.29080424912871705,1.0,-0.38752097588538487,0.405785745316601,0.3695987132464851,-0.3933925539964119,0.040762937213182644,-0.17834423905154062,0.15121894089994975,-0.6913537520240676,0.5556337990494019,-0.6058999408640685,-0.7025481003703732,-0.11496119508854938,0.19584194409968828,0.6760940315255194,0.6478163620075409,0.4282797882518305,-0.46052625412625026,-0.22206597840056685,0.44040845154297403,-0.29711686837695783,0.8277049604516674,-0.3751112954645123,0.4399871021644621,0.48203213620525676,-0.07008380191243802,-0.10768460557376384,-0.2827131671662184,0.5287405307389835,-0.7346587943732128,0.6047762212515982,-0.6031822699999579,-0.13090840503506795,0.09873473967593355,0.1574148971748413,0.6667008999720351,0.6895243779243183,0.36724617980609336
0.31657594092303365,0.09528287250547296,-0.571808859213234,0.19601071749063803,-0.5814406469434938,0.830465348434741,-0.12912139361309222,0.21550489821207286,0.09274710975149496,0.19520667595142097,0.3345527367989207,-0.25946553976848913,0.40583226564657243,-0.18489825014197134,0.555941105136305,0.32981432829840635,-0.16697788272814904,-0.38085660947014544,-0.5683450940137652,-0.14949039357010005,-0.48508521371430396,-0.3812555229744813,0.21892693608298266,-0.3812555229744813,0.4748193237920773,-0.38752097588538487,1.0,-0.17326558662931002,0.06666092864112985,0.08086498612387563,0.07541891409811168,0.2917982370093395,-0.007355171376129657,0.3741613944821995,0.21104920134897093,0.5678280103737402,0.5663427958028906,0.08014205800249152,-0.38732683613786256,-0.47307221778374114,-0.03435154337382356,-0.42675642108675005,0.33970960873104783,0.28935529440194935,-0.33757696470045145,0.5017520185309463,-0.1316143735327879,0.9524653024044788,-0.19182967212975888,0.11979524327781788,-0.11902843420587277,0.10114774392908563,0.09969072817333444,-0.14244482165878303,0.45460387797035556,-0.003428022657051745,0.5985002533049919,-0.0513110952036733,0.049369012482784094,-0.4255001826868166,-0.4651171016324125,-0.11487418523334096,-0.41344687140643244
-0.2962711251918493,-0.2566979352967779,0.008829606582011314,-0.13507621873805045,0.15419129598546472,-0.019582679440814994,0.2695560734737275,0.45991409312778164,-0.18403453347686102,-0.041480107805419664,-0.34348561335051747,0.39472512038908314,-0.21512695274441798,0.30467981302548286,-0.15827954254578755,-0.2757831005498796,0.13966709862786586,-0.0026543687207588196,0.27399826234071023,0.14686896083874057,0.11618020965356052,0.453920046564722,-0.06376625421889001,0.453920046564722,0.08424317573175658,0.405785745316601,-0.17326558662931002,1.0,0.40703739935667416,0.08594685516300836,0.41411681019442376,-0.21364517685236054,0.39064059650188443,-0.27367317879194025,0.24954769000073365,0.0652716708183013,-0.12138441406585557,0.21907950705200993,0.14735726675787478,0.3354739006864933,0.21827287402103657,0.28014331967091977,0.15757827123195334,-0.04579857278768456,0.3905665153421015,0.11856302341509442,0.43739571065952115,-0.12879901208223693,0.6885342136532223,0.3496855674832708,0.28549475635662647,0.26227163560220523,-0.2180765729165397,0.4019391354320907,-0.2300307389953125,0.28057128001792614,-0.06598827977450962,0.3566526426879684,0.2726043245251479,0.2634359652886778,0.24992849243593565,0.280219674145075,0.18119921725854074
-0.030839424515894637,-0.3910075887491147,-0.1393675134087754,-0.07439326093747925,-0.029014662303684227,0.18774167629137592,-0.025202897845624437,0.5090340598325892,-0.5056412941657846,0.0019391509334309998,-0.32331223447177276,0.33518849311620197,-0.23745944848125294,0.5259350747702048,0.12301038456605952,-0.38860043938871486,0.1919932347926847,-0.16729548463155708,0.08434756143207668,0.4518388339859222,-0.06559628835925112,0.28930083972474874,-0.27108806234177457,0.28930083972474874,0.0783476439314487,0.3695987132464851,0.06666092864112985,0.40703739935667416,1.0,-0.3678254013943839,0.11082825079160057,-0.3837291392078585,0.09575947401686372,-0.35111066307283545,0.548228564926694,0.18591414531108855,-0.1365772217195958,0.2483519042880647,-0.06714724783440215,0.06820107674106268,0.6341642889861685,-0.0567713449611565,0.11057087011844283,-0.24318434206186493,0.22595299861790785,0.05915106334002462,0.3852568528785093,0.0955321517560549,0.18894955917458664,0.4288103993180293,-0.1550265153009761,0.13300127218233157,-0.3151459761293062,0.7162362474563504,-0.2925728231291233,0.5777977651913851,0.12962978237443812,0.04643349554849381,0.4126637468032526,-0.017049091089594386,0.04968261933248375,0.4963315574430684,-0.08113375931599388
-0.4808889953841007,0.08673489823818273,0.13194396405283768,-0.38349440308202315,-0.2703365742918586,-0.1240315391498265,-0.21065278957007502,-0.2633366241106777,0.519387008475526,0.6158604782673932,0.6003126539531826,0.18543202372740986,0.3887912617716747,-0.7658148805871409,-0.24752376679952373,0.6963777072652787,-0.5572341084348994,0.5363949054582973,-0.22864657981614908,-0.8680475583354882,0.18120203773041593,0.15361052395757946,0.15577912151124312,0.15361052395757946,-0.18252249429334977,-0.3933925539964119,0.08086498612387563,0.08594685516300836,-0.3678254013943839,1.0,0.6463105592903745,0.5405725663905224,0.570401791642731,0.40645413228619276,-0.6442513368949063,0.06001523194588504,0.5999033565216396,-0.400981357556817,0.4707669092767449,-0.18264541719650826,-0.7738743975025416,0.29215376613134486,-0.004795508268371106,0.20555342813249097,0.2605939503492339,-0.07041889549725242,-0.4198084042740824,0.046018203391251,-0.11297533985016986,-0.5128643638574661,0.8464682820206803,0.6533917345043861,0.5779487631649806,-0.44610456242843194,0.31654042719713554,-0.6871361460767578,-0.11658547721715165,0.7156318127600307,-0.6039646219160715,0.5989686779640154,-0.21878136309486132,-0.7828319940056826,0.25883628886349996
-0.7474288146606135,-0.20895940978235023,0.11597776243277187,-0.6461262040166017,-0.057114822205375775,-0.08045804050449491,-0.2732007592715769,0.02691217114276841,0.08344097981787804,0.5535782857476531,0.48777616842716287,0.6309836050843413,0.016125431695528887,-0.47624774092341493,-0.450873688624713,0.3541065905842549,-0.5736827577884007,0.6048553970909553,0.11368196252878845,-0.5680305771639674,0.4085313144884277,0.5020413294263145,0.10172409880852455,0.5020413294263145,-0.2719725338728694,0.040762937213182644,0.07541891409811168,0.41411681019442376,0.11082825079160057,0.6463105592903745,1.0,0.5391012514378168,0.8132340971719135,-0.02917581596765367,-0.2614348893728247,-0.10302860824427575,0.4677991831692517,-0.43905684375320475,0.6556024358169986,0.14762232027933642,-0.37540693333108244,0.4843683730856048,-0.27298099843510143,0.1280103792669272,0.46413416111668754,-0.2241399792315663,-0.08471512888315236,0.05870843850501911,0.18105474214540138,-0.04219721935483705,0.7568480028543723,0.9002975393697681,0.5855103437477327,0.14466649540292167,-0.07880766656933309,-0.3846655342573488,-0.27743021876692153,0.79883537976352,-0.4180796143064002,0.7264073457916008,0.10689709291153454,-0.4081044503695655,0.45950701479381134
-0.4660164158097203,0.04437758789646584,0.16056374276183977,-0.4121350112836164,-0.0744513897465612,-0.026101521682989636,-0.38023268182490105,-0.1808007732385895,0.25985096234040983,0.5440231446404226,0.6608051604708901,0.24420810001448057,0.24626460826633273,-0.6645408234308913,-0.262212820955625,0.49840315516464784,-0.5784468566439617,0.5370548517498533,-0.10159665320010947,-0.6392032217359528,0.22173956789325763,0.21494965103804495,0.09657207704411547,0.21494965103804495,-0.2670577000267276,-0.17834423905154062,0.2917982370093395,-0.21364517685236054,-0.3837291392078585,0.5405725663905224,0.5391012514378168,1.0,0.49355187051250643,0.22898011879814367,-0.4212930622206702,-0.17023314827455152,0.41016448668162625,-0.4954057979852709,0.5051200246515296,-0.06079119409189986,-0.5517327117323819,0.23490136234805353,-0.373425685644686,0.16562293221977317,0.16919402064802538,-0.18490572216978848,-0.29503443179183214,0.263020167077793,-0.2303387786789454,-0.1314290965829542,0.5394726982969422,0.5559176411995644,0.6983857727486149,-0.25451411490860354,0.133908006279332,-0.5862125822213484,-0.22991803745450093,0.4874770877546286,-0.5612694632078951,0.4740727859488427,-0.03541027314446418,-0.5783251122902016,0.25378674085292563
