Fp1,Fz,F3,F7,FT9,FC5,FC1,C3,T7,TP9,CP5,CP1,Pz,P3,P7,O1,Oz,P8,TP10,CP6,CP2,C4,T8,FT10,FC6,FC2,F4,F8,Fp2,AF7,AF3,AFz,F1,F5,FT7,FC3,FCz,C1,C5,TP7,CP3,P1,P5,PO7,PO3,POz,PO4,PO8,P6,P2,CPz,CP4,TP8,FC4,FT8,F6,F2,AF4,AF8,O2,P4,C6,C2
1.0,0.4017504693918239,0.8066228369054245,0.18993179517121211,-0.28973770817937555,0.4102756196446311,0.6759230957522759,-0.45020433928799547,-0.04109826987308007,-0.49467105222091806,-0.679940498973602,0.2896597869038982,0.3284126638910542,-0.463806289678351,0.1945432754339514,-0.4972143071770291,-0.2394713331884015,0.3376071435034724,-0.32840853445237184,-0.4424737248891408,0.5268838030536362,-0.16823599674318637,0.37545218019374554,-0.16823599674318637,0.22640090843329808,-0.23518249989425352,0.42828141580510704,0.615252417115501,-0.2994602769427965,-0.11979463755291934,-0.38590300204995537,-0.6174536896313593,0.2845112290287278,0.2602803155626106,-0.4801437653811775,0.11991480803843002,-0.4617445124352383,-0.3497246576528035,0.3987954639793118,-0.5033772558055304,-0.414807679341632,0.6022795762585192,0.8552953295258596,0.471097355278636,-0.26399317095342073,0.15190655448912777,-0.32687984150998745,0.3678650575048019,0.5314052014180874,-0.3657341148201321,-0.02283505526952935,-0.4446257700046819,-0.5951984194088021,0.40611546788984176,0.22022487270582458,-0.31752211758828586,0.10301859316306469,-0.43491087339160367,-0.1858547111302649,0.3352778782233581,-0.47788803979411754,-0.4974920783697376,0.6579263852308881
0.4017504693918239,1.0,0.631735546379811,-0.20098121530140683,-0.6420096319092181,-0.03318662117102825,-0.02468506089045005,0.057161864178686295,0.6429118074018048,0.12651408753779178,0.038314611563267875,0.8849649096502343,-0.12117031259704823,0.36528132494431587,0.6358549096582172,-0.6360683667976915,0.06148063532903321,0.15600380739980133,0.18502913594030893,0.25451203493960967,0.5348763140089652,0.5303286326329093,0.7162336656237935,0.5303286326329093,-0.06595661802671858,-0.48576724496803986,0.08665871240547075,0.2499639482679587,0.20437190306188247,0.5111386319601131,0.19921006250044954,0.09065920482872716,0.7704337186048907,-0.14623092124811748,0.3353334077067522,0.5493307942283983,-0.630120291797388,-0.04568725849354915,0.20000518427509695,-0.08697105035988636,0.28167911927006384,0.5446932467335467,0.462847044558768,0.9049209676582268,0.3555357861146076,-0.23879382239936606,-0.5898473575150737,-0.06269736286881446,-0.02263853427601968,0.04167494056024627,0.5270669734269798,0.15857485899316154,0.0910282515477469,0.8386667069329932,-0.19419183272412566,0.48928229974013715,0.5837893799187214,-0.6335035763144989,0.004787034169406323,0.053083763908243556,0.0007658009708487038,0.12444773708300431,0.5374111094536318
0.8066228369054245,0.631735546379811,1.0,0.037371394013421884,-0.5760404389259052,0.25268452312486955,0.4631842419294905,-0.3417018154352023,0.1503196721141938,-0.48078664663003884,-0.5346414086922257,0.5468821885440596,0.11774663457925429,-0.17220610747750453,0.4716642682274347,-0.6731581463327991,-0.29080115626362807,0.45140133816024447,-0.2263172029149588,-0.15487872998872548,0.39992651008810126,0.28086708579653497,0.4247297005460421,0.28086708579653497,0.029639494871659303,-0.46581028395701274,0.22205047346673476,0.5861855356797837,-0.226886826657878,0.0070241208508672465,-0.3789701427948107,-0.4884277456797375,0.4249290636887066,0.08877130268413388,-0.1938796902832263,0.4205594794005663,-0.6554863766127207,-0.377063431779033,0.5288401323755793,-0.3982307678042819,-0.11300090259664482,0.5197242535164363,0.7023277038280041,0.7490695926421778,0.07856217982390784,-0.04264274203406878,-0.5881211686612575,0.23451457956871863,0.3226117362342479,-0.28803238124620645,0.07748153711389241,-0.4135060219299568,-0.4740439978672448,0.5739839060487901,0.0036067165819748817,-0.06906159719684651,0.31180398639753776,-0.6645825733147674,-0.251057059769239,0.38146964827682256,-0.3273483943118785,-0.2158335535360304,0.5422229956073681
0.18993179517121211,-0.20098121530140683,0.037371394013421884,1.0,0.4382819741192725,0.7962855034472278,0.6618106474252621,0.02085802434354275,-0.5026168868038964,-0.47411700844175625,-0.16771493176746147,-0.4354156927419856,0.7769987294813183,-0.40107164687703273,0.30984370568390607,0.23287487602319598,0.17715043447806403,0.5661747371993479,0.322902736389694,0.15479486449075724,0.39001877567327237,-0.023266274668306438,0.05226496969457275,-0.023266274668306438,0.8909281004817725,0.3271474085358761,0.7558203404377932,0.49875444077463277,0.11383996169909814,-0.44141392658166206,-0.33401853583881314,-0.18066190357696874,-0.24391618133078474,0.728492796528303,-0.36647263905775074,0.24017120516304333,0.29239936810859396,-0.03604747455957478,0.5662088589097224,0.15704372656554147,0.13308367479516292,0.24558739384032527,0.1238541159114628,-0.14869223210823573,-0.03153191647072348,0.9380994014203604,0.34929234968687584,0.7961383006959887,0.6033117781286709,0.17064037773950053,-0.5542876202316455,-0.41655484690052635,-0.1025479999432853,-0.3093001804997877,0.6741273417079312,-0.45712650968833457,0.3415109223379597,0.30906005578947804,0.1640309499778182,0.6681322490643226,0.22860043153078727,0.06263518770470698,0.37661437909823386
-0.28973770817937555,-0.6420096319092181,-0.5760404389259052,0.4382819741192725,1.0,0.26365439934562107,0.09497566257503445,0.2523978948222225,-0.4394107961372104,0.1448636174239968,0.23802352608698885,-0.6790128836511159,0.48938859371996957,-0.28400477671489033,-0.3494225679916092,0.8091240311714055,0.448894660478211,0.0503954856285292,0.3245907225728666,0.07198520989322667,-0.04459688593619852,-0.3525322408771567,-0.11984472290369912,-0.3525322408771567,0.4382068457128838,0.8669969238626153,0.27585588917141807,-0.07727948708213347,0.24091915039682654,-0.1797311955096996,0.17641346478426928,0.24085429904859154,-0.42631285834459537,0.4740640887482584,-0.2507333867441768,-0.3216392701275309,0.8200454749617507,0.4418890676135627,-0.022447417508366707,0.4566060967059878,-0.02449369081036092,-0.1563939364898146,-0.36439655191516784,-0.5794026873889314,-0.3543369246737513,0.5172061408336792,0.9354988397563951,0.2717744069181416,0.22243802359497813,0.2691951246674858,-0.33611337782182876,0.10554256959164401,0.266060437592969,-0.5889497851387445,0.44805510633010415,-0.4070452581604433,-0.21971291496132697,0.8385664272520935,0.5008757120818671,0.081118632590651,0.3102376027221912,0.0639993366013356,-0.142751708210805
0.4102756196446311,-0.03318662117102825,0.25268452312486955,0.7962855034472278,0.26365439934562107,1.0,0.790017145776842,-0.3743027556662501,-0.34773235245824186,-0.5938096892618355,-0.4058447662132237,-0.20786598827091118,0.836117555865985,-0.23327451018339726,0.39172084685163233,0.20580112937453746,0.1027749650391227,0.7170938082369729,0.11471065698514207,-0.1062884221478995,0.5719389824080832,0.022352140668144116,0.23612542583992988,0.022352140668144116,0.7851522707889441,0.25182844934939475,0.8793050817996627,0.7018329657634824,-0.13786736519932347,-0.24425980537723488,-0.3869538322294754,-0.32850876714388544,0.006005145807572227,0.8046032389566456,-0.2127784099762308,0.3775241149091206,0.26730394829303555,-0.08688137209634145,0.6916407298044783,-0.02176021861752632,-0.1859325999858031,0.5450573567308876,0.28031805812093175,0.08389216240687496,-0.09232404166007042,0.8264478488566629,0.20625770840753224,0.9775614745626824,0.7720185189786811,-0.19564688263217248,-0.3749482034430771,-0.562853680273942,-0.2833873094780633,-0.11592441872506391,0.7307620925587265,-0.2599493527378424,0.3680414858873033,0.27251910280998937,0.08273218667783305,0.7941690386794227,-0.05129794811301872,-0.18220021506671194,0.5285453238819192
0.6759230957522759,-0.02468506089045005,0.4631842419294905,0.6618106474252621,0.09497566257503445,0.790017145776842,1.0,-0.5021070155255716,-0.48839063048804404,-0.7506625109534589,-0.5722476504198895,-0.20414362729056207,0.7052048730447551,-0.42440731818039923,0.18251526727216338,-0.05691850814818688,-0.16453419775952507,0.6422249941913895,-0.14333511944027083,-0.286117273653025,0.47470366122261864,-0.2140180787847307,0.1325338627533857,-0.2140180787847307,0.6261734567824484,0.10107020030806468,0.7079177739879754,0.7529702775848751,-0.3186409813167317,-0.4500593015741841,-0.5661591976245847,-0.5146378573202264,-0.053285506960623584,0.6723515210592143,-0.43319100144849765,0.12222147078800003,0.004483880426424314,-0.3134880126494051,0.6560883351844786,-0.24986716932224862,-0.348114335930216,0.493423784264216,0.5300011348127835,0.08896243009411658,-0.3537200665646573,0.6509246242091262,0.02764702282983462,0.7737330003928159,0.8530167737261591,-0.340261751248732,-0.5045929309503384,-0.6939568805025983,-0.49264896297659766,-0.07839641317814816,0.5915144608259004,-0.41483657579435934,0.11200023780122037,0.01963959186194999,-0.1278309252544706,0.689656893833482,-0.308927333825882,-0.3748283632676017,0.5423803875082294
-0.45020433928799547,0.057161864178686295,-0.3417018154352023,0.02085802434354275,0.2523978948222225,-0.3743027556662501,-0.5021070155255716,1.0,0.3091199132017337,0.6847520283782805,0.6947242658704096,0.0532190274507116,-0.22233430318939393,0.03207833812012147,0.1444781460060317,0.1612119292439275,0.5863768803728056,-0.26980910987609946,0.6217608188985819,0.5657745218200371,-0.07285827874610176,0.3110084509587988,0.23393650567364224,0.3110084509587988,0.07742996409055342,0.302953248712538,-0.15598605125052428,-0.28221937407940384,0.8797550690130063,0.39826264297041625,0.6869861921997975,0.6589712587150578,0.13813561354726941,-0.2125650200890312,0.09796006021059721,0.08806374655909333,0.18805723442959787,0.5598207361663196,-0.2751052488275365,0.5460742656898726,0.5675881501455777,-0.29170149463684086,-0.1842936277845267,-0.005327213772690179,0.32072015288982525,-0.030714451576279816,0.35366112258603566,-0.32486483787510384,-0.3212010286423248,0.9535450555635624,0.28181125065465723,0.7569508439165736,0.7403472394537212,0.09329372537023821,-0.18534778920572245,-0.010417326965955664,0.32125102586225557,0.2017206664276805,0.6441372099959949,-0.2987986476468478,0.6830287739824514,0.5968799783816958,-0.09841332797966827
-0.04109826987308007,0.6429118074018048,0.1503196721141938,-0.5026168868038964,-0.4394107961372104,-0.34773235245824186,-0.48839063048804404,0.3091199132017337,1.0,0.5933317970592522,0.40998978695703986,0.7464419647385916,-0.4448977599318292,0.48466032429773565,0.3190371660652927,-0.3087120276895001,0.31770410887972,-0.3119834850580232,0.17034239440994575,0.24807527375636976,0.21754922628187026,0.4784036412621753,0.5289100102413565,0.4784036412621753,-0.2840904361982482,-0.2964630014153514,-0.20209764515283257,-0.07747328656381092,0.3617252140492121,0.8989127395713674,0.566645858535863,0.41285877565226925,0.6494892585764311,-0.4247815921756032,0.49013996831946605,0.3405829242605951,-0.32136929612835036,0.3525647443259547,-0.3335982314064825,0.07337725272012435,0.2516606580845439,0.18220462467306053,0.12573362921846284,0.5676418401867291,0.41065472121762575,-0.4451471093825708,-0.3074162964089423,-0.3640565511639981,-0.33820875615104773,0.19838241314545768,0.9210299489710775,0.5711744480947627,0.44842721658203016,0.6502520459676799,-0.3899775109283689,0.5501650039106415,0.39049289898197587,-0.33935876063761305,0.2814669603615987,-0.4135211243749851,0.16342700973748883,0.27233954750423234,0.1279159413937293
-0.49467105222091806,0.12651408753779178,-0.48078664663003884,-0.47411700844175625,0.1448636174239968,-0.5938096892618355,-0.7506625109534589,0.6847520283782805,0.5933317970592522,1.0,0.7428418163363228,0.2424980387370287,-0.397658991820771,0.32465714230404197,-0.1434335839200395,0.24231181867409832,0.5680064138614447,-0.559604925861779,0.4688303919661051,0.3611868803075888,-0.015360731319871236,0.14086604581946963,0.22955563881162983,0.14086604581946963,-0.27133004498349317,0.19666997915284504,-0.38990835455087175,-0.5044802753810826,0.6498074751474261,0.6702125978208323,0.9051372963264451,0.7521525655311597,0.2558798939917944,-0.360007206374879,0.33005666908598497,-0.13281188009452902,0.21805669088687793,0.6471607224523039,-0.6125113781018988,0.5097621308914474,0.320053157549393,-0.1254656292003164,-0.26704265640553054,0.04115422940887774,0.1356457724191165,-0.3883751562511633,0.2580109990591895,-0.5852481767805805,-0.5694044665514518,0.5849377513710871,0.612316478222075,0.9716089513780799,0.7329806229283217,0.17180092023158922,-0.3733149706856981,0.29868119512486063,0.012630979437615384,0.2178282120310566,0.5581365433232814,-0.6753421608957808,0.4612917300022822,0.3474151501611104,-0.1106682882634958
-0.679940498973602,0.038314611563267875,-0.5346414086922257,-0.16771493176746147,0.23802352608698885,-0.4058447662132237,-0.5722476504198895,0.6947242658704096,0.40998978695703986,0.7428418163363228,1.0,0.11649152641204129,-0.2317099893869443,0.5342907830517922,0.06615830214925743,0.26613032580575563,0.5505937122129612,-0.3860307094497219,0.5481871157606025,0.6670648503394296,-0.04658643961041852,0.34274696200401644,0.14197943813910288,0.34274696200401644,0.0010839006804036664,0.2589170711454116,-0.1952295097901541,-0.3741805887579948,0.6781603436735105,0.5075380214712342,0.7197011305118521,0.9474781866556452,0.18077375677587723,-0.17453377709299392,0.5575569381000252,0.08204089762814977,0.27333061985027174,0.6042210313692894,-0.4571400162362622,0.5944104742549106,0.6180000098263582,-0.20809590653914792,-0.46027453522858763,-0.04633708991307238,0.34666084322942353,-0.07464524617739936,0.32810746364484056,-0.3609303963504666,-0.36228204116039625,0.641181570123869,0.34524304279125506,0.7392526081022693,0.9377185217827478,0.06050624562706225,-0.17971408747299197,0.4525807720142393,0.23245363973258384,0.254151703892548,0.5134305528024916,-0.4711311432490123,0.6394332687435529,0.5588040592683031,-0.1614445444670543
0.2896597869038982,0.8849649096502343,0.5468821885440596,-0.4354156927419856,-0.6790128836511159,-0.20786598827091118,-0.20414362729056207,0.0532190274507116,0.7464419647385916,0.2424980387370287,0.11649152641204129,1.0,-0.3299952822415391,0.4575341861709924,0.5313949252480035,-0.632683538676538,0.06280549800631192,0.010209932078596164,0.1223528712463159,0.20526910239781904,0.33126593621002304,0.6016682821598807,0.6068866710651953,0.6016682821598807,-0.22547570301010686,-0.4498631275227747,-0.05648199876715412,0.15274365178699906,0.24359956779537476,0.657325975672631,0.34135096453686786,0.19307029673440898,0.8799898616806324,-0.3083858115683791,0.45631535377395344,0.521124110972682,-0.6313582855473338,0.059341880168781155,0.03071477612214902,-0.041331825391913164,0.2066171827037305,0.37942609709199066,0.3948379557199751,0.8402181090034313,0.398238301845036,-0.4005742947190363,-0.5452659907614757,-0.21953573593624048,-0.1046449116682855,0.03893818385130826,0.7102819377774066,0.276727870174378,0.18889963894359038,0.9516476672062606,-0.3521629646701646,0.6054495588127768,0.5154836701647869,-0.6332403824229925,0.037817268390796,-0.10197330568584238,0.06778740279291823,0.18085228085341123,0.3570730732488591
0.3284126638910542,-0.12117031259704823,0.11774663457925429,0.7769987294813183,0.48938859371996957,0.836117555865985,0.7052048730447551,-0.22233430318939393,-0.4448977599318292,-0.397658991820771,-0.2317099893869443,-0.3299952822415391,1.0,-0.2577811505831439,0.22978599470479508,0.4050498237581534,0.24151770056630242,0.6282569550682323,0.3019701634135749,-0.002411381945858775,0.6037124333523454,-0.09611774847275877,0.1988970812171747,-0.09611774847275877,0.787475922869851,0.41541053124170374,0.7677662225596815,0.5632336827601708,0.0008293426059363363,-0.2766452052517295,-0.2302706444261531,-0.13883112188628405,-0.10440845834085777,0.9626759602714151,-0.26515863429119296,0.18441561975702325,0.43288449357491393,0.046371487613310995,0.5938974897357129,0.17635016475858856,-0.09023657482877064,0.5520421222334682,0.19425255248155668,-0.003119767590166577,-0.17536562712707648,0.813512333279908,0.39434066185080496,0.808128007337438,0.6697454359739798,-0.07502937522212917,-0.4291498079323546,-0.38850032665245565,-0.15975248899117273,-0.2344463827786182,0.8276150191978303,-0.3373745222542342,0.2477662374955444,0.45313604641758537,0.18613100081226552,0.653146036832136,0.11031246364059966,-0.20362381782823713,0.5599646081912918
-0.463806289678351,0.36528132494431587,-0.17220610747750453,-0.40107164687703273,-0.28400477671489033,-0.23327451018339726,-0.42440731818039923,0.03207833812012147,0.48466032429773565,0.32465714230404197,0.5342907830517922,0.4575341861709924,-0.2577811505831439,1.0,0.2180445998402251,-0.06954542933393232,0.0516150782377999,-0.14282037084167198,0.20188538193149802,0.5000077592044758,-0.04687876862353227,0.5877180470664494,0.1729437634707758,0.5877180470664494,-0.2262142210174851,-0.17935535663765512,-0.13102176364771365,-0.13712284046977402,0.1577151025008587,0.4938617667964918,0.34575785120860253,0.5454872409158715,0.41600586536555983,-0.1802748224244041,0.9806450652469841,0.31852776262656485,-0.10253551634960222,0.15533956690940268,-0.2087440046092302,0.2666045823725988,0.46988184301899383,-0.0024887992453141976,-0.33492331771961226,0.3036096687103866,0.4985800026995058,-0.2963089804562744,-0.17377184933477774,-0.21662727213743538,-0.2938032508380633,-0.009519181629690636,0.3944301915294873,0.26769348793899916,0.49980628769714586,0.3094123483263808,-0.14214840250734084,0.9369986045709302,0.22055569168696262,-0.1215945765347848,-0.032645743545429665,-0.19690652206190892,0.21075138439089428,0.4080481828691436,-0.1747493095139571
0.1945432754339514,0.6358549096582172,0.4716642682274347,0.30984370568390607,-0.3494225679916092,0.39172084685163233,0.18251526727216338,0.1444781460060317,0.3190371660652927,-0.1434335839200395,0.06615830214925743,0.5313949252480035,0.22978599470479508,0.2180445998402251,1.0,-0.24930432151647974,0.25422914710947203,0.5842389543215553,0.39830609278799733,0.4085207600193351,0.555866025824411,0.6682136210128875,0.5755881758296457,0.6682136210128875,0.3638331140253651,-0.14729235695946793,0.409358754228088,0.4666525863323347,0.3278499047752027,0.2966946281371624,0.0482397860957133,0.12073424472795499,0.5673609292054471,0.268848042365111,0.2436950935745718,0.958620751243965,-0.18709949272245566,0.0840647915158573,0.5847485957226519,0.07201438385176595,0.3960095824106993,0.5042576884246253,0.3238325516352025,0.6459711146970583,0.5427661317207618,0.30086879982963355,-0.30870185113103216,0.3811616190960264,0.23806385745152472,0.21880944356651638,0.18643939454531502,-0.06436708730810314,0.12209478188719272,0.5355799806102893,0.08682038458746236,0.2579459965066244,0.8984814916251267,-0.22469578523832628,0.1255447589585421,0.5006466657277806,0.26879092060894866,0.1918133706012162,0.4795069653207268
-0.4972143071770291,-0.6360683667976915,-0.6731581463327991,0.23287487602319598,0.8091240311714055,0.20580112937453746,-0.05691850814818688,0.1612119292439275,-0.3087120276895001,0.24231181867409832,0.26613032580575563,-0.632683538676538,0.4050498237581534,-0.06954542933393232,-0.24930432151647974,1.0,0.4748705477910272,0.11695812136892744,0.33983126535677505,0.004516280478023451,-0.037647901971854476,-0.30294025324447216,-0.1299091290824466,-0.30294025324447216,0.21726335519114034,0.7316628802456189,0.09296853192904482,-0.09439607974106072,0.1627068869022726,-0.04717840208261132,0.23669666662202507,0.30254193450438516,-0.40963420800229544,0.43638981541615,-0.07456160204823081,-0.19545433913438814,0.9825531282491459,0.4952291829873912,0.0049084135594683,0.47428838088963243,-0.14114208562107186,-0.09244493477740127,-0.4955905485973246,-0.5303557164298781,-0.27333023151177527,0.3294831267162439,0.7655343972829506,0.1917396310869876,0.06448502261579467,0.15817210959019076,-0.2416987113123275,0.1764400678890166,0.25606482187382473,-0.6463337671318562,0.35052619453509476,-0.24669502420901815,-0.16603076377334955,0.9703403494914183,0.4418470067289973,0.08386215184598361,0.2925677150973213,-0.08004338597160368,-0.2044346998302468
-0.2394713331884015,0.06148063532903321,-0.29080115626362807,0.17715043447806403,0.448894660478211,0.1027749650391227,-0.16453419775952507,0.5863768803728056,0.31770410887972,0.5680064138614447,0.5505937122129612,0.06280549800631192,0.24151770056630242,0.0516150782377999,0.25422914710947203,0.4748705477910272,1.0,-0.014721822582645903,0.7763561718321543,0.32162274218564313,0.3419264651595283,0.10591394544280167,0.3390621025213888,0.10591394544280167,0.3023744344295019,0.46303081846657795,0.1595410983484175,-0.035495577263145714,0.6248418717235317,0.466741725315196,0.5696740816618601,0.5723112446322578,0.15125020205009698,0.2240688192075518,0.05418299075624282,0.24515655435945943,0.48116140384998646,0.9345654753124839,-0.06433066875536375,0.7148083821521906,0.2465166919490269,0.20444149882175733,-0.17104667568920542,0.02851957459829569,0.03055975815463013,0.2454460372761426,0.4706512831631545,0.07115347004159663,-0.040612499773459834,0.5709417757950846,0.25804398565846404,0.5556220036666285,0.5859640541404879,0.04099863016221426,0.03812292781643212,-0.04395221455549816,0.3450368663677986,0.46425615190706204,0.927220530182594,-0.12519710143530446,0.6592899941125031,0.24257036052299305,0.20664291494903012
0.3376071435034724,0.15600380739980133,0.45140133816024447,0.5661747371993479,0.0503954856285292,0.7170938082369729,0.6422249941913895,-0.26980910987609946,-0.3119834850580232,-0.559604925861779,-0.3860307094497219,0.010209932078596164,0.6282569550682323,-0.14282037084167198,0.5842389543215553,0.11695812136892744,-0.014721822582645903,1.0,0.1916895484630771,0.1393923931858007,0.45828233196674556,0.2800328374430049,0.3259200311781099,0.2800328374430049,0.5086327454211116,0.18156368518155153,0.6159612877210904,0.7333277135567677,-0.03163711718698808,-0.19795290305979377,-0.3109975047897378,-0.2770839594841728,0.16889585587645425,0.6894245466167205,-0.13235210461011523,0.5735757429923889,0.15561430440274754,-0.15207447779173236,0.9808344658094297,0.060221854044838846,0.008807483809444353,0.5067147186251125,0.3278576927056142,0.3432381567982733,0.008042559846110938,0.5565626906197838,0.010226591046231429,0.7127641948036179,0.632601026388246,-0.14240959995032795,-0.32786461678239226,-0.5204690883462917,-0.3211602062079741,0.05511549850985644,0.47064532094347206,-0.20355922559175643,0.47120832664721346,0.13370206055421144,-0.04779659577154953,0.9233942020288802,-0.03610274213285566,-0.04586459167082154,0.3880251003361302
-0.32840853445237184,0.18502913594030893,-0.2263172029149588,0.322902736389694,0.3245907225728666,0.11471065698514207,-0.14333511944027083,0.6217608188985819,0.17034239440994575,0.4688303919661051,0.5481871157606025,0.1223528712463159,0.3019701634135749,0.20188538193149802,0.39830609278799733,0.33983126535677505,0.7763561718321543,0.1916895484630771,1.0,0.6436136824038172,0.3324930464296596,0.3900978864583033,0.3264608039587105,0.3900978864583033,0.42825107572304183,0.3595317067780646,0.21947528518788817,-0.0013996799084857806,0.7202997693753015,0.27218240882601724,0.5352472064973903,0.5951222869691865,0.2246564984247774,0.3087782576303502,0.2071700845038757,0.37448129482367915,0.34867023277300657,0.6952168526366068,0.16266666575551772,0.8760520834629175,0.5796253512393139,0.17116761242500925,-0.1850936892863706,0.157443176428052,0.27389330719266275,0.34711508035054817,0.3748264530648158,0.11646299154718719,-0.01693472681591379,0.644395673609043,0.09305738060134482,0.47700658152746067,0.5775418651254672,0.09649839776462746,0.17081823821303252,0.06367145761308145,0.47974325011886326,0.3415843175398976,0.7125903716868462,0.09038682960775096,0.8348188331117793,0.4834898590645904,0.23699323241206244
-0.4424737248891408,0.25451203493960967,-0.15487872998872548,0.15479486449075724,0.07198520989322667,-0.1062884221478995,-0.286117273653025,0.5657745218200371,0.24807527375636976,0.3611868803075888,0.6670648503394296,0.20526910239781904,-0.002411381945858775,0.5000077592044758,0.4085207600193351,0.004516280478023451,0.32162274218564313,0.1393923931858007,0.6436136824038172,1.0,0.1099132023927628,0.699840958171936,0.2466163580505856,0.699840958171936,0.2648082666312845,0.15987587358872218,0.13833174745367732,-0.011088804364233764,0.6475269337023533,0.31097829200478927,0.4547433329528767,0.651016893012498,0.28377191931294654,0.11016045127786668,0.5290520936526372,0.4520814561233856,0.0233535519754872,0.3206479988580212,0.09092168393640399,0.6198281493740294,0.9530400751812187,-0.0037754201215636847,-0.188814953940033,0.23547742370809216,0.5136399988848939,0.197031402295215,0.12803260415074688,-0.040322999172751735,-0.1559334363275023,0.5596701597868284,0.13067980902782314,0.3729647727594306,0.60452889880807,0.1738334334345186,-0.04622820013783009,0.36987486061164543,0.4461655930182723,-0.012697874508002173,0.24748329668517877,0.02261206070545534,0.5489556476874617,0.7484217988781444,-0.03478078781911258
0.5268838030536362,0.5348763140089652,0.39992651008810126,0.39001877567327237,-0.04459688593619852,0.5719389824080832,0.47470366122261864,-0.07285827874610176,0.21754922628187026,-0.015360731319871236,-0.04658643961041852,0.33126593621002304,0.6037124333523454,-0.04687876862353227,0.555866025824411,-0.037647901971854476,0.3419264651595283,0.45828233196674556,0.3324930464296596,0.1099132023927628,1.0,0.1478566299724193,0.7243281570692802,0.1478566299724193,0.5529053735054876,0.031095870501039798,0.6367264112312038,0.5607785802765013,0.21368516651037367,0.2790674747923761,0.15562103367938784,0.0655667676296909,0.49024098574040703,0.5860976128144328,-0.0701070579784437,0.4712643878560325,0.01363553065492006,0.12234446186108128,0.4246107877872935,0.05099656300237448,0.014668730945723955,0.9396811957257152,0.5788643892673124,0.5805830125173178,-0.010704301907739622,0.4499892607166371,-0.06687238753360669,0.5279436229629888,0.45006858952765566,0.04431852670261204,0.15917738010899532,0.02449795802364188,0.021866783348327385,0.3865193875092054,0.3721258856670107,0.001294703012847802,0.5487697333407314,0.0012757583376175224,0.2255205165054927,0.34264433976714886,0.03400254245467012,-0.22579205636477678,0.921961070743177
-0.16823599674318637,0.5303286326329093,0.28086708579653497,-0.023266274668306438,-0.3525322408771567,0.022352140668144116,-0.2140180787847307,0.3110084509587988,0.4784036412621753,0.14086604581946963,0.34274696200401644,0.6016682821598807,-0.09611774847275877,0.5877180470664494,0.6682136210128875,-0.30294025324447216,0.10591394544280167,0.2800328374430049,0.3900978864583033,0.699840958171936,0.1478566299724193,1.0,0.41995598122920813,1.0,0.10876769317368773,-0.16168248112832267,0.1601365457703946,0.2299488151530463,0.47589889799187485,0.4860092663342165,0.3124896788907592,0.3759924298483324,0.6248883416156891,0.009773338586641,0.6516476904702437,0.7345943261290196,-0.2822674795640244,0.10550378192464892,0.2564042930809525,0.3107052641649134,0.6796500574781924,0.11944776573486986,0.057529340301773084,0.6059832390964206,0.7461441104776176,0.008562300494194519,-0.21631232569884445,0.08135605880337131,-0.04149459675431692,0.34381843294892567,0.396221227583075,0.19911916406851687,0.41053941053962295,0.5668531254544862,-0.042020966208053706,0.5623579078190586,0.67855415766591,-0.30488052104161173,0.0863511822799927,0.21683466584504638,0.38396853764000993,0.6689605854474031,0.11862278835963196
0.37545218019374554,0.7162336656237935,0.4247297005460421,0.05226496969457275,-0.11984472290369912,0.23612542583992988,0.1325338627533857,0.23393650567364224,0.5289100102413565,0.22955563881162983,0.14197943813910288,0.6068866710651953,0.1988970812171747,0.1729437634707758,0.5755881758296457,-0.1299091290824466,0.3390621025213888,0.3259200311781099,0.3264608039587105,0.2466163580505856,0.7243281570692802,0.41995598122920813,1.0,0.419955981229208,0.26733450559138405,0.0722299585198221,0.3999813683569353,0.4860341510587486,0.4683861207812785,0.6210215822198585,0.4362286380611391,0.2590020106782325,0.7817984830285408,0.20514061414878168,0.18058068530508134,0.517280551197786,-0.08225799913549683,0.22114814451198705,0.2752145233746042,0.0966899820580472,0.12947793499501398,0.6576964769118008,0.49481972521155426,0.7822807493638952,0.1216732202118341,0.0924752087291701,-0.04983898728115583,0.2291542729890023,0.29166798937738825,0.2705991022450439,0.47195515312337744,0.28677282837263934,0.2844150750688185,0.6725817223294401,0.11700345121894934,0.2712108440137605,0.6319861209135919,-0.08539501591334935,0.34010974240976016,0.18305974932898497,0.075205296200812,0.029381148518897046,0.6551781867381989
-0.16823599674318637,0.5303286326329093,0.28086708579653497,-0.023266274668306438,-0.3525322408771567,0.022352140668144116,-0.2140180787847307,0.3110084509587988,0.4784036412621753,0.14086604581946963,0.34274696200401644,0.6016682821598807,-0.09611774847275877,0.5877180470664494,0.6682136210128875,-0.30294025324447216,0.10591394544280167,0.2800328374430049,0.3900978864583033,0.699840958171936,0.1478566299724193,1.0,0.419955981229208,1.0,0.10876769317368773,-0.16168248112832267,0.1601365457703946,0.2299488151530463,0.47589889799187485,0.4860092663342165,0.3124896788907592,0.3759924298483324,0.6248883416156891,0.009773338586641,0.6516476904702437,0.7345943261290196,-0.2822674795640244,0.10550378192464892,0.2564042930809525,0.3107052641649134,0.6796500574781924,0.11944776573486986,0.057529340301773084,0.6059832390964206,0.7461441104776176,0.008562300494194519,-0.21631232569884445,0.08135605880337131,-0.04149459675431692,0.34381843294892567,0.396221227583075,0.19911916406851687,0.41053941053962295,0.5668531254544862,-0.042020966208053706,0.5623579078190586,0.67855415766591,-0.30488052104161173,0.0863511822799927,0.21683466584504638,0.38396853764000993,0.6689605854474031,0.11862278835963196
0.22640090843329808,-0.06595661802671858,0.029639494871659303,0.8909281004817725,0.4382068457128838,0.7851522707889441,0.6261734567824484,0.07742996409055342,-0.2840904361982482,-0.27133004498349317,0.0010839006804036664,-0.22547570301010686,0.787475922869851,-0.2262142210174851,0.3638331140253651,0.21726335519114034,0.3023744344295019,0.5086327454211116,0.42825107572304183,0.2648082666312845,0.5529053735054876,0.10876769317368773,0.26733450559138405,0.10876769317368773,1.0,0.47286090815098797,0.897926528841034,0.57358298126213,0.31725017488531587,-0.15778470252512164,-0.033751774976692746,0.06617204553513753,0.07249961586690716,0.790819843343681,-0.1714845232150204,0.32360232438629744,0.3166224342594067,0.11687411910335874,0.471154515476647,0.24597991864548396,0.18542119663629217,0.3867407792159468,0.24690046619101205,0.002470772585951767,0.026129317051418396,0.9569550310743726,0.457106439875635,0.8251114262379153,0.7172865168224828,0.2589586510956751,-0.3225505321871876,-0.20489165447114813,0.11975359886866889,-0.06875290378840355,0.7352386819190252,-0.2503725934878021,0.45762092373311614,0.34165571422632585,0.3058656500723118,0.5693113286046693,0.30160823797323544,0.12043853921743054,0.5096095695981764
-0.23518249989425352,-0.48576724496803986,-0.46581028395701274,0.3271474085358761,0.8669969238626153,0.25182844934939475,0.10107020030806468,0.302953248712538,-0.2964630014153514,0.19666997915284504,0.2589170711454116,-0.4498631275227747,0.41541053124170374,-0.17935535663765512,-0.14729235695946793,0.7316628802456189,0.46303081846657795,0.18156368518155153,0.3595317067780646,0.15987587358872218,0.031095870501039798,-0.16168248112832267,0.0722299585198221,-0.16168248112832267,0.47286090815098797,1.0,0.37275052407546094,0.07697077244086373,0.41143140071276835,0.023616693191117644,0.3575660614106627,0.3613004214795825,-0.11640406893243363,0.4794574510825771,-0.11849837972531566,-0.09086815590119329,0.7931781684704471,0.4739096631835793,0.08710624902139584,0.44814875123533904,-0.007652246516878414,-0.06310105601623052,-0.1914975819943839,-0.3743538732014017,-0.29954242398651487,0.4899822914184854,0.9402647453842585,0.30349788914991693,0.34269776980917677,0.36044808301272024,-0.1894390519560853,0.19359636699870508,0.3563151254192585,-0.34302433400230437,0.3881094679784895,-0.2658971325416779,-0.0453030054178723,0.8091483570793908,0.5420050741511555,0.16166789598660428,0.3147172638638137,0.13019967947091027,-0.10424165335936657
0.42828141580510704,0.08665871240547075,0.22205047346673476,0.7558203404377932,0.27585588917141807,0.8793050817996627,0.7079177739879754,-0.15598605125052428,-0.20209764515283257,-0.38990835455087175,-0.1952295097901541,-0.05648199876715412,0.7677662225596815,-0.13102176364771365,0.409358754228088,0.09296853192904482,0.1595410983484175,0.6159612877210904,0.21947528518788817,0.13833174745367732,0.6367264112312038,0.1601365457703946,0.3999813683569353,0.1601365457703946,0.897926528841034,0.37275052407546094,1.0,0.7545563351999554,0.16985540137255303,-0.05064347637814093,-0.10101219792347883,-0.09801892551528907,0.2524533778068814,0.7848016924023576,-0.0764259912112986,0.40287797388745195,0.19097698027281984,0.0010638937746123467,0.5698410812413175,0.06333659875455619,0.03705916925956222,0.562971659247456,0.4465499698900036,0.18896964802064387,0.011607485757802705,0.8377556313977345,0.3141376872493696,0.909395513020578,0.8168313459384148,0.04115914306673296,-0.22071277111904813,-0.33286359903795565,-0.04516326033706262,0.09543287176298978,0.7422000121749213,-0.12992028234637937,0.47315709304368914,0.21847640343258942,0.17973453891507957,0.6896081846582345,0.05999447555002178,0.012738482975880408,0.5785145398922675
0.615252417115501,0.2499639482679587,0.5861855356797837,0.49875444077463277,-0.07727948708213347,0.7018329657634824,0.7529702775848751,-0.28221937407940384,-0.07747328656381092,-0.5044802753810826,-0.3741805887579948,0.15274365178699906,0.5632336827601708,-0.13712284046977402,0.4666525863323347,-0.09439607974106072,-0.035495577263145714,0.7333277135567677,-0.0013996799084857806,-0.011088804364233764,0.5607785802765013,0.2299488151530463,0.4860341510587486,0.2299488151530463,0.57358298126213,0.07697077244086373,0.7545563351999554,1.0,-0.0011306636734686596,0.0019006376638274864,-0.25013401022852927,-0.2988656861837969,0.35170322480201555,0.610895478081712,-0.12173151452387021,0.4625932852004216,-0.03686679957109517,-0.11903837970154256,0.6904455832591087,-0.13613744606403091,-0.12282655502896399,0.5920471646132558,0.6637974444808764,0.48133067761331594,0.011100513863944528,0.5160199374058244,-0.028528173207127236,0.7256156034106007,0.7883711589029297,-0.1345180969406545,-0.13497675664307512,-0.4400152123898532,-0.25831755868001743,0.2542525543813115,0.5254831683584321,-0.1428307708055273,0.4600897176452864,-0.025202577357520146,0.020842697265813902,0.708684315295581,-0.16138412267082855,-0.16542158968740142,0.5830319858152158
-0.2994602769427965,0.20437190306188247,-0.226886826657878,0.11383996169909814,0.24091915039682654,-0.13786736519932347,-0.3186409813167317,0.8797550690130063,0.3617252140492121,0.6498074751474261,0.6781603436735105,0.24359956779537476,0.0008293426059363363,0.1577151025008587,0.3278499047752027,0.1627068869022726,0.6248418717235317,-0.03163711718698808,0.7202997693753015,0.6475269337023533,0.21368516651037367,0.47589889799187485,0.4683861207812785,0.47589889799187485,0.31725017488531587,0.41143140071276835,0.16985540137255303,-0.0011306636734686596,1.0,0.5549166017505336,0.817713077208633,0.7462420939825508,0.45452356352618484,0.05786223579593059,0.2394298951439588,0.2874457425085472,0.22488777286015185,0.571994426852683,-0.07416408342393568,0.5928869571905062,0.5621905295079411,0.007133830384997417,0.02323469539918584,0.20381004900119082,0.3585997884675706,0.15020566724603762,0.40871415262562205,-0.07562318654356838,-0.04181465037340207,0.926999289355577,0.37841756056883363,0.7499721900106948,0.7994701547199496,0.32565852855626304,0.01959679813955197,0.14000966459151262,0.5375119116745729,0.25114136236980045,0.6791489204431026,-0.07899820619035773,0.7228154608654679,0.587386475860763,0.15929305736837893
-0.11979463755291934,0.5111386319601131,0.0070241208508672465,-0.44141392658166206,-0.1797311955096996,-0.24425980537723488,-0.4500593015741841,0.39826264297041625,0.8989127395713674,0.6702125978208323,0.5075380214712342,0.657325975672631,-0.2766452052517295,0.4938617667964918,0.2966946281371624,-0.04717840208261132,0.466741725315196,-0.19795290305979377,0.27218240882601724,0.31097829200478927,0.2790674747923761,0.4860092663342165,0.6210215822198585,0.4860092663342165,-0.15778470252512164,0.023616693191117644,-0.05064347637814093,0.0019006376638274864,0.5549166017505336,1.0,0.7599537136475586,0.5901520503743336,0.7199351269646664,-0.22092798577121056,0.5232191941898025,0.33160901791722464,-0.03853744342207458,0.49600566654230277,-0.265634605721179,0.209650353410258,0.21976767597032393,0.22911905838233354,0.10283193988633903,0.5007319966641655,0.33695051913648266,-0.3241208426738361,-0.015028854732104168,-0.2433843487245887,-0.18830147309703338,0.34309276097739044,0.9106645216724881,0.6762838029949522,0.6060891183494395,0.6166846394931751,-0.2603103212788538,0.5368825137616832,0.4376989315711112,-0.04421977808825338,0.45407741752568653,-0.3120789689781827,0.25166505311326987,0.28721804426467556,0.1559883112088331
-0.38590300204995537,0.19921006250044954,-0.3789701427948107,-0.33401853583881314,0.17641346478426928,-0.3869538322294754,-0.5661591976245847,0.6869861921997975,0.566645858535863,0.9051372963264451,0.7197011305118521,0.34135096453686786,-0.2302706444261531,0.34575785120860253,0.0482397860957133,0.23669666662202507,0.5696740816618601,-0.3109975047897378,0.5352472064973903,0.4547433329528767,0.15562103367938784,0.3124896788907592,0.4362286380611391,0.3124896788907592,-0.033751774976692746,0.3575660614106627,-0.10101219792347883,-0.25013401022852927,0.817713077208633,0.7599537136475586,1.0,0.8213176139168232,0.5140099961253058,-0.15390351749335426,0.397021867686745,0.05634415693797945,0.26562729421140735,0.6094006353406145,-0.38529412472418506,0.5188774032210753,0.3385994651034562,0.024946664243085222,-0.07624913009188775,0.18607325020195953,0.20516823925525635,-0.19191913399223956,0.35537295421356335,-0.3423588841631258,-0.2691647938841496,0.6710344650899974,0.6397064148760632,0.9369701824859868,0.8054384351524905,0.3565682659485936,-0.19309600897614174,0.35589809285384943,0.2538779662802071,0.2812215222581799,0.5987801228628068,-0.42438505839397067,0.5104669830659291,0.3962885893376038,0.05659847241738095
-0.6174536896313593,0.09065920482872716,-0.4884277456797375,-0.18066190357696874,0.24085429904859154,-0.32850876714388544,-0.5146378573202264,0.6589712587150578,0.41285877565226925,0.7521525655311597,0.9474781866556452,0.19307029673440898,-0.13883112188628405,0.5454872409158715,0.12073424472795499,0.30254193450438516,0.5723112446322578,-0.2770839594841728,0.5951222869691865,0.651016893012498,0.0655667676296909,0.3759924298483324,0.2590020106782325,0.3759924298483324,0.06617204553513753,0.3613004214795825,-0.09801892551528907,-0.2988656861837969,0.7462420939825508,0.5901520503743336,0.8213176139168232,1.0,0.3305555522225227,-0.06482435915770424,0.576142375855953,0.12986173488006067,0.33308193726832525,0.6025133881099917,-0.3562241202109265,0.6061693476050471,0.5409991448931005,-0.09390637779800134,-0.38732010920938653,0.046806525449554236,0.3035458085915612,-0.03886418079199585,0.3718286407337266,-0.27055490157778517,-0.24951271936478603,0.6562873431393337,0.3958403199337286,0.7729904990625937,0.9506562965580391,0.1652718075725851,-0.12249926534616133,0.4871985338577107,0.2944798760423463,0.3230890925991778,0.5503697207615716,-0.3892258355942362,0.63996847365841,0.49527679197212143,-0.05701606154642838
