Fp1,Fz,F3,F7,FT9,FC5,FC1,C3,T7,TP9,CP5,CP1,Pz,P3,P7,O1,Oz,P8,TP10,CP6,CP2,C4,T8,FT10,FC6,FC2,F4,F8,Fp2,AF7,AF3,AFz,F1,F5,FT7,FC3,FCz,C1,C5,TP7,CP3,P1,P5,PO7,PO3,POz,PO4,PO8,P6,P2,CPz,CP4,TP8,FC4,FT8,F6,F2,AF4,AF8,O2,P4,C6,C2
1.0,0.29883333500111736,-0.1173095728523782,0.09026419984062181,-0.23275253604741813,-0.01329966904048054,0.41717713020113567,0.18742721796911044,0.363773379348198,0.42470242371013533,0.6044551689319192,0.04616591282143211,0.09640739201978275,-0.4080074561998717,-0.020273778962690874,0.22803654621555752,0.3163454785771947,0.192823639390768,-0.20826322413169052,0.20199519153843104,-0.30618377793660595,-0.31939771592218824,0.3358763675846789,-0.31939771592218824,0.19763047513137494,-0.4148604835113644,0.12628770139802364,0.2309555326207299,0.15651824217942148,0.19382967636247417,0.4008731462314733,0.3387837835257212,0.1674682662335676,0.07833629168779772,-0.4868760934376931,-0.12534621499698112,0.3787243878832741,0.2476033128168981,0.15082951064817127,-0.1469920810802725,0.13038597253600587,-0.3267167707045337,0.6126941635947696,0.11615577414433327,-0.2793065375806489,0.0637496038838463,-0.1656686350987014,0.2529684738624032,0.23642567178938662,0.17478472534384912,0.39654451269538304,0.4641961466736325,0.5305043383563668,0.2763047263908117,0.10842570619448057,-0.3661304080731859,0.012703910711160874,0.347586599216421,0.3788839614621352,0.1107927855199424,-0.10276676006166578,0.17432070825702312,-0.25609000586515424
0.29883333500111736,1.0,0.5856839864208022,0.2016656943640643,-0.13205412215244133,0.28147712496075517,0.6286494735983892,0.3278340686094964,0.4453402935389675,0.18158432519695017,0.14318216078292517,0.2406410045252801,0.37093132236981474,0.621918388848013,-0.014289018536738536,0.2876987699308832,0.22007653149272688,0.48932195715663146,0.3872801332901873,-0.029236522300162795,0.20541593514226508,0.5376142557899815,0.6580931884992056,0.5376142557899815,0.19378062835894072,-0.1671491552025716,0.08082439671476571,0.5010103339162497,0.22179426546550637,0.325228254534923,0.1275304279771254,0.12303313284006928,0.02438058166749183,0.3215993747607161,0.5451884669490128,-0.07529067613281748,0.28947159480003976,0.10475164755315854,0.42036389010723574,0.45184625874468337,-0.014002616172838489,0.2514421935361027,0.41592276976160897,0.7079051966452762,0.5401886080507069,0.14548456288928108,0.19390996821681447,0.2570061406782127,0.6508100751953712,0.23027343922444474,0.537623719117254,0.23207134321306294,0.2702513600556313,0.23666075939932213,0.30288611023403506,0.6516229646741971,0.14168693756319614,0.3288438007295531,0.3667989682160424,0.5089206487583711,0.35273524904293035,-0.028376695960307168,0.35802125999783185
-0.1173095728523782,0.5856839864208022,1.0,0.3419050448925443,0.21273830248603118,0.4552669699474352,0.2188857693840339,0.09186220895503765,0.11599473914601689,-0.03453949079699475,-0.26641480323457145,0.12705146589638475,0.37477542295446753,0.6038567633006361,-0.15103675461023536,0.3034529661370358,-0.06540413781856391,0.21990036556037112,0.592902022922637,-0.49613955559055134,0.2838659005365967,0.8053419324654375,0.12167687657447364,0.8053419324654375,0.19474685890778276,0.19896922984827084,0.037018336948802896,0.06139092709413759,0.07410507313952726,0.06555867536575473,-0.14407440250502423,-0.2529652139450563,0.06863183689982529,0.3902339003575044,0.4869390676670229,-0.15038805463247965,0.2405620611745551,-0.11538429908944509,0.15788592695813977,0.5236323732989637,-0.43601725362737204,0.33744492205988064,0.0018186541297971343,0.38435794530496065,0.7482002747066752,0.1894625447178997,0.3670544808443125,0.4014716602296498,0.21324700593042364,0.06365377825228379,0.2732780441738758,-0.03533196918079614,-0.08339411567851508,0.1560242473191852,0.29005238365308517,0.5612936220209678,-0.003764205220656357,0.2967473907801613,0.009089726267412713,0.24414014649980675,0.5480771831852597,-0.46230425659569996,0.4134358006978421
0.09026419984062181,0.2016656943640643,0.3419050448925443,1.0,0.4037437820556035,0.4945879329176066,0.11351256521421935,0.05170180330029137,0.27243641895416504,0.35096901697335603,0.0017333277882302745,0.2463168303720568,0.2667315443791397,0.1857301353215802,0.30029903879070086,0.23422351540335107,0.2528293828753537,0.09060946311834264,0.38476366470762485,0.08384547732219255,0.3228562302486064,0.33165674626736413,0.00027456171732340287,0.33165674626736413,0.8390180263094263,0.4457102211218831,0.2697452234638367,0.247006333526464,0.07106537528721446,0.305775471018575,0.33572766818186245,0.12276998298086947,0.15849888951425253,0.3200167271708248,0.12647131226718156,0.3344364155528798,0.228645582571808,0.2674274160271306,0.09438031249225749,0.4593747275953498,0.20117017063264056,0.32276641693092323,0.11031410309930985,0.033255268483302465,0.42427109255605516,0.887067352809425,0.3154082249138324,0.5008489907365864,0.12248025276117513,0.11219852720647486,0.489010704316285,0.38478007725553637,0.18130912214461853,0.26978184340050493,0.1886154154728187,0.17487070790996728,0.4257588327085476,0.23891136847727162,0.2766687880462312,0.26232147987208937,0.3213355787657329,0.2014025176440006,0.3906873945838588
-0.23275253604741813,-0.13205412215244133,0.21273830248603118,0.4037437820556035,1.0,0.5243730427838271,-0.3608874257264357,-0.2933023225003559,-0.2922956715809061,0.19194878860284445,-0.2406559734418389,0.1777110137741481,-0.01243151541498458,0.005944766697685747,0.45928776696367374,-0.1472038321094025,0.026912323532128905,-0.2927523938965567,0.21656762745724584,0.22594684422663863,0.1340880414975702,0.17339590505085414,-0.3627315625413766,0.17339590505085414,0.17029389713279344,0.8267316304959544,0.2779200683050618,-0.3538167742279253,-0.32364216503257676,-0.2773409360186787,0.18687457320894837,-0.24601515464658577,0.2939170588929899,-0.011125862202846384,-0.015433017186098314,0.4346164274185994,-0.2109708921629865,0.1333413828391996,-0.23748480382120724,0.19210395830920987,0.31228504730157536,0.1455104258713348,0.053502205611338206,0.04262177883423867,0.1517027267181954,0.2478608701853947,0.5671552350006601,0.4108667517598379,-0.27929006365782777,-0.21197170595219095,-0.05358675944960629,0.21472540614130542,-0.06327959066694472,0.19589055972635927,-0.061589154379288885,0.030371376361519053,0.4464441241926741,-0.12240856992835267,0.07761249944382623,-0.0988854518979772,0.20728225795739308,0.28272215708983806,0.21937928688757993
-0.01329966904048054,0.28147712496075517,0.4552669699474352,0.4945879329176066,0.5243730427838271,1.0,0.059373447935888016,-0.39610923151615385,-0.24417784261549239,-0.1884463481312926,-0.003753251076845258,0.10845035702892729,0.25666353664631897,0.26767243672855734,0.43221120953142295,0.1758509215916185,0.006420941249447092,0.39957484043791924,0.23210880318556362,-0.14155490131882179,0.31121672045358945,0.22347595919754346,0.08723322845310993,0.22347595919754346,0.17470442150678797,0.49096048922396457,0.6207258329192803,-0.09030931936966967,-0.30930968315243385,-0.25955036595337955,-0.23903183231018435,0.04776958936435208,0.1939794467308404,0.20049794642786578,0.1830707907424843,0.4301429822853578,0.08328543323174001,0.0008203855805594407,0.3519501038477718,0.17351968867097373,-0.02440625608304565,0.2913839496072687,-0.038506543668344766,0.31996994516207394,0.2528496732318389,0.3274609620539206,0.6530473631182238,0.8405910402686978,0.12125591424880908,-0.30184223506121305,0.05301040826087268,-0.14424552222698234,0.2580771293758531,0.219542675888525,0.29073791293907214,0.27369705039312,0.5383805193909765,0.24662387164358474,0.05364268897065884,0.4693545458488416,0.2784419116137622,-0.009348929843316091,0.4357774100332137
0.41717713020113567,0.6286494735983892,0.2188857693840339,0.11351256521421935,-0.3608874257264357,0.059373447935888016,1.0,0.3494295304660562,0.4864974260346948,0.16962747196680342,0.4966077330840729,0.3651069362470367,0.23353947143730683,0.2664162533487983,-0.16462453478737285,0.5339643524640211,0.3388263461479294,0.3773629762403191,0.20594354973245027,0.05199590059438504,0.32421429404922364,0.232374103106216,0.7506662118773562,0.232374103106216,0.25078681013647014,-0.37801285573153065,-0.05730167904524854,0.7821370955948158,0.407363018997229,0.39659743901115696,0.15398727936309964,0.4224081248899783,0.13183436361935286,0.2908852766356124,0.23851116499688718,-0.18596300592574994,0.5336866015762565,0.20860252613503913,0.26778908457619727,0.16948313044914204,0.026377763835419774,0.2954665061705961,0.28240755254622146,0.3626375883012746,0.30458895494568605,0.1413679827026466,-0.08920058695536842,0.13253825764847224,0.8593270729701861,0.35968878418222067,0.5603718217019725,0.24999708060833642,0.5359730165470336,0.4494909606570501,0.15541225537816933,0.3178911989743803,-0.05120510948000723,0.5553701806960282,0.43220831463183795,0.3615996161487257,0.2243882143007728,0.0783593274853057,0.3899357041603739
0.18742721796911044,0.3278340686094964,0.09186220895503765,0.05170180330029137,-0.2933023225003559,-0.39610923151615385,0.3494295304660562,1.0,0.416551386380453,0.3121124934926015,0.24572006342772584,0.13017279929578038,0.16635346653904892,0.11750469757721085,-0.3785658815779941,0.2749229808972123,-0.08403885262874375,0.036458506279378126,0.19124842563711236,-0.03640101768389278,0.2533424768048946,0.2882744855336358,0.37608398190471276,0.2882744855336358,0.2935525764848087,-0.2563841935789178,-0.18212426392343914,0.31667445068158556,0.8721239892576047,0.3588441084081249,0.3772223229753639,0.29744452730958965,0.10981058514553954,0.22813081718639938,0.11127103061120457,-0.3725248592554708,0.2649257580929359,-0.056650661034054244,0.10824412059783196,0.286648224602082,-0.06768374224288067,0.2957226991563772,0.25307608755402955,0.3179715637814391,0.33129812294554056,0.1782874928480791,-0.27520877186751386,-0.29121065605963015,0.3657865217207715,0.938200754659102,0.35085218051370975,0.31788397262230517,0.13868499550883293,0.22279391669287582,0.06024616905614841,0.11598093443205071,-0.3459591077435783,0.20400992419787886,-7.968235669921224e-05,0.026981695632923932,0.1900984195897494,-0.11885498069775138,0.21427019718675766
0.363773379348198,0.4453402935389675,0.11599473914601689,0.27243641895416504,-0.2922956715809061,-0.24417784261549239,0.4864974260346948,0.416551386380453,1.0,0.5652309973890528,0.24015953731250395,0.3935148710674536,-0.10801911292637861,0.011732595384526414,-0.07306077773634091,0.2048755923926503,0.4794379078904362,0.05422024929801334,0.12752428611742744,0.14648762065377507,0.0002783980961615871,0.2662999267055373,0.36377187598351285,0.2662999267055373,0.25383872424335063,-0.24439784237792028,-0.32287174035954375,0.5858649997213048,0.26475866204066223,0.9035470050164297,0.564246649398437,0.24235910548448822,0.12151885757959464,-0.07476176479335558,0.03285999982932914,-0.08972695370585447,0.2970912799206066,0.34407415632571464,-0.024367012617192,0.22613448346611123,0.12757579299698954,0.12368228419956558,0.4041034533154613,0.15798439200323108,0.2938684141134536,0.17663305607551075,-0.22726556378512705,0.008982072955529089,0.455619371128574,0.3313832549755588,0.8872325553834592,0.5794190795350016,0.2177133016290597,0.38551481654421893,-0.13305742632930107,0.1068737537735257,0.016821552858241957,0.2507859391086235,0.5603764259297277,0.13164162578111896,0.0854635071024522,0.13496536761505004,0.021166680458572597
0.42470242371013533,0.18158432519695017,-0.03453949079699475,0.35096901697335603,0.19194878860284445,-0.1884463481312926,0.16962747196680342,0.3121124934926015,0.5652309973890528,1.0,0.2509656854891095,0.4596854687430692,-0.023836862689848207,-0.20275416785542355,0.08853799845036549,-0.12619819915679734,0.3823134074020531,-0.20187807126660065,0.12582131828087315,0.5165662711305447,-0.05561689366809237,0.0588193070643423,0.13458787946305745,0.0588193070643423,0.29950668621731286,0.13289236110000358,-0.237178466745786,0.2213662430318609,0.1632455016661195,0.4886569413268774,0.9549003414869721,0.14119242503599808,0.35059179413251756,-0.011655271096766577,-0.15590772782535323,0.04703383224495058,-0.026631254131522047,0.3406194839669355,-0.1872757212841537,0.2964971687844806,0.5349525567709512,-0.017146087681289054,0.5833713423221901,0.08253955115051002,0.06790804791281482,0.2266932540935102,-0.0032983502358422162,-0.04486948884956461,0.1617707944343394,0.27157670704068976,0.5570436777079621,0.9559283303455588,0.2751143720211963,0.4265625248080911,-0.10876904519098567,-0.11694046118159582,0.01788853441775594,-0.05250467146248695,0.5034557730036385,-0.07208852764051019,0.10072894754197477,0.530775776364886,-0.030771730253648075
0.6044551689319192,0.14318216078292517,-0.26641480323457145,0.0017333277882302745,-0.2406559734418389,-0.003753251076845258,0.4966077330840729,0.24572006342772584,0.24015953731250395,0.2509656854891095,1.0,0.3191647132862276,-0.059658835419005546,-0.3373369618199232,-0.07583777921532411,0.490504240882863,0.3084794884415389,0.36645215158530675,-0.3318277344110118,0.12736032196391348,-0.05590206944027186,-0.1776338842275656,0.3680170037448527,-0.1776338842275656,0.07153986437255624,-0.21088995988068274,0.22962090364075916,0.4437380292355631,0.279174646520489,0.15782031289190385,0.300956396689329,0.8860220718773436,0.3434530107661868,-0.06672537733407118,-0.3354430789775961,-0.14530189265760868,0.5196397959797634,0.31401185361098255,0.30161429856163585,-0.29339519019938143,0.09373434006004847,-0.10581514214741361,0.5657110007821333,0.06332334059217032,-0.10939273952966302,0.0668432361689114,-0.10702558751195652,0.11373622406971445,0.38213968800519216,0.2939325396432568,0.2147482328733482,0.30464263713812423,0.8869496926650805,0.37482563139262204,-0.05846041832291952,-0.27728788130242504,-0.10085927528783777,0.5419794642112892,0.36107162663546666,0.32474219102467766,-0.24832367949010314,0.16946779399207193,-0.04044106338115971
0.04616591282143211,0.2406410045252801,0.12705146589638475,0.2463168303720568,0.1777110137741481,0.10845035702892729,0.3651069362470367,0.13017279929578038,0.3935148710674536,0.4596854687430692,0.3191647132862276,1.0,0.05763244736345293,0.12259598827533402,0.3266044159538686,0.17256605293053512,0.20078142976123722,0.028946536127266075,-0.03150477161766962,0.40121605959784945,0.23606999349518992,0.2913707030355815,0.2619719707335524,0.2913707030355815,0.14033460887474297,0.2246018918464346,-0.16561027681338414,0.37930179823436155,0.11965817980416095,0.26230920183702805,0.4079483323190511,0.31883825528961773,0.7664075297324667,0.059418598934196334,0.2055590537823106,0.2720832866281916,0.17495156117030602,0.13880144210151435,0.019161083836097933,0.015433979014212415,0.4606014757957938,0.33452934061934037,0.40528900853665006,0.1938266834228535,0.3186694670156232,0.12989595113416946,0.23230143015105226,0.04372780765455332,0.4705895937427244,0.10333652728311035,0.4097401136831151,0.44634581441748694,0.3813733528678437,0.8291215323202067,0.0019710940517431532,0.21512089391562095,0.28636340131143656,0.1613504268760025,0.34145177726332343,0.11424280356062246,-0.06350049679900041,0.43775952764083986,0.24955867720795732
0.09640739201978275,0.37093132236981474,0.37477542295446753,0.2667315443791397,-0.01243151541498458,0.25666353664631897,0.23353947143730683,0.16635346653904892,-0.10801911292637861,-0.023836862689848207,-0.059658835419005546,0.05763244736345293,1.0,0.4724980540949267,0.12568717974767402,0.3995747127595067,-0.3668976956998113,0.439628293812829,0.44373963291059093,-0.04496329421286173,0.35515310731662453,0.36888747692096996,0.3812382720904236,0.36888747692096996,0.42630152192407145,0.15452484330247301,0.25477964717847246,0.14894908047589261,0.28740289726688,-0.13181301354316274,-0.03304040440384555,0.08884583879915457,0.026578664560631023,0.961277535490046,0.4090087159873275,0.1496524785926415,0.3124085664269875,-0.4369232806323703,0.4437856912018977,0.4575711660102287,-0.006062758633334704,0.26353610487614687,0.054164610561603196,0.5348112223713644,0.4381597847630093,0.3853617645882584,0.36776102871412536,0.20595127445567954,0.367819454237295,0.19207483177357013,0.11393373947441668,0.027034496177457158,0.0839876863524721,0.23493444020531792,0.8965652923405629,0.4776220643503218,0.21098716754201455,0.319451869671813,-0.25533498816214617,0.4359792675913189,0.4489790989583259,0.014137126648433166,0.5250621733289652
-0.4080074561998717,0.621918388848013,0.6038567633006361,0.1857301353215802,0.005944766697685747,0.26767243672855734,0.2664162533487983,0.11750469757721085,0.011732595384526414,-0.20275416785542355,-0.3373369618199232,0.12259598827533402,0.4724980540949267,1.0,-0.0018091673192544204,0.1459187285044332,-0.16306739438334938,0.3569002324318676,0.5482846619614093,-0.14744346410322273,0.45372891297616613,0.6935599427369694,0.39168869192835687,0.6935599427369694,0.19811365569540007,0.13524288180004426,0.03839916276481969,0.22310660857946993,0.1278082535893531,0.10568491733694671,-0.2422950689004266,-0.1635907483283478,-0.12850998903090968,0.44504325940608314,0.9674904934731811,0.04431551652605069,0.06659951084194146,-0.16988024287775774,0.3898291746542421,0.5438325768216433,-0.07217178188552013,0.46862976350093705,-0.15233477474063756,0.5227838783547598,0.6984591721827869,0.2792443615367602,0.3404496932827308,0.09534411652153774,0.37917693612513764,0.05516772500603294,0.1409003430460466,-0.171821278178018,-0.12527658884556894,-0.014912087366364127,0.42221395089820707,0.9594538858691878,0.1390340271409892,0.10131898072311611,-0.07244683332167684,0.41618327417822676,0.39586447770609884,-0.10926211291508794,0.5644109941556911
-0.020273778962690874,-0.014289018536738536,-0.15103675461023536,0.30029903879070086,0.45928776696367374,0.43221120953142295,-0.16462453478737285,-0.3785658815779941,-0.07306077773634091,0.08853799845036549,-0.07583777921532411,0.3266044159538686,0.12568717974767402,-0.0018091673192544204,1.0,-0.0455952633242789,0.017829860702836584,-0.08050432129736945,-0.047769260891688106,0.5152000366368236,0.12286537372395225,-0.11630044032096042,0.023609692387984993,-0.11630044032096042,0.07850600327787607,0.40467766910147235,0.38500618134660114,-0.16664100776578789,-0.46217554556963125,-0.07165535973296298,0.07365396232593441,-0.006655940025047319,0.3531782663819151,0.06469768057581202,-0.005383608939325018,0.9712649039219997,-0.07000680985500593,-0.02983018770947823,-0.07190911904523242,-0.00560274922910311,0.495602459107709,0.1166455529164877,0.06917168486587143,0.07947374059782415,-0.09354879124828137,0.19511134359261117,0.2920116216503175,0.3373957765515401,-0.02889387006687031,-0.41490455691703254,0.03846667736186358,0.08214006600729847,0.04659134478703342,0.33879866474870995,0.11702468886254817,0.07238278463783032,0.943648520815468,-0.008570139484797906,0.0892143218138303,0.06743499571205216,-0.03932646072487308,0.48188601082938665,0.155034148702295
0.22803654621555752,0.2876987699308832,0.3034529661370358,0.23422351540335107,-0.1472038321094025,0.1758509215916185,0.5339643524640211,0.2749229808972123,0.2048755923926503,-0.12619819915679734,0.490504240882863,0.17256605293053512,0.3995747127595067,0.1459187285044332,-0.0455952633242789,1.0,0.06528228255858716,0.4183747596520007,0.23850563502026226,-0.2690960522919978,0.23994798097802766,0.403427843141222,0.3378069054441757,0.403427843141222,0.3256916296240357,-0.027031400244070244,0.2475394200754247,0.46725893242798017,0.3447626575583603,0.2205901286042029,-0.059524268989015146,0.585553184486403,0.26855508206715356,0.47235790201303063,0.06463766595995031,-0.01938154540478406,0.9387067432278138,0.12396124013203642,0.35396966672139946,0.17606994541833934,-0.27639746411287464,0.21639846324940215,0.15106488333157284,0.2632099370140166,0.4971956691752895,0.3327313692340731,0.05547840469161095,0.3137228951994521,0.49275004624950136,0.35245433531389664,0.3341138539615125,0.01052304443909177,0.5399359932049457,0.4032701288407068,0.30189580470344773,0.19105079992600132,0.06980385014799687,0.9470025688977292,0.12888520802575665,0.459530133243593,0.27240024345871333,-0.19584201551955752,0.37079253703233517
0.3163454785771947,0.22007653149272688,-0.06540413781856391,0.2528293828753537,0.026912323532128905,0.006420941249447092,0.3388263461479294,-0.08403885262874375,0.4794379078904362,0.3823134074020531,0.3084794884415389,0.20078142976123722,-0.3668976956998113,-0.16306739438334938,0.017829860702836584,0.06528228255858716,1.0,-0.05218044877340552,0.08511385513220858,0.18273194200009923,-0.19965062042572082,-0.07454056277116687,0.08262158591088366,-0.07454056277116687,0.1606448855516894,-0.10366768639784704,0.03275983072558753,0.3775458652541731,-0.08148183873544423,0.5077567038313524,0.41134629133615613,0.18744515603714032,0.02577079977335947,-0.3512111684894754,-0.164809575975331,0.01655999447698639,0.16503669228664875,0.9021220142051929,-0.08364441937474067,0.08988943519479828,0.23857866021871713,-0.13223116277006947,0.40247901709769773,-0.1874939524607281,-0.005861714998636958,0.1140643137925705,-0.17966422504149854,0.05752632196928919,0.17703901783951134,-0.033068655779311666,0.44690016867920107,0.4682959444326781,0.32204451267532297,0.06462150962256473,-0.3214555571551453,-0.12325771909251083,0.06662003311796769,0.18708250913895366,0.9483946485889069,0.08385063404562806,0.03187536374566182,0.31405845679846695,-0.21043088514892724
0.192823639390768,0.48932195715663146,0.21990036556037112,0.09060946311834264,-0.2927523938965567,0.39957484043791924,0.3773629762403191,0.036458506279378126,0.05422024929801334,-0.20187807126660065,0.36645215158530675,0.028946536127266075,0.439628293812829,0.3569002324318676,-0.08050432129736945,0.4183747596520007,-0.05218044877340552,1.0,0.11068539911768772,-0.2572642743598986,0.15073851761608373,0.20254417247453688,0.4897305873795362,0.20254417247453688,0.0854109302731251,-0.05364335976470447,0.44058620085557315,0.3751344371536243,0.21529401391461742,0.03867929572622858,-0.19214874756599568,0.48193805342493456,0.05661312814357937,0.3614344487868019,0.334571743942357,-0.07545587164989963,0.36518020511672294,-0.07206220696153076,0.9153182008422938,0.13156583550621953,-0.16862911234538547,0.12962735437728123,0.19962617276901373,0.5427116912250028,0.265434850992196,0.14191562803892585,0.41436103600756896,0.3213857896843457,0.484459531721938,0.10763202086230167,0.17338052512690225,-0.13238375198380095,0.4859863208838107,0.16353497604691605,0.486167707371596,0.40602897461035864,0.06195346433314887,0.4250678725616691,0.03567062429117394,0.8919230902473392,0.10136712678687285,-0.1223736598284856,0.2929794830738486
-0.20826322413169052,0.3872801332901873,0.592902022922637,0.38476366470762485,0.21656762745724584,0.23210880318556362,0.20594354973245027,0.19124842563711236,0.12752428611742744,0.12582131828087315,-0.3318277344110118,-0.03150477161766962,0.44373963291059093,0.5482846619614093,-0.047769260891688106,0.23850563502026226,0.08511385513220858,0.11068539911768772,1.0,-0.1680204454049352,0.32272537674293283,0.5750423086982775,0.10340240796702785,0.5750423086982775,0.3936607547889997,0.26261407483248317,0.18825882262587632,0.18649816089887022,0.1404695899435693,0.21684559249036048,0.12432832636365611,-0.1960926020985757,-0.16123098569879712,0.4887376376274433,0.5217399078978425,0.0651407304139463,0.16873222085229472,0.12948706773684082,0.10711052195511267,0.9461137700206069,-0.034734683090083276,0.32166762030457785,-0.0741623549915795,0.2379888281069795,0.6077995565127096,0.41277668156207276,0.3334407202259651,0.20529492148522144,0.22933999623682205,0.23426562383792404,0.31699498403161225,0.19636152843660393,-0.12567003908062271,-0.020369796489362362,0.31553666745280207,0.5284491927945332,0.0909201162354096,0.24851535301805316,0.16082467640165185,0.2533006424300276,0.9409883102257002,-0.008000881590671043,0.4530872189659608
0.20199519153843104,-0.029236522300162795,-0.49613955559055134,0.08384547732219255,0.22594684422663863,-0.14155490131882179,0.05199590059438504,-0.03640101768389278,0.14648762065377507,0.5165662711305447,0.12736032196391348,0.40121605959784945,-0.04496329421286173,-0.14744346410322273,0.5152000366368236,-0.2690960522919978,0.18273194200009923,-0.2572642743598986,-0.1680204454049352,1.0,0.008470401273685195,-0.373722496377395,0.20538098265532065,-0.373722496377395,0.07314026776705501,0.11062031629346322,-0.13235731775987697,0.09314517817663037,-0.13097623702034414,0.0792066066378902,0.47906423257780867,0.03452666507638428,0.28956741040634193,-0.11619078580922759,-0.06705870583419452,0.4484849354468058,-0.19851539143086122,0.1620398811870957,-0.1865847404333089,-0.05268503455024066,0.8998861590764883,0.00746100319646868,0.28172125638553186,0.09240978018928599,-0.33608617300309074,0.10588885417399678,0.07452896052102667,-0.11130718712341195,0.07674754619113577,-0.11242957121121838,0.1682507004274494,0.4702108395703374,0.1319308522228438,0.29127418793618876,-0.1273004154916355,-0.1066825627319787,0.3921030121430155,-0.23529442594039107,0.23748394961096603,-0.20377839672228307,-0.1885633458119491,0.8650851868948671,-0.012617035169786236
-0.30618377793660595,0.20541593514226508,0.2838659005365967,0.3228562302486064,0.1340880414975702,0.31121672045358945,0.32421429404922364,0.2533424768048946,0.0002783980961615871,-0.05561689366809237,-0.05590206944027186,0.23606999349518992,0.35515310731662453,0.45372891297616613,0.12286537372395225,0.23994798097802766,-0.19965062042572082,0.15073851761608373,0.32272537674293283,0.008470401273685195,1.0,0.31840362873078976,0.40385090792515116,0.31840362873078976,0.30330852520094875,0.28027937035932504,0.25369579563843847,0.18364236339956438,0.3279185648585982,0.05622285645996795,-0.09712121879719511,0.10489160319768955,0.14241598418463786,0.3966558909343755,0.42532993473231884,0.18578302964321808,0.07063504495987177,-0.3064045201379956,0.14144099199619556,0.2833601999578326,0.11343396496291697,0.9452773610658557,-0.2222078162812541,0.41192004683587546,0.39485167598929044,0.33466593225756097,0.2363296283841137,0.10261800048643126,0.4110585587034247,0.29630315277808017,0.144973017171014,-0.1030743963683525,0.04139416541598173,0.2811335395175736,0.16940873753505908,0.4379462195837217,0.15640230307365618,0.11896932411320299,-0.17897529510829444,0.18682015321890894,0.2749682977077968,0.08889699567657583,0.9398623499527485
-0.31939771592218824,0.5376142557899815,0.8053419324654375,0.33165674626736413,0.17339590505085414,0.22347595919754346,0.232374103106216,0.2882744855336358,0.2662999267055373,0.0588193070643423,-0.1776338842275656,0.2913707030355815,0.36888747692096996,0.6935599427369694,-0.11630044032096042,0.403427843141222,-0.07454056277116687,0.20254417247453688,0.5750423086982775,-0.373722496377395,0.31840362873078976,1.0,0.17565751623993703,1.0,0.25290788945778586,0.3143023300276,-0.0920183566145704,0.26704800802355727,0.2593348492860556,0.28461626875348706,0.060471259329401894,0.004446550330652319,0.07246936473231115,0.4002627862517883,0.6627265518761871,-0.08570895006036275,0.30889417959719073,-0.06282433737612785,0.2068414902364531,0.5711194403967366,-0.28636047525947717,0.41463441874910445,0.11576454786412377,0.3740466836080916,0.9665068883538537,0.2912723952175465,0.26277158999301886,0.18944693027379086,0.3448266999573276,0.2855088218557638,0.38604004059867286,0.11422113111271645,0.010667496578459487,0.23937909568214588,0.2986133060273251,0.7303529387352161,0.020919362721932747,0.3488424422753258,0.07015371909803816,0.3566026958864155,0.5130923934851842,-0.3046612154028012,0.46784001310043094
0.3358763675846789,0.6580931884992056,0.12167687657447364,0.00027456171732340287,-0.3627315625413766,0.08723322845310993,0.7506662118773562,0.37608398190471276,0.36377187598351285,0.13458787946305745,0.3680170037448527,0.2619719707335524,0.3812382720904236,0.39168869192835687,0.023609692387984993,0.3378069054441757,0.08262158591088366,0.4897305873795362,0.10340240796702785,0.20538098265532065,0.40385090792515116,0.17565751623993703,1.0,0.175657516239937,0.040908258543948674,-0.2937239326892534,0.030237963781738573,0.4594077248641495,0.4510065538962714,0.3171949893644982,0.11403951484309732,0.38685863705957296,0.0926739332395688,0.35447316629623626,0.3532855123662481,-0.0011488637878407867,0.3737165485988253,-0.08901377387158455,0.4641502779103556,0.16553260102458528,0.12827509844867302,0.422559968000824,0.2780161722699254,0.6815329665480258,0.2371806635020304,0.018084219385109054,-0.027718842884658906,0.14422683597304387,0.7432956665358436,0.34521451057759783,0.37918597909216195,0.14459241738992437,0.3720659613746643,0.358775220448784,0.347140353950934,0.44291030395825465,0.07822022559800469,0.3791408306138077,0.18136133453367972,0.43801125559871,0.0665036365449986,0.14626198814589755,0.4351575676199252
-0.31939771592218824,0.5376142557899815,0.8053419324654375,0.33165674626736413,0.17339590505085414,0.22347595919754346,0.232374103106216,0.2882744855336358,0.2662999267055373,0.0588193070643423,-0.1776338842275656,0.2913707030355815,0.36888747692096996,0.6935599427369694,-0.11630044032096042,0.403427843141222,-0.07454056277116687,0.20254417247453688,0.5750423086982775,-0.373722496377395,0.31840362873078976,1.0,0.175657516239937,1.0,0.25290788945778586,0.3143023300276,-0.0920183566145704,0.26704800802355727,0.2593348492860556,0.28461626875348706,0.060471259329401894,0.004446550330652319,0.07246936473231115,0.4002627862517883,0.6627265518761871,-0.08570895006036275,0.30889417959719073,-0.06282433737612785,0.2068414902364531,0.5711194403967366,-0.28636047525947717,0.41463441874910445,0.11576454786412377,0.3740466836080916,0.9665068883538537,0.2912723952175465,0.26277158999301886,0.18944693027379086,0.3448266999573276,0.2855088218557638,0.38604004059867286,0.11422113111271645,0.010667496578459487,0.23937909568214588,0.2986133060273251,0.7303529387352161,0.020919362721932747,0.3488424422753258,0.07015371909803816,0.3566026958864155,0.5130923934851842,-0.3046612154028012,0.46784001310043094
0.19763047513137494,0.19378062835894072,0.19474685890778276,0.8390180263094263,0.17029389713279344,0.17470442150678797,0.25078681013647014,0.2935525764848087,0.25383872424335063,0.29950668621731286,0.07153986437255624,0.14033460887474297,0.42630152192407145,0.19811365569540007,0.07850600327787607,0.3256916296240357,0.1606448855516894,0.0854109302731251,0.3936607547889997,0.07314026776705501,0.30330852520094875,0.25290788945778586,0.040908258543948674,0.25290788945778586,1.0,0.1926614526020659,0.2038006416220827,0.4079424673216461,0.31446027795244685,0.27544775067843086,0.34836389306099286,0.16970808747411614,0.04513487589340899,0.5150592320446858,0.15089533867866145,0.10404974034581098,0.32607255946945995,0.20134231063801314,0.12337822468272965,0.4627743165081224,0.2022699167953248,0.23478324871615133,0.13904863613686747,0.0063686789401467235,0.3749511340241062,0.9215247372126243,0.11617265698627582,0.19658252424440317,0.2205349038747995,0.36377473145138783,0.46051857353477504,0.3891979286742703,0.18849156471620507,0.20159039721954955,0.3344039383996836,0.18470748683944266,0.2269894386692968,0.27960374821127326,0.18937917658979184,0.2225389277817345,0.33516047773373353,0.21403497997870377,0.3782224192001572
-0.4148604835113644,-0.1671491552025716,0.19896922984827084,0.4457102211218831,0.8267316304959544,0.49096048922396457,-0.37801285573153065,-0.2563841935789178,-0.24439784237792028,0.13289236110000358,-0.21088995988068274,0.2246018918464346,0.15452484330247301,0.13524288180004426,0.40467766910147235,-0.027031400244070244,-0.10366768639784704,-0.05364335976470447,0.26261407483248317,0.11062031629346322,0.28027937035932504,0.3143023300276,-0.2937239326892534,0.3143023300276,0.1926614526020659,1.0,0.3170855063415183,-0.20600881884986502,-0.22935893732198773,-0.12500824483560183,0.14915163665263872,-0.008549554609615664,0.22716984516095315,0.16233066903343066,0.15520347709421084,0.4562696823328459,-0.1329922479834302,-0.0005730421663414849,-0.03460552311714863,0.2668630904032589,0.2825228379842462,0.3144326597043591,0.03457954719501617,0.1335844698136926,0.3284981421749174,0.3197740899919757,0.719221814015753,0.3653528955170208,-0.1074492763089527,-0.14973996776723136,0.00031602493679198587,0.17535679537368326,0.03634074477002156,0.22534260313750126,0.055324711933961185,0.1994565829628575,0.3929719008084617,-0.05194779497004581,-0.02251448277459681,0.17074143845989082,0.2101196458470237,0.26173930175342963,0.3927619743651617
0.12628770139802364,0.08082439671476571,0.037018336948802896,0.2697452234638367,0.2779200683050618,0.6207258329192803,-0.05730167904524854,-0.18212426392343914,-0.32287174035954375,-0.237178466745786,0.22962090364075916,-0.16561027681338414,0.25477964717847246,0.03839916276481969,0.38500618134660114,0.2475394200754247,0.03275983072558753,0.44058620085557315,0.18825882262587632,-0.13235731775987697,0.25369579563843847,-0.0920183566145704,0.030237963781738573,-0.0920183566145704,0.2038006416220827,0.3170855063415183,1.0,-0.09834024845191623,-0.14370733980144168,-0.2513430104656821,-0.1686884594983244,0.3248241269524877,0.022976491432754254,0.20596752486713013,-0.047921644329227304,0.4085627735252818,0.1857388390893704,0.06261927701521085,0.37910591831322626,0.15308242127236862,0.037776336537097575,0.18785687653869046,0.07571952259083764,0.19416580303466358,-0.01180941923413829,0.317706362714193,0.38457732519949245,0.5008633280901563,0.0502322281790772,-0.03422318253222941,-0.08826477829771763,-0.15251549403454726,0.36599827930651563,-0.00022564452599396816,0.2910793288563452,0.05848577451402275,0.47485415496404093,0.3168628390659218,0.06567132360317614,0.540870054823741,0.23094109258098894,0.09002740157076658,0.31072679879862153
0.2309555326207299,0.5010103339162497,0.06139092709413759,0.247006333526464,-0.3538167742279253,-0.09030931936966967,0.7821370955948158,0.31667445068158556,0.5858649997213048,0.2213662430318609,0.4437380292355631,0.37930179823436155,0.14894908047589261,0.22310660857946993,-0.16664100776578789,0.46725893242798017,0.3775458652541731,0.3751344371536243,0.18649816089887022,0.09314517817663037,0.18364236339956438,0.26704800802355727,0.4594077248641495,0.26704800802355727,0.4079424673216461,-0.20600881884986502,-0.09834024845191623,1.0,0.3064175472485579,0.5529953930130938,0.2600341801682219,0.5255507766002901,0.03380260871284611,0.22775497994881333,0.2596661465178663,-0.15621256750690668,0.42967768625820946,0.3186389366626231,0.21110652211360786,0.21207322036044926,0.13727866836949057,0.18771392052080557,0.3158632924698548,0.2181375463531136,0.3733099474270258,0.32722831780377576,-0.0534788927185948,-0.05415571717361399,0.8031706975858102,0.3513609726924342,0.647346121756874,0.3403586789656028,0.5071012195065417,0.3509022837343766,0.04550217835800798,0.30543102731758476,-0.03847507680295137,0.41247508032471186,0.4673157911951759,0.4695897685918249,0.18213409288043178,0.19434463101337185,0.30004927542447474
0.15651824217942148,0.22179426546550637,0.07410507313952726,0.07106537528721446,-0.32364216503257676,-0.30930968315243385,0.407363018997229,0.8721239892576047,0.26475866204066223,0.1632455016661195,0.279174646520489,0.11965817980416095,0.28740289726688,0.1278082535893531,-0.46217554556963125,0.3447626575583603,-0.08148183873544423,0.21529401391461742,0.1404695899435693,-0.13097623702034414,0.3279185648585982,0.2593348492860556,0.4510065538962714,0.2593348492860556,0.31446027795244685,-0.22935893732198773,-0.14370733980144168,0.3064175472485579,1.0,0.24280951487756935,0.23305069100384795,0.3465268741611191,0.12015331571970521,0.3560023286925194,0.128674743894064,-0.4297238188666888,0.3210885710463035,-0.07618770297200779,0.3305345092694378,0.18846319057029964,-0.1286323156495699,0.36581590621240856,0.20953260304145513,0.2792009796246832,0.33314854114594394,0.18685659364899848,-0.2076645481460984,-0.2599341883330971,0.38643734515548733,0.9100596790312202,0.23654960925862212,0.1814118209579763,0.15822760771518227,0.24992149189917415,0.21546689710527747,0.1163942271861955,-0.3996769391386459,0.24457930178375925,-0.036370241571331806,0.13560008656282696,0.1270583283302548,-0.14854515624826717,0.26860273661265116
0.19382967636247417,0.325228254534923,0.06555867536575473,0.305775471018575,-0.2773409360186787,-0.25955036595337955,0.39659743901115696,0.3588441084081249,0.9035470050164297,0.4886569413268774,0.15782031289190385,0.26230920183702805,-0.13181301354316274,0.10568491733694671,-0.07165535973296298,0.2205901286042029,0.5077567038313524,0.03867929572622858,0.21684559249036048,0.0792066066378902,0.05622285645996795,0.28461626875348706,0.3171949893644982,0.28461626875348706,0.27544775067843086,-0.12500824483560183,-0.2513430104656821,0.5529953930130938,0.24280951487756935,1.0,0.5151879826901594,0.2509909815089281,0.027232597649409256,-0.056500740840489116,0.12937037108809368,-0.008376661394241485,0.29649711390118594,0.43089751051643765,-0.014064330535727516,0.3013250668195845,0.10660195506236902,0.17513315729778411,0.2907289563268728,0.08228811997140534,0.34769897058432625,0.2589428491782271,-0.21223105965254135,-0.031365985161074694,0.4085137410376641,0.31704533333699697,0.820314182008688,0.5357848016924791,0.19299432428373964,0.26020336309721204,-0.151638659757704,0.20081207028260012,0.02136057361278299,0.2578318356001131,0.559280991051498,0.1974899141273623,0.10212495661263818,0.1401295388407867,0.07259282418392195
0.4008731462314733,0.1275304279771254,-0.14407440250502423,0.33572766818186245,0.18687457320894837,-0.23903183231018435,0.15398727936309964,0.3772223229753639,0.564246649398437,0.9549003414869721,0.300956396689329,0.4079483323190511,-0.03304040440384555,-0.2422950689004266,0.07365396232593441,-0.059524268989015146,0.41134629133615613,-0.19214874756599568,0.12432832636365611,0.47906423257780867,-0.09712121879719511,0.060471259329401894,0.11403951484309732,0.060471259329401894,0.34836389306099286,0.14915163665263872,-0.1686884594983244,0.2600341801682219,0.23305069100384795,0.5151879826901594,1.0,0.25435790786467044,0.29130702930679464,-0.011645710007615802,-0.17516083502696075,0.04421357691969251,0.04593580933067431,0.414821511758857,-0.15256567913892422,0.3033029465703262,0.5396215950731101,-0.05173952809223623,0.6100555546136992,0.05041109772263814,0.09537274145048046,0.27614939523064747,-0.07109538763817229,-0.06307502750557288,0.18594338589510473,0.38442066928520635,0.5555246931392314,0.9714004774004488,0.319248119394412,0.38957764945885415,-0.0568425256624805,-0.11817348802758876,0.0225007433883854,0.023397569938337047,0.5460039978392226,0.0023140561117753746,0.11232956614510813,0.5554962417681919,-0.06351603592281045
0.3387837835257212,0.12303313284006928,-0.2529652139450563,0.12276998298086947,-0.24601515464658577,0.04776958936435208,0.4224081248899783,0.29744452730958965,0.24235910548448822,0.14119242503599808,0.8860220718773436,0.31883825528961773,0.08884583879915457,-0.1635907483283478,-0.006655940025047319,0.585553184486403,0.18744515603714032,0.48193805342493456,-0.1960926020985757,0.03452666507638428,0.10489160319768955,0.004446550330652319,0.38685863705957296,0.004446550330652319,0.16970808747411614,-0.008549554609615664,0.3248241269524877,0.5255507766002901,0.3465268741611191,0.2509909815089281,0.25435790786467044,1.0,0.2600589152939767,0.10082750094638399,-0.1389897519348036,-0.007008233936836795,0.564528484678007,0.21983728461355326,0.4076195996933938,-0.12919717827495564,0.07134959303945246,0.08767243805730186,0.43642277869994034,0.1593888768266476,0.117633426178456,0.2283467289399835,-0.020863675578660718,0.13664036531154852,0.48502462672549834,0.38788088153253575,0.24385868686489393,0.23423385646020028,0.8390842734122622,0.36920538905163164,0.08477600078029397,-0.07197713099391603,-0.0038720407762034017,0.591837627465875,0.2655658719494903,0.5392827230476271,-0.13961384192147339,0.1514788511748928,0.15211970175484732
