Fp1,Fz,F3,F7,FT9,FC5,FC1,C3,T7,TP9,CP5,CP1,Pz,P3,P7,O1,Oz,P8,TP10,CP6,CP2,C4,T8,FT10,FC6,FC2,F4,F8,Fp2,AF7,AF3,AFz,F1,F5,FT7,FC3,FCz,C1,C5,TP7,CP3,P1,P5,PO7,PO3,POz,PO4,PO8,P6,P2,CPz,CP4,TP8,FC4,FT8,F6,F2,AF4,AF8,O2,P4,C6,C2
1.0,0.475453935630644,0.4441264387651342,0.39989644550250264,-0.2304190492482428,0.016670502239609374,0.29376735235066676,0.22584730398121802,0.44689385275979987,0.6842459456445494,0.3931027717517169,0.3708211271574438,-0.03831870335142839,-0.38845137150049347,0.009854647196611806,-0.28992837017741974,-0.08999921186089231,0.024617945632883893,-0.1371416644750198,0.029465933120726748,0.4342330869958476,0.36635988216790966,0.31817529915658016,0.36635988216790966,0.4128904619176575,-0.36083961564447303,0.2823810377441423,0.07536210209084163,0.19728953615816983,0.4147078754317056,0.6782340486415743,0.3960590687722148,0.399759175071414,-0.051139041663640784,-0.36344732461818335,0.03524678761340621,-0.3440039849066606,-0.20437884481629112,-0.03173595591861577,-0.1527339638467518,0.08753731704679511,0.41728548739826116,0.8763315904821265,0.4491132545944549,0.30154782352655163,0.39200358433132754,-0.4797913974298409,0.01709791177251931,0.12332578890387581,0.21568315142494365,0.2118799944774892,0.6358464081167876,0.34613169536272453,0.40678627222114033,0.12374241822741902,-0.3322773066709173,0.021260315443334184,-0.32117600376348404,-0.09487991987287196,0.011320528392237537,-0.14901636315087355,0.13245441776041628,0.34014164144996745
0.475453935630644,1.0,0.5005217002325796,0.21710928900326285,0.241947812991308,0.1106813551300215,0.4339679637935755,0.264500194308408,0.28581806485936084,0.7268099146455216,0.05033010903227605,0.7116116129701318,0.5023260449262212,0.19090314599707248,0.6033909096414019,0.086226003798434,0.15101764257415404,0.18446743310367647,0.12665442098588192,0.36089582516913327,0.6435304051910101,0.4207503218861352,0.8041701330893731,0.4207503218861352,0.10605866914412349,0.01141031798174233,0.04324600399667211,0.17745595407501197,0.2037227771647432,0.19441516871517361,0.5919886093199161,0.023372658129900144,0.7082427735133973,0.4882518094470135,0.142944306737116,0.578786557007895,0.03735028394158976,0.10930060823353929,0.2694253136659664,-0.004854762601510273,0.32576762645574364,0.6175781791591137,0.3792744013570194,0.8937822037740162,0.35301925872039674,0.13382994155401712,0.0675588469746178,0.040927165280634184,0.36239061907681075,0.24069862578988452,0.1435463666593382,0.6495991471692663,0.040405512952906515,0.7056930260912044,0.3221335999483571,0.20017343731093093,0.5334812724941818,0.018988664330399915,0.0744941394040683,0.2784148309979563,0.07274336496512836,0.4387195074402648,0.577975626118466
0.4441264387651342,0.5005217002325796,1.0,-0.1918811283822261,-0.07439041414147034,-0.32409703517705607,0.17419489174321806,-0.09575728872417719,0.1271701847523868,0.6599418169509651,-0.12424681493896149,0.4293994754282529,0.48308617026838296,0.044183922110533964,0.3085679028104104,-0.18221527100580878,-0.04602621822371128,0.2812046493157137,0.1602072794567786,0.2590098474478019,0.4136847776586316,0.8033651576549007,0.5153376800981931,0.8033651576549007,-0.14475085193317863,-0.09386997624829124,-0.03785681789779902,-0.08665678976192998,-0.06600327078083905,0.2107052338585703,0.7228016623361062,-0.06259577184399047,0.4200703418198397,0.4726588221064005,0.04671053155044741,0.3428499461530065,-0.18294091267576476,-0.08634031418059011,0.2762136570882096,0.15238554881815508,0.2025080907642522,0.42360197261817056,0.4374116009845279,0.5505191630589675,0.8154526005647542,-0.053242091660046474,-0.17229732628280103,-0.23438903270197226,0.42329156847450145,-0.08368444083499146,0.22255939549702372,0.690340627104313,-0.09574128615459339,0.4918350839800673,0.37778898444440656,0.11834533506033096,0.45389969387072715,-0.17228873194635488,-0.08624410211299773,0.2802518709986594,0.1283156155653467,0.32301092609054244,0.41369197929102974
0.39989644550250264,0.21710928900326285,-0.1918811283822261,1.0,0.3467170928770992,0.6556425136555419,0.18739581873540873,0.497156044902871,0.39771211894753844,0.20637123750260586,0.6918986250148724,0.022148372623352477,-0.20431597131523208,0.07393682454080021,-0.13880335198733662,0.3359272744773703,0.5071398179648254,0.18731039174525949,0.17901383699830714,-0.16077516944952072,0.09486095901602645,-0.33627394970469293,0.09579428176367628,-0.33627394970469293,0.8220486446351335,-0.05278280606387347,0.28391036510265566,0.2980947432599419,0.5274435233106857,0.27830620848678883,0.040101888440641976,0.6507493581520276,-0.02923720280759298,-0.2399950626322278,0.020248408093728812,-0.1970051424103295,0.2822728641585723,0.38442115642803637,0.08556231431149823,-0.015005145195181719,-0.09167239825995173,0.06064989885847801,0.34591672485240504,0.0430754089761062,-0.2912791277016229,0.7349968576406872,0.15289574609320175,0.4852333723227926,-0.18206537694254704,0.45979598575731323,0.18292948248067814,0.02985201668095707,0.5788140634760238,-0.11241588918625603,-0.2998652251980772,0.05158363121226411,-0.36162836547429067,0.26192744401785617,0.3693294549468715,0.12040161420407272,0.15257976627473036,-0.08872564871254872,-0.012469520937981392
-0.2304190492482428,0.241947812991308,-0.07439041414147034,0.3467170928770992,1.0,0.6544547427795279,0.1287732944646161,0.3407482420564917,0.3371067322743623,0.10500817303744726,0.1980030166740142,0.2226466116715621,0.1883002244792737,0.5210139517024733,0.4189713811820494,0.5493777621419434,0.7373090722941613,0.2486966725376661,0.39152558467436144,0.2546640858936128,0.16860671190308044,-0.19875458550649422,0.24103078374301615,-0.19875458550649422,0.10646193260129524,0.6242740600652656,0.18560348321199735,0.0988319792238153,0.2797311690377282,0.22335633612657368,-0.0969602187811855,0.1820666045546901,0.15107130836565097,0.1787362541521014,0.4104490562143176,0.3333582317401134,0.476076935658647,0.6645900266732202,0.31399749990301073,0.10601132892872399,0.3105714268267624,0.19409524718296808,-0.32713946007330774,0.11641669278853999,0.042017612940440964,0.1315794429710184,0.8651771087889727,0.5148147244389433,0.06941846647896892,0.3338349762417036,0.146055368318813,-0.02865674644325633,0.1761661793081928,0.08871978101605438,-0.07282314823425737,0.4127051364608006,0.22120503270889327,0.45010248522197305,0.5726513284087886,0.26220598871505685,0.3423582497845331,0.20119096950225246,0.16282500376440429
0.016670502239609374,0.1106813551300215,-0.32409703517705607,0.6556425136555419,0.6544547427795279,1.0,-0.02330927010006236,0.5234621783520825,0.5251399130932006,0.10831266115817342,0.5484455071316136,-0.06532137831760004,-0.08182657605457082,0.4129410463739542,0.18616947134554,0.604039053206328,0.7807596665288596,0.44379641873238573,0.5809912631303459,0.34657377567997155,0.2837495851371014,-0.49118476833649066,0.09877842683896282,-0.49118476833649066,0.5975065124008438,0.42220806141039563,0.5799726480507239,0.08751025559457416,0.5000879763561572,0.4542238422209021,-0.022882099894805552,0.506206269310842,-0.08189325912147576,-0.07539254298080975,0.39227962648713877,0.12148721534457978,0.5495481135700084,0.734695259569574,0.4524451574088068,0.36045822822135815,0.3853219943124978,0.29005986959072944,0.03418706312755895,0.052588091186366405,-0.21487005344765872,0.6066543834156393,0.5967935186046337,0.9110154829897443,-0.18975236782839214,0.5846927059755487,0.3983177384388373,0.03816768059805601,0.5282957267573639,-0.11710580221090723,-0.10631859186474421,0.4046509394217041,-0.03799428426888619,0.5989941538774409,0.7221941525397064,0.48836814246008436,0.542278906612787,0.3175371025296443,0.2079247836162964
0.29376735235066676,0.4339679637935755,0.17419489174321806,0.18739581873540873,0.1287732944646161,-0.02330927010006236,1.0,-0.16144121118003235,-0.10471341629850654,0.06921955395673819,-0.2049618661857579,0.2706406623850042,0.303371140423763,0.27822328770762844,0.22640116655066905,0.13490664579398626,-0.1745012006188243,-0.11393127796378785,-0.10716526454575165,-0.32006819663622704,0.30171154290152036,0.4107153005938798,0.26142376331466916,0.4107153005938798,0.04710648355217776,-0.050991669341003944,0.21942609408267905,0.6544821562945153,-0.23580388763031052,-0.21704421090884535,-0.03879478712115792,-0.27382578766231624,0.2460449712469708,0.29714628492054185,0.22007380805281004,0.2222814178421387,0.033462495495931686,-0.24055575837667084,-0.10848641972183239,-0.09160986297121487,-0.37010543341134555,0.2868966467664638,0.2178459481247787,0.33315715724960454,-0.011070112806336135,0.013400803961045857,0.044834442632617724,-0.08331462594605837,0.8129089984215082,-0.2519578802499914,-0.3081037652544431,-0.01564054148713708,-0.2928333833893815,0.214116915973328,0.2733433650790545,0.17295838829577276,0.30296581516369986,0.028312491659528656,-0.29174325875527074,-0.14314989735910585,-0.08956443660236318,-0.3097465715752314,0.2471393943495913
0.22584730398121802,0.264500194308408,-0.09575728872417719,0.497156044902871,0.3407482420564917,0.5234621783520825,-0.16144121118003235,1.0,0.6921199234998509,0.40579432987579683,0.6027223449038236,0.2861646583524154,-0.24673161871235716,-0.11638808238768025,0.011269598505753275,0.1831270443390695,0.34683052319103114,-0.03539567310247551,0.23360039756379686,0.344003877702917,0.03337250987371228,-0.26100528381478677,-0.13931621173032566,-0.26100528381478677,0.25349967252112987,-0.11259058443076317,0.16887814203013837,-0.3690716027712502,0.935028031733738,0.48050101837378795,0.2307122740646297,0.626500874605429,0.2721762258355565,-0.25006464663200617,-0.1552545430689174,-0.06702817258930072,0.18510301092516682,0.2358153977959209,-0.04388025582574707,0.027848066190823806,0.3895958952713102,0.03829072277733064,0.10488445489237917,0.054120785940193185,-0.0777715866144797,0.26729426636635256,0.03760412374336265,0.3682585757004669,-0.2605838672428642,0.9310105164118555,0.44929787629942414,0.22771669126982805,0.6292885507994018,0.19993067604520123,-0.3394845884893311,-0.13140605475859438,-0.15211786580198522,0.13495310408291908,0.2959449622702371,0.07804734409133979,0.16668656803451792,0.33064004579716794,-0.0002510725607322005
0.44689385275979987,0.28581806485936084,0.1271701847523868,0.39771211894753844,0.3371067322743623,0.5251399130932006,-0.10471341629850654,0.6921199234998509,1.0,0.5938309766782033,0.6032178683554384,0.1894393787963163,-0.17604265789935955,-0.10800796985487202,0.06444145572839771,0.12770082947948955,0.41441340962156364,0.055322613364100506,0.3294871200156146,0.42733815402404257,0.29432523115146864,-0.04779917311087171,0.057845819313174396,-0.04779917311087171,0.3512624431600854,0.03182928100334183,0.44837544157178916,-0.21710827416870437,0.6244162433548981,0.8984387043947587,0.49425701015258394,0.5898550951098103,0.22906291320468644,-0.17253095973108448,-0.09140629360268378,0.0409042938776021,0.13553973327220345,0.32386902663242284,0.07805869864835432,0.13629108901468945,0.48525076220118046,0.3147151447423655,0.42664046329957084,0.22223274419808198,0.24446671267320497,0.4506534521373151,0.046539990645799716,0.5172337936681441,-0.18354340031505,0.7230843328598324,0.6133431799611322,0.506575616652952,0.6477554723279033,0.21861813590546733,-0.1894994085499717,-0.06217431712313655,-0.099535572195419,0.14600094366404404,0.41350412681196747,0.18726656430210564,0.28030743103737166,0.460010232748994,0.3076823110435184
0.6842459456445494,0.7268099146455216,0.6599418169509651,0.20637123750260586,0.10500817303744726,0.10831266115817342,0.06921955395673819,0.40579432987579683,0.5938309766782033,1.0,0.31212277298334523,0.6390198295856073,0.26495062962772326,-0.14206457410071208,0.35641758377214494,-0.15517393162266913,0.16535908805915164,0.2302777119961732,0.16443566841790616,0.5213944329157965,0.5204681886128357,0.4458402866155823,0.5452696992127224,0.4458402866155823,0.18123456744498279,-0.037978783141310576,0.15806607328516686,-0.13769452370142884,0.36919919672972584,0.5423376591246466,0.9339150541176444,0.3399380263398837,0.6296184244941866,0.2175588383434919,-0.13612641944110493,0.35056785502205356,-0.17586282020134467,0.10081531514364038,0.27588134628222966,0.07357080995298074,0.5279194239081836,0.5665726049383113,0.6247896574034731,0.6953836651722988,0.5462867064755337,0.2437990576949635,-0.1525327168016302,0.0898016711126354,0.0487296286996036,0.41419847989986003,0.37415782086934346,0.9155335265105985,0.32171724217653747,0.6782530734909628,0.2177151396030699,-0.06163820975159947,0.3319486465426531,-0.15026882458566537,0.10979776169629947,0.31760025279436693,0.1183283527879014,0.6087424845428324,0.5648191556098997
0.3931027717517169,0.05033010903227605,-0.12424681493896149,0.6918986250148724,0.1980030166740142,0.5484455071316136,-0.2049618661857579,0.6027223449038236,0.6032178683554384,0.31212277298334523,1.0,0.031214395343392782,-0.2947397131153793,-0.20349818047256685,-0.1925131689349769,0.1864272603311329,0.38240483806269965,0.08844764291230561,0.13181723822876232,0.06122555257409271,-0.09516743528193554,-0.42142295758437115,-0.0557589186967742,-0.42142295758437115,0.541655145196775,-0.04471567364004629,0.29170441696038596,-0.19331994736689764,0.5748348313945134,0.44719996518616656,0.20975225962725116,0.9631415363927971,0.0005413275796045835,-0.38832049399987256,-0.24049710869315943,-0.2689466085869365,0.1710537157227558,0.28909213794979227,0.015376410831638664,0.013946555753223445,0.18748785306243324,-0.10737364413225267,0.2934485181293547,-0.10759105689806893,-0.16457648844704328,0.5667027938208785,-0.015540012917781225,0.4413068917245917,-0.4592184627814529,0.5730294428691435,0.29505477426752885,0.16955457543204056,0.95202895366431,-0.07392339635498972,-0.2541732028773292,-0.2176890556185451,-0.35496475876684586,0.1282959307969068,0.3355216427311839,0.06483943291144993,0.07963782187908998,0.0947090244646687,-0.196057024324853
0.3708211271574438,0.7116116129701318,0.4293994754282529,0.022148372623352477,0.2226466116715621,-0.06532137831760004,0.2706406623850042,0.2861646583524154,0.1894393787963163,0.6390198295856073,0.031214395343392782,1.0,0.4247123962617849,0.008526792099169882,0.4949620128549139,-0.14490417716729515,-0.07698012167494588,0.045690125269589474,-0.055209526075335885,0.339980428979329,0.3058159301019372,0.4368920943830485,0.5384740028712381,0.4368920943830485,-0.18600501058890945,0.05593435100044517,-0.29866585872468215,-0.0672523225418665,0.2032401945510881,0.0883428071462267,0.5018551607512722,0.023099806017423757,0.9479379034451605,0.37521855515123126,-0.044403753543231006,0.4669751004662675,-0.21032884143847969,-0.13587621549734735,0.08356012308488396,-0.1735180979809655,0.37444722313081574,0.33474038740967493,0.20908690241738292,0.5953981487998524,0.4018246367125239,-0.2543755186087208,0.03526554444018305,-0.21395171386343684,0.2403297806620055,0.19956878808307585,-0.03798281298495968,0.5203511811310051,-0.0034000155960548792,0.924678779747589,0.2185599501442882,-0.031235963270994004,0.47035772462529146,-0.2241391703928383,-0.1860824750119552,0.06915398834664584,-0.11372886178837309,0.3438319350260253,0.32059257090463766
-0.03831870335142839,0.5023260449262212,0.48308617026838296,-0.20431597131523208,0.1883002244792737,-0.08182657605457082,0.303371140423763,-0.24673161871235716,-0.17604265789935955,0.26495062962772326,-0.2947397131153793,0.4247123962617849,1.0,0.5872259019218746,0.7604767135742814,0.3663040857362784,0.08299977388553734,0.2319145623893693,0.4340901760557075,0.18873428950262336,0.413362352821719,0.5094102989971075,0.5472430268689571,0.5094102989971075,-0.15381380725564525,0.3862150265159502,-0.12961578362582665,0.28312542367330845,-0.27159344202949626,-0.059657747130416466,0.23240873725519026,-0.257291889761595,0.3363376275301908,0.9562306839161131,0.566187886918657,0.7657600387841202,0.389766888314456,0.11675557956742849,0.3259453660393628,0.4230518309672955,0.23065807044060294,0.4058635190985756,-0.011106245421825402,0.5318883917070123,0.5399707357440937,-0.07774472152824542,0.26863003540178537,-0.020018402559314162,0.5228231445828972,-0.19231154692862357,-0.05212006444378322,0.32319860243198184,-0.23644105370212845,0.44230674386760055,0.6745803292985267,0.5887320744541321,0.7573088408058809,0.3807980722731514,0.003084623787388555,0.26569392393637276,0.40980090676523656,0.2509516573959661,0.4267183223347641
-0.38845137150049347,0.19090314599707248,0.044183922110533964,0.07393682454080021,0.5210139517024733,0.4129410463739542,0.27822328770762844,-0.11638808238768025,-0.10800796985487202,-0.14206457410071208,-0.20349818047256685,0.008526792099169882,0.5872259019218746,1.0,0.5435041985591125,0.7413188235450573,0.4992854902172214,0.4174684615698642,0.6642455165757343,0.2063950229374471,0.32254644792398235,0.016194383693303862,0.2931341263043134,0.016194383693303862,0.14571873651138179,0.5686068088140657,0.17395506567213065,0.35838490966842884,-0.1003348649710256,-0.010342792658652431,-0.22863841665728715,-0.21009923915420123,-0.079166691520779,0.5857632175139219,0.968328101005344,0.5384901877342952,0.7368277649461518,0.5213126987590515,0.4737681645226338,0.5356398001104917,0.17782668890917883,0.27800275608620745,-0.2137848624349159,0.1762347630664714,0.17526704448923924,0.13247756107242564,0.6883239731649264,0.4246661714211131,0.39231517372443453,-0.08561478239454684,0.003069214985538214,-0.1321931314874914,-0.23468086970202445,-0.024558382076496008,0.2921301046833495,0.9550939678424384,0.43207199105326805,0.7428250018805452,0.33657497609442294,0.44433880415657223,0.5962509680951081,0.15879387818683913,0.2684101290730313
0.009854647196611806,0.6033909096414019,0.3085679028104104,-0.13880335198733662,0.4189713811820494,0.18616947134554,0.22640116655066905,0.011269598505753275,0.06444145572839771,0.35641758377214494,-0.1925131689349769,0.4949620128549139,0.7604767135742814,0.5435041985591125,1.0,0.43051601944538237,0.3211356935921783,0.2450296641104111,0.46205417250838865,0.3713305541232154,0.4205313800207507,0.3071319402148029,0.5894069745186712,0.3071319402148029,-0.16747952263260185,0.5312165937919079,0.11531616861222266,0.058892595650638695,-0.07419908796734015,0.08441103243330045,0.24110544290034178,-0.16983340400815003,0.455168984299108,0.7364534135401045,0.5124312348164521,0.9757447244012368,0.36834159857813065,0.3101478227588719,0.3910324025032536,0.419711466962839,0.44811391010626606,0.4294119211851613,-0.035968702078168394,0.5569412984900212,0.4669989063930766,-0.13556840984948768,0.46351629151118334,0.15848606734931187,0.41942401824848885,0.03926610323922593,0.09534277588199896,0.36613371473809236,-0.1317318473846312,0.4824957967182052,0.5679902544171029,0.5193817320232248,0.8971069606762369,0.3768089130094627,0.23861523609160637,0.3519919977185864,0.4180103416537101,0.37070160826863474,0.37451879962622087
-0.28992837017741974,0.086226003798434,-0.18221527100580878,0.3359272744773703,0.5493777621419434,0.604039053206328,0.13490664579398626,0.1831270443390695,0.12770082947948955,-0.15517393162266913,0.1864272603311329,-0.14490417716729515,0.3663040857362784,0.7413188235450573,0.43051601944538237,1.0,0.6173444135051628,0.313427488516835,0.6548484400113243,0.026481119035873198,0.0028306056298902263,-0.24042036801005146,0.065325343275655,-0.24042036801005146,0.25639977530858665,0.5643029204649702,0.35226737133229696,0.2042348116433546,0.19964367310910355,0.08866803372056217,-0.30463447386740766,0.15080317445523078,-0.20968312184018,0.319828309111251,0.7065905342470803,0.36369126804166635,0.9560422471364791,0.5670202995126853,0.3182064043443336,0.5461534036728449,0.11369032024912636,-0.0217684385134204,-0.21063994311200207,0.007296841069199764,-0.06471157684386297,0.33657618646314497,0.6526425371369039,0.5808965857874989,0.15620868761606715,0.21904213425914115,0.13538055972154633,-0.21155878156054217,0.1978879446796761,-0.2508701134379973,0.1745864499143035,0.691553878284421,0.2438608724038866,0.9544693227015634,0.508345525140893,0.3325204878891148,0.5733018184923526,0.04848672498496551,-0.07344206152103051
-0.08999921186089231,0.15101764257415404,-0.04602621822371128,0.5071398179648254,0.7373090722941613,0.7807596665288596,-0.1745012006188243,0.34683052319103114,0.41441340962156364,0.16535908805915164,0.38240483806269965,-0.07698012167494588,0.08299977388553734,0.4992854902172214,0.3211356935921783,0.6173444135051628,1.0,0.5461242580698508,0.6366903063866709,0.36129757520457634,0.23233644034645956,-0.3030593806027557,0.24442791578920486,-0.3030593806027557,0.5029044854512495,0.5603123620669348,0.3495156026761673,-0.05407877174132814,0.36621104188054665,0.45814607947245684,0.07944610285838143,0.3803996374409152,-0.13500239560729618,0.06307789042279137,0.44791196740521844,0.2939386517378944,0.6020625071986366,0.9567968052810714,0.5740614466530307,0.41796816475297394,0.44174719185651873,0.24590376782338028,-0.03395675426173694,0.11645815290300847,0.12640690537857147,0.5410689064065941,0.7362757426335756,0.7448411796570785,-0.13335586678279024,0.4662878500527777,0.44916501414701254,0.14303897321297687,0.3970902195695083,-0.10641480979806489,-0.07767888368794498,0.5076126917041613,0.11213511185748988,0.6133880180975828,0.9198588986918532,0.5685495194795718,0.5573588371922613,0.3801511333130427,0.1412615504259157
0.024617945632883893,0.18446743310367647,0.2812046493157137,0.18731039174525949,0.2486966725376661,0.44379641873238573,-0.11393127796378785,-0.03539567310247551,0.055322613364100506,0.2302777119961732,0.08844764291230561,0.045690125269589474,0.2319145623893693,0.4174684615698642,0.2450296641104111,0.313427488516835,0.5461242580698508,1.0,0.44447662879449096,0.5120772065347564,0.40817902588691846,0.14277201064627978,0.4107684016412242,0.14277201064627978,0.36362748706196185,0.49750769890977353,0.26727599770871446,-0.0039658082859989835,0.05734376855040203,0.21219305473599165,0.3129934968052727,0.10224907332526405,0.08287251003585337,0.24282053287384087,0.4609494650391272,0.29731256892876046,0.30655495508758884,0.5983597334034817,0.9633312729633421,0.37284170663450145,0.4735990298763005,0.4322129528612504,0.1945311543704011,0.3564373389906054,0.2929949530244692,0.43275577287593975,0.4625935137982848,0.559100055345867,0.012172432411511907,0.14107762685068853,0.2444623453121643,0.34589501190470656,0.10379274650616772,0.14788499695466326,0.2233427679777618,0.5041921020156234,0.23140795383360407,0.4125347409951709,0.5288239309486855,0.9515400608730629,0.4100566675560425,0.5545121268554452,0.3168859575014016
-0.1371416644750198,0.12665442098588192,0.1602072794567786,0.17901383699830714,0.39152558467436144,0.5809912631303459,-0.10716526454575165,0.23360039756379686,0.3294871200156146,0.16443566841790616,0.13181723822876232,-0.055209526075335885,0.4340901760557075,0.6642455165757343,0.46205417250838865,0.6548484400113243,0.6366903063866709,0.44447662879449096,1.0,0.44119003767949283,0.3147598222299617,-0.034795655516878465,0.2044734166838626,-0.034795655516878465,0.3207844424881888,0.46569584299272704,0.42675409106761986,-0.031577277887059954,0.2766332563155606,0.4655385155229546,0.1516612316800292,0.1783150967369092,-0.07826984417286431,0.4470644686996406,0.6859186657570774,0.460153506484406,0.6818624259321344,0.6453767853683575,0.494369350669482,0.9076123170259554,0.44904611432580954,0.33536338694052914,0.023425593681049718,0.18060615989604642,0.35446773088926603,0.3691428704234028,0.4952674014721568,0.641202740732181,0.1572167268345056,0.3691266658930777,0.5230320312586216,0.2385653215620211,0.22225451631640963,-0.008127739491298434,0.33720887204896594,0.75029683444164,0.3479651924887205,0.7413786724276207,0.6099679569233536,0.5514614716150298,0.9473506990329179,0.44512388296989186,0.31484488762187235
0.029465933120726748,0.36089582516913327,0.2590098474478019,-0.16077516944952072,0.2546640858936128,0.34657377567997155,-0.32006819663622704,0.344003877702917,0.42733815402404257,0.5213944329157965,0.06122555257409271,0.339980428979329,0.18873428950262336,0.2063950229374471,0.3713305541232154,0.026481119035873198,0.36129757520457634,0.5120772065347564,0.44119003767949283,1.0,0.5309999095468024,0.0858676635471952,0.3639133033663624,0.0858676635471952,0.047863555728325194,0.349927602485087,0.17749717710542345,-0.33652337553210276,0.3363428117712456,0.5236667384303153,0.5738427153787751,0.12088472250480924,0.3812642409836517,0.23480051999719972,0.2579205956418742,0.4087296101740463,0.0656578120947562,0.4273973816468005,0.6069528701694363,0.3163224341310065,0.9342664161891738,0.5817911021803326,0.11868319869595151,0.4841167533843509,0.41496273219995233,0.14313160460754495,0.29432681117813464,0.4559203745507104,-0.11540092303315655,0.4883355489438021,0.41611178446539665,0.6284412561814421,0.14872202852749739,0.49784440964016397,0.17376874649450605,0.29473012431204126,0.3458915752060103,0.15174908533803377,0.4077989506460635,0.6705931205102055,0.37290717587381733,0.9613710871777424,0.578604089809294
0.4342330869958476,0.6435304051910101,0.4136847776586316,0.09486095901602645,0.16860671190308044,0.2837495851371014,0.30171154290152036,0.03337250987371228,0.29432523115146864,0.5204681886128357,-0.09516743528193554,0.3058159301019372,0.413362352821719,0.32254644792398235,0.4205313800207507,0.0028306056298902263,0.23233644034645956,0.40817902588691846,0.3147598222299617,0.5309999095468024,1.0,0.3742841591086655,0.6286927789961986,0.3742841591086655,0.3061903301226642,0.09865336150232595,0.33870551028735824,0.303347315719851,-0.038378705809219496,0.4147439420037858,0.5536746012072593,-0.08352847418954207,0.3412080928004195,0.5066041947078737,0.34212838061999507,0.4704793261253991,0.039805870674127525,0.27258649095910126,0.5024992672420141,0.17453530828863775,0.45402171014573556,0.9703063885895036,0.48925307358933584,0.7771836112642165,0.40219766755201525,0.34857941722958924,0.09899338899645554,0.4075429352112562,0.3163806818483926,0.1487216698050895,0.31411585416517834,0.6234581969001146,-0.06500002066747868,0.47764816990237036,0.3726575300146858,0.39568753257756956,0.41624951683407535,0.08090746786348517,0.2637148496153626,0.5070974672775966,0.32704208461292716,0.5790231249885135,0.9018026603962711
0.36635988216790966,0.4207503218861352,0.8033651576549007,-0.33627394970469293,-0.19875458550649422,-0.49118476833649066,0.4107153005938798,-0.26100528381478677,-0.04779917311087171,0.4458402866155823,-0.42142295758437115,0.4368920943830485,0.5094102989971075,0.016194383693303862,0.3071319402148029,-0.24042036801005146,-0.3030593806027557,0.14277201064627978,-0.034795655516878465,0.0858676635471952,0.3742841591086655,1.0,0.37362318163692776,1.0,-0.23768803406653458,-0.05570764203223348,-0.07134701148502268,0.14640947890523,-0.2386530886007591,0.09034133474831335,0.530003246127273,-0.33842098670831566,0.4758404169022539,0.5744592300051727,0.0632256256516221,0.39815690330502496,-0.24749751693520985,-0.28200774826033614,0.13640079590417933,0.04352681358233182,0.07883824595430608,0.4154195471644278,0.4098710558777324,0.5578813716450212,0.7426485918787983,-0.16174441323947877,-0.22997387152056498,-0.3370585348284761,0.6576016796956399,-0.20796597757791538,0.002784500218566184,0.5601414457962369,-0.36223956682867786,0.5766595526089192,0.41577163654314614,0.09504045678698372,0.5157404653743076,-0.18390245651557507,-0.2933982806793309,0.13803237760213527,0.006986388590952638,0.18568297897974337,0.38581292651882676
0.31817529915658016,0.8041701330893731,0.5153376800981931,0.09579428176367628,0.24103078374301615,0.09877842683896282,0.26142376331466916,-0.13931621173032566,0.057845819313174396,0.5452696992127224,-0.0557589186967742,0.5384740028712381,0.5472430268689571,0.2931341263043134,0.5894069745186712,0.065325343275655,0.24442791578920486,0.4107684016412242,0.2044734166838626,0.3639133033663624,0.6286927789961986,0.37362318163692776,1.0,0.37362318163692776,0.1149361194573882,0.19650697162964742,0.019962500973272887,0.23419947871146776,-0.10854560660011206,0.11005645165420717,0.5103177352267951,-0.07682693432600758,0.5718765730130416,0.5528094299729904,0.28122560812252567,0.5988893668339089,-0.019703288187128857,0.2694419844902619,0.4816780609070801,0.0974014910607126,0.3120450486852206,0.6121143126372129,0.29028770807269,0.8348374216017315,0.428007774642906,0.1323793184191722,0.240398432795538,0.09210209456584885,0.2706490347079769,-0.07768072033922768,0.08385901761166864,0.5848378808002856,-0.08252690307446858,0.5726636083361136,0.4688908032931987,0.35929990765627584,0.5356930293370831,0.039447699975020845,0.19853332112527833,0.43801957974444156,0.16938179875340353,0.42747438458265336,0.582163551196618
0.36635988216790966,0.4207503218861352,0.8033651576549007,-0.33627394970469293,-0.19875458550649422,-0.49118476833649066,0.4107153005938798,-0.26100528381478677,-0.04779917311087171,0.4458402866155823,-0.42142295758437115,0.4368920943830485,0.5094102989971075,0.016194383693303862,0.3071319402148029,-0.24042036801005146,-0.3030593806027557,0.14277201064627978,-0.034795655516878465,0.0858676635471952,0.3742841591086655,1.0,0.37362318163692776,1.0,-0.23768803406653458,-0.05570764203223348,-0.07134701148502268,0.14640947890523,-0.2386530886007591,0.09034133474831335,0.530003246127273,-0.33842098670831566,0.4758404169022539,0.5744592300051727,0.0632256256516221,0.39815690330502496,-0.24749751693520985,-0.28200774826033614,0.13640079590417933,0.04352681358233182,0.07883824595430608,0.4154195471644278,0.4098710558777324,0.5578813716450212,0.7426485918787983,-0.16174441323947877,-0.22997387152056498,-0.3370585348284761,0.6576016796956399,-0.20796597757791538,0.002784500218566184,0.5601414457962369,-0.36223956682867786,0.5766595526089192,0.41577163654314614,0.09504045678698372,0.5157404653743076,-0.18390245651557507,-0.2933982806793309,0.13803237760213527,0.006986388590952638,0.18568297897974337,0.38581292651882676
0.4128904619176575,0.10605866914412349,-0.14475085193317863,0.8220486446351335,0.10646193260129524,0.5975065124008438,0.04710648355217776,0.25349967252112987,0.3512624431600854,0.18123456744498279,0.541655145196775,-0.18600501058890945,-0.15381380725564525,0.14571873651138179,-0.16747952263260185,0.25639977530858665,0.5029044854512495,0.36362748706196185,0.3207844424881888,0.047863555728325194,0.3061903301226642,-0.23768803406653458,0.1149361194573882,-0.23768803406653458,1.0,-0.004852174349435774,0.4142958652237496,0.34064534425509546,0.3394296601667241,0.4481613714879853,0.17204057276185547,0.5492329867347007,-0.1981190397149446,-0.12663038569834387,0.18185809215336107,-0.12797153434619524,0.27668702231576486,0.4793770307964574,0.2800630121581313,0.20130357166531634,0.09522965968052266,0.28609502687455596,0.5377078932852384,0.1235996440531076,-0.12543850027792822,0.9246648301362734,0.07406827037730021,0.6203596032630623,-0.18300206668253563,0.36911354113806194,0.2669877366222622,0.19549383967927836,0.48328344097970205,-0.1314601997913024,-0.15831737349805994,0.22261470894892837,-0.3272959633491429,0.32813310840198845,0.4613946741601741,0.3264531281707265,0.31043346262987925,0.15063827086874407,0.21089451968542064
-0.36083961564447303,0.01141031798174233,-0.09386997624829124,-0.05278280606387347,0.6242740600652656,0.42220806141039563,-0.050991669341003944,-0.11259058443076317,0.03182928100334183,-0.037978783141310576,-0.04471567364004629,0.05593435100044517,0.3862150265159502,0.5686068088140657,0.5312165937919079,0.5643029204649702,0.5603123620669348,0.49750769890977353,0.46569584299272704,0.349927602485087,0.09865336150232595,-0.05570764203223348,0.19650697162964742,-0.05570764203223348,-0.004852174349435774,1.0,0.263394029119355,0.0013676423666993212,-0.12857215382923737,0.12299981528405439,-0.09393521605086105,-0.010087125174076065,0.059144202994791555,0.34451635414444104,0.5490840306708356,0.5406964287452181,0.5363147153810524,0.5881715270889823,0.5829270983583674,0.42600952149299554,0.45863426899672094,0.15528513399077404,-0.25389825135647315,0.10744349737485293,0.2286694682198047,0.045430172698443586,0.8195336746759303,0.4748098465001756,0.10145402903885413,0.014970965324302758,-0.09849264494830978,0.01024765105963054,-0.012200514477540485,0.054991312557513175,0.35011575266239114,0.5296157253437225,0.4459414522310886,0.5820049191734604,0.4614724318157772,0.5178418443732469,0.4050802585111499,0.3357809549881604,0.10586794481873246
0.2823810377441423,0.04324600399667211,-0.03785681789779902,0.28391036510265566,0.18560348321199735,0.5799726480507239,0.21942609408267905,0.16887814203013837,0.44837544157178916,0.15806607328516686,0.29170441696038596,-0.29866585872468215,-0.12961578362582665,0.17395506567213065,0.11531616861222266,0.35226737133229696,0.3495156026761673,0.26727599770871446,0.42675409106761986,0.17749717710542345,0.33870551028735824,-0.07134701148502268,0.019962500973272887,-0.07134701148502268,0.4142958652237496,0.263394029119355,1.0,0.14844161738113132,0.12900842877469385,0.43076900562763026,0.15479734543009477,0.3024908648401485,-0.18208331139788575,-0.08642898566076107,0.2356212616311761,0.12176437644990751,0.2982621939742028,0.3419680575888279,0.3040481662044471,0.46315006234572154,0.15960406048211861,0.37652991181048284,0.35977156274556216,0.13250600392853298,-0.008992968184887038,0.4737107569848785,0.18345590988076288,0.6721895219031502,0.17687446049963768,0.2684368258040022,0.2628027756666612,0.19533805239790747,0.3232322183760135,-0.2042347849882075,0.24443300377404092,0.2357987644755359,0.09984049215128792,0.3935372812749636,0.3993445907612161,0.3661074082348029,0.4458014607414029,0.17672636109239284,0.2700292613145869
0.07536210209084163,0.17745595407501197,-0.08665678976192998,0.2980947432599419,0.0988319792238153,0.08751025559457416,0.6544821562945153,-0.3690716027712502,-0.21710827416870437,-0.13769452370142884,-0.19331994736689764,-0.0672523225418665,0.28312542367330845,0.35838490966842884,0.058892595650638695,0.2042348116433546,-0.05407877174132814,-0.0039658082859989835,-0.031577277887059954,-0.33652337553210276,0.303347315719851,0.14640947890523,0.23419947871146776,0.14640947890523,0.34064534425509546,0.0013676423666993212,0.14844161738113132,1.0,-0.37412653950471836,-0.17978099201516545,-0.1813772218986749,-0.23131533635777085,-0.09458961679717943,0.335117317613566,0.3441762723497658,0.06111014423937501,0.1741447510678253,-0.019856802950070144,-0.02406822679867565,-0.0598005781812861,-0.3847344157461199,0.28728979381356395,0.1350055020208235,0.22202129166489476,-0.2000194082150191,0.3209310087548583,0.14041175404931439,0.11400336056615791,0.3681027152257067,-0.3670064739729582,-0.2721855813249023,-0.14242036660907328,-0.285368734553792,-0.06635285791882677,0.13738458438316808,0.32082876739645344,-0.022806007367844012,0.20319114451678638,-0.10063213453493951,-0.05854357837825598,0.09303361553786814,-0.281571624974573,0.2806569622777562
0.19728953615816983,0.2037227771647432,-0.06600327078083905,0.5274435233106857,0.2797311690377282,0.5000879763561572,-0.23580388763031052,0.935028031733738,0.6244162433548981,0.36919919672972584,0.5748348313945134,0.2032401945510881,-0.27159344202949626,-0.1003348649710256,-0.07419908796734015,0.19964367310910355,0.36621104188054665,0.05734376855040203,0.2766332563155606,0.3363428117712456,-0.038378705809219496,-0.2386530886007591,-0.10854560660011206,-0.2386530886007591,0.3394296601667241,-0.12857215382923737,0.12900842877469385,-0.37412653950471836,1.0,0.4832464208310155,0.23489650635112255,0.6251552340253871,0.1876861032776921,-0.2536590126837817,-0.097051131678339,-0.1305795374212639,0.17093177759981704,0.2725072822836573,0.004751487510761326,0.07351280975189738,0.37932945911361415,-0.04508753923676913,0.11064902127555226,0.017698169245586724,-0.04889042726822889,0.35875901557342665,0.02196879170001197,0.3591139011744283,-0.2968837980714002,0.9010615632432128,0.4875453010901404,0.23338059616042295,0.5882271631746765,0.13031163334359633,-0.41502716150012203,-0.05688250737861202,-0.24083773843126946,0.1867399683400374,0.30950041035791476,0.13240383743853382,0.20917917173452696,0.34424820253755734,-0.024548798769892417
0.4147078754317056,0.19441516871517361,0.2107052338585703,0.27830620848678883,0.22335633612657368,0.4542238422209021,-0.21704421090884535,0.48050101837378795,0.8984387043947587,0.5423376591246466,0.44719996518616656,0.0883428071462267,-0.059657747130416466,-0.010342792658652431,0.08441103243330045,0.08866803372056217,0.45814607947245684,0.21219305473599165,0.4655385155229546,0.5236667384303153,0.4147439420037858,0.09034133474831335,0.11005645165420717,0.09034133474831335,0.4481613714879853,0.12299981528405439,0.43076900562763026,-0.17978099201516545,0.4832464208310155,1.0,0.5537930189975621,0.48914096054468237,0.13291242204798737,-0.004400300319730355,0.05164476180212538,0.1297130665348997,0.13908397320298302,0.4315602730308711,0.2283744379201861,0.30975346463555814,0.6039239358528558,0.4336369230681405,0.5130463730517676,0.26134808777704976,0.4627848023462698,0.5472454298581592,0.05620248017475955,0.5619030739215566,-0.14909302051484455,0.6178272569004621,0.6809566506668844,0.5983359244034062,0.5198723997155138,0.22454832088078744,-0.1163509242309866,0.10712222003288129,-0.052850594117196815,0.2024944917981243,0.5124154148990715,0.33317697048276335,0.4422211285781507,0.5856546024518413,0.41500243478850357
0.6782340486415743,0.5919886093199161,0.7228016623361062,0.040101888440641976,-0.0969602187811855,-0.022882099894805552,-0.03879478712115792,0.2307122740646297,0.49425701015258394,0.9339150541176444,0.20975225962725116,0.5018551607512722,0.23240873725519026,-0.22863841665728715,0.24110544290034178,-0.30463447386740766,0.07944610285838143,0.3129934968052727,0.1516612316800292,0.5738427153787751,0.5536746012072593,0.530003246127273,0.5103177352267951,0.530003246127273,0.17204057276185547,-0.09393521605086105,0.15479734543009477,-0.1813772218986749,0.23489650635112255,0.5537930189975621,1.0,0.26069532887434604,0.5250346165597003,0.219346646104291,-0.17756464825561866,0.28462221192218257,-0.29029474070364836,0.07765102983340008,0.34837982841128656,0.1290567471927895,0.5583218801012708,0.6137996510356242,0.6602716981426467,0.6797180382586538,0.6232096074000777,0.26774487948933895,-0.2608242685443364,0.06436118820362421,0.05171009582466719,0.3270881312909147,0.4423412246532542,0.9734672249026243,0.26820101180945294,0.642863919741675,0.2670442710550839,-0.08951667423164085,0.29505821402719934,-0.2238372409353625,0.11782110001281594,0.390564844624101,0.1376257380091382,0.6759647399573583,0.6010727416275757
0.3960590687722148,0.023372658129900144,-0.06259577184399047,0.6507493581520276,0.1820666045546901,0.506206269310842,-0.27382578766231624,0.626500874605429,0.5898550951098103,0.3399380263398837,0.9631415363927971,0.023099806017423757,-0.257291889761595,-0.21009923915420123,-0.16983340400815003,0.15080317445523078,0.3803996374409152,0.10224907332526405,0.1783150967369092,0.12088472250480924,-0.08352847418954207,-0.33842098670831566,-0.07682693432600758,-0.33842098670831566,0.5492329867347007,-0.010087125174076065,0.3024908648401485,-0.23131533635777085,0.6251552340253871,0.48914096054468237,0.26069532887434604,1.0,0.010756099988486662,-0.32032229997713285,-0.22283385157694513,-0.22211603933643664,0.14887369642066525,0.2992375843465419,0.027969811518516362,0.06393858028936936,0.26356559856675216,-0.0873407355105187,0.3053552684101977,-0.09988455398919724,-0.0444954658820144,0.5680692687680295,-0.028223363161953233,0.43490356749156617,-0.44413147964065924,0.6258531394369145,0.2828678871163081,0.2342959061739939,0.9395336507899404,-0.04700547855419778,-0.21393359336922463,-0.1946370791046851,-0.3191817381502288,0.12235527046016374,0.3291956205445818,0.09606201203231236,0.1302798403381337,0.15988956408864255,-0.1691247344757699
