Fp1,Fz,F3,F7,FT9,FC5,FC1,C3,T7,TP9,CP5,CP1,Pz,P3,P7,O1,Oz,P8,TP10,CP6,CP2,C4,T8,FT10,FC6,FC2,F4,F8,Fp2,AF7,AF3,AFz,F1,F5,FT7,FC3,FCz,C1,C5,TP7,CP3,P1,P5,PO7,PO3,POz,PO4,PO8,P6,P2,CPz,CP4,TP8,FC4,FT8,F6,F2,AF4,AF8,O2,P4,C6,C2
1.0,0.3115770361389323,-0.5752327416173207,-0.11635641178262061,0.5955372427019369,0.7224596653023933,0.865323798355858,0.8401747204603282,0.5253774208567819,0.8183282677228448,0.49558728124685253,0.7576517421494159,0.5347551504325823,0.01428744853318044,0.7215613296945607,0.8147285015156269,0.4421940318373732,0.17387078836778372,-0.08397584849247125,0.03179828961337695,0.5123298641517982,-0.5672812093201093,0.3237336799221343,-0.5672812093201093,-0.1941261206413126,-0.15006530947142432,0.4736855749273813,0.2835147352539277,0.6721146718375774,0.5658449740318896,0.22252673902031903,-0.1501493357984081,0.7259235252016287,0.3623999917602526,-0.09880450320647566,0.5346553448510342,0.8236086362996164,0.29535665815301704,-0.1983944468993425,-0.15740557870022187,-0.09046990720284433,-0.1592846710060117,0.7171877724755888,-0.4054278117503702,-0.6596436413358786,-0.25572336518266886,0.1843377654782178,0.24056324696508347,0.7181961568301353,0.7300776942240574,-0.35126598482334576,0.06918592716496438,0.21458844083303946,0.6869519860086025,0.4126506567053855,-0.24369861035131718,0.7143889841472942,0.7399792915254235,-0.017853638034360755,-0.07650102709491169,-0.2373571862372256,-0.16220485328734366,-0.43004623705978046
0.3115770361389323,1.0,-0.10386055122722243,0.35667808117347294,0.7054369318631853,0.46577509033356557,0.3129353551777556,0.6477731382916968,-0.21461885085631852,0.5964203660632268,0.291655213397416,0.6295586995473786,-0.21802737410091197,-0.2488643672138209,0.27248555988758955,0.5878377850442863,0.7164310161487639,-0.07416417876974561,0.3110736196746158,0.6186199397465342,0.4239183136031214,-0.07489062905986053,0.7000933946012886,-0.07489062905986053,0.3919264225727547,0.5939103569528792,0.242409988210196,0.1429436849680722,0.4555225409916671,-0.12224508431787336,0.07513708899632045,-0.014505669282500749,0.4846484949010448,-0.21342554968852687,-0.2890921234272683,0.17692422511544298,0.6090468446286272,0.7148978203415617,-0.19113798189995926,0.2690911921834946,0.526735491817514,0.12949486768489488,0.43539216337151954,0.6997314548447462,-0.15709708154210916,0.355100496246735,0.7623687362048486,0.3114629946019253,0.34391206083096165,0.6663997104609184,-0.36813768333086033,0.19063281462737586,0.25756752349658657,0.628944238868851,0.5056415274355741,-0.35076488896573443,0.2593371146720613,0.4434304939780501,0.49942791780665574,-0.2925763144394956,0.21082793834446562,0.43569844072566827,-0.08511112608797475
-0.5752327416173207,-0.10386055122722243,1.0,-0.025568986888119642,0.019688221805500682,-0.8525189584499459,-0.7609320871673454,-0.5022264922881259,-0.5981428205363849,-0.3637259560434094,-0.6601468352294808,-0.5897811549264789,-0.7882073117633943,-0.1764474283778564,-0.7581582411198126,-0.636485604007296,-0.3234556837662845,-0.7950618892138502,0.6990108131591188,0.17836832651181897,-0.5669146995601883,0.8375920950111805,0.08986116878473718,0.8375920950111805,-0.15646624972321854,0.1473261355805075,-0.023874474066188547,-0.7645546586438252,-0.5099922113369055,-0.4284189769940486,-0.043499766535878656,-0.5042022969017779,-0.4400577562390169,-0.49576996179187727,-0.24968035318057288,-0.6920306708024372,-0.575388581704465,-0.2819965169870059,-0.502318628557994,0.7174654618320752,0.22236642482487615,-0.3532788464892094,-0.8191698216668716,0.38002575408520567,0.9363197066868785,-0.0636829084262153,0.08746099258162601,-0.5305942724294034,-0.9027960490948475,-0.5610677392051442,0.3235133712697741,0.10668083707392996,-0.5734090622862011,-0.5703626464380761,-0.07071509391198814,-0.13459615164787997,-0.7472427068977486,-0.5879914938943678,-0.09029058340567626,-0.5822498462482044,0.6907433895546932,0.2740852213471916,-0.32260440332842827
-0.11635641178262061,0.35667808117347294,-0.025568986888119642,1.0,0.2533516145108105,0.06438344844936719,-0.007545669281767401,0.3216820576410448,-0.36663639803641446,0.011872132175009376,0.2852104818353165,0.2694918540763564,-0.46760209208949505,0.10696356460925152,0.04356317197366448,0.10498335638708409,0.27209393711120733,-0.0658838501428125,0.041513392266056666,0.5062103382207035,0.4495222202726774,-0.0679835713360995,0.4054818090738404,-0.0679835713360995,0.8417508356063002,0.4740855349690809,-0.310397712695687,0.056345588099875506,0.34677623287877896,-0.6299388658602361,0.024434912602445402,0.3354847299416469,0.2699856970576478,-0.20529715805863089,0.12577799539137852,-0.022918964485803613,0.09409867360844063,0.30186619446160445,-0.1049356799697887,0.016368914781911475,0.47624287750562955,0.12163269832347069,0.018691413182421693,0.25823072501705513,-0.08427904254070147,0.953753389918374,0.657625071053775,-0.3747436515537973,0.0033883207311739515,0.31899445135973786,0.08071431384806634,0.28079713683730434,0.4034555813700736,0.24870407759688834,0.3314206690369914,0.16430770345639117,-0.019530308894557674,0.09512328503533543,0.3825074157627024,-0.09699211901178036,0.02829625571295159,0.5200629482172846,0.15784489895127257
0.5955372427019369,0.7054369318631853,0.019688221805500682,0.2533516145108105,1.0,0.4061715096927341,0.536848939611589,0.7718477723953403,-0.15080357359417967,0.660134854374432,0.38186380651693747,0.5334889106315616,-0.26991267502453664,0.12769295077231246,0.26165860344214475,0.6512205718312931,0.7409579760889737,-0.37033405320076956,0.3001475162251664,0.5800027871185341,0.24991708904920035,-0.1771850343715894,0.6786356047953508,-0.1771850343715894,-0.0070330810030098286,0.2765995292719534,0.4115345343230934,-0.25772909800259514,0.4465116518961199,-0.030545303366923463,0.08863962137379681,-0.4092831256120299,0.5525334174763911,-0.1987189585572279,-0.04440766723426043,0.026504791897563676,0.6698023494071392,0.579819580242322,-0.5051520602957383,0.28959675720405287,0.5327900967663178,-0.3681465571212792,0.2659743380392813,0.23396787221487825,-0.1477010239199884,0.09802189825416319,0.7980467257046836,0.0872507019304667,0.3429978365724133,0.6458728483783934,-0.2014239990563597,0.22645574897973111,0.2143911669726402,0.4685246939680512,0.477144025817334,-0.09155498635931165,0.25588856759408296,0.6568291552902471,0.4807453149275391,-0.40902923597578394,0.16263727154255814,0.4934669796536887,-0.6901946005405022
0.7224596653023933,0.46577509033356557,-0.8525189584499459,0.06438344844936719,0.4061715096927341,1.0,0.8671978404601289,0.7545773943422592,0.36177530714952655,0.6929728685700007,0.7702507332251282,0.7175604299983225,0.6346851145172354,0.06455320554891725,0.8954218152546332,0.890556359926608,0.6435047991036552,0.666929766055151,-0.4478990570451428,0.2300919783669637,0.5661498510143307,-0.724152801566015,0.288727037290054,-0.724152801566015,0.14622864699509605,-0.06139774317070691,0.12827320975086426,0.5997000271370252,0.6840862421147895,0.35714663726167484,0.1794655873532651,0.38460757196836953,0.630417749404184,0.46610558737105773,0.10231108529568121,0.777945975816228,0.8595757916178388,0.6129931098100054,0.3608957700268667,-0.4892425461077639,0.17401995129646114,0.0792185418186359,0.8282386585140978,-0.13238709399151558,-0.8851727757337776,0.05939432582498991,0.21845832247363361,0.5180294272334327,0.9282443241964335,0.7307983297376567,-0.5683947466705327,0.1136421782411519,0.6545573609876434,0.7096979507135341,0.319062343996104,-0.0314167152228124,0.8880555817683141,0.8828582591214428,0.3358401770955572,0.47319844518928844,-0.5269001113990682,0.09198847907470445,-0.029232076997787192
0.865323798355858,0.3129353551777556,-0.7609320871673454,-0.007545669281767401,0.536848939611589,0.8671978404601289,1.0,0.8213350982961959,0.5276957903159061,0.703807517008549,0.6874775755439552,0.7347472932598705,0.5568541990859738,0.29754669227342784,0.7283516283974343,0.7897760612651725,0.5289354583635748,0.35070057222317996,-0.3726967511051685,-0.007293476936193409,0.5388807870596337,-0.7666765036108005,0.2060863080013402,-0.7666765036108005,-0.11910797184873148,-0.23423207082111833,0.38246799923363395,0.33875208046427485,0.5658119843042322,0.3726097521801144,0.142594845002742,-0.00675548544238295,0.6617636469875166,0.32273111257876186,0.24942870015944157,0.5080036928510809,0.7674429148649925,0.34501554966284864,-0.01471290121028996,-0.37029326628993536,-0.05320661698819644,0.056412562852503144,0.7132584907125313,-0.35851615290337707,-0.7832261139918419,-0.10864890481030866,0.23404954980306483,0.4597289113890164,0.9040253656907471,0.7559623302426703,-0.3296349750115678,0.12395017858074048,0.45938804719221976,0.7143484870438407,0.179290215932197,0.1098285228569211,0.71405353716412,0.8144222949491601,0.17612040015474092,0.21436130800252448,-0.43493660890616737,-0.1098307557928303,-0.2158261549501123
0.8401747204603282,0.6477731382916968,-0.5022264922881259,0.3216820576410448,0.7718477723953403,0.7545773943422592,0.8213350982961959,1.0,0.20085810687052966,0.8654821628464047,0.5113784817805713,0.9076867568922661,0.20183372657187887,-0.02384525603782714,0.6690934768419486,0.8351619588530458,0.5881279787548215,0.10834657062524643,0.08677307847811998,0.3543891475684936,0.6190051409493881,-0.48633961509746254,0.5261147197471477,-0.48633961509746254,0.2271112263914238,0.16011612558246147,0.39248515667430467,0.30355478716263373,0.7676558347491491,0.11400185375146842,0.26423857588689953,-0.06984147446717191,0.7978667443962746,0.19163297132579254,-0.08698564728765953,0.49071462560275836,0.8793835397121244,0.4764693646427204,-0.22276085575514445,0.03829600241142623,0.24646502750304272,-0.005356485931796226,0.678033457638825,-0.041786830438495536,-0.5674800918081072,0.20986663501892858,0.5669675748186834,0.2395428161087341,0.7161636750897026,0.9248815708166721,-0.4812879266544315,0.37224627387946396,0.3210996228711982,0.8667855869909281,0.4317106425274577,-0.2385403804880878,0.6719967135045113,0.7718206872223283,0.19283023913904085,-0.1374632618268805,-0.026193814405501503,0.17284176006196122,-0.30873624920668585
0.5253774208567819,-0.21461885085631852,-0.5981428205363849,-0.36663639803641446,-0.15080357359417967,0.36177530714952655,0.5276957903159061,0.20085810687052966,1.0,0.2104688014476406,0.33640830283105144,0.23770946895039086,0.7353368522956173,-0.02155920191210808,0.37626441578904274,0.28223690374957977,-0.10060585016651175,0.32981670820233683,-0.43127745302698894,-0.49957603868165623,0.2634348037180159,-0.673107122503622,-0.39166365110229934,-0.673107122503622,-0.44630319822814607,-0.5462665550917075,0.0315531938566496,0.19956269553453343,-0.039899183637238725,0.7624871303937943,-0.3194890162343169,0.08146722432755157,0.06362916753974993,0.06614020442259201,-0.1050338826138903,0.24949881543458877,0.09480898200399634,-0.31450828583322654,-0.012905268338567052,-0.3814893351714246,-0.6037899291070039,0.4206928145116735,0.34393336318400713,-0.45262528648928463,-0.5935144844194163,-0.47241462198944717,-0.30869658462691474,0.2885589899802762,0.4430852666693264,0.311973465905156,0.16372046232964305,-0.37288262321067767,0.1671937972759944,0.27327916812090947,-0.09788851298375151,-0.08181835928964054,0.33036931423261545,0.11277628607679951,-0.42313631666071133,0.07702476866398224,-0.4803838061743148,-0.6623773986014111,0.21446837141639044
0.8183282677228448,0.5964203660632268,-0.3637259560434094,0.011872132175009376,0.660134854374432,0.6929728685700007,0.703807517008549,0.8654821628464047,0.2104688014476406,1.0,0.36359605375801995,0.8140541643167158,0.35257867232493517,-0.3052771067198465,0.734776906782578,0.7422917936492728,0.4245317046431343,0.14545301049340228,0.26176783992985536,0.29342046867089283,0.5670689783186164,-0.21533773293438754,0.5930930856156807,-0.21533773293438754,0.03271765290268654,-0.07060645359179078,0.45708704458211585,0.26287285381523423,0.7435516102944814,0.2448510277393845,0.4863665488277328,-0.08263099429751673,0.8091204088644561,0.37868662660396446,-0.3243454133602006,0.6139979516027293,0.8337947677919246,0.4065140706904913,-0.2317835949059991,0.15056964893961683,0.15532859093794069,-0.10198071455304311,0.6011524778717707,-0.028829125554053252,-0.4257886053149938,-0.09167624494249954,0.28307772832546874,0.14737054713210346,0.5453555713040026,0.7198256295737233,-0.6317711423618086,0.47015607358145156,0.14899806216071193,0.8406644480639149,0.5046504191765093,-0.5108168480529116,0.718920981869591,0.6948878212887344,0.01271745430215977,-0.1156714886812475,0.07962633010343391,0.05418488979448877,-0.34603904883475434
0.49558728124685253,0.291655213397416,-0.6601468352294808,0.2852104818353165,0.38186380651693747,0.7702507332251282,0.6874775755439552,0.5113784817805713,0.33640830283105144,0.36359605375801995,1.0,0.3341766025584307,0.410012451315765,0.33533037016633205,0.6981513184608681,0.7301282141863749,0.7362447061449708,0.49658038816266303,-0.6625432527968873,0.3577656306776848,0.5040700019529144,-0.7617551138835458,0.31535750500268955,-0.7617551138835458,0.11124227598080351,-0.16245772734771138,-0.23649461533413324,0.18458814123284611,0.42257570265134337,0.2998573507431394,-0.14482692860709906,0.5014973110039588,0.4107708374401542,0.1478585382190629,0.27848538531201583,0.46669664988542797,0.5417986212904361,0.630688111353261,0.22871926217302135,-0.6767251601321346,0.32165013021388905,-0.08356815067271242,0.4802444295497483,-0.12868720880814205,-0.8310705872208293,0.18028002463590548,0.3682916138733406,0.1435863469937936,0.652364638684911,0.4668470437369947,-0.03879154541712836,-0.20131868665792343,0.9407419845314662,0.32156162845060515,0.4624419143566302,0.32183216025711336,0.5919932020653328,0.7643531632528184,0.5959183303357735,0.4527147280123521,-0.7972725203163024,0.302469394168857,-0.11117832889686022
0.7576517421494159,0.6295586995473786,-0.5897811549264789,0.2694918540763564,0.5334889106315616,0.7175604299983225,0.7347472932598705,0.9076867568922661,0.23770946895039086,0.8140541643167158,0.3341766025584307,1.0,0.30118607434485783,-0.1071712360653263,0.6212032579158505,0.6914841360016446,0.4145600529622396,0.2064985680906685,0.09227185213365097,0.09831639983794382,0.7629315601299506,-0.3881037283030849,0.47915620970317063,-0.3881037283030849,0.3556628471268233,0.2624026723445943,0.5217260094761357,0.5695294463449401,0.8099464541528569,0.09251929186017246,0.4138385170482981,-0.01036600975502845,0.8500738457505933,0.3242246198620237,-0.09108285015154917,0.5216644428456526,0.8107737757023186,0.38287607423188824,-0.14179768750696234,-0.0031569895388671937,-0.027536363151155017,0.24411485634854752,0.8241411448851911,-0.03644994002356718,-0.5283820177296257,0.2420807056574984,0.36738122734908846,0.3329820091828678,0.7250483521530323,0.8558237320067517,-0.5121914122127176,0.3579936243406034,0.14890339565734037,0.9682028815547378,0.3818393057179785,-0.31559325368494695,0.621260928247321,0.5760546334111984,0.048626941671994134,-0.1173962536259754,0.024014882259932677,-0.10801287925589591,0.0030808430745676604
0.5347551504325823,-0.21802737410091197,-0.7882073117633943,-0.46760209208949505,-0.26991267502453664,0.6346851145172354,0.5568541990859738,0.20183372657187887,0.7353368522956173,0.35257867232493517,0.410012451315765,0.30118607434485783,1.0,-0.09638382267637424,0.7296069007616336,0.428833171869186,-0.022683552145955802,0.7798672649442715,-0.5583145459430586,-0.3895757759708205,0.3186035292255439,-0.5686560406333672,-0.24627018676701098,-0.5686560406333672,-0.26378624467528144,-0.5441686781112915,0.028876598940543542,0.6083486537942121,0.31350868071566973,0.7242197591906757,0.14047866518261684,0.4096754674453674,0.26616732332629117,0.6622093549796688,-0.019771381093401236,0.734373291005364,0.37645226037415963,-0.008683012090654333,0.48011107254881263,-0.6150320067706703,-0.45580371311145196,0.1699664480821361,0.6025459278845592,-0.5558689624318008,-0.7445119963962853,-0.44661589827386095,-0.559609300401506,0.3622687873740375,0.6140029610979184,0.20477605912197527,-0.3393345713768814,-0.1502499114965571,0.28644842084699296,0.3319347242639868,0.020988918767550793,-0.125048204566188,0.7152622591992143,0.39116423493056585,-0.2750541255905131,0.5786648434327427,-0.6134661274800837,-0.5211578822961829,0.20872610801632033
0.01428744853318044,-0.2488643672138209,-0.1764474283778564,0.10696356460925152,0.12769295077231246,0.06455320554891725,0.29754669227342784,-0.02384525603782714,-0.02155920191210808,-0.3052771067198465,0.33533037016633205,-0.1071712360653263,-0.09638382267637424,1.0,-0.1719513586168776,-0.053179196373109736,0.2741427115145449,-0.10555385866116418,-0.5656996005254641,-0.2622131883113983,0.0429439513594961,-0.3374142993420376,-0.04784928476093898,-0.3374142993420376,-0.1364397203711601,-0.0684887361461072,0.20693789150020583,-0.16534276990789118,-0.08654920885333893,-0.17253549266807097,-0.07638586963214902,-0.1836465444170293,0.064690093950403,-0.04387862874391781,0.9490310746161675,-0.3586277180816491,-0.05680680896360736,0.10859591806153486,-0.050770372545599726,-0.504676505483032,-0.11079966431939497,-0.1752887894184383,0.029203457888573623,-0.37470900979395944,-0.1431148971924203,0.07679032080205453,0.11906855464032519,0.12044232263615179,0.26313096726939555,-0.12520157132791426,0.4572454327632481,-0.2545516184957645,0.2668268737457775,-0.19512118016802135,-0.16536288930295207,0.9453376223735984,-0.21588419759773209,0.18413750542474538,0.48468764582238116,0.23066933429900072,-0.45894701597050136,-0.004471768195068196,-0.16981648830124332
0.7215613296945607,0.27248555988758955,-0.7581582411198126,0.04356317197366448,0.26165860344214475,0.8954218152546332,0.7283516283974343,0.6690934768419486,0.37626441578904274,0.734776906782578,0.6981513184608681,0.6212032579158505,0.7296069007616336,-0.1719513586168776,1.0,0.8176767451697107,0.4253472218611627,0.7201741775420074,-0.3421006509358495,0.24934985237540577,0.5683474765902123,-0.5660700595973598,0.29862548471452377,-0.5660700595973598,0.1506425251964256,-0.24683184339318195,-0.023430012754268512,0.5819348822894772,0.7561379147397799,0.42563518065080896,0.3269090241280515,0.5091855527955427,0.6420163191687053,0.6540682636710252,-0.11493459329622412,0.9347064413409182,0.7967817899611984,0.4764538285503173,0.36859423851576,-0.4483418424822107,0.14755287173711937,-0.08138693841626217,0.720028709499031,-0.30019629223644884,-0.8432431486037767,0.0026416176343885406,0.012772866754054094,0.17998125677518478,0.7285250135367843,0.5833389269234681,-0.6239512372441889,0.21059014712603719,0.5905461301255056,0.6327596542038141,0.44921273959537006,-0.24048073158996935,0.9720413486083758,0.8106739127963212,0.11209493342189158,0.49082928956779476,-0.49566629289143194,0.069894201604485,-0.0853436497368221
0.8147285015156269,0.5878377850442863,-0.636485604007296,0.10498335638708409,0.6512205718312931,0.890556359926608,0.7897760612651725,0.8351619588530458,0.28223690374957977,0.7422917936492728,0.7301282141863749,0.6914841360016446,0.428833171869186,-0.053179196373109736,0.8176767451697107,1.0,0.7714942688484029,0.40270675210686563,-0.22700188682327013,0.472289441313998,0.44207661259201686,-0.661441493388634,0.41445568262931654,-0.661441493388634,0.0836549578404644,0.10949783516356629,0.11175448441567833,0.37726402411722076,0.6862336622236079,0.4472694480099662,0.026311270574342877,0.21010353974929036,0.5952872681996885,0.2529834375859216,-0.13253918266646825,0.666494652265589,0.9275843801971778,0.6932319813883073,0.14921741984180506,-0.268530417081798,0.37826011135369464,-0.1538882878917869,0.7417390595851207,-0.0239964329199993,-0.7867641293173548,0.03427835938196538,0.4527027183429771,0.37904489905513145,0.7924780956798197,0.8126089866779499,-0.4991000827540268,0.01293080817348943,0.5955319489674599,0.6237389345355883,0.5032244246033398,-0.20241263595768993,0.8257480993040367,0.9150992430315765,0.37926022603354004,0.16541519229915508,-0.37424191935011386,0.289031376040736,-0.33429721770471016
0.4421940318373732,0.7164310161487639,-0.3234556837662845,0.27209393711120733,0.7409579760889737,0.6435047991036552,0.5289354583635748,0.5881279787548215,-0.10060585016651175,0.4245317046431343,0.7362447061449708,0.4145600529622396,-0.022683552145955802,0.2741427115145449,0.4253472218611627,0.7714942688484029,1.0,0.10673104743519325,-0.2528835860142904,0.614507231450455,0.34376894763679317,-0.4471807587412237,0.6222844986280803,-0.4471807587412237,0.159859923654633,0.37926091606791434,0.0907610610981966,0.05930767583073667,0.4504342869690825,0.12485591306210672,-0.09940823494820326,0.12033782990588125,0.44655367965249326,-0.08762992321871413,0.1636269093719691,0.21809292479665573,0.6869952048996694,0.92026639790633,0.02274340234190282,-0.27966336682528126,0.5955208251596046,-0.25899013832199064,0.4944294149976458,0.3140855340480022,-0.49026275849702367,0.22397578352347733,0.7183155188555356,0.3082332553525585,0.5493645399960693,0.5350559312204174,-0.14195110766672125,-0.18595842690026715,0.67289199049198,0.3304050319522377,0.5770954009388296,0.16976340938337062,0.379700435131257,0.7634751628388389,0.8550174102490147,0.07750152178314515,-0.3753617473225566,0.5592773927083111,-0.3676810484860723
0.17387078836778372,-0.07416417876974561,-0.7950618892138502,-0.0658838501428125,-0.37033405320076956,0.666929766055151,0.35070057222317996,0.10834657062524643,0.32981670820233683,0.14545301049340228,0.49658038816266303,0.2064985680906685,0.7798672649442715,-0.10555385866116418,0.7201741775420074,0.40270675210686563,0.10673104743519325,1.0,-0.6611660711395183,-0.032548434957628915,0.28006398591662296,-0.5245390258571282,-0.2037352233086914,-0.5245390258571282,0.22860062141537757,-0.24018201996490554,-0.3575561192735582,0.7717470532641955,0.3485101322777964,0.3198459931064838,0.10311223315367603,0.8161550670836827,0.1359467665750086,0.6368130228254714,0.07824929884168132,0.8184642357459287,0.3454672125010998,0.25194756311266076,0.861066447050272,-0.6986617939048309,-0.04093562165999938,0.2355082817345182,0.5416896736244685,-0.24678649427977278,-0.7468425141269435,0.05955572612370302,-0.36218384648880064,0.36052094475941354,0.5848636345699543,0.1779266035168202,-0.4868701696001841,-0.01965632313057526,0.5680543915841141,0.24742691263978972,-0.0007500445286393063,0.01135253392171562,0.7276765295409761,0.41438972532002755,0.042347135278349296,0.8680382296573496,-0.6488182395029127,-0.08880553072780072,0.44634308388821525
-0.08397584849247125,0.3110736196746158,0.6990108131591188,0.041513392266056666,0.3001475162251664,-0.4478990570451428,-0.3726967511051685,0.08677307847811998,-0.43127745302698894,0.26176783992985536,-0.6625432527968873,0.09227185213365097,-0.5583145459430586,-0.5656996005254641,-0.3421006509358495,-0.22700188682327013,-0.2528835860142904,-0.6611660711395183,1.0,0.2410752125768512,-0.16669957321903872,0.7248310304797131,0.3185338185752293,0.7248310304797131,0.05131606279588383,0.284872287502418,0.32267205401232996,-0.3470906027340201,0.004254286012641155,-0.33922079421181184,0.2890383404310724,-0.5564773659743475,0.05991365212926368,-0.24319349938319396,-0.6002571254834677,-0.2591386044029385,-0.054195005748870775,-0.1902120633083644,-0.5947441008723382,0.9575406743396588,0.17199886049736124,-0.12592975896249795,-0.33024331219970826,0.4108212389095911,0.6979345682281012,0.002346526383124078,0.21635942325718516,-0.31162178161128207,-0.5193355102654568,0.030115296176548737,-0.20868157013486785,0.5122692837564684,-0.6864084071483212,0.12419520305937244,0.08956657045531848,-0.6548773023399099,-0.2862148307827834,-0.3074522333797603,-0.33400328296362836,-0.7486002819321508,0.9482436131760467,0.13791875305824947,-0.2852308277424558
0.03179828961337695,0.6186199397465342,0.17836832651181897,0.5062103382207035,0.5800027871185341,0.2300919783669637,-0.007293476936193409,0.3543891475684936,-0.49957603868165623,0.29342046867089283,0.3577656306776848,0.09831639983794382,-0.3895757759708205,-0.2622131883113983,0.24934985237540577,0.472289441313998,0.614507231450455,-0.032548434957628915,0.2410752125768512,1.0,-0.009569436479034915,0.03030244132091145,0.5470093620812834,0.03030244132091145,0.3980113543133255,0.3906916803452906,-0.37796240297760353,-0.17431697328758172,0.2882487716019687,-0.2419118552150924,-0.08796177255635905,0.24446477023740465,0.11546265497754274,-0.21114746517863361,-0.3184884081034897,0.20752814368398695,0.39695889771476767,0.6729866820797215,0.03936043100062913,0.23280445191733753,0.9702127260444806,-0.37557643106024263,-0.04793954110172755,0.5597035796652209,-0.0647526036016607,0.45316209550756303,0.7227818332916605,-0.17590844051461024,-0.01509617413640956,0.3401849215526021,-0.32080596484015034,0.23130849376452423,0.47422697263055374,0.08490370735977171,0.49091034218127627,-0.22233890095475803,0.2554044943171951,0.4627807176395273,0.5669615183464719,-0.051070275813759315,0.10698697211286441,0.9364531549788385,-0.38153678646158784
0.5123298641517982,0.4239183136031214,-0.5669146995601883,0.4495222202726774,0.24991708904920035,0.5661498510143307,0.5388807870596337,0.6190051409493881,0.2634348037180159,0.5670689783186164,0.5040700019529144,0.7629315601299506,0.3186035292255439,0.0429439513594961,0.5683474765902123,0.44207661259201686,0.34376894763679317,0.28006398591662296,-0.16669957321903872,-0.009569436479034915,1.0,-0.31081095673132836,0.5843474093147383,-0.31081095673132836,0.49494204346589954,0.12073208759973753,0.2677738334354217,0.4964841901922997,0.7437453933684531,0.0248473367829399,0.43711281384421286,0.3125389203665185,0.8411595003132885,0.3514962127718948,0.08839005394980197,0.4292135560945035,0.502851664657807,0.3755483962642824,-0.1369657442380499,-0.3382930888498643,-0.15141586048896855,0.26601724499993523,0.6897327281600432,-0.11740371430685421,-0.5278398066242236,0.39553337628108487,0.22743373152039897,-0.05475254158909712,0.49585059250318103,0.4947210678913904,-0.1168123801162958,0.13778441884582987,0.3652814393276452,0.7672407693505411,0.6154232068905294,-0.06785608413338072,0.4285127374926173,0.3640075373333677,0.17889990246308374,0.027525509393708878,-0.2976352907480132,-0.17769445141737528,0.23565683704192894
-0.5672812093201093,-0.07489062905986053,0.8375920950111805,-0.0679835713360995,-0.1771850343715894,-0.724152801566015,-0.7666765036108005,-0.48633961509746254,-0.673107122503622,-0.21533773293438754,-0.7617551138835458,-0.3881037283030849,-0.5686560406333672,-0.3374142993420376,-0.5660700595973598,-0.661441493388634,-0.4471807587412237,-0.5245390258571282,0.7248310304797131,0.03030244132091145,-0.31081095673132836,1.0,0.21378893945135877,1.0,0.07031092475322895,0.18930897148641726,0.1357190398335709,-0.3529739276655282,-0.219009320584085,-0.4922672899083288,0.4042337621893319,-0.31557907599310975,-0.18186721349171148,-0.06059359064731928,-0.2641523631187057,-0.3895700080116008,-0.4521967664322449,-0.22759146673546524,-0.2964884779979296,0.63018298585781,0.051621519128564226,-0.256068732448932,-0.5537048048481137,0.31793206582889616,0.8956322948970056,-0.003730569960085028,-0.17666456102040587,-0.49458552075152484,-0.8131004817182058,-0.6120586585420948,0.016930726590562422,0.3147488228570941,-0.6768450930828765,-0.3440559941448506,0.0179881950372314,-0.29526643998134694,-0.560332093206689,-0.5939571023112842,-0.1901769650873308,-0.3829967737026989,0.7209129450375884,0.0884363737085562,-0.08351059811000033
0.3237336799221343,0.7000933946012886,0.08986116878473718,0.4054818090738404,0.6786356047953508,0.288727037290054,0.2060863080013402,0.5261147197471477,-0.39166365110229934,0.5930930856156807,0.31535750500268955,0.47915620970317063,-0.24627018676701098,-0.04784928476093898,0.29862548471452377,0.41445568262931654,0.6222844986280803,-0.2037352233086914,0.3185338185752293,0.5470093620812834,0.5843474093147383,0.21378893945135877,1.0,0.21378893945135874,0.3759597624896581,0.3888379240220063,0.32583193330906046,-0.031774847014468206,0.6513694007125,-0.2088404965240964,0.5015817675202506,-0.028842605632501322,0.7351312630123231,0.1114397151227431,-0.08493501217635495,0.16268816770565384,0.5330371381145458,0.7143393446622016,-0.3761442096511504,0.12767488410725267,0.45295159007032454,-0.36687615891927183,0.31642671115067245,0.3142640105316587,-0.023997216269192018,0.32991942448324674,0.5689369771138328,-0.2713116450287409,0.08375441333564737,0.2832268906525342,-0.19282975951073808,0.24832641797127686,0.21665743110644853,0.44969136255258035,0.8536841235104251,-0.18711169550155454,0.1885659852563781,0.4303655022070247,0.5540842700612527,-0.26425958306038455,0.1079538459346824,0.4365222877556488,-0.3783195330459375
-0.5672812093201093,-0.07489062905986053,0.8375920950111805,-0.0679835713360995,-0.1771850343715894,-0.724152801566015,-0.7666765036108005,-0.48633961509746254,-0.673107122503622,-0.21533773293438754,-0.7617551138835458,-0.3881037283030849,-0.5686560406333672,-0.3374142993420376,-0.5660700595973598,-0.661441493388634,-0.4471807587412237,-0.5245390258571282,0.7248310304797131,0.03030244132091145,-0.31081095673132836,1.0,0.21378893945135874,1.0,0.07031092475322895,0.18930897148641726,0.1357190398335709,-0.3529739276655282,-0.219009320584085,-0.4922672899083288,0.4042337621893319,-0.31557907599310975,-0.18186721349171148,-0.06059359064731928,-0.2641523631187057,-0.3895700080116008,-0.4521967664322449,-0.22759146673546524,-0.2964884779979296,0.63018298585781,0.051621519128564226,-0.256068732448932,-0.5537048048481137,0.31793206582889616,0.8956322948970056,-0.003730569960085028,-0.17666456102040587,-0.49458552075152484,-0.8131004817182058,-0.6120586585420948,0.016930726590562422,0.3147488228570941,-0.6768450930828765,-0.3440559941448506,0.0179881950372314,-0.29526643998134694,-0.560332093206689,-0.5939571023112842,-0.1901769650873308,-0.3829967737026989,0.7209129450375884,0.0884363737085562,-0.08351059811000033
-0.1941261206413126,0.3919264225727547,-0.15646624972321854,0.8417508356063002,-0.0070330810030098286,0.14622864699509605,-0.11910797184873148,0.2271112263914238,-0.44630319822814607,0.03271765290268654,0.11124227598080351,0.3556628471268233,-0.26378624467528144,-0.1364397203711601,0.1506425251964256,0.0836549578404644,0.159859923654633,0.22860062141537757,0.05131606279588383,0.3980113543133255,0.49494204346589954,0.07031092475322895,0.3759597624896581,0.07031092475322895,1.0,0.6154804085430666,-0.2492115479290126,0.47546794225750744,0.49073046457200703,-0.590846614093802,0.26426204784612534,0.5316362424499006,0.31312364858664504,0.11507712419060241,0.010247502980021547,0.24225931168453974,0.1746703589776351,0.3633645566314647,0.23180538723498503,-0.04341709439236314,0.3594736643349178,0.24463491272666826,0.2502226523016453,0.3163041930099607,-0.10280350138908009,0.9403426074442044,0.3845547892976769,-0.18699896896694845,0.06997729438767347,0.24728324579701963,-0.2340041350562249,0.330530492491031,0.27426791379046933,0.3388312817326838,0.3126596803723776,-0.05036753320143449,0.12750794166460472,0.0370418085957742,0.2835028816042731,0.10737237533596498,0.07436726076736778,0.3731065921299274,0.4229016144043906
-0.15006530947142432,0.5939103569528792,0.1473261355805075,0.4740855349690809,0.2765995292719534,-0.06139774317070691,-0.23423207082111833,0.16011612558246147,-0.5462665550917075,-0.07060645359179078,-0.16245772734771138,0.2624026723445943,-0.5441686781112915,-0.0684887361461072,-0.24683184339318195,0.10949783516356629,0.37926091606791434,-0.24018201996490554,0.284872287502418,0.3906916803452906,0.12073208759973753,0.18930897148641726,0.3888379240220063,0.18930897148641726,0.6154804085430666,1.0,0.12362120739113608,0.20912987462149346,0.24453465236440497,-0.3617091714420427,-0.028690945592986506,-0.04011773864661562,0.11926041252815629,-0.2773170987452239,-0.08518734322937127,-0.181078949505201,0.20043659957711027,0.47282170732403034,-0.030078235894755827,0.23783476474283935,0.37430205538894096,0.05739225674005403,0.2333493454400135,0.5801324211961012,0.17895088157194314,0.5939175322832632,0.5791755706137135,0.13248177935654717,-0.010678924468586919,0.23694684027950674,-0.05765602545284222,-0.07944253629806941,-0.06991217451057044,0.1293458601013684,0.2784401146752885,-0.11212035708712446,-0.19779013700145523,-0.04320567227826999,0.4243855317184965,-0.3489455684157826,0.3299122169322864,0.37022595742220427,0.0741143380937676
0.4736855749273813,0.242409988210196,-0.023874474066188547,-0.310397712695687,0.4115345343230934,0.12827320975086426,0.38246799923363395,0.39248515667430467,0.0315531938566496,0.45708704458211585,-0.23649461533413324,0.5217260094761357,0.028876598940543542,0.20693789150020583,-0.023430012754268512,0.11175448441567833,0.0907610610981966,-0.3575561192735582,0.32267205401232996,-0.37796240297760353,0.2677738334354217,0.1357190398335709,0.32583193330906046,0.1357190398335709,-0.2492115479290126,0.12362120739113608,1.0,0.0814598566750274,0.31816421479195484,0.044607177906421554,0.5197540580747934,-0.7089682184022608,0.5618781043763211,0.20584524560286135,0.17613336702762067,-0.10460210903743238,0.3626138799066368,0.02537600368270422,-0.48811984140625336,0.2414718590277945,-0.3920696130814971,-0.06418600101842284,0.39917172918992944,-0.1618757537150457,0.1284718169850069,-0.3149185717858276,0.011514780365841885,0.2972830534828107,0.27732435364974173,0.22366718621673826,-0.15735862979574067,0.1977316284598729,-0.5024591493572493,0.4646073970105571,0.05922184206803176,-0.07390196582244721,-0.0011874163737532364,0.14331517689407078,-0.07831343288507218,-0.3880489441637387,0.33054375366264627,-0.4107017843221153,-0.29554669001968903
0.2835147352539277,0.1429436849680722,-0.7645546586438252,0.056345588099875506,-0.25772909800259514,0.5997000271370252,0.33875208046427485,0.30355478716263373,0.19956269553453343,0.26287285381523423,0.18458814123284611,0.5695294463449401,0.6083486537942121,-0.16534276990789118,0.5819348822894772,0.37726402411722076,0.05930767583073667,0.7717470532641955,-0.3470906027340201,-0.17431697328758172,0.4964841901922997,-0.3529739276655282,-0.031774847014468206,-0.3529739276655282,0.47546794225750744,0.20912987462149346,0.0814598566750274,1.0,0.5975044171264442,0.166640868629911,0.35066298991683464,0.5411309246743582,0.40763852509236925,0.6622952538154077,0.027304820573629845,0.724918566595347,0.4850822271391625,0.2386080876624061,0.6360117261691633,-0.44991149573379524,-0.22394140368785218,0.37564098426359643,0.79805292898086,-0.18435923030100065,-0.59287212824477,0.23594972362613645,-0.24675735231456317,0.44117889512181147,0.6321699280491149,0.3626903292175314,-0.567575732775711,0.09358068862518555,0.191776714710736,0.5365879661280252,0.06613754650676282,-0.17219915408956338,0.627119961382747,0.2906086047002263,-0.06953586452233956,0.507921368943738,-0.2908366412995894,-0.27808960042231046,0.5126684988416654
0.6721146718375774,0.4555225409916671,-0.5099922113369055,0.34677623287877896,0.4465116518961199,0.6840862421147895,0.5658119843042322,0.7676558347491491,-0.039899183637238725,0.7435516102944814,0.42257570265134337,0.8099464541528569,0.31350868071566973,-0.08654920885333893,0.7561379147397799,0.6862336622236079,0.4504342869690825,0.3485101322777964,0.004254286012641155,0.2882487716019687,0.7437453933684531,-0.219009320584085,0.6513694007125,-0.219009320584085,0.49073046457200703,0.24453465236440497,0.31816421479195484,0.5975044171264442,1.0,0.04286780826720902,0.6474832327683426,0.24674691461923312,0.9095585064769482,0.6405939493561774,-0.028954677541888397,0.7108823074407992,0.8461106221236055,0.5735635883888195,0.07161497035747874,-0.19439034342375808,0.17980366255475094,-0.2049983655825969,0.7777708445673462,-0.20622522052027037,-0.5343101796441112,0.33288516821570996,0.24410148632975234,-0.02016514318727755,0.5755728088156826,0.5803838830732797,-0.5844114479756534,0.37006288514224517,0.29073072911398334,0.7357397641021446,0.6528651430605994,-0.2514024325438697,0.7300007849372071,0.6809906588204848,0.21888555219384762,0.13242360122041552,-0.13435093599894873,0.1415284153576798,-0.18484545460954063
0.5658449740318896,-0.12224508431787336,-0.4284189769940486,-0.6299388658602361,-0.030545303366923463,0.35714663726167484,0.3726097521801144,0.11400185375146842,0.7624871303937943,0.2448510277393845,0.2998573507431394,0.09251929186017246,0.7242197591906757,-0.17253549266807097,0.42563518065080896,0.4472694480099662,0.12485591306210672,0.3198459931064838,-0.33922079421181184,-0.2419118552150924,0.0248473367829399,-0.4922672899083288,-0.2088404965240964,-0.4922672899083288,-0.590846614093802,-0.3617091714420427,0.044607177906421554,0.166640868629911,0.04286780826720902,1.0,-0.2836646442737605,0.054521856152550625,0.02443099659014511,0.17993560682454693,-0.3022323095391916,0.35758264870915196,0.2783977244562354,0.01003882299416275,0.1271984196042482,-0.3584791259536118,-0.3468312397613453,-0.056494872858531386,0.39500435784601207,-0.3505839349608856,-0.5292917403598723,-0.6949668685703357,-0.3243909386555028,0.2899770625095644,0.3520070007222567,0.16733542329580997,0.0043730974206402685,-0.5770864610243196,0.13630365910647305,0.04624504939119798,0.17033690731946127,-0.26702376116535304,0.41521057082717455,0.26688611329375217,-0.21765787868115505,0.08629659196945824,-0.4700039843094259,-0.42112350553631656,-0.1473721553623155
0.22252673902031903,0.07513708899632045,-0.043499766535878656,0.024434912602445402,0.08863962137379681,0.1794655873532651,0.142594845002742,0.26423857588689953,-0.3194890162343169,0.4863665488277328,-0.14482692860709906,0.4138385170482981,0.14047866518261684,-0.07638586963214902,0.3269090241280515,0.026311270574342877,-0.09940823494820326,0.10311223315367603,0.2890383404310724,-0.08796177255635905,0.43711281384421286,0.4042337621893319,0.5015817675202506,0.4042337621893319,0.26426204784612534,-0.028690945592986506,0.5197540580747934,0.35066298991683464,0.6474832327683426,-0.2836646442737605,1.0,-0.04283280263066072,0.6882859452638023,0.7504666005879294,0.0974732741655402,0.4010033971525335,0.35627431175399205,0.13493503353339148,-0.046920585580090185,0.07601682372570559,-0.10880862269551532,-0.2617444204059067,0.31694994334300464,-0.26301895762802946,0.07757815045092992,0.07450640318979262,-0.22980419385008902,-0.21278617042374812,0.08967650766112899,-0.029061048045293858,-0.5286981727567643,0.6462391616538832,-0.25205641971264603,0.4317771051374629,0.29458277931930565,-0.18959897918015778,0.30736430722723174,0.19922928301116255,-0.0795140847130908,0.11892041871536904,0.23336674755313933,-0.10147526296790257,-0.12207050437817117
-0.1501493357984081,-0.014505669282500749,-0.5042022969017779,0.3354847299416469,-0.4092831256120299,0.38460757196836953,-0.00675548544238295,-0.06984147446717191,0.08146722432755157,-0.08263099429751673,0.5014973110039588,-0.01036600975502845,0.4096754674453674,-0.1836465444170293,0.5091855527955427,0.21010353974929036,0.12033782990588125,0.8161550670836827,-0.5564773659743475,0.24446477023740465,0.3125389203665185,-0.31557907599310975,-0.028842605632501322,-0.31557907599310975,0.5316362424499006,-0.04011773864661562,-0.7089682184022608,0.5411309246743582,0.24674691461923312,0.054521856152550625,-0.04283280263066072,1.0,0.0015718077691012089,0.34704858374543174,-0.026327774512513228,0.6010585333299896,0.08387589216653818,0.3128025019080936,0.7408615379541774,-0.6161926050291584,0.21027915182997092,0.20903788723382408,0.2492058985665975,0.020505448872132678,-0.5436720292725202,0.4249151582398813,-0.1288670238225589,-0.05841813758301606,0.20823333807541564,0.008233751394174238,-0.19734444104231028,-0.09497177250363542,0.6880537264672335,0.039565980606864504,0.22926189147206194,0.03017952245970309,0.4465202042434864,0.18133910059422084,0.2083245787202152,0.7075382791134496,-0.5963921186109947,0.19736542423739334,0.5280594143493968
