Fp1,Fz,F3,F7,FT9,FC5,FC1,C3,T7,TP9,CP5,CP1,Pz,P3,P7,O1,Oz,P8,TP10,CP6,CP2,C4,T8,FT10,FC6,FC2,F4,F8,Fp2,AF7,AF3,AFz,F1,F5,FT7,FC3,FCz,C1,C5,TP7,CP3,P1,P5,PO7,PO3,POz,PO4,PO8,P6,P2,CPz,CP4,TP8,FC4,FT8,F6,F2,AF4,AF8,O2,P4,C6,C2
1.0,0.7375113827481139,0.7715696446933096,-0.13857480378004036,-0.6500429420190097,-0.4966740579370447,0.1790624671045173,-0.2471128584830971,0.567774361714427,0.40810959197597546,-0.41234776244719246,0.5288616333673531,-0.07629446356763758,-0.24026373650469707,0.566107779199604,-0.23573210562011004,-0.09660780071718572,0.22937055801556436,-0.268407506307741,0.09767752478763783,-0.34219339498825985,0.24427404335735944,0.43341202836786835,0.24427404335735944,-0.39678643758594484,-0.6870574933827488,-0.5455739583813812,-0.09475535078460218,-0.3695040907833829,0.41973416067943153,0.19442322091834158,-0.36764485267456215,0.24506878483893488,-0.1600050299296436,-0.36600030390933935,0.433307401608428,-0.3557068772493691,-0.1361160322484847,0.09964121042192693,-0.3159604249033989,-0.12996602466756751,-0.382208108251622,0.4671380768993089,0.35327450253320963,0.14987961035810177,-0.3788536339254831,-0.6383884954800142,-0.4725777885055992,-0.04846051117335475,-0.30364553243373105,0.3992870177069763,0.20746185624023522,-0.3222627452176257,0.2762596330297341,-0.12975764265410736,-0.32544779053563316,0.33072658348078166,-0.2987779964772374,-0.12284460384235255,0.14191850663648814,-0.30881481368746616,-0.08649719835751744,-0.35114843167089804
0.7375113827481139,1.0,0.631152742383297,-0.09346225577674662,-0.4547280863368328,-0.5021887350038821,0.5625939451580596,-0.32539367733516605,0.2208536172592532,0.19150478805325688,-0.656698582009266,0.36319954792010917,0.22032383550553955,-0.09335910688246259,0.47471598180772356,-0.25345929889039326,0.07563089917006999,0.10387034231625082,-0.3841798645170891,-0.056312619092280435,-0.2130703706658504,0.26273865553773684,0.6955259655803024,0.26273865553773684,-0.44203558846429997,-0.4896258178895502,-0.48969161388718424,0.28558189036865206,-0.2732453183028523,0.1480663898378496,0.12639198744894528,-0.6208271499695657,0.2151394424708572,0.13827609763440177,-0.12439907874223584,0.3637433839042669,-0.25102331850591814,-0.03056097499284164,0.04843716747188842,-0.4199515458348384,-0.2012911566960139,-0.23539897121601816,0.3709663509044297,0.5644981714493723,0.16285966481375141,-0.4188754186830685,-0.4681405721796059,-0.43956079022755207,0.2199459265230071,-0.22163850476005392,0.11068361470638333,0.11544289798803767,-0.579310655562662,0.20661192558623423,0.11298141424584558,-0.15297746155186642,0.2714365119997248,-0.20430435904184593,-0.012335730373804674,0.09847240752577303,-0.38078270755294485,-0.15277786891852235,-0.1924021748567241
0.7715696446933096,0.631152742383297,1.0,-0.06946955615798016,-0.47424343116046824,-0.5464813857198684,0.10288915155032953,-0.14367761477609567,0.6937427916235519,0.5877301623527786,-0.39011670777790425,0.7877544628716786,-0.12461289845690075,0.13618725931754622,0.8760679168691553,-0.017392740945445052,-0.3550818418587823,0.2876644484663983,-0.18427100020869572,0.22051291330236764,-0.141162043200641,0.4411763737036468,0.4224367253648615,0.4411763737036468,-0.3660636016124882,-0.49305897425147027,-0.5272271085458334,-0.08344998636660084,-0.1301888891678312,0.5529630838967761,0.3570918750731672,-0.31087987377421616,0.5182870784037755,-0.16873758816274775,-0.01111884948231718,0.7194016119677314,-0.12494359942872366,-0.3408318710005505,0.15838231769318858,-0.19003080079357565,0.0010300142185318843,-0.18667662040308222,0.4340007325253825,0.3668432662335611,0.3090291963961671,-0.2833041315787729,-0.4541560169023475,-0.4382436698719762,-0.027144007185856134,-0.07989749138012042,0.4414052380627563,0.36176961167025457,-0.2580366856996107,0.5443383476279813,-0.11850343350769704,-0.0024436452196382823,0.5976822559319283,-0.09801922324450107,-0.27894581977593425,0.18551337522531985,-0.15162158706239007,0.04549320978442829,-0.14511653874871497
-0.13857480378004036,-0.09346225577674662,-0.06946955615798016,1.0,0.5894299832126656,0.5773946846369473,0.028951661450289105,0.15334502340450487,-0.1448631067057716,-0.22924476960386317,0.49117568481458357,-0.24956469975662943,0.4965551430567795,0.49093996684537894,-0.04438960588043578,0.5967839120636479,0.17468856011884454,0.006446845993158522,0.6411029716772682,0.22692007180393642,0.5176220595249849,-0.14043489020260638,-0.3666426649334917,-0.14043489020260638,0.6207573450621411,0.4843655718998221,0.49403320802878614,0.11034131072791317,0.1565274985312281,-0.07332575789808903,-0.1748101273931904,0.4100503457697832,-0.18595419846859773,0.4924862387323792,0.4120966235507893,-0.04851953036594658,0.5129453204670037,0.1526878247199943,-0.07871721570070303,0.5602364266860659,0.08789791632238489,0.5460768602236741,-0.025237919968237352,-0.19334959925011858,-0.03313187589382558,0.5463749141456313,0.4497607019971921,0.5002939584810182,0.1313793614437487,0.18707630955076368,-0.025134467391248815,-0.07667456419876614,0.38738872694469473,-0.0602281494105264,0.390060446052044,0.40377832022989163,0.044292724966174944,0.4838391588096754,0.1600010781857143,-0.058820744095009654,0.5417013342660271,0.11023952925175164,0.5300879132135164
-0.6500429420190097,-0.4547280863368328,-0.47424343116046824,0.5894299832126656,1.0,0.857459363718263,0.26779834755770615,0.2650394412839009,-0.5337488239754871,-0.5898756383721115,0.5718522469580338,-0.5571906711118507,0.6357739737575729,0.7188347658701164,-0.331036986834637,0.8070498774034733,0.3400726796607021,-0.09593158748608291,0.7907564436550313,0.01617065596632112,0.7303917648566502,-0.26020674694962076,-0.4735146199952152,-0.26020674694962076,0.47002154906596677,0.9441991096025742,0.851210919134586,0.4752523927636236,0.35816211292230593,-0.35129874290342417,-0.4596788207535703,0.5129642970187505,-0.3905096031945962,0.6301721900767157,0.6030005752111038,-0.2512017511577328,0.7696474904673083,0.3656353463559567,-0.1189371882894479,0.7567103507766011,0.06478765777367633,0.7095361751921389,-0.2515415796153507,-0.30923935267869046,-0.13368735739499046,0.4383286786694629,0.8857217662788837,0.7960069425654718,0.3668737042166147,0.34445775123784467,-0.24426513394223429,-0.3748891996278434,0.45703461890795855,-0.2913591490116257,0.561261127293177,0.5351554268661222,-0.13157065065967505,0.6972179135391102,0.36072491601447015,-0.14893110959232042,0.7294176805124246,0.03398641540052593,0.6725772701363635
-0.4966740579370447,-0.5021887350038821,-0.5464813857198684,0.5773946846369473,0.857459363718263,1.0,0.10079504285460364,0.18382718613799565,-0.3992446399429419,-0.5369356641874984,0.7686574535844442,-0.6510254856768398,0.49201971298412744,0.50739492944351,-0.4853756404326813,0.6965696883587131,0.3910563748658839,-0.08436887872691935,0.7777521563997961,0.09405965863721852,0.6164545479545736,-0.3707963466971147,-0.5831840549622672,-0.3707963466971147,0.5341531585034813,0.8088485587299096,0.9360540940110933,0.31689263266171713,0.1819253715276098,-0.23948931243060922,-0.441966732794052,0.6679556975269672,-0.544873146571096,0.4773852628275676,0.4110754595174145,-0.39920584469961007,0.6152379468874999,0.4261873690582051,-0.13067297169261724,0.7296464452859901,0.11304521843235693,0.6143204021003231,-0.1605374753084336,-0.4078404037205028,-0.20935050263693086,0.4755221485179999,0.7601027322194178,0.8696027203973198,0.23882359755583155,0.2008435704267411,-0.11073827658827762,-0.32600477561188534,0.6170046320003741,-0.42056851434815196,0.4207580580358447,0.4043042285688796,-0.2737654983745982,0.5669257254474324,0.4172753363543667,-0.159151044000962,0.6946197664678403,0.08036681418261737,0.5750410691984557
0.1790624671045173,0.5625939451580596,0.10288915155032953,0.028951661450289105,0.26779834755770615,0.10079504285460364,1.0,-0.25369739909138794,-0.39731834316923687,-0.45011738578723526,-0.4423744804308337,-0.18480721637544087,0.7501659327565833,0.4043335882509585,0.07481385462377688,0.2825138757006473,0.38554014956075866,-0.0814080765050076,0.10711280863232116,-0.31049372871743697,0.2138530453069647,-0.0354858611035976,0.41193107398710926,-0.0354858611035976,-0.2789850036746509,0.20128015102371996,0.1216452390610635,0.843971837342794,-0.08970063617746851,-0.3222919704350709,-0.4233111641749452,-0.44790468208290907,-0.21097470586819705,0.6636210399963907,0.27094949053346956,0.05766726931235483,0.2813400430683424,0.29395494069356537,-0.11428320345661001,0.07165799020917032,-0.33042285666653004,0.15946698640760903,0.07654681916745204,0.3544494208351961,-0.036968863159223764,-0.29546633479107365,0.18136792769616675,0.08216068020141844,0.6681509629257091,-0.05464200454479293,-0.20683080148092933,-0.38911479338904925,-0.47535744255312423,-0.16624362806955634,0.5802701619040229,0.14697902637877727,0.033036878879086747,0.25022594612214166,0.27485257219632075,-0.07467187552142543,0.06661286747030959,-0.38247708335537495,0.13512445100835527
-0.2471128584830971,-0.32539367733516605,-0.14367761477609567,0.15334502340450487,0.2650394412839009,0.18382718613799565,-0.25369739909138794,1.0,0.28696260693293985,0.3031028099355547,0.5494801358235509,0.17777745240468057,-0.19994239509723366,0.17142808626112943,0.15286570443900285,0.3291889437569066,0.4545202107615872,0.5209342263859776,0.44360426420561455,0.6367431213729374,-0.2328768813177024,0.39854667082684664,-0.06341923527755335,0.39854667082684664,0.3614414318929158,0.42964902509401637,0.32348691694517173,0.08136580971783754,0.9149088172873237,0.37118123114712714,0.38599965784252616,0.6492271729391146,0.3699583983474095,-0.12765670636415133,0.25544792224588164,0.2641148107319353,0.4395544960946073,0.5919574570871047,0.46122886145024705,0.4974736633404775,0.5767951247823264,-0.09437477754017215,0.2741676229450326,0.0853437582700719,0.4710205168999352,0.42880591740089385,0.4825698859125677,0.3909714561243921,0.2867735347903252,0.8634937686700003,0.3617447606295708,0.4268854595726558,0.6418583640788895,0.4097115491736126,0.02588051081646723,0.2833944101476786,0.406959190861468,0.4411383826155639,0.6477312134307261,0.4487744397179643,0.5636801030053368,0.5697116625109645,-0.024344085796215765
0.567774361714427,0.2208536172592532,0.6937427916235519,-0.1448631067057716,-0.5337488239754871,-0.3992446399429419,-0.39731834316923687,0.28696260693293985,1.0,0.9286005847483831,0.09664723269666181,0.8656024642074927,-0.5134479231038607,-0.04601228236352325,0.7736163985235559,-0.12610455961732508,-0.28352219368965914,0.6548763222743889,-0.1505056692872992,0.7023033516970374,-0.37796762666593875,0.7027516835229721,0.36342520967682035,0.7027516835229721,0.03254333025759724,-0.3826385151456082,-0.31731945809518564,-0.2893036778445812,0.23077492737216734,0.9382859868612344,0.7925228495162231,0.22526153685390554,0.7454901415169329,-0.4423223164407563,0.01646471165353645,0.7538777424123361,-0.1084560897307043,-0.14438173699076093,0.5519568548561323,-0.04957099679177503,0.5634510688829635,-0.25381615994084006,0.6927033339978957,0.41753593106741266,0.6429832734806826,0.14518870327519803,-0.2740448022899235,-0.18394461378970617,-0.04117810542986438,0.2811641503005027,0.82739255486907,0.8178410922074213,0.29060614927567957,0.7761672530286947,-0.23366682433761543,0.11320395417020059,0.7243246209007597,-0.03845289080020765,-0.027344780813095357,0.5536125430626888,0.05179555432026646,0.5404570315446735,-0.16479311665703208
0.40810959197597546,0.19150478805325688,0.5877301623527786,-0.22924476960386317,-0.5898756383721115,-0.5369356641874984,-0.45011738578723526,0.3031028099355547,0.9286005847483831,1.0,0.0038322772507149738,0.9056584789485018,-0.5839404373603369,-0.1662230634414406,0.7039437036755107,-0.33698962849545105,-0.3926452686386474,0.561122678606599,-0.37209979470299,0.6679786025320148,-0.50774545860591,0.778314846141501,0.4718510459885266,0.778314846141501,0.046000651110601684,-0.41940274315345727,-0.4545349690574288,-0.3255629337251741,0.2743976379008156,0.8687333745026794,0.935231853320666,0.1326545997782917,0.8720637981756366,-0.48591037170137225,-0.0082637839805514,0.6948707598635732,-0.23585121256561176,-0.2619360373039757,0.5081868271946522,-0.24594554699950277,0.5751082662963568,-0.3570967515459489,0.677985115894942,0.493417361749447,0.6930807237246969,0.14230301813850518,-0.31236006342026446,-0.3304930334232928,-0.07472644903087798,0.2940207761537067,0.7395922630562104,0.9078756442688193,0.192186319832403,0.8354874350279702,-0.2663675041310188,0.06888078495582399,0.6738841291869087,-0.1678977131380278,-0.1372769867528281,0.5100731827599977,-0.11702581319072805,0.5320555846620582,-0.2620773089449501
-0.41234776244719246,-0.656698582009266,-0.39011670777790425,0.49117568481458357,0.5718522469580338,0.7686574535844442,-0.4423744804308337,0.5494801358235509,0.09664723269666181,0.0038322772507149738,1.0,-0.2496865094001246,0.015707182879026112,0.27892389155977143,-0.25053567733116017,0.5120112212100069,0.22697378691496176,0.20133444420260332,0.6767098668170657,0.5111242153109871,0.3183557063833169,-0.02734949414525396,-0.5589572384727368,-0.02734949414525396,0.6830637542841541,0.621555268237569,0.7412631725819276,-0.08975122593733582,0.4385199282462025,0.21405562038935996,0.07641695679653718,0.9680132982866907,-0.12267431359804762,0.07211756762096805,0.2891934851487909,-0.14906543706407963,0.481619221175802,0.3485776722991705,0.13394732114513788,0.6774513911863582,0.4764310560779759,0.3958616763138035,0.08446714822709586,-0.3463456089216008,0.10597886206362757,0.6642636814512412,0.6173236106381933,0.7408964596821384,0.001386014082735625,0.43001651145821984,0.25392128586465523,0.16001603430729341,0.9442682258044015,-0.03569523320300616,0.129927406805852,0.3510928563258664,-0.003941456467400501,0.4651240919505145,0.38517020457380474,0.08999968637215564,0.6879076357977754,0.43216544249565547,0.4065108398779588
0.5288616333673531,0.36319954792010917,0.7877544628716786,-0.24956469975662943,-0.5571906711118507,-0.6510254856768398,-0.18480721637544087,0.17777745240468057,0.8656024642074927,0.9056584789485018,-0.2496865094001246,1.0,-0.4045414740321934,0.0037227089384122194,0.8919899066419974,-0.22466087393776138,-0.4454269586178717,0.5513089638756368,-0.3502335171883911,0.5228999159968941,-0.386901007666539,0.7968662560527837,0.5782518684057611,0.7968662560527837,-0.12236798586296949,-0.4275880867788437,-0.5632703500809608,-0.179034555867808,0.20101300276145,0.792290717784042,0.7874386938002405,-0.10085618879188549,0.9111247695664715,-0.34090963004830055,0.04636699624191472,0.8458573131448878,-0.18170240528715934,-0.34029662260547633,0.471495471984439,-0.236620613116507,0.4074175640803895,-0.29697456538848577,0.6426977610458452,0.5629741212097295,0.6711934126780434,-0.0183271159854998,-0.32670908828589434,-0.43982741445705487,0.018210025718865364,0.22240035632977123,0.6691261180184594,0.7568307348437164,-0.04081914443184592,0.8860158724036459,-0.15517865897085337,0.07540429582192942,0.7798182860777719,-0.13268363726108606,-0.22582477251961522,0.4767368858655105,-0.1258389128114942,0.3549558145582146,-0.21844374274913958
-0.07629446356763758,0.22032383550553955,-0.12461289845690075,0.4965551430567795,0.6357739737575729,0.49201971298412744,0.7501659327565833,-0.19994239509723366,-0.5134479231038607,-0.5839404373603369,0.015707182879026112,-0.4045414740321934,1.0,0.6073890402544129,-0.09653443231720163,0.5691855464021383,0.2799672020536247,-0.10208280497443617,0.46078307566197557,-0.19428972090287316,0.6587316133846961,-0.11225062667997213,0.07689607373815334,-0.11225062667997213,0.21743008149022078,0.5160505910481675,0.45906020059584596,0.7499916585841594,-0.04985453802440118,-0.3325906489141706,-0.46372491528726983,-0.01762578220486669,-0.32860931317420494,0.9672634533652432,0.5005689002355673,-0.05945271613765494,0.5625653951655241,0.20726760729735857,-0.12091622950989257,0.41805954663740413,-0.15241526610230896,0.6349136225815916,0.03763730790254633,0.17367566288456882,-0.035447791158349014,0.1712392356121654,0.4802146781434859,0.43891318145708147,0.594522820334982,-0.005775713178179202,-0.16853335015608858,-0.3949342675237124,-0.06005051206573559,-0.2362882895193814,0.8589667626514472,0.4045230165692558,-0.008547316503024378,0.5305526218044264,0.19235676299214077,-0.10133551584315871,0.3924874565478137,-0.2291182621817947,0.5992464827786986
-0.24026373650469707,-0.09335910688246259,0.13618725931754622,0.49093996684537894,0.7188347658701164,0.50739492944351,0.4043335882509585,0.17142808626112943,-0.04601228236352325,-0.1662230634414406,0.27892389155977143,0.0037227089384122194,0.6073890402544129,1.0,0.33945233371566086,0.8761971791430683,0.0868187475801557,0.3175867801416212,0.6994175791737708,0.26005917023718245,0.6848319332312551,0.19846177064483722,-0.048301092244189596,0.19846177064483722,0.334108879967748,0.73409767698506,0.6211562878985476,0.62374079207356,0.4120401854152981,0.1346462342014666,-0.1301832303520956,0.3275441807809638,0.05701333439192145,0.6513148189076257,0.8937656377089549,0.40218334016385393,0.8819373062604989,0.16884933983638958,0.2680537865625856,0.7586705199637224,0.29263922085322625,0.7322766585513766,0.11335240669837172,0.15088709395844985,0.2837516297734852,0.4196604065526735,0.7504457885263682,0.6603532376161978,0.6202565602235012,0.47430441838718046,0.21453124321256478,-0.004519961220146043,0.31111209463894673,0.21206827070960477,0.6821117240464113,0.8413810193444776,0.45798211827088353,0.8527862819911946,0.23205580509522286,0.25942936620316936,0.7839204770619106,0.24846556328206976,0.7355357333465207
0.566107779199604,0.47471598180772356,0.8760679168691553,-0.04438960588043578,-0.331036986834637,-0.4853756404326813,0.07481385462377688,0.15286570443900285,0.7736163985235559,0.7039437036755107,-0.25053567733116017,0.8919899066419974,-0.09653443231720163,0.33945233371566086,1.0,0.1332448706722157,-0.25980561854733614,0.6282758524690103,-0.05301600220344604,0.49077291613444574,-0.09491853201570125,0.7441021727596169,0.5603420403542502,0.7441021727596169,-0.11469255951863574,-0.23166481941811645,-0.34811221426389766,0.10064055492358195,0.2540512726131284,0.7524185385310285,0.5754768039711582,-0.09085926083691297,0.7750644610190351,-0.04376850651579122,0.31209690384081806,0.95776203550555,0.1519000726876372,-0.16727021184103072,0.5333685125117275,0.042567703764188794,0.37911599831686055,-0.01590183947200695,0.6039878837376913,0.6014980074015919,0.6598234077563232,0.02519513844325464,-0.13796911523481975,-0.2089581316349716,0.26579040857189606,0.3101701759388791,0.6617678942575408,0.6059276050041568,-0.03374214374476379,0.8292412395964754,0.10641412210179683,0.3231876492447159,0.8943522049326422,0.19308060907656752,-0.05845266216007111,0.5513235488058951,0.13041352165066494,0.3451217118170422,0.059893520193215685
-0.23573210562011004,-0.25345929889039326,-0.017392740945445052,0.5967839120636479,0.8070498774034733,0.6965696883587131,0.2825138757006473,0.3291889437569066,-0.12610455961732508,-0.33698962849545105,0.5120112212100069,-0.22466087393776138,0.5691855464021383,0.8761971791430683,0.1332448706722157,1.0,0.34534836698079097,0.2406913834489565,0.9316147737472084,0.21227942763258373,0.6907945499459168,-0.04608262353985012,-0.3408315214856403,-0.04608262353985012,0.35118917584030146,0.7813394483575837,0.760404717485509,0.5010016968669376,0.42544639644161447,0.02418207499606742,-0.33889196545200007,0.5250368696892945,-0.2005880096586698,0.5697683266668485,0.6898571535388649,0.183921710298047,0.910324612147012,0.41768596451058626,0.14995707860089344,0.912152065693927,0.18380263835554572,0.685087274933636,-0.023709124176418468,-0.13173264457449682,0.07663703145536481,0.39998357634018106,0.76832126122248,0.7735591804172571,0.491250301861952,0.4641184837666394,0.1158886510654238,-0.20016558356985692,0.49462771247516113,-0.021617974012256534,0.5529765158849317,0.6512722566638829,0.26189111913037066,0.8575442632398035,0.43317358875554807,0.14051077154167377,0.8856722153845912,0.16116822160412952,0.6723986654437007
-0.09660780071718572,0.07563089917006999,-0.3550818418587823,0.17468856011884454,0.3400726796607021,0.3910563748658839,0.38554014956075866,0.4545202107615872,-0.28352219368965914,-0.3926452686386474,0.22697378691496176,-0.4454269586178717,0.2799672020536247,0.0868187475801557,-0.25980561854733614,0.34534836698079097,1.0,0.12191872645145481,0.4589843886470198,0.04774140407331658,-0.028900405994723623,-0.16947136142085767,-0.03410756095502569,-0.16947136142085767,0.07481556423390107,0.3901878275623144,0.47626893935675024,0.49200700836147004,0.40486764698125205,-0.22085297112100893,-0.3168488476972495,0.22298306759231476,-0.34923428691112296,0.24745919311072692,0.08091721527542911,-0.18082825820200063,0.389736527741926,0.9689575836874732,0.08684113149429207,0.3912418380166864,-0.018295835288345205,0.010352231850559113,-0.0729603551281336,-0.01648281153344311,-0.06739079333518229,0.05802764104979614,0.37050351453349945,0.4399172115471824,0.46983714985910024,0.3790135975720983,-0.17142851365588777,-0.2557278648934224,0.19501548439316785,-0.28726088104199565,0.1893805388832545,0.05018364723103987,-0.09633676600540161,0.36495042272570954,0.9213782906561394,0.11490660862460425,0.3609649532062827,-0.04054725093591927,0.02181688926946242
0.22937055801556436,0.10387034231625082,0.2876644484663983,0.006446845993158522,-0.09593158748608291,-0.08436887872691935,-0.0814080765050076,0.5209342263859776,0.6548763222743889,0.561122678606599,0.20133444420260332,0.5513089638756368,-0.10208280497443617,0.3175867801416212,0.6282758524690103,0.2406913834489565,0.12191872645145481,1.0,0.2301443567878594,0.7884567675149855,-0.08015515869056586,0.8021286451306573,0.42215825671198026,0.8021286451306573,0.344957865785267,0.1429764709171037,0.1481807770067346,0.21035184521248984,0.6270598741288755,0.8141344931618253,0.6108105182823733,0.40268717595754056,0.6461199125639462,0.044485769335555016,0.4762162221043208,0.7901180194378497,0.4102243386353151,0.2917055665694176,0.965610009372318,0.42259832479504766,0.8429680282802983,0.15807375738564938,0.6457876725647066,0.6157000780693438,0.8651775149819643,0.5124163094308883,0.2965069632177836,0.32127183265822273,0.4867420428819522,0.7119065520860619,0.8409825996938057,0.7123721659703047,0.46014203430500633,0.7642850309524281,0.2946125466439012,0.5592226808971704,0.8622162608261469,0.5054117251631169,0.4097376225315807,0.9566720994195396,0.5347309980235686,0.783791377918522,0.2531775895884908
-0.268407506307741,-0.3841798645170891,-0.18427100020869572,0.6411029716772682,0.7907564436550313,0.7777521563997961,0.10711280863232116,0.44360426420561455,-0.1505056692872992,-0.37209979470299,0.6767098668170657,-0.3502335171883911,0.46078307566197557,0.6994175791737708,-0.05301600220344604,0.9316147737472084,0.4589843886470198,0.2301443567878594,1.0,0.24769884105715476,0.5939307526599338,-0.15449901944404626,-0.5238809937718737,-0.15449901944404626,0.48918439694157856,0.7694729415440058,0.8136158008865948,0.33181413375439045,0.45519800708178815,-0.016847244216713183,-0.35867747595752997,0.6737349981010952,-0.29909646919003735,0.4596248138260016,0.5340502597315085,0.024589254570207775,0.8404971193755811,0.5259458526618909,0.13594957267820537,0.9617745971231222,0.20523204012753482,0.5963572450363605,-0.08437388776886942,-0.30592302131529886,-0.005094156456944085,0.5100454861354126,0.7559337773301048,0.8184720426943441,0.35264803792003946,0.48035221885044654,0.07434443700447732,-0.21568703239356157,0.6425997558910341,-0.12156549601961512,0.4164905704979443,0.5323370678492694,0.13436508424203666,0.8011222988258477,0.5146505206670313,0.12241458646640402,0.9094532383691944,0.20713564854147642,0.5760879799255716
0.09767752478763783,-0.056312619092280435,0.22051291330236764,0.22692007180393642,0.01617065596632112,0.09405965863721852,-0.31049372871743697,0.6367431213729374,0.7023033516970374,0.6679786025320148,0.5111242153109871,0.5228999159968941,-0.19428972090287316,0.26005917023718245,0.49077291613444574,0.21227942763258373,0.04774140407331658,0.7884567675149855,0.24769884105715476,1.0,-0.10875334516819422,0.7160509023891145,0.21826015177787506,0.7160509023891145,0.5739958128510905,0.24386057850676215,0.2507576526799166,0.02154853393131044,0.642173781543662,0.8136142233029289,0.717723093190035,0.6524834570472814,0.6173523778802773,-0.05805643131854404,0.42247803952503254,0.6068325952258239,0.36224867352060475,0.23142908170845175,0.7075894115571024,0.3950383940185148,0.8730460430473319,0.13815818011159622,0.6521234282446285,0.40213134376423915,0.758888409881879,0.662722180291896,0.3532538529786558,0.3849868921598508,0.2641098574975415,0.6813592562139535,0.7914066450407603,0.7852320478552158,0.7014798803717369,0.6856951695372279,0.17280321586090808,0.5057125760573878,0.7063220456107526,0.433179311895927,0.36434588073935276,0.6773341634300118,0.5222592983016628,0.7755722252710912,0.23651113947274044
-0.34219339498825985,-0.2130703706658504,-0.141162043200641,0.5176220595249849,0.7303917648566502,0.6164545479545736,0.2138530453069647,-0.2328768813177024,-0.37796762666593875,-0.50774545860591,0.3183557063833169,-0.386901007666539,0.6587316133846961,0.6848319332312551,-0.09491853201570125,0.6907945499459168,-0.028900405994723623,-0.08015515869056586,0.5939307526599338,-0.10875334516819422,1.0,-0.22683588424367188,-0.354063437944399,-0.22683588424367188,0.3554934937443327,0.6314742106637617,0.5960036135314558,0.3024567454935935,-0.08302254539175075,-0.22633217607498007,-0.45310960980521914,0.28500816154006875,-0.35942108998839994,0.663567073794543,0.5473849912489849,-0.06149589226167712,0.6050320562447044,-0.03536346192024924,-0.0802992676000641,0.572903107125755,-0.01923295798121525,0.9415102545305988,-0.24031745262525883,-0.2239545648523542,-0.15570826162742754,0.3524883122152069,0.5820877877722344,0.5801515661956274,0.15382003358476384,-0.04804706480821676,-0.17791247894892703,-0.3835469796340915,0.2734552987111044,-0.2581709204572777,0.5631530292616906,0.5034050576226553,-0.03934976984407094,0.5634408228725596,-0.03799199071954978,-0.11870053943820037,0.5228766340805565,-0.05666907921965768,0.9006035055193053
0.24427404335735944,0.26273865553773684,0.4411763737036468,-0.14043489020260638,-0.26020674694962076,-0.3707963466971147,-0.0354858611035976,0.39854667082684664,0.7027516835229721,0.778314846141501,-0.02734949414525396,0.7968662560527837,-0.11225062667997213,0.19846177064483722,0.7441021727596169,-0.04608262353985012,-0.16947136142085767,0.8021286451306573,-0.15449901944404626,0.7160509023891145,-0.22683588424367188,1.0,0.7062651627668614,1.0,0.2285740757353229,-0.05375240031676738,-0.19489948419233233,0.19010283787465662,0.5317271402026815,0.8279385715981504,0.8552219161318032,0.16755049013029147,0.9137900780977896,0.03944417236928268,0.4000986181299594,0.8484703127437744,0.16473609301081565,-0.02102936656507308,0.7796792671865479,0.0428929349165923,0.7562069250461413,-0.004880759027719728,0.8144455667377564,0.8111679288799161,0.9725661713436964,0.35930374508882446,0.07989353888329685,-0.03817897654949522,0.4365074889350356,0.5786822944120517,0.7930589927180869,0.8656723480429873,0.22099530719450572,0.9268932629834884,0.28536625573383173,0.42912138736552974,0.8854479275855683,0.23840413560037246,0.1276066465508912,0.7844285764311614,0.20091410587722497,0.6208377939573055,0.0931984983782167
0.43341202836786835,0.6955259655803024,0.4224367253648615,-0.3666426649334917,-0.4735146199952152,-0.5831840549622672,0.41193107398710926,-0.06341923527755335,0.36342520967682035,0.4718510459885266,-0.5589572384727368,0.5782518684057611,0.07689607373815334,-0.048301092244189596,0.5603420403542502,-0.3408315214856403,-0.03410756095502569,0.42215825671198026,-0.5238809937718737,0.21826015177787506,-0.354063437944399,0.7062651627668614,1.0,0.7062651627668618,-0.2524564218346021,-0.3344424921543112,-0.44170301079867086,0.424516373940624,0.08932775259443862,0.42865928920096275,0.536636378411449,-0.4269024937038069,0.6269468860919355,0.1469125901549953,0.13841136839344922,0.5965626449156478,-0.148020612558374,-0.02928418038514255,0.4484201166895891,-0.39846644888221266,0.25378094355124353,-0.2167661508848658,0.6064168975119063,0.939318000846104,0.6283117975804733,-0.1759947733592101,-0.2475467451995976,-0.3570728913955493,0.4887941353707076,0.12276509685215148,0.4330602255372883,0.49474477107543025,-0.3949284077178964,0.5763258809679856,0.29299121216854235,0.10164304848636073,0.5484121504804882,-0.0926330116687683,0.05036791280816965,0.47427189394787744,-0.27959979730029527,0.12305911146430702,-0.14026505280769017
0.24427404335735944,0.26273865553773684,0.4411763737036468,-0.14043489020260638,-0.26020674694962076,-0.3707963466971147,-0.0354858611035976,0.39854667082684664,0.7027516835229721,0.778314846141501,-0.02734949414525396,0.7968662560527837,-0.11225062667997213,0.19846177064483722,0.7441021727596169,-0.04608262353985012,-0.16947136142085767,0.8021286451306573,-0.15449901944404626,0.7160509023891145,-0.22683588424367188,1.0,0.7062651627668618,1.0,0.2285740757353229,-0.05375240031676738,-0.19489948419233233,0.19010283787465662,0.5317271402026815,0.8279385715981504,0.8552219161318032,0.16755049013029147,0.9137900780977896,0.03944417236928268,0.4000986181299594,0.8484703127437744,0.16473609301081565,-0.02102936656507308,0.7796792671865479,0.0428929349165923,0.7562069250461413,-0.004880759027719728,0.8144455667377564,0.8111679288799161,0.9725661713436964,0.35930374508882446,0.07989353888329685,-0.03817897654949522,0.4365074889350356,0.5786822944120517,0.7930589927180869,0.8656723480429873,0.22099530719450572,0.9268932629834884,0.28536625573383173,0.42912138736552974,0.8854479275855683,0.23840413560037246,0.1276066465508912,0.7844285764311614,0.20091410587722497,0.6208377939573055,0.0931984983782167
-0.39678643758594484,-0.44203558846429997,-0.3660636016124882,0.6207573450621411,0.47002154906596677,0.5341531585034813,-0.2789850036746509,0.3614414318929158,0.03254333025759724,0.046000651110601684,0.6830637542841541,-0.12236798586296949,0.21743008149022078,0.334108879967748,-0.11469255951863574,0.35118917584030146,0.07481556423390107,0.344957865785267,0.48918439694157856,0.5739958128510905,0.3554934937443327,0.2285740757353229,-0.2524564218346021,0.2285740757353229,1.0,0.558809299116419,0.5616951206491912,0.027170694678705504,0.4247234991369917,0.2205722830570686,0.2342242821582973,0.7155220834413191,0.10652217338948675,0.3657422690077437,0.49539717909826836,0.06354131364848484,0.48866215329870694,0.17800172745585707,0.34292054757036594,0.5885356654811786,0.6094649705752009,0.5608346648257488,0.23142946069466128,-0.03345637196128101,0.35911191490383665,0.9671346596113621,0.6049618342132667,0.6107786638873267,0.1889269521769574,0.45441453863717496,0.24529926819113687,0.3041102381143586,0.7270336173953279,0.18336222273249425,0.38732580491022495,0.5416525283026044,0.2108203466267431,0.5156648564210862,0.23518507284553736,0.32627448455506936,0.6258305365857499,0.4621057280197673,0.5669306145606531
-0.6870574933827488,-0.4896258178895502,-0.49305897425147027,0.4843655718998221,0.9441991096025742,0.8088485587299096,0.20128015102371996,0.42964902509401637,-0.3826385151456082,-0.41940274315345727,0.621555268237569,-0.4275880867788437,0.5160505910481675,0.73409767698506,-0.23166481941811645,0.7813394483575837,0.3901878275623144,0.1429764709171037,0.7694729415440058,0.24386057850676215,0.6314742106637617,-0.05375240031676738,-0.3344424921543112,-0.05375240031676738,0.558809299116419,1.0,0.895348018005184,0.5286494240299364,0.558353418905,-0.1615904765204192,-0.2548186347851482,0.6240475112909181,-0.20719011558678438,0.5676849110031611,0.7146267889484157,-0.08895598960902172,0.8372987987014648,0.47042726412735064,0.13811333635359138,0.8071157594305948,0.3145119530254176,0.6979406775514206,-0.12985178963026325,-0.14401830824037298,0.08099530460896848,0.5703921590118972,0.983648161178808,0.871130815135804,0.48282298971121945,0.5478992276069682,-0.05915187711441299,-0.1664534822940961,0.5825720873676798,-0.10995855383406154,0.577607827353795,0.6645323747823623,0.04715087401669332,0.7889002074800167,0.49232308483289233,0.09283420560176113,0.8151016883362121,0.23467061209598764,0.6921890404589479
-0.5455739583813812,-0.48969161388718424,-0.5272271085458334,0.49403320802878614,0.851210919134586,0.9360540940110933,0.1216452390610635,0.32348691694517173,-0.31731945809518564,-0.4545349690574288,0.7412631725819276,-0.5632703500809608,0.45906020059584596,0.6211562878985476,-0.34811221426389766,0.760404717485509,0.47626893935675024,0.1481807770067346,0.8136158008865948,0.2507576526799166,0.5960036135314558,-0.19489948419233233,-0.44170301079867086,-0.19489948419233233,0.5616951206491912,0.895348018005184,1.0,0.4517746197360145,0.4010750921086397,-0.10317767441634833,-0.32304220827067326,0.7117797290606176,-0.40847090631419236,0.5013949113801403,0.609757552563496,-0.2021918079075404,0.7826693377245484,0.5537407812033559,0.13863478237126117,0.8325923845309308,0.3210348560130216,0.6711909208001373,-0.10911530209610884,-0.22591612867476202,-0.01613910403581972,0.5740964469333855,0.8816305491964797,0.9759709759199574,0.42108884591675344,0.4327795105116667,0.030151830489739195,-0.1888260233415059,0.6743464768706352,-0.26706930538030826,0.5098958484082589,0.6154507557209558,-0.06307593406455356,0.7597820578032342,0.5647499936482919,0.10290833786299028,0.8209524462573236,0.27067745914512276,0.6624990439663696
-0.09475535078460218,0.28558189036865206,-0.08344998636660084,0.11034131072791317,0.4752523927636236,0.31689263266171713,0.843971837342794,0.08136580971783754,-0.2893036778445812,-0.3255629337251741,-0.08975122593733582,-0.179034555867808,0.7499916585841594,0.62374079207356,0.10064055492358195,0.5010016968669376,0.49200700836147004,0.21035184521248984,0.33181413375439045,0.02154853393131044,0.3024567454935935,0.19010283787465662,0.424516373940624,0.19010283787465662,0.027170694678705504,0.5286494240299364,0.4517746197360145,1.0,0.30991003249919735,-0.08526796923948352,-0.19327451715484728,-0.03782327838002075,-0.06264037885788476,0.7668825140454176,0.6362267319288551,0.19885708525340437,0.6293584607285982,0.4933690329225877,0.21691625879871976,0.3845779349527227,0.10280359448468632,0.3773099451625053,0.2202985140805905,0.5030091375924027,0.2652585643423166,0.07356099339069362,0.5495100051304773,0.45300855442154025,0.923510005841411,0.3530728386874669,0.06558391246953046,-0.12198468710287097,-0.07239246013238383,0.017149764384264615,0.7911642262901921,0.5358600133677255,0.24885461295329778,0.6108181347441036,0.5178632086745367,0.23803148389908557,0.42439719138373,-0.013721931815292684,0.39158435030468836
-0.3695040907833829,-0.2732453183028523,-0.1301888891678312,0.1565274985312281,0.35816211292230593,0.1819253715276098,-0.08970063617746851,0.9149088172873237,0.23077492737216734,0.2743976379008156,0.4385199282462025,0.20101300276145,-0.04985453802440118,0.4120401854152981,0.2540512726131284,0.42544639644161447,0.40486764698125205,0.6270598741288755,0.45519800708178815,0.642173781543662,-0.08302254539175075,0.5317271402026815,0.08932775259443862,0.5317271402026815,0.4247234991369917,0.558353418905,0.4010750921086397,0.30991003249919735,1.0,0.3932740544515957,0.4185385924844431,0.5746578142032955,0.4483458601124666,0.07380326747792149,0.56212639519823,0.4153730899764489,0.6235472947251978,0.5582478180024768,0.6175638658250787,0.5777004449433266,0.6901907614909218,0.10715419263773263,0.303883820604897,0.2699580673683899,0.6230334654570536,0.5404351299731436,0.6318135765327808,0.4871863569568242,0.5218465578381029,0.9820162177549917,0.39213411124085024,0.47951598176205273,0.5753636140310394,0.5096959818079564,0.2356518526094366,0.5720017994287704,0.5570277103376509,0.6346580148257661,0.636730801861041,0.6106375519497816,0.66624936289374,0.6481436130599583,0.17948684307049825
0.41973416067943153,0.1480663898378496,0.5529630838967761,-0.07332575789808903,-0.35129874290342417,-0.23948931243060922,-0.3222919704350709,0.37118123114712714,0.9382859868612344,0.8687333745026794,0.21405562038935996,0.792290717784042,-0.3325906489141706,0.1346462342014666,0.7524185385310285,0.02418207499606742,-0.22085297112100893,0.8141344931618253,-0.016847244216713183,0.8136142233029289,-0.22633217607498007,0.8279385715981504,0.42865928920096275,0.8279385715981504,0.2205722830570686,-0.1615904765204192,-0.10317767441634833,-0.08526796923948352,0.3932740544515957,1.0,0.8294314868398294,0.37398827618542774,0.7773085275992662,-0.20856688661014347,0.26811950135459733,0.8150758943729326,0.11523388550038187,-0.04822953290323616,0.7426934096175571,0.14115283807640264,0.7797577091480181,-0.03428048908896868,0.8031573511280177,0.5669654843301152,0.8228696432891595,0.3632938875759914,-0.030075350197499115,0.05778118685740174,0.19008792141707193,0.4675442421325502,0.9463789012202007,0.8888424041352146,0.43678022112664405,0.8439918967466791,0.044996350251073285,0.36786859972995556,0.8347811185586977,0.19991750612106968,0.09385618456183834,0.7368756514399664,0.2675211978072523,0.7119105285001364,0.06647588563876423
0.19442322091834158,0.12639198744894528,0.3570918750731672,-0.1748101273931904,-0.4596788207535703,-0.441966732794052,-0.4233111641749452,0.38599965784252616,0.7925228495162231,0.935231853320666,0.07641695679653718,0.7874386938002405,-0.46372491528726983,-0.1301832303520956,0.5754768039711582,-0.33889196545200007,-0.3168488476972495,0.6108105182823733,-0.35867747595752997,0.717723093190035,-0.45310960980521914,0.8552219161318032,0.536636378411449,0.8552219161318032,0.2342242821582973,-0.2548186347851482,-0.32304220827067326,-0.19327451715484728,0.4185385924844431,0.8294314868398294,1.0,0.2192556433627726,0.893976499613188,-0.316082361412533,0.14484151612703192,0.6419886287487868,-0.1306505804425436,-0.17826487908448582,0.6141920231016913,-0.18840258823500025,0.7325062958826201,-0.23346088134881718,0.7238456451220185,0.6063388727337755,0.8120173143040607,0.3363746261891271,-0.1351923023537692,-0.18637232675799245,0.07510193115380308,0.440193396564396,0.7323325343355505,0.9765296422672533,0.2743946933275218,0.853384523401507,-0.07693708920775214,0.22117026092934342,0.6743664142514288,-0.04828863658914504,-0.040171549192292814,0.6141675354950326,-0.034271922807014285,0.6583936567195484,-0.12622700801000708
-0.36764485267456215,-0.6208271499695657,-0.31087987377421616,0.4100503457697832,0.5129642970187505,0.6679556975269672,-0.44790468208290907,0.6492271729391146,0.22526153685390554,0.1326545997782917,0.9680132982866907,-0.10085618879188549,-0.01762578220486669,0.3275441807809638,-0.09085926083691297,0.5250368696892945,0.22298306759231476,0.40268717595754056,0.6737349981010952,0.6524834570472814,0.28500816154006875,0.16755049013029147,-0.4269024937038069,0.16755049013029147,0.7155220834413191,0.6240475112909181,0.7117797290606176,-0.03782327838002075,0.5746578142032955,0.37398827618542774,0.2192556433627726,1.0,0.04759923371722941,0.07745571603998343,0.38328608692597965,0.04702912301120843,0.5567200833092133,0.38297965262156525,0.34394198549685673,0.726397577023802,0.6422795740668337,0.4136000616624011,0.21019362664277047,-0.18909391289355018,0.298278323603183,0.7423885505711846,0.6545096821380861,0.7527414235869707,0.10449646572864656,0.5766233070478776,0.4082000017093446,0.3069361529849943,0.9929246266542042,0.14174435259530674,0.1883641053529455,0.45564574078299624,0.19724174049634566,0.562175635400285,0.44035683421933886,0.29554727604852116,0.7584899564161993,0.5694509528769228,0.4463483634772867
