Fp1,Fz,F3,F7,FT9,FC5,FC1,C3,T7,TP9,CP5,CP1,Pz,P3,P7,O1,Oz,P8,TP10,CP6,CP2,C4,T8,FT10,FC6,FC2,F4,F8,Fp2,AF7,AF3,AFz,F1,F5,FT7,FC3,FCz,C1,C5,TP7,CP3,P1,P5,PO7,PO3,POz,PO4,PO8,P6,P2,CPz,CP4,TP8,FC4,FT8,F6,F2,AF4,AF8,O2,P4,C6,C2
1.0,0.48346427381206925,0.48591904761636756,-0.16437858711882813,-0.7644948552351197,0.3163823097426024,0.32750272521076595,-0.14472031134779637,0.42375739732389456,-0.6281000258957313,-0.4038948993780913,0.49686106311719724,-0.161982068145909,0.17087879022314206,0.15318664317352268,-0.49573510083205924,0.09240801522931553,0.17427637513031027,-0.6150242809809152,-0.1730977764181786,-0.07387088956152368,0.13932698468264523,0.34129043551283295,0.13932698468264523,-0.03245499143096349,-0.6728574752264977,0.11641021870185679,0.0505049736796375,-0.13012731791264906,0.293402212187058,-0.4109514866294203,-0.4456666805539582,0.21607255704319028,-0.17484114829369857,0.13138162488907537,0.08737029133235726,-0.37584620438195604,0.05345673771398822,0.09947252724994471,-0.5517282370787673,-0.16642588444057307,-0.13045772786983006,0.42565781985049755,0.30412269095965383,0.16695915109211582,-0.07338520593056881,-0.6242087128768181,0.25994665316293286,0.09042032619030585,-0.007689269414309268,0.37148546600726473,-0.5083923396856481,-0.37557784945756184,0.3702945914964044,-0.053102490468133076,0.20046371906946783,0.24340019068795407,-0.3907912345814986,0.086682629644692,0.1895042864695604,-0.6279624693077462,-0.1602966754929185,-0.07016147275070564
0.48346427381206925,1.0,0.4921701715256655,0.3423881945194213,-0.5024703516983046,-0.04328992351226332,0.2367670297219102,0.1550196721898032,0.914693369085556,0.07938379984994828,-0.08145660376630101,0.3977589546175599,-0.2943251250318616,0.8247393082706216,-0.002687491634760428,-0.14071959872106582,-0.3041159111903547,0.34984460061708567,-0.2374787118163354,0.34381200900769016,0.04269470668506377,0.19816846204792823,0.87647507426673,0.19816846204792823,0.5017685032520384,-0.15576489566743648,0.21785597103117935,0.09545338728726946,0.26353413059426517,0.8469948208968896,0.2253348722288291,0.02139813274411515,0.430576858400638,-0.12936451887829625,0.7585517377805239,0.11776538972515554,0.0393266357962461,-0.23073787779384844,0.40196309834352845,-0.142806436340317,0.32960674291165726,0.03990581972026419,0.6470758686741211,0.8607201166243769,0.2766397252155771,0.5072207696012726,-0.1806776235970795,0.1607845247211453,0.15527593883091534,0.31461535978258953,0.8948403519630083,0.22142869787792813,-0.0605806619821049,0.47055123761427237,-0.3139604662458619,0.7958785346946232,0.05501902641937386,-0.003396809469769717,-0.29363731293397666,0.4063192094512374,-0.2619871345257635,0.3193546191742934,0.03007725304253728
0.48591904761636756,0.4921701715256655,1.0,-0.13354969871778388,-0.22664885115875474,0.3289915839798467,0.1452687501668796,0.08477572210922324,0.4675765423550964,0.10433679749132595,-0.43053291276914457,0.8697332923090482,0.21510302367265474,0.3779604564728251,0.5540581844063173,-0.07531559287178455,0.12328695181647067,0.4871907494403892,-0.28025279734728176,0.3736873027716295,0.1734509052329036,0.5879140039537738,0.5355485334413855,0.5879140039537738,0.09082413636815909,0.12960260183461816,0.5339676557027045,0.1220873648403859,0.24550909693802578,0.561761908130819,0.24510208017004795,-0.21550830834638882,0.7532219822426358,0.3242437726805286,0.4119883189906709,0.5984912583679094,0.10600631562333415,0.14594273962527288,0.47114140391857773,-0.0609813375632131,0.3675408427287735,0.19865153942017755,0.6002613759602287,0.5992114675138269,0.7346703661441872,0.14651620435773668,0.1009602741965334,0.5665499372760585,0.18534479577538857,0.3427950775382728,0.507309330904741,0.20509166813853477,-0.36006864152779083,0.8139445906685875,0.27079341003175555,0.47878130399666924,0.6693364471516171,0.04168371106489549,0.1265313158457354,0.5130098870749407,-0.3025431267484632,0.39276600269741374,0.2244412719871835
-0.16437858711882813,0.3423881945194213,-0.13354969871778388,1.0,-0.03070610849104606,-0.1053211509785007,-0.07971709134885817,0.1910652928781463,0.4083093176576997,0.33358096785310065,0.622979595891449,-0.17396534001219693,0.012206295456224493,0.36543944137966483,0.08727616284888548,-0.25024202490640063,0.16083917754564914,0.15748168013510347,-0.05756445675969397,0.08743153187196703,0.18155978034912654,0.01703172110311842,0.46584548196062686,0.01703172110311842,0.8618762063795127,0.10391670651780888,0.20179290942656353,-0.044950941226925,0.2816811719644977,0.36369449144082144,0.17255365551395324,0.6146934576220762,-0.11046577299292994,0.09612260840806089,0.25728598003632164,0.11598424465957462,-0.10780379349551969,0.20800124038274584,0.17036443469347098,0.01222775656460662,0.09148940515951103,0.1733304076374265,0.13441284862534128,0.4232082512874418,-0.06877922980098522,0.8123781374119209,0.07195219828131916,0.008321682915631592,-0.03297906246328034,0.2630546260605282,0.3853942684306646,0.29080860621452587,0.5424778184499122,-0.0971151044809919,-0.09675489168575994,0.26747970206149735,0.05828939470249739,-0.10321006490818423,0.16732918827376939,0.11482607153874559,-0.06704517876028858,0.0815424235024954,0.2220192121854792
-0.7644948552351197,-0.5024703516983046,-0.22664885115875474,-0.03070610849104606,1.0,0.2093014383892259,0.11737757344214679,0.3939851249937788,-0.4328166376927592,0.5816343121987825,0.23085144354696158,-0.2009312686223663,0.6259549134293533,-0.11828177398109341,0.23839345087436606,0.6823526005614694,0.07113687733762784,0.2820643625087396,0.5951622245662683,0.4686462322975346,0.31761459883826815,0.24755112446979566,-0.27375298801048426,0.24755112446979566,-0.025465343069729942,0.8384852828444516,0.3387364030811999,0.41177485387108526,0.42022709512688644,-0.2014057192583618,0.5470982098574767,0.3966775885976914,0.1333481509979079,0.6228033348995107,0.022327420755467352,0.3640207091464998,0.6358101156671045,0.1716619579859389,0.3289009974055025,0.6909325519666277,0.4672193628682711,0.4038384977810421,-0.04891630923797878,-0.1951786802673538,0.24397496842511404,0.09782255618425689,0.8834087559842784,0.2904709726405728,0.3718329557756681,0.3444477354371673,-0.30866631707837955,0.5337276241796676,0.3383038432143183,0.023519654652516344,0.5371040748512487,-0.04698907374116511,0.15356652522652564,0.6051467658702631,0.03894055667594406,0.2363796374862546,0.5662705335137862,0.4382333640531326,0.30683728572055213
0.3163823097426024,-0.04328992351226332,0.3289915839798467,-0.1053211509785007,0.2093014383892259,1.0,0.46955258246135223,0.47114449975713457,0.026636763016849026,-0.117951375252833,-0.14094336179155592,0.41539591689160044,0.6661616307465407,-0.03782034811834623,0.6161185401386454,0.08101389963559609,0.3836016437588384,0.6079057298491325,-0.09465588714106069,0.3061098618362484,0.1263811709110091,0.5267872369919376,0.11362037445363778,0.5267872369919376,0.09706531290998918,0.15598444754742782,0.6972834606795102,0.455649805366809,0.4310857394548655,0.157241115882181,0.1508416511218154,-0.0002640506117748731,0.45866012102225273,0.6439481360990926,0.030025618714922875,0.6545043629121161,0.21061646203931378,0.40705755431664786,0.5319876143148827,0.1096391629086373,0.27996126654811704,0.15012683724422848,0.5228967698328103,0.1480956790642902,0.44975863769518837,0.17123729867608292,0.2468175110465177,0.7890778433626513,0.5255385917778399,0.4882474699366434,0.062095092215140334,-0.03704993004140058,-0.07047974497817584,0.5240007657159496,0.5652923477111842,0.003909082480025194,0.5171830102787984,0.05958477659298484,0.24476741159979953,0.44229946222465777,-0.21521265201663264,0.19664396366787315,0.05193949285268509
0.32750272521076595,0.2367670297219102,0.1452687501668796,-0.07971709134885817,0.11737757344214679,0.46955258246135223,1.0,-0.04809129362877663,0.2696648412286701,-0.020528155125831185,-0.42821678403060287,0.13564780483928002,0.41164208785626966,0.351288300348848,0.3219833661674128,0.29427240406740274,-0.024742784541880107,0.4476646971392619,-0.038187189085621236,0.1904036281002826,0.6234455013583279,0.21236493517286448,0.32028934142907406,0.21236493517286448,0.1430829444006174,0.01750857468088207,0.29020335199921077,0.8883453677330352,0.08514134745807847,0.2802513636360664,0.13542792883482332,-0.30693956922927323,0.21174540535831818,0.38535994866716583,0.38981674340764616,0.4113467532095148,0.3209394623309231,0.09131700009492745,0.4388013734200282,0.1070360188985075,0.1897584568373678,0.5926198301510078,0.49041716796723966,0.27598508155390244,0.22969608282589665,0.20024139712655895,0.15848784188645276,0.417011298780832,0.9019279089516635,0.1410126895423477,0.27718524755249374,0.04315482658163863,-0.27073523456127707,0.27174177233986047,0.3504061905412515,0.32121795522256397,0.2838184013597562,0.2481708287253794,-0.12311381760605337,0.35424088102313,-0.10913160660650616,0.10330326355610878,0.5502085508000556
-0.14472031134779637,0.1550196721898032,0.08477572210922324,0.1910652928781463,0.3939851249937788,0.47114449975713457,-0.04809129362877663,1.0,0.22513297609970856,0.30885330573559044,0.49094106379553704,0.29769893158646765,0.38554168203198363,0.23385814516066963,0.2808416714168312,0.07116584968863457,0.10166338858303772,0.5779338171595679,0.1693818008520184,0.6987906726264459,-0.037961926240653934,0.44331027658493216,0.28260759253803175,0.44331027658493216,0.2958589417687796,0.47656404754655973,0.5804419451053155,0.047803370197850865,0.8870339846484289,0.37158427574302005,0.46572714457433795,0.5987344170783466,0.4556737792671985,0.47371750312978733,0.34264790693135666,0.38922869102858926,0.26851597425840557,0.13509272823985258,0.6005296278578206,0.2853373499165284,0.6865938000264339,0.06076323394343854,0.47617694154913043,0.34663137686442963,0.33451433374095324,0.3847065544873879,0.4598970123515891,0.5085082563905219,0.1242063651578038,0.8837124142743301,0.32696894698659784,0.38197554000536865,0.49089259753530223,0.44813087809150276,0.27283959607086367,0.34809603684075724,0.168717414835655,0.15588293138115664,0.1034996086971653,0.5458236852090858,0.07489794729999391,0.6428399654707851,-0.11337465480576668
0.42375739732389456,0.914693369085556,0.4675765423550964,0.4083093176576997,-0.4328166376927592,0.026636763016849026,0.2696648412286701,0.22513297609970856,1.0,0.18492862053080775,0.028539519016016035,0.45771497319153287,-0.07263952333607913,0.7937841015462482,0.12292041566282384,-0.20333405920068864,-0.1782923252434443,0.43723652400014196,-0.11708476532580878,0.3905941704919661,0.15493692507208714,0.22780340601579543,0.92397944136207,0.22780340601579543,0.6550302272211602,-0.042985403307470575,0.31028255793161436,0.1893811604333683,0.34786869133309317,0.9389449006758872,0.252568544640563,0.12054503033057935,0.44913261407437366,0.06830913649923886,0.7311242320057828,0.21311792031855673,0.0098300163487573,-0.12751038497272404,0.4822748364861906,0.006287325743056066,0.3722916317475306,0.15540621040727892,0.675749231418433,0.8726872774605001,0.3111365513189533,0.6360666332616822,-0.09518510769752025,0.22732488012383478,0.23974370187109084,0.4082641699185669,0.9725193812444608,0.26710701582952984,0.009742680399647263,0.48646001388454113,-0.1284781264333058,0.7502726890043844,0.1438966557952758,-0.06683472068531798,-0.15174487938918485,0.4232232075492706,-0.19370742580987213,0.3238039739848635,0.11961388794096972
-0.6281000258957313,0.07938379984994828,0.10433679749132595,0.33358096785310065,0.5816343121987825,-0.117951375252833,-0.020528155125831185,0.30885330573559044,0.18492862053080775,1.0,0.3893093743380328,0.0856076009766361,0.34994318411277064,0.45385645953346504,0.1316009718987146,0.45213732012347935,0.23665302290224963,0.39074643935917713,0.34946592338758004,0.6696470346614739,0.24370747250202085,0.2768951199035426,0.33068281340868466,0.2768951199035426,0.4273797383296382,0.7503029168842297,0.33503490470023617,0.24863042111207545,0.4650519921755542,0.39247125481527795,0.8498994626386591,0.5951810777114291,0.35295306081299527,0.4856226109956851,0.5067825566280327,0.33764288836224204,0.5348983831835792,0.34993729051942135,0.4882031784301406,0.4809320564118098,0.666544791580009,0.3194624754511509,0.24331516218823418,0.38967445813564244,0.28881868350020784,0.5280181653931825,0.7456285146630208,0.1826702906072121,0.269604322911004,0.4356350112723598,0.2967638968976153,0.9550122389508933,0.4357551315553138,0.21603138152716356,0.23048068815321857,0.44982618079496417,0.09594060460245667,0.4959069940404869,0.2427611010837191,0.4180521819593916,0.3645012935298696,0.6527742977736876,0.26447098288550763
-0.4038948993780913,-0.08145660376630101,-0.43053291276914457,0.622979595891449,0.23085144354696158,-0.14094336179155592,-0.42821678403060287,0.49094106379553704,0.028539519016016035,0.3893093743380328,1.0,-0.187282556186423,0.07252577223980725,0.10459944121491044,-0.14609920797158854,-0.1775463917341636,0.3087067452038694,0.11716271100909793,0.10232930264457207,0.2873823616599149,-0.2356279036511293,0.028671939583123054,0.044176053157725687,0.028671939583123054,0.49919053355262366,0.25962869603449734,0.10601234175669141,-0.22981079407304397,0.4582637412518895,0.06214441524735862,0.2705883161556008,0.9255813361677159,-0.07087269178573559,0.10671486948935684,0.07692789257277312,-0.0908438515389882,-0.056417046396507915,0.32593766556566284,0.14809563060582726,0.1128812508368168,0.2985061941282111,-0.15337283612322555,-0.0021798272409191376,0.07921098798437369,-0.13108135047722008,0.5104312789301314,0.23548140336643217,-0.04191674729425514,-0.255704138502806,0.42080022109128595,0.07497991679111497,0.34151140134508945,0.946632332759931,-0.11911674272358293,0.009217284646250259,0.07510837050700056,-0.21562347527084288,-0.0617508291730368,0.3771864925208379,0.14102539833230418,0.09708732130351201,0.31106377681079195,-0.20694041937820218
0.49686106311719724,0.3977589546175599,0.8697332923090482,-0.17396534001219693,-0.2009312686223663,0.41539591689160044,0.13564780483928002,0.29769893158646765,0.45771497319153287,0.0856076009766361,-0.187282556186423,1.0,0.3174368460003469,0.3720716907479411,0.5671561569981682,-0.25414647416007735,0.24493664424470726,0.5529299393143282,-0.3572280396977725,0.4706465370541417,0.1506197476641228,0.610415717344089,0.4915491771891206,0.610415717344089,0.09421001306683462,0.13688416175529375,0.5191297020540949,0.1345274938276926,0.4218679057061982,0.5317874668309127,0.2329301532800401,-0.04791821115580237,0.8051927495540776,0.3858942640454971,0.4035026432996913,0.5904956700916331,-0.024479935804389744,0.2441575705422262,0.5276426623297757,-0.12287616275457719,0.4695604900931274,0.2159721789913381,0.6800781962184694,0.5569036335603529,0.6859271280424261,0.16034933823514655,0.1039418634371806,0.5930505099647555,0.19705882974790817,0.5339172713947244,0.49928229045066447,0.17296113119258794,-0.124695709342606,0.896768131802809,0.3612434238196517,0.45457816023415,0.6357470379654696,-0.14659201650213957,0.2820786960008815,0.563382462516872,-0.4252795135988973,0.4786487274208986,0.16362802616765415
-0.161982068145909,-0.2943251250318616,0.21510302367265474,0.012206295456224493,0.6259549134293533,0.6661616307465407,0.41164208785626966,0.38554168203198363,-0.07263952333607913,0.34994318411277064,0.07252577223980725,0.3174368460003469,1.0,-0.00019464225990443044,0.6979806190629996,0.33612773785132594,0.4219251218034441,0.6944220498009438,0.36934159098691766,0.47990914238362564,0.5112843359973483,0.6095258296148445,0.10594164048436744,0.6095258296148445,0.27645184123165073,0.6603435690861058,0.7633572457400056,0.6489872357466484,0.5399955087270722,0.15040379880757831,0.4483120907404437,0.27297047055279766,0.46580552237138834,0.9725237010744904,0.11296271089001936,0.7666084717810949,0.4709485659779014,0.4955330253498644,0.6539015813548836,0.57593074253011,0.4790375076863228,0.5845447927783186,0.39696899286355825,0.14989257398973224,0.5513163731275263,0.35471065142663466,0.7140391619505702,0.7882027426398048,0.6599223009164904,0.5508470531987215,0.027612516850544794,0.35417364202919654,0.1944459578421171,0.4431549515928891,0.9389462092666672,0.06513150086671328,0.6347447000220778,0.3716584056508124,0.3900062550139133,0.5474263710845853,0.2612963909545069,0.40792246418531575,0.48436663812433883
0.17087879022314206,0.8247393082706216,0.3779604564728251,0.36543944137966483,-0.11828177398109341,-0.03782034811834623,0.351288300348848,0.23385814516066963,0.7937841015462482,0.45385645953346504,0.10459944121491044,0.3720716907479411,-0.00019464225990443044,1.0,0.05142673183412167,0.1565285563043793,-0.1611382779996048,0.5500377880732645,-0.04338494308348518,0.6141522695496725,0.25895369763931025,0.283291647534767,0.8769283381847596,0.283291647534767,0.5773302187763054,0.19528608810663098,0.38100534750459514,0.3946852324058411,0.47227589920281166,0.8092473111172899,0.5900915764725614,0.2894245133912266,0.5778910576134952,0.16559706510316874,0.9657363853185649,0.2737533617893123,0.3603637238543297,-0.025717299003033066,0.6283231345507384,0.13232454185438086,0.6154069435902805,0.31646196015996303,0.7410356874314482,0.8834716000032905,0.361874052596784,0.6517451443406896,0.20289496923683775,0.29846218004944614,0.41248515139880815,0.48485211311275606,0.8157925731592085,0.5924568741389185,0.21180286782838817,0.5485147724318049,-0.06718190756581002,0.9494535512776985,0.097067488778669,0.30027520689898723,-0.12752484183862864,0.6204365244357084,-0.05270418724023474,0.590903338952822,0.24792697749005685
0.15318664317352268,-0.002687491634760428,0.5540581844063173,0.08727616284888548,0.23839345087436606,0.6161185401386454,0.3219833661674128,0.2808416714168312,0.12292041566282384,0.1316009718987146,-0.14609920797158854,0.5671561569981682,0.6979806190629996,0.05142673183412167,1.0,-0.07058876524501981,0.4082446533161843,0.6109890615661405,-0.13912067618251883,0.29249363112801424,0.5869024992058592,0.7529267002363301,0.29756402114131053,0.7529267002363301,0.2545205561173675,0.3372260899529166,0.6785753628845113,0.3950498523110606,0.44483875586561433,0.25598145406860395,0.18962971987682292,0.03346405899369419,0.46512065634005473,0.7167437490950136,0.1013181600737864,0.9393110105105382,0.09599606904006167,0.3956588163358117,0.5340151602713462,0.09338577334080615,0.28523117188224606,0.5818217084117353,0.43759267800596585,0.315377387235294,0.7196509463310994,0.2876981274800203,0.38705257524629744,0.6692985130625964,0.45676145282573327,0.4814322349671942,0.17916350399486886,0.11821413275829015,-0.07265557299542692,0.5107328832948341,0.656257227122866,0.09927583895233179,0.958332614956413,-0.0045347922433060135,0.3989690333354045,0.437212757626733,-0.28872946707299324,0.23121465454110687,0.5702647098156203
-0.49573510083205924,-0.14071959872106582,-0.07531559287178455,-0.25024202490640063,0.6823526005614694,0.08101389963559609,0.29427240406740274,0.07116584968863457,-0.20333405920068864,0.45213732012347935,-0.1775463917341636,-0.25414647416007735,0.33612773785132594,0.1565285563043793,-0.07058876524501981,1.0,-0.24998079729975853,0.3073590617320094,0.6797999048911698,0.4775851744144513,0.15018200049394967,0.1833083305525327,-0.05735471241491615,0.1833083305525327,-0.09107417267762888,0.6360367631257975,0.2710978913794788,0.5291628332569713,0.20980052041857386,0.02069966007092768,0.6463657358025826,0.08804350837003155,0.2652091548236626,0.3808521544385281,0.2951509735044671,0.1714908991171629,0.9364983513580092,-0.09632562619557286,0.37416931292156835,0.698052919048005,0.47029844102381524,0.23068959429045596,0.14441586127081796,0.019437263001457507,0.20084817319263384,0.04798911610952548,0.7024218008358865,0.250598795977515,0.5111591869868028,0.11918064636185542,-0.09979437835956431,0.5449814879880099,0.007901695190287562,0.08439213753196718,0.24723399268110832,0.22156779614956357,-0.10326982125005059,0.9384329162386374,-0.31711382310003416,0.3290882978038302,0.7236634853969491,0.4433749675356562,0.1184983291321811
0.09240801522931553,-0.3041159111903547,0.12328695181647067,0.16083917754564914,0.07113687733762784,0.3836016437588384,-0.024742784541880107,0.10166338858303772,-0.1782923252434443,0.23665302290224963,0.3087067452038694,0.24493664424470726,0.4219251218034441,-0.1611382779996048,0.4082446533161843,-0.24998079729975853,1.0,0.31216949654608445,-0.3935616272301828,0.09725658961868519,-0.004791708926229562,0.29799530341907876,-0.039995183490018245,0.29799530341907876,0.16991954326151568,-0.0011978331286057256,0.3339059889228058,0.03606857139875296,0.15182442108084004,-0.05484173756152992,0.15402975544963768,0.32649306645653103,0.09617845860439769,0.4078665337861372,-0.1484867941792474,0.40002142658622913,-0.1343841762531156,0.9692902545748626,0.23889409264415354,-0.26493412394587046,0.11011507808068767,-0.01735708495324597,0.1381402413839179,-0.0173103590487003,0.13381964990999248,0.19234298803241218,0.10351876579055497,0.345603943003189,0.10142473162210769,0.21526870487566785,-0.10354342500134932,0.16448244465651385,0.3113381563800427,0.10950301929708649,0.400528753053471,-0.15647852830536224,0.37984034574961584,-0.15983298611608862,0.9672862046750045,0.2652532715136345,-0.3646400561315321,0.1121343755812642,0.03929802824872995
0.17427637513031027,0.34984460061708567,0.4871907494403892,0.15748168013510347,0.2820643625087396,0.6079057298491325,0.4476646971392619,0.5779338171595679,0.43723652400014196,0.39074643935917713,0.11716271100909793,0.5529299393143282,0.6944220498009438,0.5500377880732645,0.6109890615661405,0.3073590617320094,0.31216949654608445,1.0,0.11102832068942628,0.8194926938543767,0.3515112170306602,0.8014305457339111,0.6414449577272057,0.8014305457339111,0.5085793273571366,0.5064167089188536,0.9058096613383074,0.6037418373837249,0.8179323460930655,0.6584046130547805,0.6958930378019049,0.40591720187679536,0.8000169509631582,0.7982212595813766,0.6520760105190953,0.8042003650724592,0.5920263175143945,0.42939086326726905,0.9858897318999417,0.34304101533248327,0.8186223412787483,0.4438756059567616,0.8917368906676805,0.7041762889484547,0.6954470691291362,0.6271545073380108,0.5830682618122397,0.8837621093607463,0.688506780156865,0.8327779116202113,0.5684832109001157,0.5431846895341705,0.28843302246344954,0.7553351378661077,0.6108164106399525,0.6359336566484473,0.5771103808588485,0.4843231965623075,0.30383490943228797,0.9503214514328678,0.04233167617135966,0.7645413068414549,0.3069765230575406
-0.6150242809809152,-0.2374787118163354,-0.28025279734728176,-0.05756445675969397,0.5951622245662683,-0.09465588714106069,-0.038187189085621236,0.1693818008520184,-0.11708476532580878,0.34946592338758004,0.10232930264457207,-0.3572280396977725,0.36934159098691766,-0.04338494308348518,-0.13912067618251883,0.6797999048911698,-0.3935616272301828,0.11102832068942628,1.0,0.2736336546717076,0.09012165201486445,0.04431975158451284,-0.08788157592816122,0.04431975158451284,0.10909900310466682,0.6650155980780954,0.1891429113774818,0.2500281493766809,0.2121273529280691,0.030638851257081972,0.39286480399371027,0.23185745674639924,0.04481352277065745,0.37358439135432125,0.053843475433043714,-0.027852856113215772,0.6255189397189863,-0.31222178483364715,0.17478526433098837,0.920789592918005,0.2594359413588874,0.1687346436590785,-0.12439792345328456,-0.060687511160192296,0.06820235294763041,0.1314185357947638,0.601144186724105,0.10808970776929798,0.19332171883542085,0.11264103775063178,-0.0641555156234939,0.3625057063875446,0.14854076438168776,-0.11573348073978561,0.3309696840925803,0.0031140196726178546,-0.18782922618703704,0.6379977084625904,-0.3761659068640019,0.06590981980604695,0.9541353236715171,0.2117905900503761,0.05221021616730948
-0.1730977764181786,0.34381200900769016,0.3736873027716295,0.08743153187196703,0.4686462322975346,0.3061098618362484,0.1904036281002826,0.6987906726264459,0.3905941704919661,0.6696470346614739,0.2873823616599149,0.4706465370541417,0.47990914238362564,0.6141522695496725,0.29249363112801424,0.4775851744144513,0.09725658961868519,0.8194926938543767,0.2736336546717076,1.0,0.14495161150306668,0.6421435362881602,0.5288807464896997,0.6421435362881602,0.3682258587292533,0.7141168930732986,0.6904559424838377,0.42051359284112017,0.8607009775447457,0.6330102606703003,0.8878782197075659,0.5703602462050916,0.8029682298024057,0.624621969260097,0.7421250791591898,0.555012578031021,0.6999281908759823,0.23741619683828602,0.8853271406390143,0.47091762670180853,0.995757989925449,0.28839993143268605,0.756780810076091,0.6396354647402535,0.6075044276310255,0.5355688378960713,0.7400620453907123,0.6292333998198757,0.47525544352555166,0.8577840025162132,0.5441876791626294,0.7991014542111966,0.44287685092969037,0.7095709174974214,0.38343906994962085,0.72254831436623,0.259132317576037,0.5970629864614663,0.11120073629718584,0.8612635798314026,0.24284212526187615,0.9732122132665575,0.11467914370940738
-0.07387088956152368,0.04269470668506377,0.1734509052329036,0.18155978034912654,0.31761459883826815,0.1263811709110091,0.6234455013583279,-0.037961926240653934,0.15493692507208714,0.24370747250202085,-0.2356279036511293,0.1506197476641228,0.5112843359973483,0.25895369763931025,0.5869024992058592,0.15018200049394967,-0.004791708926229562,0.3515112170306602,0.09012165201486445,0.14495161150306668,1.0,0.258206137095249,0.31499847086096866,0.258206137095249,0.2941074522726293,0.33693962479448913,0.28646288348672283,0.6361557041038678,0.21072656641724086,0.17861470441586,0.1712988709176843,-0.11869072819342033,0.11279251709217662,0.49802627087424073,0.2972054595024719,0.5691737811351538,0.2106987365283566,0.05948782303922719,0.33227467307983544,0.21940576144526303,0.17034874198754082,0.9777066049069119,0.2373600612655965,0.2587912961650122,0.2688819674637904,0.303672560637708,0.369016112475809,0.29185840115114803,0.6525944974462529,0.21550194748221865,0.17506394311161574,0.19980175689313293,-0.1435443028304083,0.15812506940940976,0.4664489231610084,0.26172773818006195,0.5842173941450872,0.18799298709540094,0.023284621885720835,0.25437322420616726,0.028421442521521276,0.12005175500229678,0.973398004158241
0.13932698468264523,0.19816846204792823,0.5879140039537738,0.01703172110311842,0.24755112446979566,0.5267872369919376,0.21236493517286448,0.44331027658493216,0.22780340601579543,0.2768951199035426,0.028671939583123054,0.610415717344089,0.6095258296148445,0.283291647534767,0.7529267002363301,0.1833083305525327,0.29799530341907876,0.8014305457339111,0.04431975158451284,0.6421435362881602,0.258206137095249,1.0,0.416912768408449,1.0,0.27964517689020624,0.47597817884136956,0.7671660594245527,0.37350410247634647,0.6403116165689281,0.45620770080944556,0.5306388235106696,0.2949441215185184,0.751078967081687,0.6987981813420279,0.37805905947407276,0.8344924191464388,0.409524007155181,0.3537872269446927,0.7729683394271376,0.22237003426071603,0.636038644711623,0.3350237667969774,0.6601468267252839,0.5339121631477178,0.8627019727429823,0.3820039987214043,0.5422249519511125,0.7569567301276836,0.4449196768147229,0.6684505458567244,0.3444611791152997,0.4001245022250741,0.19232168164419777,0.7063580696972634,0.5914822338539064,0.3770460370400396,0.7077520616330277,0.3119158381451034,0.3070018836713664,0.7324273233628776,-0.09109680816923402,0.61040859412489,0.24513677324039596
0.34129043551283295,0.87647507426673,0.5355485334413855,0.46584548196062686,-0.27375298801048426,0.11362037445363778,0.32028934142907406,0.28260759253803175,0.92397944136207,0.33068281340868466,0.044176053157725687,0.4915491771891206,0.10594164048436744,0.8769283381847596,0.29756402114131053,-0.05735471241491615,-0.039995183490018245,0.6414449577272057,-0.08788157592816122,0.5288807464896997,0.31499847086096866,0.416912768408449,1.0,0.41691276840844904,0.7375583393278349,0.12601782075244705,0.5211185597424186,0.30290642359647224,0.509711876408092,0.9447044718775358,0.46197945160441506,0.22345685356948788,0.5735685379693348,0.27381269095725125,0.8360320075097637,0.43710761601108583,0.20508779049511158,0.04621628213317859,0.6720618624068295,0.07318003411252319,0.5195324919496058,0.3320426830821535,0.7866805737809649,0.9752909109424558,0.4333595543137042,0.7509272325890656,0.10849694950689086,0.4236242294303211,0.3863061763828362,0.5423424833821819,0.9435464734646795,0.4485283763282587,0.08630738425989014,0.5768761542804695,0.04011501474789133,0.8469545253557873,0.3253058331295306,0.134541927914073,-0.01036528551210229,0.6324263197592644,-0.14060019985855152,0.47585284180269855,0.28611778676898336
0.13932698468264523,0.19816846204792823,0.5879140039537738,0.01703172110311842,0.24755112446979566,0.5267872369919376,0.21236493517286448,0.44331027658493216,0.22780340601579543,0.2768951199035426,0.028671939583123054,0.610415717344089,0.6095258296148445,0.283291647534767,0.7529267002363301,0.1833083305525327,0.29799530341907876,0.8014305457339111,0.04431975158451284,0.6421435362881602,0.258206137095249,1.0,0.41691276840844904,1.0,0.27964517689020624,0.47597817884136956,0.7671660594245527,0.37350410247634647,0.6403116165689281,0.45620770080944556,0.5306388235106696,0.2949441215185184,0.751078967081687,0.6987981813420279,0.37805905947407276,0.8344924191464388,0.409524007155181,0.3537872269446927,0.7729683394271376,0.22237003426071603,0.636038644711623,0.3350237667969774,0.6601468267252839,0.5339121631477178,0.8627019727429823,0.3820039987214043,0.5422249519511125,0.7569567301276836,0.4449196768147229,0.6684505458567244,0.3444611791152997,0.4001245022250741,0.19232168164419777,0.7063580696972634,0.5914822338539064,0.3770460370400396,0.7077520616330277,0.3119158381451034,0.3070018836713664,0.7324273233628776,-0.09109680816923402,0.61040859412489,0.24513677324039596
-0.03245499143096349,0.5017685032520384,0.09082413636815909,0.8618762063795127,-0.025465343069729942,0.09706531290998918,0.1430829444006174,0.2958589417687796,0.6550302272211602,0.4273797383296382,0.49919053355262366,0.09421001306683462,0.27645184123165073,0.5773302187763054,0.2545205561173675,-0.09107417267762888,0.16991954326151568,0.5085793273571366,0.10909900310466682,0.3682258587292533,0.2941074522726293,0.27964517689020624,0.7375583393278349,0.27964517689020624,1.0,0.27166176748074927,0.4805138622671853,0.23526569108390624,0.4913736969408211,0.6851953942708796,0.4128902589943088,0.5950700419738101,0.22557534291508868,0.38191029293718426,0.49916059011461333,0.35114222229245184,0.138603381919546,0.25554689978163386,0.5176670164951934,0.22356631150975986,0.35901043528383925,0.31778963967678553,0.48552139111644305,0.7053457181562499,0.1702811295442779,0.9749191136372306,0.24717709440182334,0.3221635453548423,0.2922659735038574,0.48598839764663243,0.6650016023852887,0.4442549858611846,0.4816852339242512,0.2115471806344172,0.1524641493716373,0.48966072418768797,0.21323515721367467,0.08514129124493493,0.1734929145845619,0.42109169222606835,0.0524529221985872,0.3072073944630072,0.28530098679567145
-0.6728574752264977,-0.15576489566743648,0.12960260183461816,0.10391670651780888,0.8384852828444516,0.15598444754742782,0.01750857468088207,0.47656404754655973,-0.042985403307470575,0.7503029168842297,0.25962869603449734,0.13688416175529375,0.6603435690861058,0.19528608810663098,0.3372260899529166,0.6360367631257975,-0.0011978331286057256,0.5064167089188536,0.6650155980780954,0.7141168930732986,0.33693962479448913,0.47597817884136956,0.12601782075244705,0.47597817884136956,0.27166176748074927,1.0,0.5496889739431889,0.36734640059544504,0.6255725648834443,0.22125987598001787,0.7729278101252595,0.5091084577230528,0.4836524744854392,0.7323393944893603,0.3150184967952821,0.5070637251278207,0.7182841707832586,0.12140252450456453,0.5662045946607582,0.7979648339957898,0.7066127805681329,0.46771650841446083,0.24673247410995774,0.23035940125570842,0.47909585251675973,0.3929219718839979,0.9670682253617173,0.45908472710991755,0.3686917159185717,0.5646895396515196,0.0879677278214125,0.7572958791997259,0.3658208739780548,0.3618193233384555,0.574140040538703,0.2747969611391736,0.29301213452373637,0.6557872300576355,0.00867344091182259,0.4770155541419687,0.6210937733735862,0.6859703131637613,0.33540227763148805
0.11641021870185679,0.21785597103117935,0.5339676557027045,0.20179290942656353,0.3387364030811999,0.6972834606795102,0.29020335199921077,0.5804419451053155,0.31028255793161436,0.33503490470023617,0.10601234175669141,0.5191297020540949,0.7633572457400056,0.38100534750459514,0.6785753628845113,0.2710978913794788,0.3339059889228058,0.9058096613383074,0.1891429113774818,0.6904559424838377,0.28646288348672283,0.7671660594245527,0.5211185597424186,0.7671660594245527,0.4805138622671853,0.5496889739431889,1.0,0.48386450039869217,0.7628921535836969,0.5329593504333963,0.5913148945897615,0.3946691329345515,0.7499108985462088,0.855241141784116,0.47520355335680603,0.831770733052827,0.530573588792607,0.43066246570350314,0.8791729948141386,0.45272421364681037,0.6831826445271403,0.37102532803183674,0.7345023050619047,0.5897601680163252,0.7478498720342678,0.5788750734357399,0.5914883827131783,0.9505616534889917,0.5319170007182442,0.7769156536512071,0.41933907928980996,0.46000668632648883,0.2383349120067587,0.7225644669342246,0.701694234966877,0.4803532651919866,0.6723010195072622,0.438637065076037,0.3119822145037147,0.8307154935166033,0.1163214460670121,0.6361534053118411,0.282432954973873
0.0505049736796375,0.09545338728726946,0.1220873648403859,-0.044950941226925,0.41177485387108526,0.455649805366809,0.8883453677330352,0.047803370197850865,0.1893811604333683,0.24863042111207545,-0.22981079407304397,0.1345274938276926,0.6489872357466484,0.3946852324058411,0.3950498523110606,0.5291628332569713,0.03606857139875296,0.6037418373837249,0.2500281493766809,0.42051359284112017,0.6361557041038678,0.37350410247634647,0.30290642359647224,0.37350410247634647,0.23526569108390624,0.36734640059544504,0.48386450039869217,1.0,0.279490301218976,0.29501533517505824,0.41161947956895534,-0.022019774616228244,0.37711807085370846,0.6365999238391156,0.4660126944836545,0.5515004403034706,0.5834353277227317,0.18635828794883497,0.6155684617035704,0.45393049597012236,0.4204584594527576,0.6696803978442625,0.528878563943033,0.2993160534322601,0.4225716074876538,0.3372594671167433,0.500588772828602,0.5514477494831636,0.9604987178953538,0.29515146137173365,0.24119801782259845,0.3107934615356995,-0.011449318111326722,0.35506394425518084,0.5770743687147618,0.379532838887246,0.3606286836339549,0.5026209084689547,-0.02585335243371016,0.5069686874285694,0.1689979516523243,0.33173324030952045,0.5881765440827861
-0.13012731791264906,0.26353413059426517,0.24550909693802578,0.2816811719644977,0.42022709512688644,0.4310857394548655,0.08514134745807847,0.8870339846484289,0.34786869133309317,0.4650519921755542,0.4582637412518895,0.4218679057061982,0.5399955087270722,0.47227589920281166,0.44483875586561433,0.20980052041857386,0.15182442108084004,0.8179323460930655,0.2121273529280691,0.8607009775447457,0.21072656641724086,0.6403116165689281,0.509711876408092,0.6403116165689281,0.4913736969408211,0.6255725648834443,0.7628921535836969,0.279490301218976,1.0,0.5397282562423544,0.6864989661532424,0.671042953866448,0.6665867415458839,0.6534310178760935,0.5846201428859584,0.6116917981296123,0.484142228649333,0.23190972033249282,0.8333178690684115,0.3889889874104818,0.8635700489359248,0.34062535255622456,0.7003931316302862,0.5819081484567793,0.5171792801698488,0.6078960585778441,0.6233540122719055,0.6680845408289966,0.3533065622030729,0.9790828531538878,0.47386219331543417,0.5804016503691719,0.5492181211498858,0.6180665284688625,0.4198262882014199,0.5840109440045628,0.37297000432966737,0.37383228818385694,0.19199818513755382,0.7959315218117514,0.1391720855852921,0.8237734637268419,0.15374886831617185
0.293402212187058,0.8469948208968896,0.561761908130819,0.36369449144082144,-0.2014057192583618,0.157241115882181,0.2802513636360664,0.37158427574302005,0.9389449006758872,0.39247125481527795,0.06214441524735862,0.5317874668309127,0.15040379880757831,0.8092473111172899,0.25598145406860395,0.02069966007092768,-0.05484173756152992,0.6584046130547805,0.030638851257081972,0.6330102606703003,0.17861470441586,0.45620770080944556,0.9447044718775358,0.45620770080944556,0.6851953942708796,0.22125987598001787,0.5329593504333963,0.29501533517505824,0.5397282562423544,1.0,0.5225290450897839,0.25518819088225736,0.6399655505297484,0.32089693176840706,0.8025974808842367,0.41433320451636485,0.26927063138589896,0.03276043331710571,0.7078040746385111,0.18758093260925066,0.6115982529470753,0.2138944778925373,0.7965590297497266,0.9417835619524552,0.49336865576380073,0.7150370947328798,0.1923964693755893,0.44227884819739727,0.3751713924263576,0.5883850279234881,0.9781421610977759,0.5006196288333197,0.09529898277094459,0.6265336954836894,0.07799685422805012,0.8120962749709146,0.26192766788138955,0.17813204068386798,-0.04362279158149408,0.64281811256885,-0.04322990958626227,0.5618255811158994,0.14291281607178732
-0.4109514866294203,0.2253348722288291,0.24510208017004795,0.17255365551395324,0.5470982098574767,0.1508416511218154,0.13542792883482332,0.46572714457433795,0.252568544640563,0.8498994626386591,0.2705883161556008,0.2329301532800401,0.4483120907404437,0.5900915764725614,0.18962971987682292,0.6463657358025826,0.15402975544963768,0.6958930378019049,0.39286480399371027,0.8878782197075659,0.1712988709176843,0.5306388235106696,0.46197945160441506,0.5306388235106696,0.4128902589943088,0.7729278101252595,0.5913148945897615,0.41161947956895534,0.6864989661532424,0.5225290450897839,1.0,0.5776117733127679,0.6579371262653392,0.601491428557569,0.6889811165582325,0.47820962480531,0.8113701890316393,0.30572184280515596,0.7700472351398061,0.535147656666815,0.8839822332484311,0.2963294340823041,0.5812655638569914,0.5632778528711526,0.4528853986662378,0.5677473670736228,0.8035697997989151,0.48700802483968764,0.4740317266081636,0.6434213024735347,0.39387284462871336,0.9531689780132282,0.41386171999816784,0.4959141182924261,0.30998633325529235,0.6341448809129772,0.1437025573420171,0.7372459378259186,0.13809621231904945,0.7322379974464511,0.4036714908627887,0.8597007477740721,0.14851349869020514
-0.4456666805539582,0.02139813274411515,-0.21550830834638882,0.6146934576220762,0.3966775885976914,-0.0002640506117748731,-0.30693956922927323,0.5987344170783466,0.12054503033057935,0.5951810777114291,0.9255813361677159,-0.04791821115580237,0.27297047055279766,0.2894245133912266,0.03346405899369419,0.08804350837003155,0.32649306645653103,0.40591720187679536,0.23185745674639924,0.5703602462050916,-0.11869072819342033,0.2949441215185184,0.22345685356948788,0.2949441215185184,0.5950700419738101,0.5091084577230528,0.3946691329345515,-0.022019774616228244,0.671042953866448,0.25518819088225736,0.5776117733127679,1.0,0.2194590230341199,0.35940341000418735,0.3115868596565632,0.17866281959340832,0.26733670776482127,0.394457703477034,0.44826135805921036,0.31769238673506806,0.5793797321020387,-0.002443344768193011,0.24400592844615823,0.2938655334060088,0.1456780045672109,0.6637729774356845,0.5041818146461495,0.21907134137271053,-0.03285215630837878,0.6235551486074286,0.2125607072725561,0.6044796259278046,0.9478597617878612,0.12065980081913658,0.17297728337858595,0.30024827981341334,-0.033584654762740744,0.23898807360697527,0.38190525660979696,0.4276482052383142,0.22234661318983764,0.5812361543726511,-0.09185872724487051
