Fp1,Fz,F3,F7,FT9,FC5,FC1,C3,T7,TP9,CP5,CP1,Pz,P3,P7,O1,Oz,P8,TP10,CP6,CP2,C4,T8,FT10,FC6,FC2,F4,F8,Fp2,AF7,AF3,AFz,F1,F5,FT7,FC3,FCz,C1,C5,TP7,CP3,P1,P5,PO7,PO3,POz,PO4,PO8,P6,P2,CPz,CP4,TP8,FC4,FT8,F6,F2,AF4,AF8,O2,P4,C6,C2
1.0,0.6236008266428085,0.6781561844170215,0.6986478984673236,0.25849631610852797,0.42203890328883087,0.6826695047660357,0.6768352361761721,0.7392894247185675,0.5261633818771871,0.3335221884535523,0.38717444633838277,0.26628461225376554,0.4429410166695411,0.6709874460679336,0.20567200076722364,0.6936603236791813,0.44903021125147613,0.16868750687261247,0.5203195531327485,0.20150251097400193,0.44648473543427186,0.5020886564090113,0.44648473543427186,0.48305289489756686,-0.24679762145131037,-0.19770572185206364,0.3438735616306737,0.5601881857941595,0.519659758517891,0.37981036051913314,-0.03826036195722758,0.15072175980217775,0.12501688544474915,0.20733701326351153,0.4421540453381381,-0.00041833896198560715,0.4898994506645885,0.5065987747323788,0.15983475372542524,0.4421856048072884,0.24658468841703082,0.7146604187736745,0.5296320603967262,0.45892408576697746,0.45998436969318157,0.05562101108372334,0.07935581012232047,0.5377179708667306,0.6451278322546802,0.658564832392552,0.43355390534480986,0.2669115881000219,0.08836645746103008,-0.2725785684277889,0.20836354559135423,0.2432316514279879,-0.14852075231536138,0.4282690134683854,0.10999750165784922,-0.11822537586756929,0.36379766393875845,0.0512225456546546
0.6236008266428085,1.0,0.7741020571796895,0.7066354334420035,0.1573957921183068,0.5017558955105407,0.6509093921262311,0.6177889405600447,0.7596284889236264,0.341852162614601,0.06909724604441854,0.5023511718015525,0.2999539322639233,0.39820368374022147,0.7225303268193798,0.022152610205163962,0.21963657142662893,0.7554298055384104,0.3878457288761895,0.5749777120485093,0.398531721426815,0.425120780885258,0.7539527731181287,0.425120780885258,0.48267768978285686,-0.4608702978756655,-0.028117504762362806,0.21680058198871058,0.41206762672054265,0.39523770526294427,0.09520673782256066,-0.34800868005483293,0.10538456181071182,-0.01969906564878989,0.14689596186315435,0.44223840088933175,-0.3112337780669183,0.09351774606428324,0.6393067365024248,0.31505932568633743,0.3757669671631787,0.40284456001918423,0.22463997636122093,0.8256742571112745,0.3333119186721986,0.4787139223379398,-0.27452111032544285,0.3173045500898572,0.4273765029334502,0.48097178010616026,0.5590830969656942,0.21935871134760912,-0.051497442835027385,0.06851356263520449,-0.4197239756292531,0.00459653516837703,0.26551997943609057,-0.42613283637554933,0.09668564827190554,0.258354745533069,0.1864091675417016,0.22724423337825153,0.20864362084299548
0.6781561844170215,0.7741020571796895,1.0,0.8692554909219041,0.46907582811789883,0.6278434639064269,0.5741860842977142,0.6641291425038006,0.8677009118724093,0.65126567648581,0.37256246423867434,0.6515651978567211,0.3474489753941725,0.589088887776567,0.8588172550014361,0.26408686260811765,0.34223490892242936,0.6127869397685205,0.4458526972058647,0.5945620514136192,0.3748855547620967,0.6366395678241221,0.37248460605484907,0.6366395678241221,0.6357702355386291,-0.18430546629402608,0.006668769882489493,-0.0200961729860157,0.3859941732979721,0.5076315747769024,0.2851380722936404,-0.1443300448614682,0.13894121817692362,-0.012538938653063518,0.17723314670585777,0.4874150316556824,-0.15899644549895417,0.12132148358438014,0.514129974512917,0.38612749849136396,0.3234785483052049,0.29421176367498186,0.22308047713981574,0.47498918237118654,0.6116550112510974,0.641555338586981,0.06552653285993353,0.38569579635916773,0.31015676252076785,0.46500965119611787,0.6546846535342844,0.4001933447963197,0.23243245283113692,0.054287100654242824,-0.445820266036518,0.06222351557190885,0.1483991918212302,-0.3779855827746182,0.2755893496464284,-0.005156856950765567,0.12805161621034666,0.24253798618776468,0.046140671458696686
0.6986478984673236,0.7066354334420035,0.8692554909219041,1.0,0.5505406781454649,0.7018050103023148,0.5343537606466433,0.6231364461822819,0.8186456805390886,0.4557873191005798,0.5266025374194659,0.4221656848595007,0.39717184919234627,0.4838737216306843,0.6983272846235953,0.26335603555859116,0.4604154285897002,0.48791263453550354,0.45209162743639525,0.6380959122266506,0.46017395223216256,0.44530964318241284,0.24801441926002527,0.44530964318241284,0.8078146038885331,-0.1728204193685188,0.047533847805184215,-0.05030269755641602,0.2966103463323465,0.5210666340716461,0.07009255912271185,0.06939864341888216,-0.024080833964252226,0.06877302919039356,0.07740037663256237,0.2775318933997726,-0.1319618071550726,0.20980128735704479,0.43276758414263433,0.4315913728435173,0.39503255164556544,0.36859542402714957,0.22795840528650635,0.33148081498129073,0.502622460886778,0.7769540982341612,0.07043289485495603,0.3422009069794508,0.2788610193356312,0.35894521702781007,0.6557310720313004,0.16894924228204236,0.41379647215039067,-0.08917569451171385,-0.3687110941875833,0.0028267396264018453,-0.05426535912773211,-0.38704341157793715,0.37879302423676625,-0.09922448411429412,0.21370903001808286,0.30803775152663826,0.10570192383078396
0.25849631610852797,0.1573957921183068,0.46907582811789883,0.5505406781454649,1.0,0.6735021131886889,0.012892942964916958,0.4058833796007158,0.298157372697232,0.20857934278894238,0.7554074106382899,0.17550647158240273,0.36067198941523826,0.37670814554475546,0.2946576153188285,0.5141437166948338,0.30032961051771023,0.318226598750033,0.4415186662414424,0.31181466750542536,0.36699346247085424,0.07021572709239904,-0.22046118176877874,0.07021572709239904,0.4104006319223669,0.5996599590238539,0.3327186052329301,-0.35793815258044187,0.03890147623383691,0.026028407614556517,-0.15973093457750684,0.4643070477583373,-0.1521044254368988,0.1965733638539351,-0.04988870636045088,-0.10513994964757774,0.21506021397151384,0.16121766463178525,0.249643201454064,0.45900385269041966,0.10580994557517984,0.22517874199800247,0.022145496410278687,-0.1807501739237855,0.26120378175694364,0.4512504375974812,0.7194037266661014,0.5585264101455242,0.0058075730377521685,0.1951341079788256,0.13320443222622894,-0.16083108788075562,0.7079234665684241,-0.25236561969326354,-0.11928349518351228,-0.039205936181729455,-0.3745564210398976,0.0030112897323285076,0.2908038485674975,-0.15961227257849858,0.21310766260052832,0.037771994766126804,-0.030147229360316725
0.42203890328883087,0.5017558955105407,0.6278434639064269,0.7018050103023148,0.6735021131886889,1.0,0.35275673800577,0.5624316309550708,0.5997036686441106,0.21567857112832506,0.469411293172824,0.36031868195337147,0.29541668292993273,0.29804369699697725,0.475777978355189,0.6072086670823432,0.24344566092285136,0.4432945451455089,0.33226266269743854,0.4230371097474392,0.47200737797887937,0.10701761317277843,0.01059786764705776,0.10701761317277843,0.38076477896751676,0.24030228036043705,0.4918160837683511,-0.21061700258557128,0.22723441081232285,0.27581014453796077,-0.17683338620986025,0.10362357885452246,0.007580889371156314,-0.032800142437952914,-0.1010126917673635,0.06571066028253436,0.21160971419838576,0.061483110782267106,0.35479701345078246,0.31672770977402503,0.1743164474508575,0.3644390800899526,-0.033196500862240706,0.13223681383164748,0.2508148207426808,0.4298957258816067,0.3303502033449874,0.7928669226568814,0.0918792774166483,0.3508014293942028,0.3432593540879287,-0.05674006485634383,0.38488849865116526,-0.14593185797814726,-0.34694989401423293,-0.14276568364737977,-0.25800306259137973,-0.015330391738576834,0.24762631557407674,-0.2621760163754495,0.10041954641889676,0.07542747774133142,0.0321895874900434
0.6826695047660357,0.6509093921262311,0.5741860842977142,0.5343537606466433,0.012892942964916958,0.35275673800577,1.0,0.3032437864872855,0.6539859702456926,0.225220832693198,-0.029899142641464285,0.4409120582167039,0.29880788411583015,0.4051486314957202,0.4436614810612226,0.10744688943063851,0.05760889520060234,0.46573444796154634,0.06483528115255537,0.40218814248623697,0.2929889357366819,0.33940718524419144,0.5571035528432996,0.33940718524419144,0.401611380693588,-0.43443573640127786,0.07352948086181797,0.7002316488450024,0.24477801449774356,0.568932551928296,0.15798584751716982,-0.4006391153627006,0.33716429516644075,0.12433667387853319,0.27145210498612127,0.30054330253315104,-0.034384097325982806,-0.06117692277793981,0.5517250879103932,0.03159476934021634,0.3710385819175308,0.3586244962854169,0.3523358788460826,0.55604287096354,0.28361936460348225,0.34962026815351116,-0.2590529645715749,0.17732237862053327,0.7961458149892998,0.32117290516975333,0.5481574930050019,0.29478534356394737,-0.10112455567740194,0.2836649219809444,-0.1051631314649129,0.22067692257600718,0.2204980290819039,-0.11499482994229135,0.1892783061968273,0.24086653330351313,-0.06641029101408776,0.23064049448346166,0.21289204819297486
0.6768352361761721,0.6177889405600447,0.6641291425038006,0.6231364461822819,0.4058833796007158,0.5624316309550708,0.3032437864872855,1.0,0.5696003180208866,0.397511248460882,0.4505515477385402,0.4115471175516904,0.3647427479836219,0.2937759276348156,0.6939976200836985,0.12714330831421886,0.5268897093342103,0.5435643071979321,0.23345147906688224,0.34152382042804513,0.2578576202704341,0.3047998647287626,0.3065237616213265,0.3047998647287626,0.2818408685311476,-0.12066224138461346,-0.14321758417335825,-0.10458134451535679,0.7475485682715013,0.057314116191987896,0.08300235967519887,0.1294101208307203,0.03996464371968368,0.15701342214063532,-0.05961857306390871,0.4089981559154278,-0.23480150090931232,0.3001805938198139,0.4432017302959094,0.1731632233905776,0.16165612582196695,0.2031885116496946,0.3608333636532023,0.4596903481030975,0.27378689074726875,0.35925322472486926,0.08823942706821093,0.3549630421176195,0.18360384957657577,0.8512275942175503,0.29239407309607396,0.14795734489663712,0.3449789497956203,-0.11687191070183801,-0.4914628246823358,-0.1824901669811269,0.09412518301920618,-0.339258966822033,0.04551315284236082,0.012669372361725537,-0.07393922698633579,0.10216040023853336,-0.01247771799463034
0.7392894247185675,0.7596284889236264,0.8677009118724093,0.8186456805390886,0.298157372697232,0.5997036686441106,0.6539859702456926,0.5696003180208866,1.0,0.7235598152626195,0.3444016838066374,0.5261704667728808,0.17181262129477148,0.4877299008316904,0.8226393625178025,0.30722864201643457,0.40388363378565784,0.40526610433284144,0.32823227288860046,0.599052907061961,0.28177026361502494,0.47019828252881024,0.4706903744544122,0.47019828252881024,0.6361802905802646,-0.265017352212004,0.11102948530022111,0.15851234817969403,0.41193920256475797,0.754093267533624,0.4580894921152215,-0.09365269660905504,0.12096498462827207,-0.13681432008387637,0.20554263212968507,0.5460059901023688,-0.015620327607250153,0.19428884254383444,0.3777533220921152,0.30606294901120207,0.41602775072671294,0.2522027849494357,0.3963910438300626,0.5416613251530339,0.41458803223684304,0.6625637350919434,-0.00632697333122611,0.43223330484257,0.3487649130386109,0.47631087291827834,0.8459148885649551,0.5679275928753086,0.19704243658576537,0.06520134993683793,-0.43521855218434446,0.18450888794192685,0.27020511397332236,-0.25555074416023427,0.30029693777315325,-0.12224101501195948,0.09691398676831701,0.3563924772204279,0.04481215887788963
0.5261633818771871,0.341852162614601,0.65126567648581,0.4557873191005798,0.20857934278894238,0.21567857112832506,0.225220832693198,0.397511248460882,0.7235598152626195,1.0,0.3268906587435239,0.452879846243887,0.009404746465958612,0.30780572396735467,0.6723221030051162,0.12934081584872173,0.4676013287475045,0.16675761335795317,0.06069685276290855,0.3941425282527129,-0.13068745005536583,0.4843209932709008,0.26671954146337007,0.4843209932709008,0.42822662199418704,-0.011136141476988687,-0.05206820123355425,-0.04911341599325971,0.3388341782195554,0.6263151347690349,0.8602202877174594,0.017227555887898413,0.09675170574970006,-0.15095015465608763,0.13881162305305894,0.5706070345052204,-0.06138039235988502,0.32699107717844966,0.1885330092638412,0.031900527955822384,0.29803176751006405,-0.15374708443860544,0.475181406615491,0.3137448698190225,0.37553086654884615,0.5236486321338394,0.20690713244545397,0.1971923269656571,0.07703618197402583,0.3988228783450339,0.6832738030891312,0.8862496257361474,0.17807176818569453,0.03795582812768659,-0.3187379878263494,0.20646566074608724,0.3498893413405958,-0.24767987440577774,0.2523555551372198,-0.09315171486244786,-0.17592992582224803,0.32430846916318706,-0.2517755435293495
0.3335221884535523,0.06909724604441854,0.37256246423867434,0.5266025374194659,0.7554074106382899,0.469411293172824,-0.029899142641464285,0.4505515477385402,0.3444016838066374,0.3268906587435239,1.0,0.035320359205270505,0.08312081972201267,0.47228774994999456,0.24551488084266876,0.31127626096563027,0.4287674452453853,-0.01965207685583641,0.2250489806983095,0.01188177966062143,-0.026905860517434866,-0.056033907065350184,-0.25748633849178754,-0.056033907065350184,0.45234067338864004,0.285966886823043,0.14196479331567016,-0.3432344145848849,0.11122876020021119,0.04637007623199955,0.08522349257664068,0.8132779040090555,-0.24494172774189069,0.004537009878253642,0.1557094175424597,-0.12512970594085873,0.10248468403845654,0.22182588123501484,0.02196923257066746,0.30321502157291697,-0.09836235796589352,-0.14975812694241253,0.20904002686179093,-0.2308972354896284,0.10346501919363699,0.39447841863766003,0.5870394997542405,0.3249350493570215,-0.06732875092794081,0.2192447582081409,0.2487151158142766,-0.0022468443559843774,0.9469085124016882,-0.2963419856121326,-0.3791137949359123,0.14492714253064903,-0.42391691850742813,-0.10819555104373504,0.2946310559288428,-0.2712678484256071,0.009565030002210559,-0.10809059068977812,-0.3369335404731286
0.38717444633838277,0.5023511718015525,0.6515651978567211,0.4221656848595007,0.17550647158240273,0.36031868195337147,0.4409120582167039,0.4115471175516904,0.5261704667728808,0.452879846243887,0.035320359205270505,1.0,0.028976086790697214,0.2062667956521637,0.5460826031531753,0.12120870188822573,0.18517833727139746,0.5671770038125571,-0.11013062165608742,0.4590463934002459,0.2888604428777955,0.7698609561260327,0.46947126178792503,0.7698609561260327,0.43668844054932376,0.04436362774313041,0.328167765871255,0.2551265710737883,0.5673299363694323,0.5193527430929208,0.18261064088820161,-0.2740628430493118,0.7977707519728375,-0.07766208533300599,0.10871395763234412,0.47388882335637045,-0.0227701948148849,0.2655514075034915,0.6841852658752461,-0.12216153437551779,0.498332644948909,0.3263626317310778,0.354335725764781,0.5034356781616297,0.7598578145350744,0.37917505545370733,0.17378636928414695,0.43745565166923556,0.5379976551360157,0.5401618371400068,0.5806048216592276,0.3199361999046128,0.016879270913789518,0.7329478136037054,-0.2146830825444209,-0.00321659780347286,0.3599321917384375,-0.07156188875841879,0.38120437742730223,0.38544230348607667,-0.2893684244162089,0.43551060303762423,0.15568444734859033
0.26628461225376554,0.2999539322639233,0.3474489753941725,0.39717184919234627,0.36067198941523826,0.29541668292993273,0.29880788411583015,0.3647427479836219,0.17181262129477148,0.009404746465958612,0.08312081972201267,0.028976086790697214,1.0,0.1000815615949198,0.30089774455496454,0.07950322726410623,-0.07913166238823861,0.37961932350203165,0.3529805407303825,0.34676130143549944,0.5449372998122468,0.11325800452189375,0.11311211025444062,0.11325800452189375,0.18231448173641626,-0.0122846665495515,-0.00036502939581053686,0.1205564960338546,0.12491209420331673,-0.04314656050079343,-0.24441560935879442,-0.23668166587911002,-0.22903171689373256,0.8745926763230951,-0.1767074997701501,0.088601263484828,-0.19290403092914815,-0.26090187405752535,0.20679158854904237,0.2351789064230274,0.10708700049316981,0.48599042826664607,-0.06040197310581649,0.14824405963631723,0.037784213867055556,0.31976620642783893,-0.05031571272358185,0.14446952979316602,0.2903448094228699,0.23977386558925534,-0.11927646853462362,-0.13821236917837862,-0.07132009697212262,-0.28316297532242807,0.4542659033267145,-0.23251162611177484,-0.002994707699481137,-0.31890681172513974,-0.4147205668236451,0.031194656615393616,0.2592359884094449,0.007073706474857491,0.43165453785145974
0.4429410166695411,0.39820368374022147,0.589088887776567,0.4838737216306843,0.37670814554475546,0.29804369699697725,0.4051486314957202,0.2937759276348156,0.4877299008316904,0.30780572396735467,0.47228774994999456,0.2062667956521637,0.1000815615949198,1.0,0.6081199656149744,0.4413194804369265,0.14680398303056372,0.14846078351252864,0.5355693210327069,-0.08299499479175236,0.30025284112285583,0.2564490039554733,0.10234757010436185,0.2564490039554733,0.28432887302337834,-0.17940501818303534,-0.1282176074023313,0.08390732971896721,0.0741422181906761,0.1387527845202815,0.18484739756906027,0.21308386274140179,-0.11604867585638677,-0.05545051771672579,0.8109922624968797,0.34863388706939014,0.2245667458054438,-0.09267378807052518,0.12459530345538432,0.6069121943699799,-0.2960549260066172,0.2337504575501718,0.1463484163380862,0.12928585391524905,0.3491646950219791,0.1302197168914583,0.217826579594317,0.09531008013800175,0.249646759314289,0.1411687640028533,0.393640213709211,0.1261879847173117,0.44072206874186753,-0.06659792922212057,-0.393716998998379,0.6954391000486085,0.0960515382701864,0.0696832015870416,0.2668665776439924,-0.14867060536550647,0.348513718101171,-0.3048208281561438,0.11424876094504148
0.6709874460679336,0.7225303268193798,0.8588172550014361,0.6983272846235953,0.2946576153188285,0.475777978355189,0.4436614810612226,0.6939976200836985,0.8226393625178025,0.6723221030051162,0.24551488084266876,0.5460826031531753,0.30089774455496454,0.6081199656149744,1.0,0.3509627092065871,0.4473422808648246,0.47661473751545835,0.4718490375463111,0.4766356355688111,0.48438020088828376,0.6100101880634397,0.45927204214294665,0.6100101880634397,0.4387078003563043,-0.1943538381038424,-0.11269480224671179,0.059551208858377384,0.5963551822190234,0.46246723094869324,0.37130561260340106,-0.12298190214427059,0.08777536453974318,0.04608471290253833,0.37397156835448747,0.8150008452684565,0.027931935602569714,0.21598272441322416,0.38068711307638836,0.4410558892791791,0.23740331782842555,0.43606946873608743,0.3625607585863319,0.5805162180332479,0.5410415090330385,0.4887238579753777,0.07481025464191086,0.3137699331188118,0.2537490888557057,0.6362633510969089,0.6516923067389688,0.4470060033272346,0.12432236913533976,0.045628103362823996,-0.3779247561340574,0.29884710543168674,0.5181682007485598,-0.1506823450168134,0.19544878310794633,-0.059188687924968036,0.2377018340914202,0.24468613679256473,0.2882708312745005
0.20567200076722364,0.022152610205163962,0.26408686260811765,0.26335603555859116,0.5141437166948338,0.6072086670823432,0.10744688943063851,0.12714330831421886,0.30722864201643457,0.12934081584872173,0.31127626096563027,0.12120870188822573,0.07950322726410623,0.4413194804369265,0.3509627092065871,1.0,0.14732257422924327,-0.07751656882313016,0.3472246545817381,0.04488411147998586,0.4704665587451337,-0.06087906486592645,-0.26296202690864234,-0.06087906486592645,-0.058611812732031345,0.42658573369177816,0.3314149243984238,-0.12187493031688747,0.10295588310810676,0.17216855409138523,-0.09370512141476499,0.1625475151570175,-0.0090367322904162,-0.0479583735938879,0.2989375551244836,0.14997025988648272,0.8388720845028111,-0.0013588272379698749,-0.12646413839076867,0.42029771658427356,-0.13534595269301938,0.3956027735632813,-0.032509490101084254,-0.2205823520741749,0.1612559672758994,-0.06931754359083989,0.5168347772857783,0.4664150575392289,-0.010319513158629234,0.16070623824034197,0.18501052144288146,-0.08981776252106895,0.29040537484847756,-0.04801490728189263,-0.044931355941453,0.3535578298329605,-0.0561570869203159,0.646647773200827,0.273682923959629,-0.5549729431500603,0.20955168942699146,-0.1041644410944492,0.20080582847544265
0.6936603236791813,0.21963657142662893,0.34223490892242936,0.4604154285897002,0.30032961051771023,0.24344566092285136,0.05760889520060234,0.5268897093342103,0.40388363378565784,0.4676013287475045,0.4287674452453853,0.18517833727139746,-0.07913166238823861,0.14680398303056372,0.4473422808648246,0.14732257422924327,1.0,0.251561342508439,0.1059472098751973,0.4777208669068267,0.011178722103126995,0.388973215306582,0.2264571774119373,0.388973215306582,0.447187544726107,0.15342387113927886,-0.2534840360937331,-0.05037923524224044,0.5657725388986637,0.3267375803891984,0.35793482949257627,0.36738499436326083,0.01794120264681173,-0.06221907728181609,0.05311072531050263,0.3896785680466567,0.11765507720771187,0.9054318878618772,0.3240596718043374,0.15185347150318573,0.4722073462719458,0.01689156098884457,0.6729477260585524,0.2759432541720281,0.46887116686763164,0.45089823947147095,0.36732884361672197,-0.032014398134990754,0.061694740767153936,0.5341745690163946,0.5222518716499296,0.3221648758075009,0.47207346613360857,0.0002813397498474063,-0.2719500166931035,0.12499930135239803,0.22135364082575473,0.040978724007629475,0.6123535581522089,0.09170746569166091,-0.08631460915160233,0.5515462670750533,-0.09582299932854964
0.44903021125147613,0.7554298055384104,0.6127869397685205,0.48791263453550354,0.318226598750033,0.4432945451455089,0.46573444796154634,0.5435643071979321,0.40526610433284144,0.16675761335795317,-0.01965207685583641,0.5671770038125571,0.37961932350203165,0.14846078351252864,0.47661473751545835,-0.07751656882313016,0.251561342508439,1.0,0.2961177524167626,0.667215873852232,0.3512041800876253,0.5208610668892895,0.6520869876668268,0.5208610668892895,0.39506939319937956,-0.03346786815022963,0.04228980832021382,0.18103313052336384,0.41398414826561786,0.1518632155957812,-0.08004340389487254,-0.34336408036487603,0.22889545519424598,0.17165554297280686,-0.09964443105250205,0.2927244855275568,-0.3162458764296103,0.26624575146883606,0.8816799261631161,0.18994372841438673,0.5063799523777044,0.3433439111701441,0.14723781693374519,0.7290182105480619,0.4645194300906122,0.44809428703247706,-0.010462117766221673,0.33284591273743774,0.43377055007670356,0.46355415988425835,0.2764044578193617,0.055738478366760526,-0.053319623208734415,0.15711790913917112,-0.1678463291034693,-0.24051200091349434,0.18687854003728382,-0.3148246701939464,0.1289900141211561,0.6059012665923598,0.08209157915808642,0.3785763944629908,0.16065537489119083
0.16868750687261247,0.3878457288761895,0.4458526972058647,0.45209162743639525,0.4415186662414424,0.33226266269743854,0.06483528115255537,0.23345147906688224,0.32823227288860046,0.06069685276290855,0.2250489806983095,-0.11013062165608742,0.3529805407303825,0.5355693210327069,0.4718490375463111,0.3472246545817381,0.1059472098751973,0.2961177524167626,1.0,0.2968480964568555,0.47536564514439905,0.1640331736550057,0.0385960147361856,0.1640331736550057,0.22555070999795684,-0.0659045015731833,-0.19184332057031928,-0.26702763790318973,-0.04759564255302376,-0.06440394563648648,-0.13084622891273592,0.027962156842976288,-0.5374626859077267,0.11538053604050642,0.22947659911586393,0.19346092123743702,0.040016880978530726,-0.07782743897259063,-0.05829048008835255,0.9745868931915974,-0.12392668686243892,0.3270721184485685,-0.22687411464091994,0.10844394555946243,0.1810308293464379,0.2510069751856427,0.016520555331772616,0.12228944678007968,-0.18118245904463443,-0.04972282641595944,0.109723170425125,-0.12494732471574847,0.157123969835424,-0.4435081532680925,-0.12541757409479204,0.10694110656249066,0.0008060186690220081,-0.10765040208245977,-0.104539646911083,-0.2609079149407413,0.8924306891179318,-0.08438155378883667,0.2717401414945544
0.5203195531327485,0.5749777120485093,0.5945620514136192,0.6380959122266506,0.31181466750542536,0.4230371097474392,0.40218814248623697,0.34152382042804513,0.599052907061961,0.3941425282527129,0.01188177966062143,0.4590463934002459,0.34676130143549944,-0.08299499479175236,0.4766356355688111,0.04488411147998586,0.4777208669068267,0.667215873852232,0.2968480964568555,1.0,0.3569270064142996,0.5958162399990248,0.5106178863330062,0.5958162399990248,0.6613489880405556,0.06646282571167875,0.10658019808080191,0.13125704903173735,0.33820462154108993,0.6130286246743585,0.12526152860117018,-0.2976926956589173,0.17225025845524655,0.15275614385703265,-0.3188554397917404,0.3343388351930204,-0.1371749724857437,0.4774128083476624,0.582424065061076,0.21168655856466526,0.8714391761908102,0.34908819458313234,0.2824263459397121,0.5429912909750462,0.537240972619176,0.7700081876912496,0.032217422640908086,0.2693446207527768,0.29829788425242804,0.31963618766500945,0.5712066021536673,0.2860304557031855,-0.04930764571624575,0.14737261444303215,0.07174697075021048,-0.29327684781109375,0.24952056295203193,-0.261776339337612,0.30675452553424953,0.27515849077619103,0.15572572970027182,0.8213924605368971,0.20988616685508893
0.20150251097400193,0.398531721426815,0.3748855547620967,0.46017395223216256,0.36699346247085424,0.47200737797887937,0.2929889357366819,0.2578576202704341,0.28177026361502494,-0.13068745005536583,-0.026905860517434866,0.2888604428777955,0.5449372998122468,0.30025284112285583,0.48438020088828376,0.4704665587451337,0.011178722103126995,0.3512041800876253,0.47536564514439905,0.3569270064142996,1.0,0.2828848641296423,0.16531106556092182,0.2828848641296423,0.28863119670589993,0.11993578023156402,0.26856354018715134,0.1693828832125011,0.2556975902390668,0.17922304885868265,-0.446284316897566,-0.20826214430748535,0.11868275944986363,0.4317561491516854,0.19103145022962592,0.38575408186240884,0.26654389727859895,-0.07034590288122564,0.281916513583028,0.48625913304060864,0.19889881655461658,0.9668931650082001,-0.03167568000765382,0.21802805557656177,0.37211609556808983,0.29792286665214784,0.14069348449271635,0.3943454365355495,0.3449874801293138,0.2663535294203639,0.20855621327937898,-0.33621703008400616,-0.026297398206580645,0.12000825269206165,0.22125098808132224,0.1354718484531174,0.2952282813683606,0.15580959744650644,0.10204474657294094,-0.030799654790016145,0.5210740220608453,0.1533262902654807,0.8625470034809856
0.44648473543427186,0.425120780885258,0.6366395678241221,0.44530964318241284,0.07021572709239904,0.10701761317277843,0.33940718524419144,0.3047998647287626,0.47019828252881024,0.4843209932709008,-0.056033907065350184,0.7698609561260327,0.11325800452189375,0.2564490039554733,0.6100101880634397,-0.06087906486592645,0.388973215306582,0.5208610668892895,0.1640331736550057,0.5958162399990248,0.2828848641296423,1.0,0.47442106606414974,1.0,0.5526791236926285,-0.07567709814270461,-0.031949662044121405,0.2156321860685193,0.4603518361317903,0.507394905446447,0.30435115676826935,-0.30009437733782024,0.522325107120097,0.051377286481370174,0.1818805752755109,0.6238265324097112,-0.1403919690519945,0.42834057168223766,0.5654318569014933,0.14011429051535296,0.5654103203076568,0.2998760246253898,0.4266475076166814,0.5023247544192874,0.9246853476791824,0.5153508342206483,0.06273412134645949,0.0628616407602824,0.3790529963104542,0.35309163720467523,0.5918423711562062,0.4095936698188609,-0.056646923349685255,0.5588135341619127,-0.05779584920716835,0.09078198750538591,0.5372567710703745,-0.17970151923178107,0.38363815095616266,0.4269779982019129,0.03117861731761971,0.6107512281269583,0.2639799694818808
0.5020886564090113,0.7539527731181287,0.37248460605484907,0.24801441926002527,-0.22046118176877874,0.01059786764705776,0.5571035528432996,0.3065237616213265,0.4706903744544122,0.26671954146337007,-0.25748633849178754,0.46947126178792503,0.11311211025444062,0.10234757010436185,0.45927204214294665,-0.26296202690864234,0.2264571774119373,0.6520869876668268,0.0385960147361856,0.5106178863330062,0.16531106556092182,0.47442106606414974,1.0,0.47442106606414947,0.30144054793939895,-0.4031987933661013,-0.037800136421368244,0.601175939094079,0.475119601167882,0.43219795947523615,0.2635824395348925,-0.444599534980894,0.3407459427339913,0.08209512474004195,0.1860884122260597,0.5180665631384713,-0.2610743406328086,0.3149378042894041,0.684832854035355,-0.007595616298023181,0.5597268218866973,0.30105839990950767,0.5178099933413156,0.9663514043314786,0.2976827632453311,0.2986162444245239,-0.28685020692313906,0.06651751223449337,0.6120836435999794,0.46226967346605025,0.516212780372613,0.3518474017392627,-0.2977847146102836,0.40117714637828106,-0.04941526285478966,0.12451084678712354,0.6142417518543903,-0.22588783607450189,0.07227868287096309,0.6590426214010798,-0.014447881060447395,0.462968997997353,0.2940564098446225
0.44648473543427186,0.425120780885258,0.6366395678241221,0.44530964318241284,0.07021572709239904,0.10701761317277843,0.33940718524419144,0.3047998647287626,0.47019828252881024,0.4843209932709008,-0.056033907065350184,0.7698609561260327,0.11325800452189375,0.2564490039554733,0.6100101880634397,-0.06087906486592645,0.388973215306582,0.5208610668892895,0.1640331736550057,0.5958162399990248,0.2828848641296423,1.0,0.47442106606414947,1.0,0.5526791236926285,-0.07567709814270461,-0.031949662044121405,0.2156321860685193,0.4603518361317903,0.507394905446447,0.30435115676826935,-0.30009437733782024,0.522325107120097,0.051377286481370174,0.1818805752755109,0.6238265324097112,-0.1403919690519945,0.42834057168223766,0.5654318569014933,0.14011429051535296,0.5654103203076568,0.2998760246253898,0.4266475076166814,0.5023247544192874,0.9246853476791824,0.5153508342206483,0.06273412134645949,0.0628616407602824,0.3790529963104542,0.35309163720467523,0.5918423711562062,0.4095936698188609,-0.056646923349685255,0.5588135341619127,-0.05779584920716835,0.09078198750538591,0.5372567710703745,-0.17970151923178107,0.38363815095616266,0.4269779982019129,0.03117861731761971,0.6107512281269583,0.2639799694818808
0.48305289489756686,0.48267768978285686,0.6357702355386291,0.8078146038885331,0.4104006319223669,0.38076477896751676,0.401611380693588,0.2818408685311476,0.6361802905802646,0.42822662199418704,0.45234067338864004,0.43668844054932376,0.18231448173641626,0.28432887302337834,0.4387078003563043,-0.058611812732031345,0.447187544726107,0.39506939319937956,0.22555070999795684,0.6613489880405556,0.28863119670589993,0.5526791236926285,0.30144054793939895,0.5526791236926285,1.0,-0.04711166420775314,0.18260400480150163,0.11021125749743635,0.16967120529838617,0.6636679023772206,0.16552771884780895,0.1799736750187275,0.13163439890794792,0.04477365378627807,0.08229457512455643,0.23395213447345997,-0.22498932829545026,0.3770111381664933,0.49196251130955576,0.2511523934759149,0.6063579011161683,0.2492779369344832,0.32752408542152806,0.30604052901145823,0.5854829508970706,0.9309665080054191,0.1603122573355878,0.23136326610949828,0.3585493045645615,0.14164142096466184,0.7503125907194792,0.23988637449480807,0.43481548240124757,0.15698746531287555,-0.15860739714433228,0.06072533014716943,0.07041044976930938,-0.40356689319230016,0.5276205705858241,0.21797481314463382,0.1557130589855551,0.5622803569689933,0.11510700949598833
-0.24679762145131037,-0.4608702978756655,-0.18430546629402608,-0.1728204193685188,0.5996599590238539,0.24030228036043705,-0.43443573640127786,-0.12066224138461346,-0.265017352212004,-0.011136141476988687,0.285966886823043,0.04436362774313041,-0.0122846665495515,-0.17940501818303534,-0.1943538381038424,0.42658573369177816,0.15342387113927886,-0.03346786815022963,-0.0659045015731833,0.06646282571167875,0.11993578023156402,-0.07567709814270461,-0.4031987933661013,-0.07567709814270461,-0.04711166420775314,1.0,0.5139765652920404,-0.28552302106861993,-0.045034891326419274,-0.09044698727194911,-0.14087974274481768,0.3978637521887347,0.09218334357143308,0.12280195929502565,-0.22174637713662806,-0.1557016255833466,0.4920363783581815,0.27998445132873223,0.02886785173657964,-0.012785749644344143,0.11928789476088522,0.07436882012090426,-0.04166546843495418,-0.41717227910371646,0.11014466676423636,0.05250087541909246,0.8795894624260198,0.44246941274455615,-0.16994018646822845,0.005686291349977037,-0.15724845161459683,-0.16992083670351596,0.38124845620084,0.03032846897883451,0.2977366367902135,-0.07355330378158975,-0.15583561798176526,0.4593980583828023,0.2665163624847702,-0.04335247636185233,-0.06844899766571401,0.16188137408256897,0.005357621911140899
-0.19770572185206364,-0.028117504762362806,0.006668769882489493,0.047533847805184215,0.3327186052329301,0.4918160837683511,0.07352948086181797,-0.14321758417335825,0.11102948530022111,-0.05206820123355425,0.14196479331567016,0.328167765871255,-0.00036502939581053686,-0.1282176074023313,-0.11269480224671179,0.3314149243984238,-0.2534840360937331,0.04228980832021382,-0.19184332057031928,0.10658019808080191,0.26856354018715134,-0.031949662044121405,-0.037800136421368244,-0.031949662044121405,0.18260400480150163,0.5139765652920404,1.0,0.09280772998970369,-0.0854473482663934,0.3156915252257852,-0.2124680330049456,0.08553168356300496,0.3667007359034551,0.009934127848426497,-0.11921233476592386,-0.14950722321737303,0.3246095011077165,-0.10286371654616196,0.19005620458740727,-0.13553657939130925,0.20283955424143224,0.27809522912289086,-0.05471953560123681,-0.07974023093543164,0.07197391496570862,0.20118834373864078,0.4403816983430772,0.8152475596020844,0.20437094846576867,-0.040976062928263196,0.1761897588439987,-0.11792753314945364,0.1572388328666875,0.3274216628517064,0.19112912126409579,-0.059553059742448955,-0.11202369699568406,0.22779555565763115,0.12474312793436472,0.023736458580627687,-0.100162349394752,0.12567254010888998,0.17004741223483663
0.3438735616306737,0.21680058198871058,-0.0200961729860157,-0.05030269755641602,-0.35793815258044187,-0.21061700258557128,0.7002316488450024,-0.10458134451535679,0.15851234817969403,-0.04911341599325971,-0.3432344145848849,0.2551265710737883,0.1205564960338546,0.08390732971896721,0.059551208858377384,-0.12187493031688747,-0.05037923524224044,0.18103313052336384,-0.26702763790318973,0.13125704903173735,0.1693828832125011,0.2156321860685193,0.601175939094079,0.2156321860685193,0.11021125749743635,-0.28552302106861993,0.09280772998970369,1.0,0.25377351304243634,0.4216807758247517,0.12507498562096728,-0.3553252919520912,0.4835206260223388,0.3068704925477344,0.35970717239684136,0.30867078993805086,0.11327906703785699,0.05063316799553301,0.41447525001678565,-0.23936846845982412,0.35941600264700146,0.3460145184768527,0.4972952973345129,0.4978920225770872,0.12447834087452335,0.04201360675550125,-0.21338644800797305,-0.0954326236725869,0.8727801755654129,0.22262864627952875,0.3305749840387726,0.18986851724888212,-0.29544027340587864,0.5525565228959175,0.3620425173237592,0.3831226620997419,0.5257351820814921,0.20545093837792908,0.08391381665104425,0.5287215052291365,-0.1516151935751784,0.30405251666794997,0.4336710492904825
0.5601881857941595,0.41206762672054265,0.3859941732979721,0.2966103463323465,0.03890147623383691,0.22723441081232285,0.24477801449774356,0.7475485682715013,0.41193920256475797,0.3388341782195554,0.11122876020021119,0.5673299363694323,0.12491209420331673,0.0741422181906761,0.5963551822190234,0.10295588310810676,0.5657725388986637,0.41398414826561786,-0.04759564255302376,0.33820462154108993,0.2556975902390668,0.4603518361317903,0.475119601167882,0.4603518361317903,0.16967120529838617,-0.045034891326419274,-0.0854473482663934,0.25377351304243634,1.0,0.22982188587509061,0.14870938114848775,0.03002179287487283,0.423156532169565,0.1585756809048566,0.0643550662128379,0.6508419330521064,0.025796497763184857,0.5279769360431865,0.44738452075289714,-0.054580420298333716,0.36233932678470177,0.3064152783146957,0.5587161220714332,0.5749890597926994,0.40526370282372925,0.20845612884946912,0.10070892449018799,0.21359471094912122,0.38041787091414736,0.9451090041035254,0.4006370491909286,0.21465751480178255,0.11631588420657057,0.36691566270398884,-0.19801768765933875,-0.020873254528825706,0.5310466873217974,0.04159754988915276,0.14836792970231474,0.22671329227692047,-0.20039806348757297,0.40124858205734976,0.233867712988345
0.519659758517891,0.39523770526294427,0.5076315747769024,0.5210666340716461,0.026028407614556517,0.27581014453796077,0.568932551928296,0.057314116191987896,0.754093267533624,0.6263151347690349,0.04637007623199955,0.5193527430929208,-0.04314656050079343,0.1387527845202815,0.46246723094869324,0.17216855409138523,0.3267375803891984,0.1518632155957812,-0.06440394563648648,0.6130286246743585,0.17922304885868265,0.507394905446447,0.43219795947523615,0.507394905446447,0.6636679023772206,-0.09044698727194911,0.3156915252257852,0.4216807758247517,0.22982188587509061,1.0,0.5200707144828527,-0.194248093422841,0.40741918793076937,-0.13756109439454087,0.13882529379569192,0.4592200801459562,0.13600190646790508,0.3196091072587118,0.3259463704467013,-0.03641460631164104,0.6735574958521748,0.24680528707676297,0.4984431976602875,0.3951304393728591,0.47374762372908596,0.6545572961110612,0.04630980107777027,0.27438864161458465,0.47845208173212384,0.20025203303330955,0.9079306674783841,0.6335510400886786,0.0024462583334542037,0.4245249668269614,-0.018882414550771835,0.24862459797124464,0.41497408526312274,-0.03392296131850656,0.5002005404161761,0.05386558233082768,-0.09394908416007375,0.6475823554509492,0.15898013575451797
0.37981036051913314,0.09520673782256066,0.2851380722936404,0.07009255912271185,-0.15973093457750684,-0.17683338620986025,0.15798584751716982,0.08300235967519887,0.4580894921152215,0.8602202877174594,0.08522349257664068,0.18261064088820161,-0.24441560935879442,0.18484739756906027,0.37130561260340106,-0.09370512141476499,0.35793482949257627,-0.08004340389487254,-0.13084622891273592,0.12526152860117018,-0.446284316897566,0.30435115676826935,0.2635824395348925,0.30435115676826935,0.16552771884780895,-0.14087974274481768,-0.2124680330049456,0.12507498562096728,0.14870938114848775,0.5200707144828527,1.0,-0.029769989438915876,0.04394253369005916,-0.254149873379764,0.22290526411521974,0.4704693385157452,-0.07570912627592696,0.30027078876267704,0.003197770945028616,-0.13647425863831475,0.15707189520013184,-0.39883035784291965,0.5200710603255055,0.24968711194769105,0.14778567861169908,0.23645457284354168,0.0433163183131564,-0.11329093792957803,0.04255978698570113,0.17604931279075323,0.5373492967146267,0.9674675833873498,-0.008654275125075292,0.04729210283173234,-0.22199271269126006,0.33886330656196495,0.41403723515069685,-0.15019366206186596,0.17260362787711905,-0.009947419581180322,-0.25362342024443435,0.22079051665732224,-0.3582272297629416
-0.03826036195722758,-0.34800868005483293,-0.1443300448614682,0.06939864341888216,0.4643070477583373,0.10362357885452246,-0.4006391153627006,0.1294101208307203,-0.09365269660905504,0.017227555887898413,0.8132779040090555,-0.2740628430493118,-0.23668166587911002,0.21308386274140179,-0.12298190214427059,0.1625475151570175,0.36738499436326083,-0.34336408036487603,0.027962156842976288,-0.2976926956589173,-0.20826214430748535,-0.30009437733782024,-0.444599534980894,-0.30009437733782024,0.1799736750187275,0.3978637521887347,0.08553168356300496,-0.3553252919520912,0.03002179287487283,-0.194248093422841,-0.029769989438915876,1.0,-0.30526468538769047,-0.09502330109525747,0.16874148532271702,-0.21507908702830492,0.211382790725463,0.28267484381129027,-0.2423919948087538,0.16265957387069827,-0.2602612697523659,-0.29508508904568787,0.10304520503807248,-0.4368357789743475,-0.12345107328548104,0.10706459580884127,0.6012500637267085,0.1080773056380189,-0.28028316811433424,0.03580773757269933,-0.0009513765817226426,-0.19164506232172993,0.8944945955437116,-0.2856895465781827,-0.24445219834394755,0.20277773323051715,-0.35683878843816463,0.145561739957414,0.25683132526898916,-0.249580164428669,0.012751172091434875,-0.16536478469251312,-0.3198845946100099
