Fp1,Fz,F3,F7,FT9,FC5,FC1,C3,T7,TP9,CP5,CP1,Pz,P3,P7,O1,Oz,P8,TP10,CP6,CP2,C4,T8,FT10,FC6,FC2,F4,F8,Fp2,AF7,AF3,AFz,F1,F5,FT7,FC3,FCz,C1,C5,TP7,CP3,P1,P5,PO7,PO3,POz,PO4,PO8,P6,P2,CPz,CP4,TP8,FC4,FT8,F6,F2,AF4,AF8,O2,P4,C6,C2
1.0,0.5029618357004532,0.5800565818415692,0.2851120260370667,-0.44275338814855586,-0.2619469047602775,0.5285924870452942,-0.5239571151670809,0.4171551420212593,0.02196982599934406,-0.2688337123208803,0.6331807702864913,0.15405970215145076,0.48728294554269147,0.194326522148844,-0.40466567255747704,-0.36782502519090576,-0.13410136009794976,-0.26539951893331015,-0.012815275158029538,0.5282169745981165,0.5495825587097213,0.574998604480123,0.5495825587097213,0.33526330615235184,-0.4955563957285585,-0.33670778743402086,0.4027107680877415,-0.6001674033583813,0.39407997865164074,0.010135939449392032,-0.4010039887743009,0.5964924000147942,0.1388112451052324,0.47357349507948027,0.12479553299995803,-0.4775978360403142,-0.4310592944807057,-0.20780183689266415,-0.2925871853869344,-0.0926075508748675,0.5596497903709178,0.9125765237379455,0.5024347247399464,0.4698620107425717,0.2552423694848585,-0.4875186015363933,-0.3342459428857712,0.5239029126693417,-0.5301208720443812,0.4141150757194625,0.05100087554658424,-0.3016085014657984,0.6530269672616207,0.12800915707701183,0.5144733367206262,0.23911605113602305,-0.45558436271775943,-0.2610035478581729,-0.09103065824306529,-0.2512791883717363,-0.10836356967434757,0.5259471807923625
0.5029618357004532,1.0,0.7633429330590236,0.5185915311713363,-0.2231176545773581,-0.26397506589160963,0.5100157200562522,-0.32875887630989137,0.6792618282670455,0.39492717789502496,-0.11733241011913764,0.6029526702088079,0.2794213602079221,0.40018398593536403,0.7524433503588248,-0.23814544976916727,0.0385955642817435,0.1580851824032571,0.3931381890152846,0.06445268509316676,0.8010104193739367,0.793270371342524,0.9471544290095738,0.793270371342524,0.557060687495928,-0.2114935128836166,-0.3343166946646053,0.46002734702053694,-0.34580139221337547,0.6959862161966276,0.41603055108138826,-0.18688070996345957,0.5831805039422392,0.30707950049452404,0.40832530881916584,0.7029397757587815,-0.25924123014663203,-0.02879806673669369,0.09365182086686402,0.37728863855818323,-0.013149219693630152,0.8139017345222864,0.5691028148497858,0.9255794940346757,0.7913354799138635,0.4577245795686614,-0.23865350406462368,-0.37251587679060866,0.48855954763018017,-0.38697195051357886,0.6526744270218227,0.41432590972131333,-0.147090252590034,0.5558316303020453,0.25108700727757705,0.36541596519382974,0.7734668351725201,-0.3036140915574671,-0.01879909183105731,0.1260141052306676,0.36621039203504163,-0.029156480508003152,0.7970683913269707
0.5800565818415692,0.7633429330590236,1.0,0.12172001149305199,-0.45100314369181743,-0.4343603570489651,0.36682834575648054,-0.2153901162018358,0.8229787688551361,0.614197318371018,-0.04498868129795965,0.742886464386354,0.18056673799310916,0.3913281612438543,0.702765049586378,-0.3677406119283959,-0.13580313710823347,-0.1900686102012536,0.12214098891701299,-0.21048866317777873,0.6438903290622912,0.8643804799601905,0.7061445063857453,0.8643804799601905,0.08095344196059671,-0.5365401029984276,-0.5261278691241088,0.10796581527430717,-0.32658559987561453,0.7973788698854982,0.5935377246380794,-0.15786568152580752,0.6670452040115665,0.06022494997727276,0.35985197423241344,0.6333532563277057,-0.4329892830893547,-0.19845513567905332,-0.26130918454580926,0.040029266547128885,-0.30605631471337047,0.6396697357473553,0.4957011759948674,0.6499763394951358,0.9180953364594582,-0.03583373052267809,-0.48755811811205424,-0.5802636644100307,0.45350583489377855,-0.2527520208400676,0.7979111097258467,0.6217800923781535,-0.05757394078260978,0.679957415571997,0.09813423726579495,0.3804174966889548,0.6960732551770071,-0.4076950836720338,-0.13208756519850945,-0.18512382786861106,0.07121623252245644,-0.21998510237153815,0.6330957267311128
0.2851120260370667,0.5185915311713363,0.12172001149305199,1.0,0.3886444514744681,0.4753735682420217,0.4302962322344913,-0.03612152903856007,0.15999666333047108,-0.15714048110478854,0.13784498174021367,0.03859680675637604,0.49814275025174565,0.46849188881755366,0.31522608702991417,0.39512013039050625,0.30937596298353764,0.40862787141756757,0.5524383415109664,0.29520574772018104,0.5009656602099913,0.11197585075096815,0.44264114439077346,0.11197585075096815,0.9384413703158605,0.38140753686970225,0.38737231302375624,0.48172973499142496,-0.03616675245595348,0.10216807012367658,-0.205135772412917,0.04741911010574761,-0.0459963064052173,0.5527168235506367,0.4367433954019809,0.2413243037306316,0.32576706429483976,0.26972949858952483,0.35457770870194777,0.5950156857478747,0.26208854486676747,0.4955911753941288,0.21091690227139048,0.3676890492338197,0.05527963381026748,0.9017757309750917,0.34527836850480514,0.36814297676054025,0.26487759534194594,-0.11278795257387328,0.08089642676082248,-0.184102980972691,0.011329722644258687,-0.021375923494747394,0.5124541107524926,0.42056860511363753,0.3329560905127982,0.31243072293405616,0.3300834148275048,0.3849064076106014,0.6332761216522078,0.21624463785237885,0.5147142314432368
-0.44275338814855586,-0.2231176545773581,-0.45100314369181743,0.3886444514744681,1.0,0.7452653601950318,-0.02682294448690994,0.592425336721963,-0.3309776537050908,-0.006672645277427956,0.586157886017929,-0.33833635577156373,0.32917909612044705,-0.11859958209565892,-0.10896548367964722,0.5196599594519855,0.6902938248125793,0.5782893048657012,0.6450099416167541,0.5832688823634227,-0.014039484945029424,-0.5488266478350177,-0.2319518634237372,-0.5488266478350177,0.35289675551332844,0.9577150909762158,0.7131025253606021,0.018281002805649607,0.5921310855388376,-0.420026163540011,-0.06059310296305644,0.5629675409129113,-0.43038035923275714,0.30129187110274697,-0.1838129024144107,-0.19293834854383876,0.46543312279697524,0.7152077041684249,0.5609119385897849,0.6206367221147814,0.5845019400446586,-0.05022416940684098,-0.5578489894297235,-0.31300327585291526,-0.4853514855230172,0.3894976809872777,0.9838677920514081,0.7516341695537442,-0.0827813200336731,0.5896833912393257,-0.36136714729571995,-0.04582691333791694,0.5296787773459315,-0.41674756596306495,0.3743556729671505,-0.16190992679447316,-0.10221523542121168,0.48193195620782253,0.7068947409996704,0.6153324124095878,0.6674279785077999,0.6125503579469029,-0.0005725486054805566
-0.2619469047602775,-0.26397506589160963,-0.4343603570489651,0.4753735682420217,0.7452653601950318,1.0,0.0335575257357243,0.46418409203180083,-0.38584295111825795,-0.3553889891400176,0.429650444055703,-0.3186075302692419,0.2782838610370918,0.30483528866088017,-0.2554928214113881,0.6532529250073061,0.3776161620706866,0.4338218320885112,0.4206827235664514,0.2488507047693391,-0.1974918292915952,-0.6072210900912367,-0.31052392588471023,-0.6072210900912367,0.3313422928798347,0.6977864989373807,0.9599273944768345,-0.0028778914479838766,0.4420619800030168,-0.48816486135145165,-0.445974813945453,0.3559486415669155,-0.48559035903822223,0.24384866032041344,0.23649815081316633,-0.34666333498330426,0.5787336687074712,0.3951590750831249,0.41616608437766417,0.4342927163877987,0.2485969677023905,-0.19717035811375722,-0.41495595880505487,-0.40401497913156803,-0.5751861574725458,0.3470092491703446,0.6711092408373772,0.9622325446261902,-0.04738226832576917,0.38852148256846203,-0.47565299674246025,-0.4154045429315507,0.3080906786117118,-0.4304372434528511,0.26680000640380247,0.24435175796091244,-0.2695615604286095,0.6057746348215175,0.3502694081663289,0.41543733400207966,0.47921536185169,0.25308585954307367,-0.17062813478031214
0.5285924870452942,0.5100157200562522,0.36682834575648054,0.4302962322344913,-0.02682294448690994,0.0335575257357243,1.0,-0.42818040746877034,0.25038014505464107,-0.10447178521702627,-0.35411622639996276,0.11880003424757131,0.37154235173135836,0.4593912037124758,0.17301893489974612,0.06485326001860707,-0.017354255202181104,0.4164916789999058,0.15494716255623686,0.08726817007366884,0.624760853115284,0.3420309550038761,0.5867207055023316,0.3420309550038761,0.5007346415765848,-0.019340677963008625,0.058816361695274696,0.8979321647129804,-0.38717519368098513,0.25619240670868487,-0.1234961021814429,-0.5096325757246762,0.05592634038464043,0.3494466043842496,0.4804535322312345,0.010543272235194991,0.051187473148559,-0.06308119634355135,0.3406271139386961,0.1263008160856309,-0.003220792419947781,0.6185317625988639,0.5151721509779477,0.544320235192129,0.33528064987828815,0.5140776245184445,-0.03190916996382465,0.04486200120755208,0.9418894619877833,-0.4179544806667933,0.25174474130060687,-0.07699869704135896,-0.3511609053848803,0.10033908182720257,0.39106852745328247,0.4781877693688364,0.1975835484888008,0.05088254764761293,-0.027719270885080534,0.47893566822475203,0.15339644166890817,-0.07712648449265329,0.6034866026468716
-0.5239571151670809,-0.32875887630989137,-0.2153901162018358,-0.03612152903856007,0.592425336721963,0.46418409203180083,-0.42818040746877034,1.0,-0.057119970368870385,0.30979661363967836,0.6978287367080583,-0.20302375624468524,-0.12096080518925352,-0.16698248929858825,-0.007589154285379598,0.35978745883356733,0.48517385032281146,-0.03586509199942692,0.4285124762082364,0.06807992869075755,-0.2711059964788319,-0.4639660089522761,-0.45338288613898686,-0.4639660089522761,-0.16219247907977813,0.4656581543586661,0.35766546782542075,-0.5300846154270108,0.9436963662262994,-0.16209947408121164,0.22092978631668575,0.6555568413898203,-0.33287484553840396,-0.21837157511261412,-0.2580632985183075,-0.027840548227737703,0.3027040798795297,0.5376150883849004,-0.013931847214035729,0.3670633731677478,0.10043919851611394,-0.2935086784584546,-0.681849781200544,-0.48463560822150703,-0.24598286423407062,-0.13738867638982394,0.5560921731127472,0.4209712990645363,-0.379374812663302,0.9646094085255861,-0.09660370244443614,0.25123055912011377,0.6551255074936204,-0.312045481008322,-0.08051215479557515,-0.2141392985366907,-0.004379207222830897,0.3765450312158722,0.512147581648568,-0.012566318198847239,0.4015327953256925,0.24005545405169232,-0.2557685390246293
0.4171551420212593,0.6792618282670455,0.8229787688551361,0.15999666333047108,-0.3309776537050908,-0.38584295111825795,0.25038014505464107,-0.057119970368870385,1.0,0.5949914794463794,0.15073248283649665,0.628842775344501,-0.10431361897400565,0.23781058017422674,0.6063113797083003,-0.21086226335523875,0.04441173444220012,-0.050077469946712874,0.15363057403671934,-0.01651096612655382,0.5870728109363489,0.788784785020561,0.6088154373524783,0.788784785020561,0.18557213414758364,-0.36699048533612744,-0.4770605524514133,0.12112082444826952,-0.129215000931877,0.9786627595724933,0.5806162687054619,0.07830800746840966,0.6078618479078037,-0.15693945797415346,0.2247075550589742,0.5812238815007904,-0.2295582312103336,-0.012814064175847083,-0.11294629751306555,0.0881086359531019,-0.10880709494895177,0.5303879719467076,0.34863047612024867,0.5213408672968853,0.7971268480378262,0.00924292754908212,-0.3782017796011169,-0.5198967970799526,0.2563491554313163,-0.10091986958114742,0.9818183774006101,0.5840140482401789,0.16988566111458045,0.5587616678245124,-0.13420681044888538,0.1703112843479283,0.6339206929211312,-0.26516481861478736,0.04721232442320631,-0.1292696469084695,0.09790509195151081,-0.08768431947990689,0.5204098806545666
0.02196982599934406,0.39492717789502496,0.614197318371018,-0.15714048110478854,-0.006672645277427956,-0.3553889891400176,-0.10447178521702627,0.30979661363967836,0.5949914794463794,1.0,0.3546473898963205,0.5028526682124875,0.11389352372497587,-0.2167516820329221,0.6222963289004373,-0.24633193700450243,0.17463812192187375,-0.11015649231332572,0.3720010096975904,0.0317840104763998,0.41852296706835385,0.4965514081492313,0.3189065438894482,0.4965514081492313,-0.17400227973257973,-0.12194252843874832,-0.42362323942914953,-0.27295518519988926,0.1933920500552952,0.5601366479426758,0.9824874638351254,0.29837782618070335,0.47125521435862194,-0.027015112040095567,-0.24489235250420202,0.5844914812267535,-0.2939723981874546,0.1665631281721475,-0.13056713031514577,0.2461840325046771,-0.021463759150110926,0.3722368300514986,0.013797165478776312,0.30117358526099003,0.7066494429214084,-0.22401068554255363,-0.015496427415681385,-0.4355408919897777,-0.003506198015825655,0.29241631259211587,0.6326020278310072,0.9905082161723644,0.3847208878780827,0.46332275826285657,0.05451261201400457,-0.22724773811566606,0.6227379383602843,-0.2555299767865731,0.15673264527561628,-0.0780692834813658,0.2504444233707588,0.13607636136460113,0.41111319318473055
-0.2688337123208803,-0.11733241011913764,-0.04498868129795965,0.13784498174021367,0.586157886017929,0.429650444055703,-0.35411622639996276,0.6978287367080583,0.15073248283649665,0.3546473898963205,1.0,0.09762870748061966,-0.03081432273548275,-0.1644064709459149,0.1040163106770893,0.20144862037426614,0.36964649098241986,-0.06309483867937012,0.34508208663019463,0.2613554210407061,-0.0292365437974058,-0.28168194548259057,-0.2583174329507032,-0.28168194548259057,0.054933916392145433,0.4693396445681348,0.3403613973645862,-0.4505883497522923,0.5817667918819667,0.022642503190823494,0.2594098712931425,0.9502654073468503,-0.025451463104831838,-0.1824393191773304,-0.2423591824103412,0.03583765701229632,0.11358372586476508,0.38888198172910626,-0.03806852857407201,0.28279760937392207,0.3323055681759326,-0.07312956917991063,-0.43709845210097636,-0.3322539073534641,-0.1267522947160145,-0.08014663829172435,0.5001654710151613,0.2961547917362492,-0.3620801353754892,0.6406223634914392,0.0804276671698544,0.2843403425175151,0.9733088383112837,-0.015978327567774807,-0.0961807958600231,-0.25609992036170043,0.09233106673340287,0.15751433357500289,0.4714904847711082,-0.09179239217276086,0.32473787873464105,0.39776717278961476,-0.016133936155041346
0.6331807702864913,0.6029526702088079,0.742886464386354,0.03859680675637604,-0.33833635577156373,-0.3186075302692419,0.11880003424757131,-0.20302375624468524,0.628842775344501,0.5028526682124875,0.09762870748061966,1.0,-0.04658224241413681,0.3153634394372099,0.45335211592470437,-0.4988387001079175,-0.1028410464230361,-0.23590707838494795,-0.04114182826610048,0.14753058413047132,0.457290281923701,0.6735255489353418,0.6121373437187105,0.6735255489353418,0.05478760233184742,-0.4271088044432351,-0.451723505061284,-0.04092597369960915,-0.3544095396119333,0.5798509661844308,0.49747266158303444,0.023335634470998644,0.954407932016774,-0.1025987516811951,0.2586639041510795,0.4435465571625901,-0.5735936404597127,-0.17107213277489652,-0.3327409948160989,-0.10756118978421395,0.07323064932590628,0.48232762387574096,0.5952214239142087,0.5404611908223769,0.6760561942685113,-0.10951212598804781,-0.3898136735342599,-0.42075197724960367,0.18648876061885444,-0.22349193490269928,0.6201628458207353,0.5292060770115731,0.10725850517113207,0.9750289459095787,-0.10145482491205671,0.30398639173036396,0.48523771191149784,-0.567583634728131,-0.0804508959273078,-0.24747362677232224,-0.07862407144361931,0.1545511434293293,0.47224931290801353
0.15405970215145076,0.2794213602079221,0.18056673799310916,0.49814275025174565,0.32917909612044705,0.2782838610370918,0.37154235173135836,-0.12096080518925352,-0.10431361897400565,0.11389352372497587,-0.03081432273548275,-0.04658224241413681,1.0,0.07787828218865943,0.3112877702837639,0.15737135427936233,0.03372786292958022,0.38720172818453114,0.5468921044143952,0.11899860396223581,0.5569457762355234,0.12700055427777757,0.26284893881274757,0.12700055427777757,0.4481782420336226,0.28513572065379966,0.3196978229999023,0.2787414262094568,-0.10147892444576775,-0.1483064402496625,0.09373960055462434,-0.08667039649440247,-0.11774781557569562,0.9473253968630638,0.036232966647440204,0.17736140792077304,0.07962414034940807,0.023027986796434526,0.3580782996246937,0.5409479667377601,0.06924657994080108,0.5528318874899854,0.08284983969496157,0.19391530056646444,0.09667994614724472,0.5012641259722865,0.3465593238352967,0.24520733518380575,0.4114848114592395,-0.09949580368627123,-0.10906870681479548,0.12246574264199739,-0.11057070521580498,-0.05875968555006299,0.9652332314202389,0.09931230007140089,0.25613123487019157,0.11783778536125203,0.018338272909019043,0.5038640849516882,0.5863980693973102,0.11269254834363586,0.5765237366063691
0.48728294554269147,0.40018398593536403,0.3913281612438543,0.46849188881755366,-0.11859958209565892,0.30483528866088017,0.4593912037124758,-0.16698248929858825,0.23781058017422674,-0.2167516820329221,-0.1644064709459149,0.3153634394372099,0.07787828218865943,1.0,0.12204170186997773,0.13431512286605254,-0.10472522444959888,0.07327560262900806,0.07738579682643931,-0.013252154418976236,0.0779192207756331,0.15313759483705164,0.38773129621325464,0.15313759483705164,0.3299487510586828,-0.17655489285217996,0.18516952476170073,0.26513603374046796,-0.27297048074399666,0.1766884448319587,-0.27952179524844,-0.33326709762714507,0.14559350740307106,0.05744950536014765,0.9808430554432611,0.04910372579721736,0.02763913405799038,-0.13988615502641344,0.014760419074464381,0.04021802717391227,-0.07509622240765533,0.09882397030310854,0.3472870141201367,0.2739580760847636,0.24448522475686235,0.2515022852778555,-0.2235709934780708,0.16736091809040365,0.3967971711127239,-0.3296466311631378,0.1057786866442482,-0.26337449571696886,-0.3147504837849985,0.20476135577432292,0.008584390124544086,0.986292774498066,0.1250813252396363,0.029307149346786777,-0.14076637723987936,0.011648872760963666,0.06433287406951425,-0.06791492560069244,0.07784979812604595
0.194326522148844,0.7524433503588248,0.702765049586378,0.31522608702991417,-0.10896548367964722,-0.2554928214113881,0.17301893489974612,-0.007589154285379598,0.6063113797083003,0.6222963289004373,0.1040163106770893,0.45335211592470437,0.3112877702837639,0.12204170186997773,1.0,0.045713928883380696,0.1604684363873766,0.06430301895940044,0.45621654039216847,-0.08251786207159365,0.6399269177765667,0.6987813061874697,0.6816810087047919,0.6987813061874697,0.23549592414660858,-0.1184152176367944,-0.31171569774002017,0.10381235302225088,-0.022799183236455328,0.5941551060285336,0.6159995242751098,0.10531713421101274,0.4040741994105757,0.2702747790176903,0.10704017017145356,0.9672594572404785,0.01653712839960778,0.11871348915525319,0.03850766880024721,0.4166071061272011,-0.1259769004195357,0.608745482538953,0.23347800905462807,0.6778471072525006,0.7143379467073948,0.16986186307909262,-0.08484483177635174,-0.4007556551626913,0.2476192188445425,-0.054661728097109244,0.5902540828739805,0.6128530623358692,0.06577609588979773,0.3961264829659426,0.28508277644944297,0.08217203828814476,0.9905848542450986,-0.0041435471794925615,0.12714209693480022,0.04927651838676514,0.41208197638435873,-0.05924121034763336,0.6183079354616793
-0.40466567255747704,-0.23814544976916727,-0.3677406119283959,0.39512013039050625,0.5196599594519855,0.6532529250073061,0.06485326001860707,0.35978745883356733,-0.21086226335523875,-0.24633193700450243,0.20144862037426614,-0.4988387001079175,0.15737135427936233,0.13431512286605254,0.045713928883380696,1.0,0.32168393596747974,0.4040894828726194,0.29352162778245267,0.04861202464553808,-0.18298674474450713,-0.4043310284229046,-0.2878731084097336,-0.4043310284229046,0.2201881312523335,0.5091352659504195,0.6426338816091551,0.11615465608555074,0.4138112360682191,-0.28897781203409273,-0.34062381716860596,0.18121704025803972,-0.6082234872653721,0.16568767696637965,0.10386384511133737,-0.002690879808458235,0.9734138755824007,0.3305279434384832,0.37469991060608815,0.29938516101844576,0.028502692197299798,-0.2652905334384246,-0.48405468580398986,-0.3199775986778084,-0.41238447549735197,0.2540769898881746,0.5213479677932371,0.6271876823629686,-0.02622712817013878,0.3064194268085528,-0.25537001382238345,-0.30285552626829165,0.11498581624936147,-0.5509970513180352,0.19805172752656344,0.08869301502170635,0.026819598496289558,0.9806253673671957,0.31697280629439023,0.3556375552844093,0.33593167716637273,0.017541560340783784,-0.22288504566416792
-0.36782502519090576,0.0385955642817435,-0.13580313710823347,0.30937596298353764,0.6902938248125793,0.3776161620706866,-0.017354255202181104,0.48517385032281146,0.04441173444220012,0.17463812192187375,0.36964649098241986,-0.1028410464230361,0.03372786292958022,-0.10472522444959888,0.1604684363873766,0.32168393596747974,1.0,0.526500666997921,0.6656740492255938,0.4614106764904809,0.09428031043321991,-0.12278837899120186,0.02513895072878124,-0.12278837899120186,0.26519829301773556,0.7047746902956309,0.2932671739042934,0.06299854007230435,0.4491366787775768,0.01985746389519209,0.16529506614905587,0.40578261892530515,-0.1529238405101723,0.03189431148902818,-0.16620440903185865,0.16747329880960687,0.326197660839702,0.9921394158519329,0.46255001950018404,0.6662502588595834,0.4197440328668305,0.07990007435116987,-0.41028231504777957,-0.014138053819211847,-0.11406786032837099,0.3540203112947476,0.7139668325055014,0.39066997881764837,-0.09024365199052753,0.5101207478155717,0.03309578027155031,0.1503315845048738,0.3688901922260896,-0.19527110214073867,0.11845188521366573,-0.1499120243844614,0.20445338184184958,0.31889674710318666,0.9456092141978717,0.5298604720756954,0.6863335004316404,0.509813243766682,0.10395591014425071
-0.13410136009794976,0.1580851824032571,-0.1900686102012536,0.40862787141756757,0.5782893048657012,0.4338218320885112,0.4164916789999058,-0.03586509199942692,-0.050077469946712874,-0.11015649231332572,-0.06309483867937012,-0.23590707838494795,0.38720172818453114,0.07327560262900806,0.06430301895940044,0.4040894828726194,0.526500666997921,1.0,0.5443184013811189,0.5066157491971514,0.29324847493874023,-0.05040175682630119,0.25448780856707376,-0.05040175682630119,0.4770487117630287,0.6850757519264753,0.4997790098865563,0.5361403328344265,0.06942118826653658,-0.03556713829633879,-0.07438172101046485,-0.016934110137186122,-0.22896605230201408,0.486274644130435,0.0891821312029913,-0.006544336122949643,0.4447766829167024,0.5178921207162157,0.9615890411168587,0.5422394349035728,0.39960384644954644,0.2501707326822843,-0.1131210169507364,0.1470456001220116,-0.18728963896355927,0.5116243865496004,0.6048697723649457,0.49500190197175054,0.34359050004398634,-0.03120154884122861,-0.03613133139264803,-0.1137838382447576,-0.09943374716567495,-0.28723795068286656,0.45483277303610653,0.02021772738719397,0.09747303856555696,0.3461354653773009,0.40135343640557103,0.9676636037349036,0.5364777905796554,0.33191924364976005,0.22445517912230808
-0.26539951893331015,0.3931381890152846,0.12214098891701299,0.5524383415109664,0.6450099416167541,0.4206827235664514,0.15494716255623686,0.4285124762082364,0.15363057403671934,0.3720010096975904,0.34508208663019463,-0.04114182826610048,0.5468921044143952,0.07738579682643931,0.45621654039216847,0.29352162778245267,0.6656740492255938,0.5443184013811189,1.0,0.3974061162027075,0.42996725590602397,0.031708204290802885,0.2970213608265491,0.031708204290802885,0.48923619231488147,0.6184487945104558,0.3617206562392576,0.13943819459872445,0.41004028317908775,0.11126512004252427,0.35007298906509765,0.300850535791813,-0.13823049181462888,0.5325912489718434,0.03193124006127818,0.39003037168245563,0.24328232593604607,0.6694842381613276,0.5117546732093584,0.9788934445694116,0.3605113554016026,0.40777673892397015,-0.27971110016003214,0.22750347565552365,0.1803620123913363,0.5376463451628084,0.6366143995705194,0.36699152112011046,0.11693933165056872,0.3722266907616275,0.10707990111508664,0.33320682446005295,0.27452585123328754,-0.1554173978619139,0.562220073383258,0.031427536936878525,0.44921220784353183,0.23362390095259422,0.5469089224811728,0.5668832005498414,0.971960614269067,0.44846904607066007,0.43642484321835767
-0.012815275158029538,0.06445268509316676,-0.21048866317777873,0.29520574772018104,0.5832688823634227,0.2488507047693391,0.08726817007366884,0.06807992869075755,-0.01651096612655382,0.0317840104763998,0.2613554210407061,0.14753058413047132,0.11899860396223581,-0.013252154418976236,-0.08251786207159365,0.04861202464553808,0.4614106764904809,0.5066157491971514,0.3974061162027075,1.0,0.17736581963459297,-0.11798784926407337,0.1845919343434158,-0.11798784926407337,0.4301196512347356,0.5791690951485593,0.20583999037603176,0.25153629751458323,0.0881387334556571,-0.05463974912615157,0.06262738979107452,0.2582636702161732,0.1829780680185156,0.19464671795068003,-0.028376053988065676,-0.0715132719421078,0.02935352957178934,0.4493327937427927,0.4578141955800573,0.38436615223845794,0.9665510308393208,0.12955127868882002,-0.019772058675020198,0.052661470622870646,-0.14672570257137016,0.3653281626301439,0.5666359842122579,0.2926384950987431,-0.02222002518363077,0.08195451523231623,-0.01424231036990562,0.0326734595789875,0.27276260069244834,0.15319152043025547,0.19224151890492452,-0.021820995695873154,-0.025102897253319066,-0.061943416435291054,0.4507817670575047,0.4968256726671772,0.3877285104535097,0.930339863202063,0.15110673149669074
0.5282169745981165,0.8010104193739367,0.6438903290622912,0.5009656602099913,-0.014039484945029424,-0.1974918292915952,0.624760853115284,-0.2711059964788319,0.5870728109363489,0.41852296706835385,-0.0292365437974058,0.457290281923701,0.5569457762355234,0.0779192207756331,0.6399269177765667,-0.18298674474450713,0.09428031043321991,0.29324847493874023,0.42996725590602397,0.17736581963459297,1.0,0.7246203495190346,0.8086462497082871,0.7246203495190346,0.6083517568969184,-0.018566724793840597,-0.20952408734887917,0.5793979750048037,-0.23575486176956276,0.5853809533047826,0.43187571004717223,-0.1016467850543428,0.45869066739036063,0.5441727788093802,0.05729323027818248,0.5335768639618618,-0.1999497390155202,0.030296290548018433,0.21589152940167042,0.41701269837971233,0.08140481311210174,0.9856502223417407,0.5277450760461031,0.7594010056799473,0.6245179357487928,0.5480685050617259,0.004218117815445356,-0.24725812907954411,0.6479390386659699,-0.2172285147806173,0.6233133069691544,0.4642643924867223,-0.009435487041050874,0.451023757325388,0.5829040772096975,0.05800307935754436,0.6605633597056852,-0.2142477356970352,0.11082764609568865,0.3576548293155384,0.4489239533804486,0.05609201575540548,0.9855951680577848
0.5495825587097213,0.793270371342524,0.8643804799601905,0.11197585075096815,-0.5488266478350177,-0.6072210900912367,0.3420309550038761,-0.4639660089522761,0.788784785020561,0.4965514081492313,-0.28168194548259057,0.6735255489353418,0.12700055427777757,0.15313759483705164,0.6987813061874697,-0.4043310284229046,-0.12278837899120186,-0.05040175682630119,0.031708204290802885,-0.11798784926407337,0.7246203495190346,1.0,0.810761081189627,1.0,0.17981835369341667,-0.5297199207347678,-0.6332717175974835,0.2836200527306038,-0.4609892451497867,0.8363945151186175,0.5486174723385993,-0.28694996399769473,0.7320632041163784,0.12125429617199468,0.1624653551949769,0.7061796590209276,-0.3794736751905159,-0.1998349156131715,-0.11843799757914993,0.0197576055277356,-0.22964920924379872,0.7175337491036542,0.5901465878798826,0.7942685333517628,0.8501239129917403,0.08147186853022995,-0.527291637468397,-0.6761631051908742,0.40100261705884627,-0.4326954943709315,0.8271260207301757,0.5456220269920238,-0.24017493228546952,0.6879076908494831,0.11261930367791267,0.14359322892258966,0.7160601601986651,-0.42559704761848377,-0.15254314910171243,-0.0716551469974287,0.0250164280435076,-0.23054168681721282,0.696722849404164
0.574998604480123,0.9471544290095738,0.7061445063857453,0.44264114439077346,-0.2319518634237372,-0.31052392588471023,0.5867207055023316,-0.45338288613898686,0.6088154373524783,0.3189065438894482,-0.2583174329507032,0.6121373437187105,0.26284893881274757,0.38773129621325464,0.6816810087047919,-0.2878731084097336,0.02513895072878124,0.25448780856707376,0.2970213608265491,0.1845919343434158,0.8086462497082871,0.810761081189627,1.0,0.810761081189627,0.541054321095955,-0.18388958614271647,-0.34679734088949,0.5800338086203293,-0.43271149816042126,0.6495586839129996,0.37062905140282687,-0.3052178066714567,0.6340756638393598,0.31933501197498254,0.4123178464916679,0.6407874698062401,-0.2866537416086467,-0.04628919247677359,0.18911738082455395,0.2874007341336383,0.08965398703486253,0.8182202692303331,0.6596642155391302,0.9653371161915896,0.7284014210092099,0.45104847249448715,-0.22880645316187498,-0.3812420106039917,0.5919940264833565,-0.47824937195469985,0.6112538449179566,0.3575197882976273,-0.27158326116784104,0.5962116765904727,0.26894010337020446,0.37017852536905677,0.718235794935445,-0.3586615089467622,-0.033036328353648954,0.23672365297474712,0.27611286980035377,0.034313391016077735,0.7941937633794501
0.5495825587097213,0.793270371342524,0.8643804799601905,0.11197585075096815,-0.5488266478350177,-0.6072210900912367,0.3420309550038761,-0.4639660089522761,0.788784785020561,0.4965514081492313,-0.28168194548259057,0.6735255489353418,0.12700055427777757,0.15313759483705164,0.6987813061874697,-0.4043310284229046,-0.12278837899120186,-0.05040175682630119,0.031708204290802885,-0.11798784926407337,0.7246203495190346,1.0,0.810761081189627,1.0,0.17981835369341667,-0.5297199207347678,-0.6332717175974835,0.2836200527306038,-0.4609892451497867,0.8363945151186175,0.5486174723385993,-0.28694996399769473,0.7320632041163784,0.12125429617199468,0.1624653551949769,0.7061796590209276,-0.3794736751905159,-0.1998349156131715,-0.11843799757914993,0.0197576055277356,-0.22964920924379872,0.7175337491036542,0.5901465878798826,0.7942685333517628,0.8501239129917403,0.08147186853022995,-0.527291637468397,-0.6761631051908742,0.40100261705884627,-0.4326954943709315,0.8271260207301757,0.5456220269920238,-0.24017493228546952,0.6879076908494831,0.11261930367791267,0.14359322892258966,0.7160601601986651,-0.42559704761848377,-0.15254314910171243,-0.0716551469974287,0.0250164280435076,-0.23054168681721282,0.696722849404164
0.33526330615235184,0.557060687495928,0.08095344196059671,0.9384413703158605,0.35289675551332844,0.3313422928798347,0.5007346415765848,-0.16219247907977813,0.18557213414758364,-0.17400227973257973,0.054933916392145433,0.05478760233184742,0.4481782420336226,0.3299487510586828,0.23549592414660858,0.2201881312523335,0.26519829301773556,0.4770487117630287,0.48923619231488147,0.4301196512347356,0.6083517568969184,0.17981835369341667,0.541054321095955,0.17981835369341667,1.0,0.38984762882193785,0.28441999997313444,0.6278954001360143,-0.10375118317561366,0.16483741024912843,-0.17853736946392448,-0.008909872426150127,0.04789393056133345,0.5527596844579233,0.32468213841565363,0.17460822688218583,0.19412749270986607,0.2226865126867643,0.4309960507240532,0.5465835660562849,0.392123442791296,0.6023679726159445,0.3144741347131737,0.4705343065873083,0.05550885942828855,0.9466800431720269,0.32730731915878464,0.2747876847844282,0.33773091059025356,-0.19431310420220801,0.14587914843220692,-0.17156119841697715,-0.023329771775488506,0.03465183021807084,0.5014110361146769,0.28554868381614257,0.2742004011026998,0.1432775724445143,0.28795077041088607,0.4589012150810962,0.5718099266738543,0.2811507693340401,0.6095173550170782
-0.4955563957285585,-0.2114935128836166,-0.5365401029984276,0.38140753686970225,0.9577150909762158,0.6977864989373807,-0.019340677963008625,0.4656581543586661,-0.36699048533612744,-0.12194252843874832,0.4693396445681348,-0.4271088044432351,0.28513572065379966,-0.17655489285217996,-0.1184152176367944,0.5091352659504195,0.7047746902956309,0.6850757519264753,0.6184487945104558,0.5791690951485593,-0.018566724793840597,-0.5297199207347678,-0.18388958614271647,-0.5297199207347678,0.38984762882193785,1.0,0.7174535966020115,0.11056910579652673,0.5136819436412193,-0.4104060548155016,-0.13696273386802538,0.5114011602807175,-0.4633137608337616,0.3171551167711814,-0.2076158657363767,-0.1759736022929037,0.5018956627603754,0.7320780828998772,0.6924070892900241,0.6287781304949726,0.5948102731303383,-0.05209661364044474,-0.5374193174069156,-0.2487067187825192,-0.5476978849828043,0.43216022167809814,0.9641241437601789,0.7239833800620437,-0.07664750481339168,0.47088542346496814,-0.3857520382939386,-0.1538187695105153,0.4249924130183864,-0.49206358943652795,0.3507400666666281,-0.23256159919597644,-0.10796060652334467,0.4733144473112895,0.6850061455067455,0.6937116192719104,0.647524428955277,0.5653751221237199,-0.019863014813284025
-0.33670778743402086,-0.3343166946646053,-0.5261278691241088,0.38737231302375624,0.7131025253606021,0.9599273944768345,0.058816361695274696,0.35766546782542075,-0.4770605524514133,-0.42362323942914953,0.3403613973645862,-0.451723505061284,0.3196978229999023,0.18516952476170073,-0.31171569774002017,0.6426338816091551,0.2932671739042934,0.4997790098865563,0.3617206562392576,0.20583999037603176,-0.20952408734887917,-0.6332717175974835,-0.34679734088949,-0.6332717175974835,0.28441999997313444,0.7174535966020115,1.0,0.059708959379313,0.39219116640897045,-0.5429500911791973,-0.485300385549816,0.31078311411615567,-0.5709665521694607,0.29450378791257875,0.15410665688494077,-0.4051924690891725,0.6112497001328652,0.3254602972674918,0.5283752083307749,0.3919311861941025,0.2293743852470632,-0.21219214721769822,-0.43136400991091334,-0.42359561853400435,-0.6500671379085654,0.3099209046736444,0.6563312885612899,0.9512186983544353,-0.010080721804709836,0.29866700545863306,-0.5458641809608042,-0.47598019051702306,0.2412137006940563,-0.5392749682853751,0.30690588840541994,0.12564622901727415,-0.3351201125519326,0.6090219618906842,0.23452862057705548,0.4784163671864145,0.41550199103659574,0.1870389718814177,-0.19310842603197717
0.4027107680877415,0.46002734702053694,0.10796581527430717,0.48172973499142496,0.018281002805649607,-0.0028778914479838766,0.8979321647129804,-0.5300846154270108,0.12112082444826952,-0.27295518519988926,-0.4505883497522923,-0.04092597369960915,0.2787414262094568,0.26513603374046796,0.10381235302225088,0.11615465608555074,0.06299854007230435,0.5361403328344265,0.13943819459872445,0.25153629751458323,0.5793979750048037,0.2836200527306038,0.5800338086203293,0.2836200527306038,0.6278954001360143,0.11056910579652673,0.059708959379313,1.0,-0.40287108527471027,0.17712390148254747,-0.24183359699064666,-0.5205061696540123,-0.00460324023585665,0.3679997058515827,0.3220358846225374,0.01507392914865071,0.16523632730524088,0.016954377724549857,0.47476980612308595,0.17439295244094466,0.17735451336001704,0.5673406968490546,0.496644336096922,0.5735544036187538,0.1621372062893968,0.6631614569574187,0.05136312713650957,0.06590819263859898,0.780662271130541,-0.48975608549233557,0.15420940558965657,-0.22898271942895074,-0.4204368837615114,-0.005213063438495183,0.35696269238359046,0.2808512426911681,0.14986358421254065,0.10480309608609667,0.033753520634630364,0.5661301186536057,0.17032592670152547,0.027251336743606743,0.5487526471569866
-0.6001674033583813,-0.34580139221337547,-0.32658559987561453,-0.03616675245595348,0.5921310855388376,0.4420619800030168,-0.38717519368098513,0.9436963662262994,-0.129215000931877,0.1933920500552952,0.5817667918819667,-0.3544095396119333,-0.10147892444576775,-0.27297048074399666,-0.022799183236455328,0.4138112360682191,0.4491366787775768,0.06942118826653658,0.41004028317908775,0.0881387334556571,-0.23575486176956276,-0.4609892451497867,-0.43271149816042126,-0.4609892451497867,-0.10375118317561366,0.5136819436412193,0.39219116640897045,-0.40287108527471027,1.0,-0.20015153084936166,0.13825538471155524,0.5894298958221152,-0.42535531012392164,-0.14964258048431078,-0.33911233799242574,-0.024250118537865295,0.4140984062511136,0.5083919372875003,0.12247756357917952,0.3835433641212827,0.12372581082689783,-0.2608893116234226,-0.7117602598306902,-0.44782468061752395,-0.3464089818816032,-0.07090421351415806,0.5854700025267897,0.4433830736011503,-0.3385647819442444,0.9434572407527826,-0.14334923808632394,0.15466014004090795,0.5608218112940531,-0.4318191857356389,-0.01203407869554584,-0.32155743930556524,-0.012144396453634016,0.44394355311723377,0.45400702482717875,0.08762133855803483,0.40668163653535006,0.20048576017495134,-0.23561534977237594
0.39407997865164074,0.6959862161966276,0.7973788698854982,0.10216807012367658,-0.420026163540011,-0.48816486135145165,0.25619240670868487,-0.16209947408121164,0.9786627595724933,0.5601366479426758,0.022642503190823494,0.5798509661844308,-0.1483064402496625,0.1766884448319587,0.5941551060285336,-0.28897781203409273,0.01985746389519209,-0.03556713829633879,0.11126512004252427,-0.05463974912615157,0.5853809533047826,0.8363945151186175,0.6495586839129996,0.8363945151186175,0.16483741024912843,-0.4104060548155016,-0.5429500911791973,0.17712390148254747,-0.20015153084936166,1.0,0.5786312913719208,-0.015916785988039327,0.6064228157067868,-0.17263459931894223,0.1940149695560084,0.5937384815915935,-0.26912397118228243,-0.03454809417218691,-0.07738473202740895,0.06751849819661097,-0.13940263912212697,0.5377342113259076,0.3894155725965501,0.5904423233016078,0.8114401248689914,0.01050987632620095,-0.4502108929691551,-0.5966305827012635,0.25875842159964335,-0.19519218848216915,0.978028064814994,0.5597832334256312,0.06145755545781115,0.5303787183202147,-0.17005633044386376,0.11505887306018067,0.6257076697254436,-0.3291079486393929,-0.010087715588631356,-0.12292321221728203,0.053980742994216784,-0.1475082579999118,0.5185478319303277
0.010135939449392032,0.41603055108138826,0.5935377246380794,-0.205135772412917,-0.06059310296305644,-0.445974813945453,-0.1234961021814429,0.22092978631668575,0.5806162687054619,0.9824874638351254,0.2594098712931425,0.49747266158303444,0.09373960055462434,-0.27952179524844,0.6159995242751098,-0.34062381716860596,0.16529506614905587,-0.07438172101046485,0.35007298906509765,0.06262738979107452,0.43187571004717223,0.5486174723385993,0.37062905140282687,0.5486174723385993,-0.17853736946392448,-0.13696273386802538,-0.485300385549816,-0.24183359699064666,0.13825538471155524,0.5786312913719208,1.0,0.24367516181736107,0.5141049848534002,-0.01441445352579454,-0.286600881917012,0.6048394539027612,-0.35583949025240386,0.15924048179134065,-0.07721850997033705,0.24170510206570808,0.01244072911149116,0.39329249560968893,0.05061350746655808,0.36264216883420775,0.7104110828300212,-0.22262287428726568,-0.05368565675796824,-0.5027818826507783,-0.018032022134895277,0.21835555649818764,0.6348047997563926,0.9855062113299213,0.3058477965238315,0.4776361935382267,0.04807251732943983,-0.28639028506449604,0.6227999651378064,-0.34736154155654403,0.11961203782960887,-0.049872056411978574,0.22831830543770154,0.14629408233422717,0.42105922495737896
-0.4010039887743009,-0.18688070996345957,-0.15786568152580752,0.04741911010574761,0.5629675409129113,0.3559486415669155,-0.5096325757246762,0.6555568413898203,0.07830800746840966,0.29837782618070335,0.9502654073468503,0.023335634470998644,-0.08667039649440247,-0.33326709762714507,0.10531713421101274,0.18121704025803972,0.40578261892530515,-0.016934110137186122,0.300850535791813,0.2582636702161732,-0.1016467850543428,-0.28694996399769473,-0.3052178066714567,-0.28694996399769473,-0.008909872426150127,0.5114011602807175,0.31078311411615567,-0.5205061696540123,0.5894298958221152,-0.015916785988039327,0.24367516181736107,1.0,-0.03676652267522307,-0.18870069490984442,-0.3941947507283727,0.08615659262087166,0.14222625149411391,0.434259438845019,0.04153728765801609,0.2697082192131126,0.35123501138599333,-0.140837655393695,-0.5107437233808125,-0.3621979499403015,-0.2320730958914223,-0.1410159185667268,0.5100345507034342,0.2465599359921715,-0.4979260530288477,0.6240719167351989,0.0267687226699019,0.23812248727012628,0.9421724890722754,-0.0690773361835278,-0.12656046216759786,-0.43530071892209,0.09464898519334873,0.1457540044461884,0.4804589173805294,-0.06955294292095805,0.29153751336895894,0.3942924681950262,-0.10027905582471047
