Fp1,Fz,F3,F7,FT9,FC5,FC1,C3,T7,TP9,CP5,CP1,Pz,P3,P7,O1,Oz,P8,TP10,CP6,CP2,C4,T8,FT10,FC6,FC2,F4,F8,Fp2,AF7,AF3,AFz,F1,F5,FT7,FC3,FCz,C1,C5,TP7,CP3,P1,P5,PO7,PO3,POz,PO4,PO8,P6,P2,CPz,CP4,TP8,FC4,FT8,F6,F2,AF4,AF8,O2,P4,C6,C2
1.0,0.3830742155915319,0.4668254367927939,0.3656840278340144,-0.08942853139305683,0.23668747871221582,-0.17336540095655353,-0.10205664671856365,0.3005240970101766,0.3081357415286699,0.5747248675395927,0.09760694792416108,0.5555048491371332,0.2767235435927354,0.17336583440608858,0.7717950253908893,-0.15008955017087952,-0.2927411234089495,-0.25123112087386795,-0.35701159935019294,0.06642297527425324,0.3083662364052979,0.18561787749001307,0.3083662364052979,0.1976221409729472,0.08516181859346862,0.14272456764483063,-0.14495587066405732,-0.06177143670206461,0.28320322480663396,0.3334272466148036,0.5644694554624541,0.10463057925398281,0.47377269691946916,0.19596513697768164,0.14275528548431757,0.6894908337733189,-0.10459746136373642,-0.2612012222321391,-0.1778978711038457,-0.31951139867505157,0.10607532356999634,0.8819052749371186,0.2230916721054321,0.37682051864602567,0.26028483275695485,0.1424414935451899,0.2788308212114597,-0.06370038163003033,0.035915335106668014,0.32089451978192324,0.20504554409345255,0.5703861845292519,0.14639018488971958,0.4803275218061351,0.20027233849898946,0.17907119831610974,0.6514660397964395,-0.04497695092879375,-0.20356622548631906,-0.1417665880772799,-0.21210626331633448,0.11851033541385704
0.3830742155915319,1.0,0.4550441998843079,0.8828518432386099,0.37415709119260526,0.294704932092098,0.2399475283613995,0.2346750194382736,0.3111994320971435,0.08961325736207376,0.03081667444108993,0.081004558194945,-0.0976049174463432,0.19315339222329994,0.1376918946468745,0.1384652001010592,-0.12598585250067665,0.09841694058747374,-0.1069375327310365,0.1865869076548582,0.022592056730734427,0.14327190772306342,-0.1909955556382238,0.14327190772306342,-0.06794110347850307,0.08527034169719178,-0.04768733425929655,-0.009340673025167204,-0.2770260975976161,-0.11603814378234002,0.05995375785899032,-0.06375739121835998,-0.1761606000990948,-0.16172231007401053,0.05294726229308235,-0.027828605607626188,0.05389568330264308,-0.2472019016090352,0.035835428706373705,-0.20381588685830654,0.13023374079308664,-0.08010234678593753,0.11726626388694018,-0.06024195234260654,0.16832949747393505,-0.08878427786139692,0.1243552329550138,-0.11616065731406076,-0.012038231650630227,-0.2369301100264421,-0.07629441943523499,-0.09729042750036561,-0.07721991972631183,-0.16958441705675645,-0.1597194905867034,0.00977664630579226,-0.040301285922528414,0.011038162637836517,-0.22006465931910899,-0.00556292549883283,-0.20928125124542796,0.0901248536350595,-0.09098562591044637
0.4668254367927939,0.4550441998843079,1.0,0.2278332165767886,0.36559810916852875,-0.1407259223323155,-0.18284924553211432,-0.10888160941326382,0.22163475613202893,0.5991656087457083,0.44183020051714705,0.5895586552636521,0.02748422505745853,-0.1610895766834743,-0.3072952361341722,0.1464822564987433,-0.1582923798728274,0.5993040694987745,0.5888882835994017,0.2000880268608868,0.7206796665728219,0.7795311614919045,0.1317291982571602,0.7795311614919045,0.011650681809430474,0.1191524784171131,-0.026759732763923134,-0.2184581960198921,-0.012209027298021728,0.15727104589256827,0.5485228222391442,0.45937976323550805,0.4949433214685861,0.06349786654298953,-0.16504421430130553,-0.29501463683540263,0.13242733178101623,-0.14677824772575507,0.5738178588939363,0.5521754007504271,0.20948372383978506,0.6556597665086606,0.23778050723909244,0.27792293679127467,0.7549582583481239,0.12451924625387774,0.21856378272100851,0.005052651441392068,-0.0035850584253024897,0.11689011238280385,0.301400942945397,0.5213929580147892,0.5457715665139096,0.47164222368493175,0.16662976839766885,-0.09103379321267141,-0.18921251936719488,0.16925264125630257,-0.06478844843915535,0.558643673143244,0.5549980710343911,0.24128646990533026,0.6457794097361764
0.3656840278340144,0.8828518432386099,0.2278332165767886,1.0,0.3066409432615077,0.34811134966680846,0.4533196857360494,0.2602966653806482,0.37925178997259756,-0.07585455376675637,-0.13443331599751462,-0.22654990938732325,-0.030887053549839383,0.33899500290261936,0.3888704924228445,0.16669790141404064,-0.0385072008024837,-0.02553748251847999,-0.3492641413999219,0.2749304250962735,-0.2742474385515141,-0.09467814018025274,-0.23572477659024943,-0.09467814018025274,0.11679820739663507,0.12275280854532813,0.01543442817394062,0.19442193929565801,-0.24252103626804095,-0.05225167387027505,-0.1105860714726333,-0.24723445787534176,-0.396370836885438,-0.12405953831673262,0.1848590034901274,0.2344919516881794,0.0927425536480352,-0.1790737899308066,-0.07530919195867938,-0.39964970744139827,0.20145864800641278,-0.3209400816374952,0.09706435498335816,-0.11445297908947058,-0.06680393026996138,0.0733453801332434,0.1933380488281074,-0.03910346795350346,0.15220358863922168,-0.20677203282720996,-0.010526555043526552,-0.2284758504804796,-0.23922071865998426,-0.3367528776455616,-0.12721165806508417,0.11777412978488844,0.2067656784866736,0.05532581744907571,-0.17017347319894802,-0.10052996618352929,-0.3866183224818134,0.1747303137467703,-0.3148333367069842
-0.08942853139305683,0.37415709119260526,0.36559810916852875,0.3066409432615077,1.0,-0.3604532375842478,0.10984134525382534,-0.21464031630321115,-0.0677147044825499,0.24061461265928638,0.0052472284030639004,0.17518062608005353,-0.44007045026885755,-0.22220264141811416,-0.36519893946245374,-0.278750367962509,-0.014897730505547043,0.46144036575246317,0.28366133608527777,0.4216848201821267,0.2842273977221951,0.1917893542470335,-0.3970452610443046,0.1917893542470335,-0.2776821330734574,0.6790724661777817,-0.3052023305730917,-0.04322866591331039,-0.33181744927888374,-0.2861207593288258,0.07189369558458278,-0.04115355682162156,0.08244388409288883,-0.3737695595333279,-0.22344306453303567,-0.3928877597722547,-0.2811909556583586,-0.1149830673395444,0.39296884089096773,0.1763915052847034,0.3341698643479754,0.18863924114516997,-0.3239310467113609,-0.2501831230555537,0.18387168344039037,-0.18915297172303042,0.6201046432883401,-0.42898370907432887,-0.01813304542271334,-0.30003581598350665,-0.21329714154662788,0.14928918369973648,-0.028976841031364726,-0.03483634370095174,-0.31735531796789535,-0.21308576548798389,-0.3626601737587568,-0.25007699369489916,-0.11492959102048146,0.32739662202041886,0.1612753911204196,0.2707195052209364,0.17454100800555217
0.23668747871221582,0.294704932092098,-0.1407259223323155,0.34811134966680846,-0.3604532375842478,1.0,0.4812252739577934,0.7219770139471653,-0.07962533321632746,-0.4043584912529946,-0.12643998155582684,-0.08904676840157798,0.23746414531453885,0.8434551355981025,0.7496749000021181,0.34982164998519283,0.5061976879926141,-0.47026657197464383,-0.3988475180081778,0.006070208351788856,-0.33778665025734067,-0.29277260001909855,0.4078341887237649,-0.29277260001909855,0.4246550013976271,-0.24745346006164684,0.7152514535309085,0.39510694620446124,0.47261728494615385,0.024310422122626737,-0.2890572129099869,-0.14683946230403516,-0.12912132289802825,0.12791312503656518,0.7801041728709739,0.6477442494934128,0.36024003704231455,0.4535867925993252,-0.4005042143360105,-0.32449711652386265,0.06228178127075863,-0.2574532838614202,0.26677135441931465,0.33345433369069455,-0.14888288288868773,0.3428802424658924,-0.1533627175723804,0.7049199859327404,0.35533381371302414,0.40702851394156075,0.04461419696061984,-0.35672423599449354,-0.08124363760868882,-0.0055340205810907594,0.14431333892179832,0.7424565370929541,0.6164378531868968,0.35073989624104185,0.4522890814627313,-0.2834039378805285,-0.29887716363144934,0.11505529491276201,-0.2294711163673147
-0.17336540095655353,0.2399475283613995,-0.18284924553211432,0.4533196857360494,0.10984134525382534,0.4812252739577934,1.0,0.7726399881414595,0.01502284501694111,-0.2655968306829873,-0.5345107132829877,-0.054994385640240416,0.008752486434612515,0.5977081400190026,0.7270791925153368,-0.2303228538742859,0.6634365921349771,0.016359826063612158,-0.061460323289763474,0.6999107605212841,-0.2922317644253761,-0.3879920883210476,0.06965019252813355,-0.3879920883210476,0.4754700680994441,0.16791296003706885,0.38689127743474894,0.8505432797041956,0.45208886939789883,-0.14967755574509006,-0.2216576581129004,-0.5150320051796331,-0.07329411904044122,0.0630692156267815,0.5491795903268256,0.6718146942732965,-0.1684713352027892,0.555275333075874,0.044229798894931165,-0.03696645599896625,0.6749189438694977,-0.23953940143081273,-0.23513714793662793,0.12967720357116938,-0.2863793171946581,0.4185876551527849,0.25834970722446243,0.324791052726269,0.7417515553818357,0.3756492650599529,-0.04114953071170709,-0.16442979520486842,-0.4208488382980217,0.01589841108797219,0.09295577277356898,0.49511498713026936,0.6495918461429543,-0.13512383893930954,0.526326960362312,0.11211851829270311,-0.01653805435225264,0.6706836222329975,-0.20920089100482148
-0.10205664671856365,0.2346750194382736,-0.10888160941326382,0.2602966653806482,-0.21464031630321115,0.7219770139471653,0.7726399881414595,1.0,-0.0632132755289,-0.27315704499898463,-0.44161992681933443,0.1268723295083965,0.1845776497853032,0.6830030492699889,0.7230903515350384,-0.1234990109806617,0.6983836498266429,-0.11554650590212855,0.009960673153964351,0.4836571364489209,-0.11796899089119008,-0.2671391709808752,0.3143280325335544,-0.2671391709808752,0.42996925922669443,-0.1841485379557161,0.6005066141903038,0.6612227406828148,0.6760906026319237,-0.09675750137705925,-0.1517604745141486,-0.40240726893827583,0.05422987006442594,0.22118850205529028,0.6295558936316761,0.6412138529097821,-0.05432149246576226,0.6214913797796348,-0.05766291051542214,0.030677016855582814,0.5212333120787733,-0.06754695096394249,-0.057455734284381776,0.3138001189354813,-0.12477250893933838,0.35883278194083545,-0.0866801416791245,0.534681201273479,0.5917743606795616,0.5681458473980884,-0.0077898899156314825,-0.1739029859673189,-0.3038979189869053,0.17254017600932978,0.24113030631578133,0.5698547819562149,0.6165837626521264,-0.017759064898216326,0.6040732631293316,0.023341095415209172,0.03802082783571857,0.5387449763078097,-0.0444989669151168
0.3005240970101766,0.3111994320971435,0.22163475613202893,0.37925178997259756,-0.0677147044825499,-0.07962533321632746,0.01502284501694111,-0.0632132755289,1.0,0.4392837520357575,0.31645668411616135,0.08446053890268473,0.19546881127201704,-0.1865434621436824,-0.006566717594973933,0.2842583343608564,-0.4164556340830551,0.21258492551445182,-0.02158133628297614,-0.07239283065160801,0.06455855798235619,0.27387689413183575,-0.14707947747405997,0.27387689413183575,0.09103371639806711,0.13886558127485218,-0.046188061286089634,-0.08575093829749071,-0.1202786536722297,0.709376710326501,0.4019465716686313,0.18642353458343905,-0.013918971886667344,0.2067015515655621,-0.2073352820772982,-0.020683276071803387,0.19755116326292405,-0.3760429972355908,0.18416989874931225,-0.03789883371899455,-0.05815213874687714,0.05755510188694312,0.21088181060168432,-0.11738123535115037,0.25342221866685555,0.04798523716865526,0.18707549952719515,-0.014950843532558706,-7.648177217674816e-05,-0.07759016338417954,0.6286353998481692,0.3251684634466767,0.16137141580175138,-0.011265847322460153,0.1711085759274424,-0.18278002720423533,-0.010371590647440414,0.15471017925400485,-0.33734523696911584,0.16862050484224117,-0.03247795854489734,-0.007746329337903895,0.053856261398957814
0.3081357415286699,0.08961325736207376,0.5991656087457083,-0.07585455376675637,0.24061461265928638,-0.4043584912529946,-0.2655968306829873,-0.27315704499898463,0.4392837520357575,1.0,0.7226353578045603,0.7197739130392625,0.16751947821467317,-0.4661588525715565,-0.4633988266501984,0.2591119012489035,-0.32033777881173575,0.5887214830002391,0.5872421081858175,-0.006751901975540169,0.7401611462425075,0.782681933441111,0.006045822420072381,0.782681933441111,0.002750047031111014,0.3311647196431888,-0.15727154052320763,-0.1989744703801865,-0.0008447178012312703,0.32792605480089637,0.8823424937828407,0.7095249159663963,0.6856647766903876,0.27132332959803135,-0.34645632881212657,-0.37668431428281446,0.255008583409117,-0.23245036128631505,0.6494764522540014,0.5747887582427401,0.04013196878735877,0.7277301336375978,0.31095013740590777,0.08230444000771783,0.7873460343621653,0.10407905606786029,0.36994772300005513,-0.06824792947297066,0.001106723954811649,0.0898110450023351,0.40092472440176036,0.9151491425134892,0.7134297280413185,0.5880660947092804,0.3122370983008102,-0.2102449917747286,-0.28868975975217354,0.27630982651128744,-0.16988361700572804,0.6535186525819187,0.5638927911876771,0.09901590400687652,0.7141538223457794
0.5747248675395927,0.03081667444108993,0.44183020051714705,-0.13443331599751462,0.0052472284030639004,-0.12643998155582684,-0.5345107132829877,-0.44161992681933443,0.31645668411616135,0.7226353578045603,1.0,0.5302275133276081,0.23128489527110901,-0.21261325964580027,-0.3882957268882778,0.7077944235377783,-0.38964236950107034,0.1187884334786801,0.20116555151804105,-0.5113732155454883,0.495143456766661,0.674012831461321,0.1729249005629606,0.674012831461321,0.03957183391142797,0.26885070931808713,0.04721126186635111,-0.4206269576329307,-0.1055670453366275,0.44484186481609705,0.6964441107941111,0.9559851697534336,0.5295628630797184,0.22553668928856083,-0.11355447126486021,-0.3153063327441397,0.6617642654238879,-0.2693311938008696,0.1685703912539374,0.24516437294544027,-0.4379615199754723,0.5081902382539487,0.6358217608872446,0.11768766979168999,0.6802834693879872,0.07713750878460902,0.27542301462497226,0.1335484593800482,-0.2587757665869437,-0.018960214604523285,0.4083290585282741,0.6406406239551258,0.9024075578444025,0.42404545778616115,0.256110241459832,-0.004297533392341695,-0.25026158843940216,0.6432463931196355,-0.2076659679787278,0.20173071350236155,0.2514436193028459,-0.3469594269560988,0.4966065023226738
0.09760694792416108,0.081004558194945,0.5895586552636521,-0.22654990938732325,0.17518062608005353,-0.08904676840157798,-0.054994385640240416,0.1268723295083965,0.08446053890268473,0.7197739130392625,0.5302275133276081,1.0,0.013822550423323138,-0.16839344893993996,-0.3026647419943862,0.04413005602467497,0.042679178495682396,0.5984396685392918,0.8032962697554177,0.1637347021567744,0.8497178927689519,0.723105942613136,0.23737235355842717,0.723105942613136,0.050632155332348126,0.17630390694688977,0.16008000635505895,0.023774118336172528,0.3138940023195026,0.13743358585210436,0.7204837820218595,0.5933579540963013,0.9176799407407739,0.18231645035083452,-0.03759995348279322,-0.23688369154160163,0.07939155743294463,0.10610893498651963,0.6436602137658841,0.79970864740946,0.237133652305909,0.8379294822809075,0.13243598442867968,0.28449559627656223,0.7558611088197016,0.13301850044660785,0.24019242481397643,0.16284280710113955,0.20223451039324264,0.3516160812183389,0.24349125439495065,0.7415507935501785,0.6297509269001177,0.8221001390292314,0.27103318481146993,0.08565478617305392,-0.14603751427711234,0.12215571961093141,0.16406722865204548,0.6854633994509222,0.7859026673584755,0.2842169398342968,0.8259069822326296
0.5555048491371332,-0.0976049174463432,0.02748422505745853,-0.030887053549839383,-0.44007045026885755,0.23746414531453885,0.008752486434612515,0.1845776497853032,0.19546881127201704,0.16751947821467317,0.23128489527110901,0.013822550423323138,1.0,0.3240884789539412,0.3474988517813829,0.5108883533985177,0.18583080781696346,-0.3343886472224783,-0.15679281357965702,-0.12294369724704639,0.04912553106720683,0.1942438252143638,0.40772550020137605,0.1942438252143638,0.4683695678423188,-0.1096518154542112,0.1802359477615985,0.16749609352894523,0.40547116956508505,0.36482615276355584,0.2574346023968237,0.3041272462968198,0.18758700969877096,0.9438400190365288,0.36579631254030603,0.3918383610257085,0.5696320217628666,0.2915959900754172,-0.26747925828734664,-0.059143057879414186,-0.005746442300286049,0.16360645857397513,0.716001789291237,0.3645958337899708,0.29517452622341533,0.44781856395795283,-0.0538676352439834,0.4402724550675738,0.20863335870599148,0.42406081110249555,0.38801918483562897,0.2926283462614566,0.33690117180122764,0.31008185199428745,0.8976267708833535,0.3805673290222859,0.40003250789138967,0.5629219779703856,0.3086146776546823,-0.17084442139610603,-0.03052032700669627,0.11624117463742682,0.1884534885493189
0.2767235435927354,0.19315339222329994,-0.1610895766834743,0.33899500290261936,-0.22220264141811416,0.8434551355981025,0.5977081400190026,0.6830030492699889,-0.1865434621436824,-0.4661588525715565,-0.21261325964580027,-0.16839344893993996,0.3240884789539412,1.0,0.8875789045860984,0.3413179444485556,0.7316609975013234,-0.49236276763351716,-0.37902636194288325,0.19770156956031756,-0.3698709207934541,-0.3005116861251138,0.5278904039466564,-0.3005116861251138,0.6608154582024972,0.01773433884938073,0.7073440917642866,0.604204884777353,0.5744728953812039,0.05404854173075436,-0.3571200066180773,-0.1523559171447729,-0.08977977353736644,0.2674515695400631,0.9475113738944945,0.8385432136736376,0.41821340780666355,0.6920575851191573,-0.40598981607702733,-0.25486067605936,0.24986771414105835,-0.24364078777083298,0.32197287321253587,0.47544007654890863,-0.14925363581384618,0.5814762795723118,0.13378612810391022,0.7551399157549845,0.5339643825892686,0.5363799409268257,0.1288057795938986,-0.32704535302701576,-0.06338495195072312,0.07908269562589507,0.308963476339217,0.8643157241661866,0.8247323075367239,0.44368514814857457,0.6895256535771822,-0.2940650909223845,-0.21265827757663824,0.3205768659876231,-0.20543078300418305
0.17336583440608858,0.1376918946468745,-0.3072952361341722,0.3888704924228445,-0.36519893946245374,0.7496749000021181,0.7270791925153368,0.7230903515350384,-0.006566717594973933,-0.4633988266501984,-0.3882957268882778,-0.3026647419943862,0.3474988517813829,0.8875789045860984,1.0,0.24324507330864822,0.6435450591424696,-0.4572692022917746,-0.44980317093933203,0.24383194372210393,-0.5409262481570681,-0.443826499757523,0.44877843780622195,-0.443826499757523,0.6940303889150152,-0.06952602612207438,0.6225535228796456,0.7387046919354936,0.57767684218091,0.09864813329350652,-0.3533987557518409,-0.33182175379410106,-0.22133514581944624,0.31633141903568257,0.8227904807881792,0.9673627295902393,0.3072551296287036,0.6205061285804068,-0.36970736870806603,-0.32002583081437125,0.27859717452464716,-0.4005996718650051,0.21895795758326717,0.42590743746169313,-0.3212052041550448,0.6306102324724766,0.055818358434515755,0.6923533972915369,0.6459510097532737,0.5357262189794848,0.18254637490085948,-0.3362020993524356,-0.24255361129243055,-0.0224224458945304,0.3276609859857134,0.7384655668084897,0.9354861992786276,0.3230666998663679,0.6113135542915004,-0.2576506893412879,-0.27744979972099765,0.34658501128495955,-0.3571766481786635
0.7717950253908893,0.1384652001010592,0.1464822564987433,0.16669790141404064,-0.278750367962509,0.34982164998519283,-0.2303228538742859,-0.1234990109806617,0.2842583343608564,0.2591119012489035,0.7077944235377783,0.04413005602467497,0.5108883533985177,0.3413179444485556,0.24324507330864822,1.0,-0.08272101210963698,-0.4013315064419234,-0.37066247232543176,-0.5780335918658488,-0.07084318191044198,0.25905416771262196,0.3792961326287962,0.25905416771262196,0.39869779457793575,0.15834223959558144,0.3139712440577037,-0.13588416447092963,0.0807816558790341,0.4608852771313176,0.3236159058706897,0.6668973387375408,0.1029365872906704,0.3913884061740615,0.3460018758137678,0.26723728712309475,0.9648193389517477,0.023601846839420543,-0.322157765007844,-0.2604084055199769,-0.5008727045613418,0.016484082622211543,0.848480502549078,0.27160143504781187,0.30951761324532795,0.35509854712919126,0.18883554426020321,0.4662143742859993,-0.08120658658846094,0.12424138637781695,0.4203977690813487,0.2021303034727961,0.6375888497864126,0.12469962205732033,0.3813239817367166,0.35793329599239504,0.27878717006972803,0.9214210510819681,0.06441686872270411,-0.24160344917611135,-0.22988463888891852,-0.37308879708433584,0.027513595177185875
-0.15008955017087952,-0.12598585250067665,-0.1582923798728274,-0.0385072008024837,-0.014897730505547043,0.5061976879926141,0.6634365921349771,0.6983836498266429,-0.4164556340830551,-0.32033777881173575,-0.38964236950107034,0.042679178495682396,0.18583080781696346,0.7316609975013234,0.6435450591424696,-0.08272101210963698,1.0,-0.13620510296521282,0.06708452280483534,0.5397492524792613,-0.08886298700648741,-0.2111828390003236,0.4708838721297243,-0.2111828390003236,0.6077007947320392,0.1809539577542496,0.5687597148945188,0.6943431863641325,0.7260041670058306,-0.14294921875890818,-0.25569410124293407,-0.26786771021553474,0.16735065776476257,0.23219041283093958,0.7578571689907089,0.6630821092819137,0.08449457599653314,0.9654001411488266,-0.04698696997748991,0.14771082736188404,0.5894419092202988,0.019200518006920048,-0.04459698255389258,0.4393700628874034,-0.06615974752138933,0.543451910252162,0.24791247046947643,0.5769853329922291,0.6281040022499049,0.657160803937781,-0.01879399310883311,-0.09391479317781849,-0.14702805188541312,0.29800316438395086,0.2939704677941544,0.7024165264602849,0.6770074893012586,0.15755105444448014,0.9434756369464967,0.03907848025717384,0.1662456901976531,0.6289735377014,0.04961575395996413
-0.2927411234089495,0.09841694058747374,0.5993040694987745,-0.02553748251847999,0.46144036575246317,-0.47026657197464383,0.016359826063612158,-0.11554650590212855,0.21258492551445182,0.5887214830002391,0.1187884334786801,0.5984396685392918,-0.3343886472224783,-0.49236276763351716,-0.4572692022917746,-0.4013315064419234,-0.13620510296521282,1.0,0.8584969331843746,0.5516123904371782,0.7370826272470898,0.6509285008403013,-0.06771637865914136,0.6509285008403013,-0.06417912354029456,0.1950458538717757,-0.19418419076426055,0.02977158105297087,0.05709194635522442,0.10111512934597121,0.4805228316190286,0.13198740786449328,0.5430536263954227,-0.1840444890531056,-0.36617554877521585,-0.3750442680389148,-0.34370159243973825,-0.12990824961238956,0.9686950696974927,0.7915932783000498,0.54782104318025,0.6748696116828323,-0.4100694515005675,0.06826084617788795,0.5627186300493884,0.023737422523520825,0.27660224897492885,-0.23030283899605553,0.21401056016749465,0.1298180771827679,0.22227934439670055,0.5945650076696448,0.20164852443384712,0.4791324225287487,-0.09117186878153574,-0.2525648000508135,-0.2887347806296402,-0.27947733661947793,-0.09045938471242967,0.9183300616225084,0.7722294627860938,0.5163792801458472,0.6602693691767395
-0.25123112087386795,-0.1069375327310365,0.5888882835994017,-0.3492641413999219,0.28366133608527777,-0.3988475180081778,-0.061460323289763474,0.009960673153964351,-0.02158133628297614,0.5872421081858175,0.20116555151804105,0.8032962697554177,-0.15679281357965702,-0.37902636194288325,-0.44980317093933203,-0.37066247232543176,0.06708452280483534,0.8584969331843746,1.0,0.47063368884294765,0.896818716965772,0.7008886617621773,0.17855079825896875,0.7008886617621773,0.0070814432172396635,0.13670767275140414,-0.06738597180327055,0.050089697893562955,0.2884894344538056,0.06973298589103324,0.554628649511724,0.3029675626040901,0.795732514131723,0.038216229785330465,-0.2286609913268095,-0.3420435408858935,-0.27344291053504577,0.11198878832603118,0.8659282770810206,0.9683772259803971,0.5165440623237565,0.8664133150560372,-0.2457040066360141,0.26900702180154323,0.6702622564485753,0.09365360894267093,0.20891574159925272,-0.062417536453062465,0.22679899534124082,0.33806849981265313,0.20034935733446346,0.6818080229305479,0.379873482878464,0.7325393206741355,0.14134267620074575,-0.11272720492232911,-0.24458178516105422,-0.18934517928563638,0.15310459585371147,0.851022669771896,0.9498658971169199,0.5091572549906249,0.855030552967012
-0.35701159935019294,0.1865869076548582,0.2000880268608868,0.2749304250962735,0.4216848201821267,0.006070208351788856,0.6999107605212841,0.4836571364489209,-0.07239283065160801,-0.006751901975540169,-0.5113732155454883,0.1637347021567744,-0.12294369724704639,0.19770156956031756,0.24383194372210393,-0.5780335918658488,0.5397492524792613,0.5516123904371782,0.47063368884294765,1.0,0.230553577900191,0.06413884753919694,0.03935486678435221,0.06413884753919694,0.30563512680725285,0.20149823663437258,0.08666004582316772,0.6430783182932728,0.38072270411171905,-0.1688932740168169,-0.06631681586521641,-0.4357543793231243,0.19350808487054966,-0.0007589370108527953,0.2350576379512076,0.24745254375929174,-0.4427293796008383,0.43844858992581137,0.5542296466918287,0.44524539458163415,0.9803017628909604,0.2375732691771966,-0.45304154566529903,0.1935966297392715,0.11119584485881566,0.3292691850111609,0.32157997010074624,0.05115269529989892,0.6583129013587339,0.385596046935752,0.010368519574881725,0.14505990555778375,-0.3016568171635101,0.27984669232268783,0.08273039893978319,0.23539319664566863,0.28643644510737165,-0.3517514952584649,0.4324381641770234,0.5501582700889139,0.4498479902250949,0.9385655067471359,0.25369411192250924
0.06642297527425324,0.022592056730734427,0.7206796665728219,-0.2742474385515141,0.2842273977221951,-0.33778665025734067,-0.2922317644253761,-0.11796899089119008,0.06455855798235619,0.7401611462425075,0.495143456766661,0.8497178927689519,0.04912553106720683,-0.3698709207934541,-0.5409262481570681,-0.07084318191044198,-0.08886298700648741,0.7370826272470898,0.896818716965772,0.230553577900191,1.0,0.87844763223337,0.18242794047268918,0.87844763223337,-0.05555215553323253,0.14292472000602263,-0.08470659841327746,-0.17875693663783346,0.18413370408496638,0.15979438836043874,0.703910664042116,0.5637492038097277,0.8310095612702082,0.18073207344080572,-0.22418278743684095,-0.45857056292241294,-0.005561937520280935,-0.030908714744521296,0.7529388425893075,0.8658225504051263,0.30140460904913297,0.9681268408719123,0.07315333835265152,0.24937480761475897,0.8683869406864357,0.028447472914006657,0.2066615712016493,-0.04275644479487503,0.03687531058305988,0.2504429430201115,0.26188121114280005,0.7716034680076023,0.612353030721569,0.7465779525361744,0.26625382271869596,-0.09725944534045472,-0.3592476396096965,0.05638858029396791,0.02217946380123174,0.7405356625916729,0.8478265745167617,0.3213026155898587,0.9532474109375981
0.3083662364052979,0.14327190772306342,0.7795311614919045,-0.09467814018025274,0.1917893542470335,-0.29277260001909855,-0.3879920883210476,-0.2671391709808752,0.27387689413183575,0.782681933441111,0.674012831461321,0.723105942613136,0.1942438252143638,-0.3005116861251138,-0.443826499757523,0.25905416771262196,-0.2111828390003236,0.6509285008403013,0.7008886617621773,0.06413884753919694,0.87844763223337,1.0,0.3094514937044078,1.0,0.12235555895823393,0.1622599781548429,-0.06926586952146334,-0.24522318350262357,0.13063692509289146,0.4121035666077819,0.7504164767583724,0.7202140011347566,0.74261726462812,0.2697478478178957,-0.15325079437726047,-0.3458400516549238,0.31994230386525013,-0.10945176154753523,0.6660970885370736,0.6993597517349356,0.1486017329499512,0.8635725771560679,0.3268326693103043,0.3643814135175463,0.9588049102815491,0.19499288029800824,0.2507077614710459,0.07110382523866395,-0.006582216441627717,0.24178492572351545,0.5014472099233527,0.8057929634909394,0.7560514355516575,0.6984281230372057,0.34918119844617956,-0.032475170842756425,-0.23897379474996483,0.36102952443011893,-0.034753527965393716,0.6573222757168088,0.6918300333852749,0.20951758072254892,0.8491301239615926
0.18561787749001307,-0.1909955556382238,0.1317291982571602,-0.23572477659024943,-0.3970452610443046,0.4078341887237649,0.06965019252813355,0.3143280325335544,-0.14707947747405997,0.006045822420072381,0.1729249005629606,0.23737235355842717,0.40772550020137605,0.5278904039466564,0.44877843780622195,0.3792961326287962,0.4708838721297243,-0.06771637865914136,0.17855079825896875,0.03935486678435221,0.18242794047268918,0.3094514937044078,1.0,0.3094514937044077,0.7498834895299833,-0.02826609210640255,0.5311879647043457,0.40917515591526926,0.7822977897978451,0.4057021175536359,0.1322602091608414,0.355691178322677,0.44229818564879775,0.4674477127285228,0.67227736320203,0.5762219416523526,0.5441977130318929,0.6227454179357161,0.06556979968796363,0.3466882559132363,0.18536672234586443,0.3325979310457912,0.4039830199575651,0.950911751113603,0.3914920095403905,0.7823344879424131,0.1250571081068388,0.8002241183331216,0.5117868163980677,0.8168402331247895,0.5337000331071505,0.26841914567099623,0.4689850243412642,0.5942221552601004,0.5507454828845394,0.7205167377613833,0.630352427063198,0.6227859086479832,0.6720280559315216,0.19333696158526914,0.3795439577715588,0.30097572812311213,0.36338914241242526
0.3083662364052979,0.14327190772306342,0.7795311614919045,-0.09467814018025274,0.1917893542470335,-0.29277260001909855,-0.3879920883210476,-0.2671391709808752,0.27387689413183575,0.782681933441111,0.674012831461321,0.723105942613136,0.1942438252143638,-0.3005116861251138,-0.443826499757523,0.25905416771262196,-0.2111828390003236,0.6509285008403013,0.7008886617621773,0.06413884753919694,0.87844763223337,1.0,0.3094514937044077,1.0,0.12235555895823393,0.1622599781548429,-0.06926586952146334,-0.24522318350262357,0.13063692509289146,0.4121035666077819,0.7504164767583724,0.7202140011347566,0.74261726462812,0.2697478478178957,-0.15325079437726047,-0.3458400516549238,0.31994230386525013,-0.10945176154753523,0.6660970885370736,0.6993597517349356,0.1486017329499512,0.8635725771560679,0.3268326693103043,0.3643814135175463,0.9588049102815491,0.19499288029800824,0.2507077614710459,0.07110382523866395,-0.006582216441627717,0.24178492572351545,0.5014472099233527,0.8057929634909394,0.7560514355516575,0.6984281230372057,0.34918119844617956,-0.032475170842756425,-0.23897379474996483,0.36102952443011893,-0.034753527965393716,0.6573222757168088,0.6918300333852749,0.20951758072254892,0.8491301239615926
0.1976221409729472,-0.06794110347850307,0.011650681809430474,0.11679820739663507,-0.2776821330734574,0.4246550013976271,0.4754700680994441,0.42996925922669443,0.09103371639806711,0.002750047031111014,0.03957183391142797,0.050632155332348126,0.4683695678423188,0.6608154582024972,0.6940303889150152,0.39869779457793575,0.6077007947320392,-0.06417912354029456,0.0070814432172396635,0.30563512680725285,-0.05555215553323253,0.12235555895823393,0.7498834895299833,0.12235555895823393,1.0,0.20694583550168674,0.5544585778582761,0.6675412531119278,0.7198176823846633,0.42966957417389673,0.09338080766420166,0.16800410307935604,0.25550560822740076,0.4983871428845378,0.7652107654349238,0.7966672013134137,0.5648985959254855,0.6893842016294074,0.06293417813315076,0.1704862039758726,0.4026564913259046,0.1162883995272213,0.3541450247077708,0.7240069563281636,0.21680533321859485,0.9188002465585743,0.38306636755591306,0.7532071050054715,0.7146152406816426,0.7461881071645393,0.560278249335272,0.2486212700946668,0.2882513268167121,0.42410067236649157,0.5725711654203556,0.7806490750500373,0.8363307266406239,0.6378316526395725,0.7175532744863233,0.1912452254954559,0.21411287007783372,0.5224777983698952,0.15579204502967794
0.08516181859346862,0.08527034169719178,0.1191524784171131,0.12275280854532813,0.6790724661777817,-0.24745346006164684,0.16791296003706885,-0.1841485379557161,0.13886558127485218,0.3311647196431888,0.26885070931808713,0.17630390694688977,-0.1096518154542112,0.01773433884938073,-0.06952602612207438,0.15834223959558144,0.1809539577542496,0.1950458538717757,0.13670767275140414,0.20149823663437258,0.14292472000602263,0.1622599781548429,-0.02826609210640255,0.1622599781548429,0.20694583550168674,1.0,-0.047251782764596344,0.21666219972095063,-0.017623573367207702,0.18233654199685445,0.23768114921132874,0.2788044525385447,0.22967687596515687,0.010049989529532835,0.08596792211230354,-0.0007547792440875109,0.2063058276097932,0.19321009525282126,0.22516812293401173,0.1677809903728329,0.1961862754454193,0.18767134540103547,0.04703134005757857,0.03920004327013426,0.23872027423731065,0.24009081296300913,0.9576040630551522,-0.02727222085361031,0.22810095209596823,0.01610534859457021,0.22319336070706036,0.35090720913310874,0.28711392993657986,0.16468303744344662,0.058720015262097976,0.11265546710147699,0.030641542145473755,0.24109654717992243,0.201258142333859,0.24605586464167165,0.1818756519581139,0.22459955432138468,0.19672469324094508
0.14272456764483063,-0.04768733425929655,-0.026759732763923134,0.01543442817394062,-0.3052023305730917,0.7152514535309085,0.38689127743474894,0.6005066141903038,-0.046188061286089634,-0.15727154052320763,0.04721126186635111,0.16008000635505895,0.1802359477615985,0.7073440917642866,0.6225535228796456,0.3139712440577037,0.5687597148945188,-0.19418419076426055,-0.06738597180327055,0.08666004582316772,-0.08470659841327746,-0.06926586952146334,0.5311879647043457,-0.06926586952146334,0.5544585778582761,-0.047251782764596344,1.0,0.43784405613535626,0.6781015885287452,0.2958228711895234,-0.15003876992102072,0.08071013508752285,0.19976284730466587,0.19582194156368393,0.7512469762724476,0.6519603941119982,0.3914031543647226,0.5975490216563824,-0.0832335873614721,0.04651727201083988,0.16362426992982435,0.026662852751611527,0.23979572517352704,0.4611666487264383,0.06067689212251218,0.5414438371017248,0.06248498037437296,0.8601459907796891,0.48276523770188723,0.6533533690968354,0.36024260799725233,-0.05266745544952391,0.1833872741723897,0.3218825125920243,0.27619721177831064,0.7479815608704069,0.6802830798018596,0.43621491218216124,0.6226118032170803,0.037246848768579796,0.07474586999835871,0.2593823866762273,0.05408182683656337
-0.14495587066405732,-0.009340673025167204,-0.2184581960198921,0.19442193929565801,-0.04322866591331039,0.39510694620446124,0.8505432797041956,0.6612227406828148,-0.08575093829749071,-0.1989744703801865,-0.4206269576329307,0.023774118336172528,0.16749609352894523,0.604204884777353,0.7387046919354936,-0.13588416447092963,0.6943431863641325,0.02977158105297087,0.050089697893562955,0.6430783182932728,-0.17875693663783346,-0.24522318350262357,0.40917515591526926,-0.24522318350262357,0.6675412531119278,0.21666219972095063,0.43784405613535626,1.0,0.6845541248778113,0.033976808211146826,-0.14890837273856997,-0.2918843701902727,0.15662121472028287,0.3052027784538746,0.6748615314461923,0.78652886536958,-0.0018349058623623074,0.6878129099941488,0.12959290732094902,0.16985330217875416,0.6908675416406176,-0.04457643451987623,-0.08078094789766521,0.48110570009635717,-0.11447855498340505,0.6915523586495047,0.3457421938146262,0.5274143529793095,0.9446839476305168,0.6580842921537572,0.18848998558789357,0.016425752958011533,-0.17506306731870033,0.3031224269400055,0.35822501012565805,0.6778504449123308,0.7872531326427935,0.059332516844733715,0.6806765154671444,0.24146515577566088,0.20565129209906255,0.7252654548106423,-0.0012513835750509572
-0.06177143670206461,-0.2770260975976161,-0.012209027298021728,-0.24252103626804095,-0.33181744927888374,0.47261728494615385,0.45208886939789883,0.6760906026319237,-0.1202786536722297,-0.0008447178012312703,-0.1055670453366275,0.3138940023195026,0.40547116956508505,0.5744728953812039,0.57767684218091,0.0807816558790341,0.7260041670058306,0.05709194635522442,0.2884894344538056,0.38072270411171905,0.18413370408496638,0.13063692509289146,0.7822977897978451,0.13063692509289146,0.7198176823846633,-0.017623573367207702,0.6781015885287452,0.6845541248778113,1.0,0.30817394559418937,0.09655346938078932,0.04810625662072319,0.4855020792654177,0.5267217331297845,0.7092154466108569,0.679820406425923,0.26026054859074765,0.8108324764623823,0.19933449867816083,0.42898821795076203,0.5164455130279264,0.33875679053409197,0.1586029661614413,0.7576572133248736,0.26709515897312164,0.7452789879227705,0.1293132530891243,0.823660649941408,0.7514788580340793,0.9665634068155119,0.45387405056170876,0.26570477085793626,0.19799457931361067,0.6418420652669893,0.6028247354908991,0.7446413337930387,0.724118029861628,0.35283516408469284,0.8311228926064573,0.3337875422348899,0.45457604486152825,0.6178096996790412,0.37393762890422366
0.28320322480663396,-0.11603814378234002,0.15727104589256827,-0.05225167387027505,-0.2861207593288258,0.024310422122626737,-0.14967755574509006,-0.09675750137705925,0.709376710326501,0.32792605480089637,0.44484186481609705,0.13743358585210436,0.36482615276355584,0.05404854173075436,0.09864813329350652,0.4608852771313176,-0.14294921875890818,0.10111512934597121,0.06973298589103324,-0.1688932740168169,0.15979438836043874,0.4121035666077819,0.4057021175536359,0.4121035666077819,0.42966957417389673,0.18233654199685445,0.2958228711895234,0.033976808211146826,0.30817394559418937,1.0,0.33387831355974,0.443914816982389,0.25875578518027187,0.4322940509492189,0.15616250733562803,0.20594306018033454,0.5015915125393163,5.447436014474636e-05,0.1519346520335852,0.1763560894649093,-0.05773736753678132,0.26304773146668553,0.4118999975044671,0.3740360624507385,0.44198791478642574,0.4355155944162521,0.2691135594652931,0.4539663489990932,0.1701147659605352,0.3673569248789839,0.9513566871744695,0.4190658540741966,0.47687337395083423,0.330550858028077,0.4534313045828511,0.2068574346261821,0.2523355349847929,0.515389903298601,0.05556377095601646,0.19841752875494267,0.2025511502854499,0.05779530728803821,0.2764079417168138
0.3334272466148036,0.05995375785899032,0.5485228222391442,-0.1105860714726333,0.07189369558458278,-0.2890572129099869,-0.2216576581129004,-0.1517604745141486,0.4019465716686313,0.8823424937828407,0.6964441107941111,0.7204837820218595,0.2574346023968237,-0.3571200066180773,-0.3533987557518409,0.3236159058706897,-0.25569410124293407,0.4805228316190286,0.554628649511724,-0.06631681586521641,0.703910664042116,0.7504164767583724,0.1322602091608414,0.7504164767583724,0.09338080766420166,0.23768114921132874,-0.15003876992102072,-0.14890837273856997,0.09655346938078932,0.33387831355974,1.0,0.6947223512366637,0.6787414553532527,0.34875453817387747,-0.25692469411348423,-0.27564978327771383,0.3140723263603525,-0.14772884564291625,0.5170794031310226,0.5626226291037583,0.00791315912399802,0.7045742260821563,0.37398451709321967,0.16136333875624193,0.7448849709201154,0.15786910183371444,0.3037535574771136,-0.02497168213257647,0.022213971135911257,0.15029553489851694,0.3983052895886202,0.8535583856695867,0.6970096243809929,0.5848253235058524,0.3836124408821698,-0.1364113913365067,-0.20309177726707137,0.33079186601874855,-0.09268630624990332,0.5441454603698201,0.5584332180753152,0.08126981230204582,0.6949987700288878
0.5644694554624541,-0.06375739121835998,0.45937976323550805,-0.24723445787534176,-0.04115355682162156,-0.14683946230403516,-0.5150320051796331,-0.40240726893827583,0.18642353458343905,0.7095249159663963,0.9559851697534336,0.5933579540963013,0.3041272462968198,-0.1523559171447729,-0.33182175379410106,0.6668973387375408,-0.26786771021553474,0.13198740786449328,0.3029675626040901,-0.4357543793231243,0.5637492038097277,0.7202140011347566,0.355691178322677,0.7202140011347566,0.16800410307935604,0.2788044525385447,0.08071013508752285,-0.2918843701902727,0.04810625662072319,0.443914816982389,0.6947223512366637,1.0,0.6650295670933046,0.3470729329996762,-0.02042794968611433,-0.2224625204701927,0.6731998529523542,-0.12157195587767157,0.20942120136959716,0.38270974247446926,-0.34089077460112105,0.6118858466732392,0.6838623126572985,0.32390237763137625,0.7441187777769891,0.23089400225591913,0.30777980653444903,0.23080925332340063,-0.12265099583920008,0.1440394679549592,0.4581297188082791,0.7094260402677309,0.9737261658137598,0.5854702629375846,0.3962203884569252,0.0978751305855255,-0.1445990748580476,0.6808046770555163,-0.05429384151286614,0.26477978502606087,0.3944974962356399,-0.2363385927545631,0.6074869087496885
