Fp1,Fz,F3,F7,FT9,FC5,FC1,C3,T7,TP9,CP5,CP1,Pz,P3,P7,O1,Oz,P8,TP10,CP6,CP2,C4,T8,FT10,FC6,FC2,F4,F8,Fp2,AF7,AF3,AFz,F1,F5,FT7,FC3,FCz,C1,C5,TP7,CP3,P1,P5,PO7,PO3,POz,PO4,PO8,P6,P2,CPz,CP4,TP8,FC4,FT8,F6,F2,AF4,AF8,O2,P4,C6,C2
1.0,-0.2557029291379339,-0.2107104415659848,0.31379504586774104,-0.04307035630163998,0.24333954101176047,0.03769548115360663,-0.0910091449263863,0.46330711846811207,-0.09928597426261118,-0.404311767639204,-0.05694729098417119,-0.009307970959818937,0.3329410148242151,0.6666477539888603,0.5723063953938367,0.032564097052625876,-0.3392642421646431,-0.3842453349727696,-0.1344280462622854,-0.2992466377709072,-0.10229898933826549,-0.15289480123193952,-0.10229898933826549,0.020492448562202774,0.15608557412199975,0.29642180091457915,0.2060678821462247,0.06108516580586018,0.46732938495922755,0.020756078764663233,-0.29721906599930015,0.027322311145837053,-0.004823248068644881,0.2994176774707006,0.5589638944658747,0.5517168659407855,0.07013023844506901,-0.32256015834413265,-0.37948391107749285,-0.07820401340845785,-0.23499477651290182,0.7879305421884475,-0.2264959954946748,-0.004023153077305842,0.023985398337716044,0.026022338763795748,0.21559692805918815,0.17132298408581623,-0.05736148119768496,0.42576293394240977,-0.1543552976414021,-0.3306750554388174,-0.0734764848770912,-0.009404808371213337,0.2752997879482153,0.6210515593880301,0.4745316270205832,0.02726853744294368,-0.3724809761279986,-0.3804993475894599,-0.08306557766144165,-0.22419707402030747
-0.2557029291379339,1.0,0.2965385228312766,0.2471301271823096,0.18158390478896183,-0.09993757986663991,-0.03702362860010908,0.2611433967622961,0.25303049289897794,0.3068354700816903,0.8148663362304265,0.32004320373346185,0.3566621397960827,0.07745311803142871,-0.1329387712120077,0.05266463924836368,0.24242026207542988,0.7995945486684891,0.46070302050324063,0.2849258903223952,0.3122699094324811,0.2803384269207804,0.5361718763928798,0.2803384269207804,0.16457138670605276,0.14881422197253816,0.11158783293067517,0.05304532377206936,0.34355899147643265,0.40120207702169836,0.314571663755527,0.8443696385556003,0.3552355687505684,0.5110654698179118,0.24356013603549215,-0.01904350340405493,0.09401809024284188,0.24878818726018279,0.7950934525130936,0.5066048708320471,0.3729887159263737,0.39626557630051035,0.012979452953173211,0.6622321313093541,0.3170028236259917,0.2380046632762408,0.19727820391354212,0.13740756750964597,0.1875359711611227,0.34178950552537857,0.42128430457440136,0.36187750751622255,0.7665029897788537,0.41179138714265995,0.44846025990251215,0.04874847622027986,-0.0690348796335821,0.005695651991179402,0.29959124557257405,0.7584641625948746,0.521911824665209,0.233025532051375,0.3486409897665428
-0.2107104415659848,0.2965385228312766,1.0,-0.12011974952127827,0.3345016418448265,-0.3505753440448969,-0.6145603213696404,-0.2699614992201349,0.12610964023047372,0.18106366024397783,0.20098610948504234,0.08056758558258482,-0.06302715334559236,-0.3197391391360439,-0.13369916906938728,-0.029763407576248346,-0.10558571180085233,0.3579334803861295,-0.10431403923158626,-0.12012016926030798,0.27359191243417996,0.6402300880348889,-0.17597668177543996,0.6402300880348889,-0.3497991574447379,0.13374051042526333,-0.2108160292446536,-0.5326570806465878,-0.25876029934371625,0.16220652015513506,0.15450636701997505,0.21917967692305643,0.2237486808579255,0.018231188359216596,-0.2586873824884364,-0.11835151544172863,-0.09293659469806095,-0.09122306687858725,0.34211523070820327,-0.10351145414862857,-0.14933150505923687,0.2712223603890829,-0.2055673578522648,-0.13472895400672935,0.6602355874395632,-0.29849531853540096,0.2092983241118562,-0.30094111193850487,-0.4907217246518016,-0.24202445074105552,0.1480189435472675,0.12189355561012957,0.12608408851335073,0.11622883832191398,-0.08259846185239826,-0.3945883401215643,-0.1968528828821737,-0.1413923055773368,-0.08236058362817891,0.35542195890013967,-0.08231646871633372,-0.18589606335376743,0.29265671169378404
0.31379504586774104,0.2471301271823096,-0.12011974952127827,1.0,0.16164859015293964,-0.12545866435725525,0.00829080973528837,0.00907372564249184,0.2707060172927387,0.09850342622069268,0.0799959986842597,-0.23107000218576992,0.5267963530069439,0.10809614563348048,0.06727626767879394,0.34963137998459104,0.12344113581938271,0.18264731514967167,0.05440178772669075,0.27097811277113937,-0.450900456502679,-0.23631655141101435,0.19100662516207395,-0.23631655141101435,0.2038021150515527,0.1887496461243967,0.07043088254691869,0.22522068139668022,0.12161570526610346,0.26459863598590494,0.14278217293224918,0.16605844452647203,-0.17008759335117923,0.5261139731291797,0.13607550031093976,0.05093019535702387,0.38330781451182006,0.09772452236988384,0.18457796650044092,0.09745444391020461,0.2743135453827097,-0.3451781297088472,0.27341760788622294,0.17448354878682498,-0.10909985321227061,0.347914016041842,0.19330293949607902,0.0725919522901239,0.21836960693844412,0.10640996022932314,0.2662134139740319,0.08580500433685462,0.12665809260316893,-0.25795698864468064,0.5482031419343573,0.08876521184655949,0.08447626119101824,0.47300563799703116,0.0923338157827249,0.20258320506454494,0.15333290539015465,0.28610299532127287,-0.3847037498146583
-0.04307035630163998,0.18158390478896183,0.3345016418448265,0.16164859015293964,1.0,-0.4985653824656716,-0.5040062213992361,-0.07561630655629714,0.11058712019740703,0.16206060606509906,0.05311429016653509,0.10951564146793127,-0.12642423041364498,-0.30750696320207693,-0.35128005973429793,-0.3350986792866504,-0.18120309766964773,0.3292833491555595,0.262329339722681,0.45844941899486186,-0.04139153439903205,-0.010692411343201178,-0.040437024900676716,-0.010692411343201178,-0.26992011053644566,0.7506666563660571,-0.27011026942498856,-0.3177290938835337,-0.04814854859979212,-0.012592341158905259,0.024091910042487046,0.06881264291356691,0.11147325314023562,-0.018748357489900502,-0.2693179310624363,-0.37326539146331883,-0.29940632244915716,-0.19594746120923404,0.2651330805143851,0.23403769334432006,0.3800822486748871,-0.04149833013189137,-0.22179920290191657,-0.07812456722036809,0.09812128245081236,-0.20892384974584594,0.8163601948503646,-0.3588426177274415,-0.3586169877052612,-0.022892183117100128,0.009844637703012185,0.05403244651368885,0.028627224078225513,0.08208015015089926,-0.06966773407446711,-0.35991215046918623,-0.3788976965677963,-0.252911277895068,-0.1966802927708722,0.3198669391333739,0.27228150487448033,0.44929657898986514,-0.0336742255303315
0.24333954101176047,-0.09993757986663991,-0.3505753440448969,-0.12545866435725525,-0.4985653824656716,1.0,0.7593214708508521,0.5810697610253264,0.2799424546415937,-0.3788985580420069,-0.13743495950689325,0.4067669457628559,0.16510444088711534,0.8984522072375742,0.4982715210745881,0.19097841024791656,0.5728919228008006,-0.4585387252824381,0.15975710090868755,-0.15917520615463182,0.01645082605972114,-0.045196767996440325,0.21566512406304472,-0.045196767996440325,0.4101383514675192,0.014217112691203208,0.7047758038871554,0.7016712023536007,0.4743217471645427,0.4075808013909458,-0.022366116697511904,-0.01325387367429828,0.3162210834741952,0.15662093255375917,0.8228560070183095,0.5529409575839728,0.2591412558048337,0.6183139753749075,-0.2998434591170785,0.22819701645477095,-0.10067731773257961,0.05841564379311146,0.44673752979119047,0.1854315731085421,0.045465603564277826,0.35755763474361446,-0.149455778021577,0.8026869185761147,0.7060757807688234,0.4201041556722363,0.4010622559961002,-0.22714952941835495,-0.0004959187116118674,0.32114589867422844,0.22535668130834358,0.855444900202768,0.5374300463216609,0.15704538997844925,0.6033888272713971,-0.508851509269001,0.19371945314131409,-0.1785823285015905,0.01582995040912445
0.03769548115360663,-0.03702362860010908,-0.6145603213696404,0.00829080973528837,-0.5040062213992361,0.7593214708508521,1.0,0.4358976642120979,0.09011842744953924,-0.38965435016923955,-0.08425590376151035,0.19670511742990926,0.07543011282869665,0.7220290673100632,0.22814050254228588,0.07982436961357288,0.34250134006541527,-0.3718616653479787,0.21222050061998932,-0.13025062274302493,-0.12025015525382698,-0.36853542398700606,0.22425828480410792,-0.36853542398700606,0.36849719670680603,-0.15456010584054053,0.49465695278076965,0.8592687490676324,0.37579346099713296,0.20462337522910756,-0.1972087945494535,-0.008370764173555534,0.024265542937343097,0.12539425279872327,0.6451901299479954,0.31615386998232936,0.1478991609618607,0.35663893322260476,-0.27483708032846443,0.24886370572537062,-0.066145783687544,-0.07599594416213501,0.21631605364776374,0.23277287358733237,-0.38544192913191033,0.30815705187393194,-0.236947689244529,0.6085515278628792,0.8737443840114578,0.2862045432147455,0.18170895229400758,-0.26795271011049,-0.00738964511474182,0.10729983613353619,0.1605510615671627,0.6765940147300447,0.3174916351348647,0.11444163051220638,0.37297086876606267,-0.3903584127027224,0.23148780930555607,-0.108368096087649,-0.10763378023631691
-0.0910091449263863,0.2611433967622961,-0.2699614992201349,0.00907372564249184,-0.07561630655629714,0.5810697610253264,0.4358976642120979,1.0,-0.05773780035994063,0.02833430859686023,0.2940015871010021,0.5586224148334966,0.30502855482826935,0.557259211267683,0.14856937655693617,-0.2632885427991344,0.7563390749285046,0.14638155190583405,0.3271126501902293,0.5726801478156894,0.11169376014201758,-0.08742189364313517,0.49190948604717866,-0.08742189364313517,0.43675033359726945,0.31798581056874636,0.4807133359807306,0.4660188791935409,0.7513104871955416,0.10073927675837892,0.2992682847377679,0.37964266340994196,0.4538637186329815,0.3285967335871863,0.6208349867959227,0.2330851844606918,-0.12892038164535152,0.7241341808010328,0.2735089935775126,0.39265017051902407,0.5747406884963938,0.1468937613546164,0.13428133754781316,0.4683549582470019,0.07329378337896986,0.3924622792734703,0.3078583764378149,0.5817168827494282,0.5166859619994234,0.8281939373152742,0.13633631207411204,0.18644771096268445,0.4247376567532248,0.43900196497474825,0.3894997252925081,0.5514826713227342,0.1874754012335158,-0.25273971356234276,0.7619002967977129,0.11536973015694404,0.38008695862896896,0.5424938680202078,0.04228497024962008
0.46330711846811207,0.25303049289897794,0.12610964023047372,0.2707060172927387,0.11058712019740703,0.2799424546415937,0.09011842744953924,-0.05773780035994063,1.0,-0.07537080727951266,0.022801389962259683,0.05805054945692502,0.3455270306815111,0.46011862023512623,0.3436619021570957,0.6459851229808398,0.1040610827133803,-0.0361394210260321,0.1421734339417467,-0.03477232790971761,-0.08279186589372649,0.21256876275627412,0.16449419899793635,0.21256876275627412,0.0914830495707685,0.2257141622284718,0.4284343920943103,0.16600406468330295,0.23194975115191724,0.8889537094580522,0.1519681514174854,0.1905412785573301,0.24939593615670502,0.370593548269762,0.4643919904571708,0.38212688877624307,0.6593899817271012,0.21900026296946518,0.026162978702416847,0.15264416574976286,0.06739803674534318,0.04333570690179182,0.4727364993292347,0.16900748622564693,0.3240768195246497,0.12943924853654867,0.10890237661177897,0.35327823722422896,0.2339573763984088,0.03486987835416474,0.8960187302483045,-0.027980358153550624,0.12581371784156273,0.2167450943963959,0.3319690648063057,0.37733297739027166,0.3531541983575451,0.5597338119333455,0.1729411321924917,-0.11673119716721572,0.14236038147204594,-0.09313646724074282,0.012720671415471353
-0.09928597426261118,0.3068354700816903,0.18106366024397783,0.09850342622069268,0.16206060606509906,-0.3788985580420069,-0.38965435016923955,0.02833430859686023,-0.07537080727951266,1.0,0.5811972013956296,0.3330080859121687,0.35548010923197687,-0.4511445478082174,0.2801462208705561,0.16589246906978786,0.07528340257647603,0.6523294745060858,0.048567858355084946,0.2682173696215878,0.6336396806598212,0.44976328925854786,0.5536308163005578,0.44976328925854786,0.47166672759466605,0.17103816432790267,0.25222830467401747,-0.32868636751668207,0.43570291655093923,-0.004105535300722414,0.8003488280062162,0.568868917791593,0.5176458065244051,0.4431389745980287,-0.2057569940175493,0.3224211861863663,0.265681515851591,0.1806444321303183,0.6896730060199596,0.03536864697148079,0.396277574713138,0.6742011036256751,0.21796343468551355,0.5370970825801628,0.44098369147692096,0.48307654558112934,0.32913923449017446,0.09801535852774566,-0.15896897206884808,0.381185323252068,0.08139849708134941,0.923634541910267,0.602308411588671,0.5481740149800425,0.36658502684889305,-0.38207815889467034,0.28862846293511624,0.2546657437418191,0.19914838032269855,0.6258173082593432,0.031944837014494534,0.22262943264207324,0.6312886136570612
-0.404311767639204,0.8148663362304265,0.20098610948504234,0.0799959986842597,0.05311429016653509,-0.13743495950689325,-0.08425590376151035,0.2940015871010021,0.022801389962259683,0.5811972013956296,1.0,0.47724733366200567,0.42718992042923964,-0.06833310238926836,-0.08477660262230177,-0.06524907359218929,0.24600033913082617,0.8444179693511764,0.4342206916687766,0.3370619352700642,0.5556082309905108,0.3948935996716426,0.6519037551243523,0.3948935996716426,0.39872094362788285,0.10765600382386609,0.21202865433797927,0.01360008034218666,0.4934174545414997,0.2179665507856268,0.5768107551613949,0.9108075123985713,0.5111571362838969,0.5616044709844034,0.1702966475220145,0.0662069313315585,0.04089559337358865,0.31020707055245633,0.8666240701786064,0.46371195327246145,0.44990616973571523,0.6108341783294535,-0.015041607440406737,0.7343738678808147,0.4159540116840259,0.409015010393181,0.19933502634222988,0.21856203121731138,0.09610470019316054,0.4917832022856779,0.26126613733281273,0.6416607107594374,0.8896774961981794,0.5638935590039376,0.5097528867497262,-0.025808026037534074,0.01217628740792715,0.0020328226350887287,0.364497273758846,0.8084474823266747,0.4705577589176152,0.3004379644205597,0.5505203885104327
-0.05694729098417119,0.32004320373346185,0.08056758558258482,-0.23107000218576992,0.10951564146793127,0.4067669457628559,0.19670511742990926,0.5586224148334966,0.05805054945692502,0.3330080859121687,0.47724733366200567,1.0,0.07980506466702479,0.3532562986306272,0.3101449256177064,-0.09313669469916798,0.4106519473415311,0.2370949809354142,0.3173017931543951,0.2268988819011146,0.5269067894522641,0.2826137116289431,0.481103589034292,0.2826137116289431,0.396664562335374,0.43309223180567097,0.5843947324134979,0.31733548077632673,0.6232873867190197,0.26403315684100426,0.39068250835912394,0.46455336302267597,0.8885558836653851,0.23613303648386696,0.4525529549389738,0.4082943830025154,0.014534007913373073,0.511417421020637,0.3418677506656013,0.35332162808550455,0.2987908848118479,0.552152544993193,0.28109234563211344,0.46064226411494574,0.4761220578357372,0.3560752142592122,0.4612422802647611,0.5806528804941821,0.3853027907722728,0.6865816909399457,0.3298091589225015,0.3538536980203656,0.4784395546911663,0.7797770535556602,0.21455962747956142,0.3652658545010981,0.38939410841628075,-0.09969220132402959,0.5715238819355253,0.19698079821985343,0.3431453645168107,0.24128333200063384,0.5159694781451981
-0.009307970959818937,0.3566621397960827,-0.06302715334559236,0.5267963530069439,-0.12642423041364498,0.16510444088711534,0.07543011282869665,0.30502855482826935,0.3455270306815111,0.35548010923197687,0.42718992042923964,0.07980506466702479,1.0,0.24032903101802533,0.22297017201938776,0.31295432736931167,0.42601261843159455,0.2860992890923354,0.20613351466432564,0.3891404900178246,0.0029608260717429217,0.13907658124210373,0.5258229225122968,0.13907658124210373,0.5220047939258957,0.06296002141542265,0.4272384424144405,0.22804738813605469,0.49056215562858346,0.31629113932686403,0.46963514211354584,0.5138919601241838,0.1773231129456311,0.9261740835688058,0.345721124859965,0.3144995444010931,0.4036457782815158,0.49309831110379737,0.39791243197733056,0.29056617282827635,0.48096811621786034,0.11786290824271732,0.24941778234234846,0.5485569777899727,0.23324219139863994,0.6076335496005885,0.055937584912750124,0.4195706917906715,0.25777570408289235,0.372148789541135,0.3825592373011785,0.37342163762700176,0.5007733589133733,0.16496663967793565,0.9472457030022364,0.2579321342132836,0.2573342086855266,0.3780037009407934,0.46917299796742123,0.2321780120193938,0.29558823298733927,0.27506069464620025,0.027314977351045662
0.3329410148242151,0.07745311803142871,-0.3197391391360439,0.10809614563348048,-0.30750696320207693,0.8984522072375742,0.7220290673100632,0.557259211267683,0.46011862023512623,-0.4511445478082174,-0.06833310238926836,0.3532562986306272,0.24032903101802533,1.0,0.3758927262277803,0.25178023174250647,0.5365400442412562,-0.3344567003070316,0.30903087612666313,0.017046570385290862,-0.09161201515545023,-0.055628974405617836,0.2731724472976785,-0.055628974405617836,0.37465580605016163,0.17990278784316233,0.6714678377868373,0.7968260774700787,0.5074955840928119,0.5967452238940766,-0.03468565720335113,0.0922896350206502,0.288653695814087,0.28658444998728483,0.9495614067213819,0.4594218046504554,0.3403689757928087,0.5897213049385078,-0.19400850262479435,0.36912948133842016,0.07964486354674215,-0.020812704276956955,0.4957368973770556,0.2564073598243432,0.07355016881450228,0.34432123818421556,-0.001316005913228652,0.7779961545026953,0.7641138831138456,0.43952246988597216,0.576839729340459,-0.27537904053300843,0.06602412012911915,0.257700665714982,0.33173746650107727,0.9525033798050877,0.44412974564429597,0.23746665254328572,0.5762593758212978,-0.3868508305914942,0.3612870705602447,0.018167585103430972,-0.06337586785966033
0.6666477539888603,-0.1329387712120077,-0.13369916906938728,0.06727626767879394,-0.35128005973429793,0.4982715210745881,0.22814050254228588,0.14856937655693617,0.3436619021570957,0.2801462208705561,-0.08477660262230177,0.3101449256177064,0.22297017201938776,0.3758927262277803,1.0,0.5714576042090679,0.34712077820056975,-0.20934178287545235,-0.17965966940468397,-0.20347727040502656,0.22822797215087595,0.22349543730106475,0.2510598615690574,0.22349543730106475,0.49489081320353207,0.08458052027512923,0.7234784805894403,0.2918961771302976,0.43129340502563324,0.47042935152571214,0.4024792198899666,0.04074304516938787,0.4419147274956044,0.2860357901210657,0.43522264309559916,0.9664690023810535,0.6352538075750261,0.45601307227076254,-0.06996565607377608,-0.14999106752476646,-0.046896866205649645,0.3023906149380429,0.8932506110729945,0.19292643017141223,0.2768696006097903,0.4730213932343198,-0.009824558737276917,0.6354586154001918,0.3917143641694563,0.2654311988448013,0.49837074320183256,0.28259191449065885,0.04847993905515559,0.44072997466617325,0.2668440783593907,0.3613361616661346,0.9678560518912002,0.5499822457737698,0.4206846860784596,-0.2539307770004823,-0.19165134996154615,-0.21924188670943134,0.2819185919793815
0.5723063953938367,0.05266463924836368,-0.029763407576248346,0.34963137998459104,-0.3350986792866504,0.19097841024791656,0.07982436961357288,-0.2632885427991344,0.6459851229808398,0.16589246906978786,-0.06524907359218929,-0.09313669469916798,0.31295432736931167,0.25178023174250647,0.5714576042090679,1.0,0.0511488058144677,-0.1146638416727862,-0.14888566479183926,-0.36655046930925145,0.05279669994437912,0.2610212670079611,0.19302553326305563,0.2610212670079611,0.2623768103757431,-0.17058627237250534,0.4717382304065034,0.09977372590987697,0.1409201956221075,0.648356448985791,0.28536157683181224,0.062383033703356135,0.1562447854248365,0.31409175626377867,0.2761145212476898,0.5763491864923164,0.960499498283041,0.15751582107194567,-0.06849899071741627,-0.15612806185843695,-0.20863432913536878,0.15176385453102223,0.67796175750532,0.18673149870856348,0.274682915469975,0.32174505712686535,-0.2418551201037207,0.3677737974442746,0.2562248764348267,-0.026406174801806976,0.660223031591692,0.18702275480716238,0.05533504568723758,0.10125651102707567,0.2965561410226372,0.27893016519115843,0.6066602019237392,0.8785967099207553,0.12811640452852804,-0.1499485331275453,-0.17088266215232428,-0.3554563206290904,0.14713054252028296
0.032564097052625876,0.24242026207542988,-0.10558571180085233,0.12344113581938271,-0.18120309766964773,0.5728919228008006,0.34250134006541527,0.7563390749285046,0.1040610827133803,0.07528340257647603,0.24600033913082617,0.4106519473415311,0.42601261843159455,0.5365400442412562,0.34712077820056975,0.0511488058144677,1.0,0.15958501133742461,0.32907559142909093,0.4127249370208199,0.13831454021551853,0.10091574678541718,0.5794272718407589,0.10091574678541718,0.5744166771431444,0.15702589013938206,0.6357180577916425,0.41028683097680574,0.7202676605072141,0.27269755900013265,0.49540385498465844,0.43419704893454675,0.4782514403734308,0.4695877540746351,0.634472556963316,0.4310657373285987,0.17971227777253782,0.9623504264483657,0.3056581205103049,0.40965347597363083,0.45528710800827626,0.22652319416460642,0.3185789681346838,0.5272879104919472,0.25693950171749025,0.569380579909811,0.21788266047756621,0.699481052506817,0.4825231388882322,0.7199902873549232,0.301174164011741,0.2941506166106413,0.48055856710329053,0.40232997483163796,0.5230997218223477,0.5535363970207299,0.34414575890698845,0.10342240974452643,0.9616764770511774,0.14703855973071828,0.37473670827904304,0.3799568007355924,0.13030957468258486
-0.3392642421646431,0.7995945486684891,0.3579334803861295,0.18264731514967167,0.3292833491555595,-0.4585387252824381,-0.3718616653479787,0.14638155190583405,-0.0361394210260321,0.6523294745060858,0.8444179693511764,0.2370949809354142,0.2860992890923354,-0.3344567003070316,-0.20934178287545235,-0.1146638416727862,0.15958501133742461,1.0,0.3419178445249245,0.4653929883397197,0.4628427663602618,0.39721532070770815,0.5795756486782966,0.39721532070770815,0.2358186509020271,0.19805551169193486,-0.03399757823222158,-0.24537460187743126,0.3487164922477107,0.10410442374039224,0.5975646100448221,0.8472382067281305,0.37134134558773124,0.433235459180079,-0.07873157737454249,-0.10445298702122925,-0.029538229143899166,0.18109885086380703,0.9730879237452051,0.34564621658253575,0.5346550523140439,0.5257964123673111,-0.10930475190401477,0.6389482906004755,0.39268399730494147,0.270782698101485,0.3695180390652737,-0.07047471097111781,-0.13564365843773382,0.35731972159126635,0.1278638528919498,0.6766250723435221,0.8204427381183839,0.4218381281651847,0.35431987832169853,-0.31781488979600153,-0.16682588820260508,-0.06134266021687811,0.2224582390919105,0.9818286068966218,0.36643638666653644,0.4224992218414223,0.47199587383089037
-0.3842453349727696,0.46070302050324063,-0.10431403923158626,0.05440178772669075,0.262329339722681,0.15975710090868755,0.21222050061998932,0.3271126501902293,0.1421734339417467,0.048567858355084946,0.4342206916687766,0.3173017931543951,0.20613351466432564,0.30903087612666313,-0.17965966940468397,-0.14888566479183926,0.32907559142909093,0.3419178445249245,1.0,0.3661223064462463,0.3579983663757266,0.14688567588593066,0.6236620928219309,0.14688567588593066,0.47956473225030294,0.4197181843133375,0.3366041918055902,0.27509136701967213,0.4920979337993587,0.20150036859972306,0.23380143847132204,0.505043336142401,0.3713952722185667,0.3496026483724449,0.4089038845617582,-0.044731646385627856,0.031136272513289646,0.39522088140824946,0.42357718465407257,0.9853624125340439,0.4366227738372751,0.38561343995276187,-0.003283158334086123,0.640623391610414,0.18420295208051443,0.4982552696050436,0.39886372974797357,0.4043219679063918,0.30966272579393606,0.5017123433429391,0.27063081377747444,0.2447876548530101,0.5200900699744772,0.48453408217971977,0.36343490017153673,0.3673574414901026,-0.0875957851364288,0.10645170118394419,0.38329737356656435,0.3106300651116515,0.9743387442645816,0.32292338707398655,0.3358224210014927
-0.1344280462622854,0.2849258903223952,-0.12012016926030798,0.27097811277113937,0.45844941899486186,-0.15917520615463182,-0.13025062274302493,0.5726801478156894,-0.03477232790971761,0.2682173696215878,0.3370619352700642,0.2268988819011146,0.3891404900178246,0.017046570385290862,-0.20347727040502656,-0.36655046930925145,0.4127249370208199,0.4653929883397197,0.3661223064462463,1.0,-0.05732933421321024,-0.11986646021852235,0.461012842698712,-0.11986646021852235,0.2635966225540066,0.47580045741634064,0.07883209620903511,0.09507373925029255,0.53299936851075,-0.05801565075575908,0.3922547183482129,0.40759854823004277,0.25367144070808256,0.4229366177904205,0.14579440919725567,-0.13287699376039527,-0.22342208248011536,0.38702973880080777,0.5014347470216866,0.3787816288938924,0.9622974622891896,0.0009616114504764316,-0.10723838827099709,0.4177053264112455,0.04749469860889237,0.26243614711275276,0.5974903127628295,0.09849848031982196,0.06213951718421338,0.5917288908389489,-9.067451237133813e-05,0.3435657053940788,0.43722903493764076,0.17248439763259749,0.43121642050444564,0.04659534213685744,-0.1911328130271696,-0.2450084321091095,0.3965562531426292,0.45558090926133504,0.3979987821692165,0.965382118904383,-0.08552241152687522
-0.2992466377709072,0.3122699094324811,0.27359191243417996,-0.450900456502679,-0.04139153439903205,0.01645082605972114,-0.12025015525382698,0.11169376014201758,-0.08279186589372649,0.6336396806598212,0.5556082309905108,0.5269067894522641,0.0029608260717429217,-0.09161201515545023,0.22822797215087595,0.05279669994437912,0.13831454021551853,0.4628427663602618,0.3579983663757266,-0.05732933421321024,1.0,0.7487737957829198,0.5544808662713843,0.7487737957829198,0.477162347213288,0.1169115073005942,0.4109183727199049,-0.17767227583939355,0.45057461574778807,0.12218056742309791,0.6395198829289686,0.5589163065187961,0.6767778118887208,0.1681832217976065,0.12630565998624407,0.3398559264270268,0.17577051591165127,0.2783216407536179,0.5407352389791155,0.33325218379807797,0.10723870504533162,0.9785759875687151,0.18459568823339642,0.5618064997849246,0.6319130313000121,0.41389998511881115,0.16919268727280282,0.32707217879052003,-0.013461436310789198,0.3952706733055996,0.18064001320638282,0.7139544639361438,0.5788048906009036,0.7958927145387967,0.09107107489790887,-0.014367548395139828,0.2747593521921687,0.1211723803263439,0.2890160630159056,0.41647117873144607,0.31376021124116626,-0.09832419416700695,0.9759650153606686
-0.10229898933826549,0.2803384269207804,0.6402300880348889,-0.23631655141101435,-0.010692411343201178,-0.045196767996440325,-0.36853542398700606,-0.08742189364313517,0.21256876275627412,0.44976328925854786,0.3948935996716426,0.2826137116289431,0.13907658124210373,-0.055628974405617836,0.22349543730106475,0.2610212670079611,0.10091574678541718,0.39721532070770815,0.14688567588593066,-0.11986646021852235,0.7487737957829198,1.0,0.34257996262752494,1.0,0.2523809980731362,0.10786595156235024,0.30216088669099433,-0.3225107775060991,0.21176977686070247,0.3827663682263627,0.6019493458970823,0.4929781209074657,0.5392162149608022,0.23151754026190519,0.1266712776419425,0.31956505943412833,0.3248361515246394,0.2519386397183094,0.46988232571367006,0.14674590486698902,0.025100209921911896,0.7534559593165598,0.21316785979202185,0.34448617616342403,0.9145754608198171,0.24575501657880147,0.11951287194850423,0.20016313024132676,-0.19303776403984946,0.16582544306120658,0.4028375071676255,0.5503743008583143,0.47075110818030214,0.5326459271633772,0.16024566272344598,-0.008361762292175777,0.24059322800248475,0.25266350325923537,0.2320045017057429,0.3711158400057895,0.15904066458720778,-0.1658945607875571,0.7733915600263997
-0.15289480123193952,0.5361718763928798,-0.17597668177543996,0.19100662516207395,-0.040437024900676716,0.21566512406304472,0.22425828480410792,0.49190948604717866,0.16449419899793635,0.5536308163005578,0.6519037551243523,0.481103589034292,0.5258229225122968,0.2731724472976785,0.2510598615690574,0.19302553326305563,0.5794272718407589,0.5795756486782966,0.6236620928219309,0.461012842698712,0.5544808662713843,0.34257996262752494,1.0,0.34257996262752505,0.8603492281897477,0.27136838140138864,0.6726002294028782,0.34608195256259183,0.8425255107238707,0.36096129262634785,0.7678997569025751,0.8009423076978538,0.6425564829573281,0.6700995459108317,0.49684375984108375,0.4201236196592637,0.38471375391104035,0.6929102007699697,0.7023318989804206,0.6513786152167538,0.6254390623036068,0.6599041017298956,0.3418432127350187,0.9757643682063336,0.3852635142224884,0.8604762429835753,0.34524726147413565,0.6808202668464828,0.4983387433346358,0.7710601884668994,0.4340341605522662,0.7263152958062609,0.8542760301318547,0.7224101794838482,0.6607008866006647,0.36564507555757286,0.36118049312004963,0.33413063861954373,0.6942493109650665,0.5410375842773436,0.6420881607191093,0.429829078715945,0.5857072364169433
-0.10229898933826549,0.2803384269207804,0.6402300880348889,-0.23631655141101435,-0.010692411343201178,-0.045196767996440325,-0.36853542398700606,-0.08742189364313517,0.21256876275627412,0.44976328925854786,0.3948935996716426,0.2826137116289431,0.13907658124210373,-0.055628974405617836,0.22349543730106475,0.2610212670079611,0.10091574678541718,0.39721532070770815,0.14688567588593066,-0.11986646021852235,0.7487737957829198,1.0,0.34257996262752505,1.0,0.2523809980731362,0.10786595156235024,0.30216088669099433,-0.3225107775060991,0.21176977686070247,0.3827663682263627,0.6019493458970823,0.4929781209074657,0.5392162149608022,0.23151754026190519,0.1266712776419425,0.31956505943412833,0.3248361515246394,0.2519386397183094,0.46988232571367006,0.14674590486698902,0.025100209921911896,0.7534559593165598,0.21316785979202185,0.34448617616342403,0.9145754608198171,0.24575501657880147,0.11951287194850423,0.20016313024132676,-0.19303776403984946,0.16582544306120658,0.4028375071676255,0.5503743008583143,0.47075110818030214,0.5326459271633772,0.16024566272344598,-0.008361762292175777,0.24059322800248475,0.25266350325923537,0.2320045017057429,0.3711158400057895,0.15904066458720778,-0.1658945607875571,0.7733915600263997
0.020492448562202774,0.16457138670605276,-0.3497991574447379,0.2038021150515527,-0.26992011053644566,0.4101383514675192,0.36849719670680603,0.43675033359726945,0.0914830495707685,0.47166672759466605,0.39872094362788285,0.396664562335374,0.5220047939258957,0.37465580605016163,0.49489081320353207,0.2623768103757431,0.5744166771431444,0.2358186509020271,0.47956473225030294,0.2635966225540066,0.477162347213288,0.2523809980731362,0.8603492281897477,0.2523809980731362,1.0,0.16409108872153552,0.8088751064610611,0.46470835917089226,0.8258373056235635,0.2800583499676888,0.7151308495675194,0.5293422808954777,0.5467257066754535,0.6268731561663854,0.5508487512362864,0.6260359374587471,0.4763323401350578,0.7094558712081601,0.4029520737459208,0.5051976725734135,0.4265925862214576,0.5581890117076985,0.5170804967482796,0.7876660835933538,0.2838719371073538,0.9702804532414611,0.18520699386002054,0.8107089134549923,0.5498594365832957,0.7130134618381306,0.3467334228815018,0.6375320994899394,0.580499238833564,0.6217092056996331,0.6353925443810405,0.45468621042316687,0.5749094680972311,0.4874560649057912,0.6821018102029679,0.19053832033099344,0.48718362859591785,0.22547605825820402,0.48330796680396465
0.15608557412199975,0.14881422197253816,0.13374051042526333,0.1887496461243967,0.7506666563660571,0.014217112691203208,-0.15456010584054053,0.31798581056874636,0.2257141622284718,0.17103816432790267,0.10765600382386609,0.43309223180567097,0.06296002141542265,0.17990278784316233,0.08458052027512923,-0.17058627237250534,0.15702589013938206,0.19805551169193486,0.4197181843133375,0.47580045741634064,0.1169115073005942,0.10786595156235024,0.27136838140138864,0.10786595156235024,0.16409108872153552,1.0,0.2671553698504894,0.11881451290988759,0.3868921309309552,0.2885713644390662,0.24735755577426546,0.18376205208645172,0.4449725762976223,0.2243561687977833,0.2511708140905349,0.12023059484596735,-0.04263821462821059,0.22177684416541207,0.25442483246964503,0.4157130238623705,0.4813832322376877,0.15004050253036266,0.20903555577914631,0.19765484344805875,0.27200888081218727,0.20126642700074024,0.9342897592650695,0.21807610374545,0.09448832129448868,0.3752562217743194,0.32306287288201646,0.1637493017189199,0.19314967916422848,0.463068146794562,0.2188118381132302,0.17216249518253263,0.1361847044520354,-0.04582660860947266,0.21368845701264355,0.17837976727821184,0.44229563136985883,0.492518555612074,0.13039547574055937
0.29642180091457915,0.11158783293067517,-0.2108160292446536,0.07043088254691869,-0.27011026942498856,0.7047758038871554,0.49465695278076965,0.4807133359807306,0.4284343920943103,0.25222830467401747,0.21202865433797927,0.5843947324134979,0.4272384424144405,0.6714678377868373,0.7234784805894403,0.4717382304065034,0.6357180577916425,-0.03399757823222158,0.3366041918055902,0.07883209620903511,0.4109183727199049,0.30216088669099433,0.6726002294028782,0.30216088669099433,0.8088751064610611,0.2671553698504894,1.0,0.5809988884280125,0.8155163268483216,0.607893854130359,0.5762241236235927,0.379289620011409,0.7090975547045044,0.5601618623809632,0.7763043284911647,0.8431818706890807,0.6336030173715749,0.7858161494599697,0.1579221356230124,0.3726054194037396,0.2565481873965977,0.5135560425238249,0.7187982383471297,0.6064639168942438,0.4061847467555014,0.7791800910115244,0.21237038717869933,0.9630370370348348,0.6827240230390254,0.6570705765484209,0.6603768613441419,0.3990306904348672,0.39775475168746605,0.6997327532899126,0.5567811384637692,0.690937197997976,0.7983595811423282,0.5452699544864387,0.7616676404241829,-0.1041548631909362,0.3426213806860622,0.0505290436313573,0.4501177720331839
0.2060678821462247,0.05304532377206936,-0.5326570806465878,0.22522068139668022,-0.3177290938835337,0.7016712023536007,0.8592687490676324,0.4660188791935409,0.16600406468330295,-0.32868636751668207,0.01360008034218666,0.31733548077632673,0.22804738813605469,0.7968260774700787,0.2918961771302976,0.09977372590987697,0.41028683097680574,-0.24537460187743126,0.27509136701967213,0.09507373925029255,-0.17767227583939355,-0.3225107775060991,0.34608195256259183,-0.3225107775060991,0.46470835917089226,0.11881451290988759,0.5809988884280125,1.0,0.47843095926457635,0.3564657412325367,-0.07231901254863116,0.11991324813614289,0.1697480061375829,0.3442841885202824,0.7582677403369694,0.40607248070148005,0.200932464435782,0.45484644690555814,-0.13639845279883156,0.32401080977252383,0.1535039814657883,-0.09204890742047639,0.3776708296691781,0.3245560110052486,-0.22115203608872486,0.42046995921299396,0.030885963949530377,0.7002531509614962,0.9263357924474064,0.39288896887340874,0.3262153274351774,-0.22991022079734802,0.09675123185737326,0.1617987485837118,0.3604097165796058,0.756206416193643,0.408357557321446,0.15557933312601274,0.46308071911945287,-0.26897030820791856,0.32727969781376703,0.14146518776496025,-0.12245527211807186
0.06108516580586018,0.34355899147643265,-0.25876029934371625,0.12161570526610346,-0.04814854859979212,0.4743217471645427,0.37579346099713296,0.7513104871955416,0.23194975115191724,0.43570291655093923,0.4934174545414997,0.6232873867190197,0.49056215562858346,0.5074955840928119,0.43129340502563324,0.1409201956221075,0.7202676605072141,0.3487164922477107,0.4920979337993587,0.53299936851075,0.45057461574778807,0.21176977686070247,0.8425255107238707,0.21176977686070247,0.8258373056235635,0.3868921309309552,0.8155163268483216,0.47843095926457635,1.0,0.40771484070659325,0.7237471255259494,0.633066884025475,0.7228935652870447,0.6232543419861333,0.6980872660659805,0.5755228166483868,0.3575584958464501,0.8212029782870451,0.5142489155987265,0.518450190290909,0.6687464231192944,0.5458065051219267,0.48547479177743064,0.7870579226377413,0.33478869735106237,0.7722205984102704,0.420724741144133,0.8073308873106402,0.5884405872841088,0.9029999139619498,0.47310507254795975,0.6014655850246334,0.66690210369149,0.7412257198649553,0.6131915836365707,0.5310741896043433,0.5043409893133057,0.25838182415642585,0.8290564882767038,0.2789355841510421,0.49843955437690796,0.4863399752002368,0.4331323522093204
0.46732938495922755,0.40120207702169836,0.16220652015513506,0.26459863598590494,-0.012592341158905259,0.4075808013909458,0.20462337522910756,0.10073927675837892,0.8889537094580522,-0.004105535300722414,0.2179665507856268,0.26403315684100426,0.31629113932686403,0.5967452238940766,0.47042935152571214,0.648356448985791,0.27269755900013265,0.10410442374039224,0.20150036859972306,-0.05801565075575908,0.12218056742309791,0.3827663682263627,0.36096129262634785,0.3827663682263627,0.2800583499676888,0.2885713644390662,0.607893854130359,0.3564657412325367,0.40771484070659325,1.0,0.31723997596597964,0.401906408976254,0.4473084511944458,0.4460624949028125,0.668233239832049,0.5609039548204324,0.7000945398122024,0.40251522666538053,0.19132555043869337,0.22899006620829954,0.09055162298756406,0.2565876851569164,0.6218774358428542,0.36446154550387044,0.48297925329967095,0.3006213959686484,0.16558856504824512,0.5646721761691686,0.44139432657982547,0.23047126082628427,0.983330655586208,0.11018738304920582,0.3389148883640845,0.4255370044539668,0.398210708036839,0.5418442184873931,0.5317879574660532,0.5725539220941301,0.37783186630871063,0.04001411063269618,0.23087837407402612,-0.0638873002687391,0.2370467368782115
0.020756078764663233,0.314571663755527,0.15450636701997505,0.14278217293224918,0.024091910042487046,-0.022366116697511904,-0.1972087945494535,0.2992682847377679,0.1519681514174854,0.8003488280062162,0.5768107551613949,0.39068250835912394,0.46963514211354584,-0.03468565720335113,0.4024792198899666,0.28536157683181224,0.49540385498465844,0.5975646100448221,0.23380143847132204,0.3922547183482129,0.6395198829289686,0.6019493458970823,0.7678997569025751,0.6019493458970823,0.7151308495675194,0.24735755577426546,0.5762241236235927,-0.07231901254863116,0.7237471255259494,0.31723997596597964,1.0,0.6809809598946324,0.6785278938801962,0.5750089546153706,0.23971765867043926,0.5113482198074544,0.4536324215801202,0.6126485327224885,0.7082380008513787,0.2394120223449969,0.5425053021217899,0.7263879229127423,0.40792373784560704,0.696010657472403,0.6408660216237795,0.6959539846983576,0.3721564312974139,0.46922153319861043,0.07048844251744185,0.6305768351282338,0.377839978984782,0.9178513071608213,0.7291972355453502,0.6648652569275979,0.5287808347864809,0.04172066000627442,0.43150966196124896,0.4049445882646844,0.600564438621134,0.5633577107703546,0.23085211426201147,0.34834398530768157,0.6547573109083101
-0.29721906599930015,0.8443696385556003,0.21917967692305643,0.16605844452647203,0.06881264291356691,-0.01325387367429828,-0.008370764173555534,0.37964266340994196,0.1905412785573301,0.568868917791593,0.9108075123985713,0.46455336302267597,0.5138919601241838,0.0922896350206502,0.04074304516938787,0.062383033703356135,0.43419704893454675,0.8472382067281305,0.505043336142401,0.40759854823004277,0.5589163065187961,0.4929781209074657,0.8009423076978538,0.4929781209074657,0.5293422808954777,0.18376205208645172,0.379289620011409,0.11991324813614289,0.633066884025475,0.401906408976254,0.6809809598946324,1.0,0.5858298809126976,0.6720019520881774,0.34034422456141483,0.20953506742991643,0.19842858131205957,0.5174039659667572,0.9103106533479824,0.5470607539855803,0.5461226789312023,0.6542467839686169,0.12261932254608354,0.8600135224435663,0.5308924093242073,0.5411990881218633,0.2841788134506268,0.3796547002775326,0.2560901978284761,0.6068753698136897,0.4373647370257128,0.6859047543033541,0.9684930483218716,0.6258041094676987,0.6061922183105793,0.11004468411655596,0.11955508309559226,0.12560162978932468,0.5503445026072218,0.8025016061861014,0.5559964379343387,0.35605508341097275,0.5897512258804379
