Fp1,Fz,F3,F7,FT9,FC5,FC1,C3,T7,TP9,CP5,CP1,Pz,P3,P7,O1,Oz,P8,TP10,CP6,CP2,C4,T8,FT10,FC6,FC2,F4,F8,Fp2,AF7,AF3,AFz,F1,F5,FT7,FC3,FCz,C1,C5,TP7,CP3,P1,P5,PO7,PO3,POz,PO4,PO8,P6,P2,CPz,CP4,TP8,FC4,FT8,F6,F2,AF4,AF8,O2,P4,C6,C2
1.0,-0.2867530851354293,-0.532881767944756,-0.052442453735335494,0.0643117289778715,0.4343799174086876,-0.35186937463074847,0.0014923445828443414,0.24508866283804284,-0.27607950804346065,0.4629135206928424,-0.47990416203452363,0.3823020283845986,-0.30991173337503203,0.14722796170358854,0.3304386776065522,-0.2445108169998905,0.012622247016706133,0.3690686370024956,-0.507297980242213,-0.09454901053481596,-0.6325069977947709,-0.3475659517760656,-0.6325069977947709,-0.21727400032823624,-0.16610772279333838,0.4710417879191109,-0.41625195380542446,-0.028384478285396014,0.015354120523701987,-0.2893164074421306,0.4413088986528483,-0.4547366113861451,0.19358163833505868,-0.3036570459420815,0.12117921031874011,0.3434289510456238,-0.23930682723830485,0.029926520398913685,0.37846236234778535,-0.6176427871639231,-0.07281450526015097,0.9799665550985113,-0.3043541812552047,-0.6025119552906937,-0.06226598097664411,-0.048624866333506905,0.34076243176059134,-0.37886810423878925,0.006840735637497032,0.1855687540898231,-0.3762331668863969,0.4838380268527539,-0.4293186450458084,0.37614654723744606,-0.257571835509337,0.20539572213526772,0.3447564523911377,-0.23519187122441562,0.011189751199689714,0.44769351297878257,-0.6643859589131572,-0.01868943930686799
-0.2867530851354293,1.0,-0.14361240950159798,-0.401672365776804,0.07732365159131782,-0.6683567486241667,0.8279144247708944,0.3173261943412809,-0.18237051742499313,-0.22111380263518796,-0.13258179591235913,0.6588028693512932,-0.08844307943698067,0.7722148205219117,-0.16624886082136706,-0.7471809575763336,0.43522082087768194,-0.10389980570386242,-0.41280778708677046,0.26034024151708784,0.154998925338248,-0.17069266420328802,0.9703113511900419,-0.17069266420328802,-0.30322248910403177,0.22961724272860543,-0.6347333363396527,0.7393059940035608,0.17901313868849122,-0.10674207154582224,-0.11567706038399217,-0.11643455651413823,0.5834029005075899,-0.018261335710302362,0.736894407203748,-0.144066697852579,-0.8119602424549299,0.41250844617514143,-0.10181420031190605,-0.42857082386540335,0.2914073463344999,0.21818175909899337,-0.24943233135307705,0.9665524079790004,-0.11157886991801846,-0.30072051098883773,0.15505120314707474,-0.6510021321152799,0.8172597666697642,0.18872040873030907,-0.1562432674211909,-0.15431328279214127,-0.06402119389931929,0.6240352525265562,-0.05013693809597736,0.720041036353809,-0.15473198570798824,-0.8063566422449231,0.3885913948376947,-0.13810816351779584,-0.5052176719625504,0.23323448654628315,0.18757060680477583
-0.532881767944756,-0.14361240950159798,1.0,0.5473827703626387,-0.23969492739910495,-0.23617778487854962,0.01621908774073693,0.17688764583666106,-0.013568975997183522,0.3030110503143294,-0.7001649846015677,-0.18080304832710292,-0.3277563011423503,-0.10380201412356675,-0.1660500485175459,-0.075752981212709,0.10614099845015817,-0.2336141027501169,0.21253251391055747,0.5114350120955266,0.04089361308839061,0.8601534075129169,-0.09942160916222237,0.8601534075129169,0.6752037176696912,-0.16700168348018457,-0.3130441162032116,0.026282351268046407,0.2681659770814803,0.042015968560279233,0.265660612159422,-0.7140184788865502,-0.14114544592308287,-0.2666451012726483,-0.09546384131287124,-0.12492329132702938,-0.07677002990380988,0.0861448980066534,-0.18194022283855793,0.19552558969387776,0.5194402489743873,0.005179703933648418,-0.5531122432341774,-0.1435935422122194,0.8853244829249086,0.5249530173434404,-0.15572283175691762,-0.2263153925399877,-0.04879344931251557,0.1502374328818966,0.010825713616285182,0.2741885854016169,-0.7099843461836419,-0.24924121376728112,-0.32849777987186907,-0.12502645388879635,-0.1363708687879256,-0.1123825644181617,0.09052542797469838,-0.16602663952479238,0.05406713905833428,0.5315249836283281,-0.01673829663612168
-0.052442453735335494,-0.401672365776804,0.5473827703626387,1.0,-0.12545938496641684,0.1124586801627651,-0.3337510001063832,-0.16454292848919705,0.013523757744928163,0.15371572118865356,-0.39020879552687737,-0.18445949293804514,-0.27163367501053304,-0.20259631697650654,0.34623294719571707,0.008128447151527754,-0.40406320907037185,0.18793818765182288,0.06733617257985602,0.04837436177227958,-0.03258588522427968,0.40567985568742615,-0.4305744221155785,0.40567985568742615,0.9436144977770392,-0.1346920176407601,-0.003800440818849067,-0.31977529298687857,-0.10127034299422284,-0.18802409694267014,0.09158183050094433,-0.4133798673356382,-0.24975890542973467,-0.27071329013413853,-0.19776264655715498,0.3866049500527688,0.0574566513379835,-0.36334915443373383,0.2354251907999833,0.04719090932181878,0.09947261251281629,-0.03158818112217951,-0.10561360227533728,-0.46928041003042803,0.3220284163608566,0.9673118631506161,-0.01281749577969103,0.013812880691878653,-0.3632714702074318,-0.16230395470048373,-0.02964640348074269,0.10536720474034363,-0.3676481245105639,-0.25556249955710136,-0.24811065151092984,-0.21179777960016058,0.410501828825498,0.06804658951872616,-0.35199248251440945,0.1275901393502797,0.12416159659936686,0.09067770946897934,-0.03520407645371044
0.0643117289778715,0.07732365159131782,-0.23969492739910495,-0.12545938496641684,1.0,-0.02595762250850903,0.0053529730111165985,-0.10846211896452222,-0.16435214268090206,0.14383667266023004,0.041626055979530605,0.0477411475931759,0.08764549232585622,0.04895540022064654,0.03765039237634913,-0.08039705581441295,0.18274712483356437,0.28416524827749123,-0.03932046330562941,-0.10405929960207887,-0.011905970951986778,-0.31087546058841264,0.06753455682885554,-0.31087546058841264,-0.1713055044999238,0.6807651339516564,-0.04817981930302811,-0.029607278023269738,-0.15559544046022078,-0.14316725228733848,0.0538524766797131,0.08257564692278271,0.015642435319752155,0.15250671484260045,-0.011230819665115497,-0.058382471556211735,-0.08475129348741361,0.19965114253772728,0.25280589376196483,-0.0039968716753338305,-0.05859620657786808,-0.034102729788755705,0.04818000995970317,0.07405343472502607,-0.35955451581044434,-0.0878771455594042,0.922965016502313,-0.05265868368199855,0.03776533061381423,-0.0915228141728136,-0.18673086640719222,0.018221811048202873,0.07720194512741312,0.05673042698174829,0.12672615420146818,-0.0632778326900355,0.12259631060338085,-0.07128474293895827,0.23655800264206767,0.07769795239565745,-0.0766199124910379,-0.0751679071195734,0.008462745788961596
0.4343799174086876,-0.6683567486241667,-0.23617778487854962,0.1124586801627651,-0.02595762250850903,1.0,-0.7307953628593263,-0.3681231655556601,0.2721286266043345,-0.19726426933100577,0.4984234393638634,-0.4484745961092039,-0.04808033224893906,-0.4984001939192787,0.42700131950741654,0.7895974405707502,-0.22700354485549037,0.2454738499489016,0.29247416109120705,-0.6080040856144573,-0.12142078319567051,-0.2071074787244366,-0.6717579193209979,-0.2071074787244366,0.004772633373336338,-0.14157416706244355,0.9648400757211946,-0.7434906283927502,-0.3330142893150999,0.17743465452762677,-0.1949218325091365,0.49146186795537083,-0.40646960699112283,-0.08544010315984685,-0.44710297391770837,0.3399560339210379,0.7974412475996656,-0.20846925157525278,0.22867972011442894,0.2991395661855374,-0.6196990129327288,-0.1727694707075896,0.40849765806171257,-0.6369815759346101,-0.1882891467789186,0.13409821812389666,-0.062055870668305195,0.9533089847986831,-0.7085158439246492,-0.22433252265339595,0.2934168876573704,-0.21376000288239375,0.48602603000292216,-0.3891018709617608,-0.046302844472206055,-0.4350097229619353,0.42862635753393763,0.8100414621216835,-0.1946363535885734,0.1592925161661153,0.33293316034673165,-0.6013404533348641,-0.15824113509534357
-0.35186937463074847,0.8279144247708944,0.01621908774073693,-0.3337510001063832,0.0053529730111165985,-0.7307953628593263,1.0,0.4451130201148818,-0.06960411681263592,-0.1424975441347495,-0.3444704784643528,0.5146339158904899,-0.142954654115536,0.7261573314098676,-0.32637881795304147,-0.6464593479084129,0.48335501682601645,-0.2025653931435763,-0.29710346926178366,0.3950119919842945,0.09059201195878887,0.019380358680586632,0.8258666475268407,0.019380358680586632,-0.23990962621508374,0.11071361527229688,-0.6641102411357802,0.9371652496466611,0.36176320176988697,0.035845457430642616,-0.1551670635507158,-0.33236129429390276,0.49690237812120297,-0.09343999995880138,0.6987412463280098,-0.24240799603040708,-0.7450748831495905,0.46652751163365563,-0.2028851430538055,-0.3366298825096771,0.43096335884105147,0.13880634447930937,-0.30944529431873025,0.7689589173478109,0.08099742412181617,-0.3133491937786796,0.012084845996492217,-0.6890327675075737,0.9788683542555808,0.34530329966976947,-0.06964284980616792,-0.06854899634945552,-0.3179746253156213,0.4600299537624812,-0.12294288675208417,0.6691035154200468,-0.35305918838024086,-0.7638565719595394,0.43273267155683276,-0.12724578329912783,-0.35975983005803996,0.3938317643787924,0.08505241732969887
0.0014923445828443414,0.3173261943412809,0.17688764583666106,-0.16454292848919705,-0.10846211896452222,-0.3681231655556601,0.4451130201148818,1.0,-0.11839282077186226,0.02551746573030271,-0.2852401658787655,-0.09751657939090451,0.15434540028875773,0.11986664424977304,-0.5260825560641398,-0.1555304220509273,0.2582187240776604,-0.5031795962866016,0.3846700736179296,0.17253464958615258,-0.13562623803699136,0.12439905925041955,0.33868132324454436,0.12439905925041955,-0.14804556613194492,-0.11741983617825154,-0.33633274037553157,0.3415195507744585,0.95424304334228,0.049615287213152545,0.06446867376323678,-0.19361994769723687,-0.01258917364551999,0.12450783944416977,0.14961844946589004,-0.37270912985431326,-0.1898847617767939,0.22929037465204388,-0.5440231541532925,0.39221390668320416,0.18760983841122045,-0.09247631380436744,0.03230460121821826,0.35124435983989466,0.20837066019848488,-0.21741962695541284,-0.16692236550976913,-0.319696448291671,0.3513395971987768,0.9431412396652087,-0.08543494270362817,-0.008233707617992218,-0.31074670486969175,-0.13600444913681017,0.17103545883804844,0.13218925939183399,-0.490167405607611,-0.17768422090476832,0.21377835346867893,-0.26262355305866397,0.3570431950127325,0.17059606491077528,-0.08961190037372639
0.24508866283804284,-0.18237051742499313,-0.013568975997183522,0.013523757744928163,-0.16435214268090206,0.2721286266043345,-0.06960411681263592,-0.11839282077186226,1.0,-0.23831303838706241,0.14633367076144782,-0.2652972975458488,-0.027845287541027636,-0.09016493863992603,-0.11433344021941122,0.2608174995318095,0.43394035061589525,-0.06469243127811854,0.05802713879009792,-0.07972722299486011,0.4616122535369419,-0.008228193716126715,-0.212898571919746,-0.008228193716126715,-0.005316797567577857,-0.3880468123650705,0.33553461152403735,-0.1008803277045204,-0.07595466645962269,0.8155198867732827,-0.20605302872247339,0.15102495573277605,-0.25478309239449426,0.051499586736798636,-0.05216256222076776,-0.15358640998901174,0.2444900567434924,0.4683059147782663,-0.0476293132535554,-0.027723411102819857,-0.18047874916050138,0.41296919741895405,0.25263233668082696,-0.1989493942235489,0.03139885269256124,0.0017061517506377615,-0.19928991934190995,0.2909882249423798,-0.06278011070729785,-0.13029103421139557,0.9484537578838476,-0.2223352287013282,0.132409812652384,-0.2583197531698272,-0.07178959246139506,0.03743872413962716,-0.07761154132311358,0.20342986109537875,0.4463341166225074,0.04811515277810564,0.018369667148965253,-0.19560716116810586,0.4212746862934584
-0.27607950804346065,-0.22111380263518796,0.3030110503143294,0.15371572118865356,0.14383667266023004,-0.19726426933100577,-0.1424975441347495,0.02551746573030271,-0.23831303838706241,1.0,-0.41907599668427975,0.027724573026032904,0.05692242947951523,0.04452371154753243,-0.012207156069545023,0.014368538689856724,-0.19899022934647811,0.1612162403467188,0.10259118211950806,0.6712521490116846,0.031244006103352033,0.4115857562159189,-0.1040413011525079,0.4115857562159189,0.32250340313085535,0.41129800221455093,-0.20174359801455446,0.03286928831059041,0.1352302566992718,-0.07480574568767388,0.9189079586700316,-0.3366036941415455,0.10182164701301963,0.17965093724323627,0.08727562661933015,-0.042627824493305405,0.07210833019618385,-0.14037174640639982,0.1584495726887349,0.05494068891342955,0.7117253245245009,-0.04117959498928761,-0.31616026280961235,-0.12468968086438709,0.3600869104624411,0.1090836679065728,0.1861804234841546,-0.08471800485245444,-0.07641910252728656,0.14422816569296323,-0.1991746868638261,0.9357007202633446,-0.4514478224729986,-0.009258459476345982,0.04844001578786253,0.05061776254004514,-0.03115080519516014,0.00965362515783803,-0.15782888824057728,0.046436926196184995,0.06649536458938325,0.6868806269269266,-0.04660617544100143
0.4629135206928424,-0.13258179591235913,-0.7001649846015677,-0.39020879552687737,0.041626055979530605,0.4984234393638634,-0.3444704784643528,-0.2852401658787655,0.14633367076144782,-0.41907599668427975,1.0,-0.02684149110674399,0.3269314981714394,-0.3238970048812064,0.221739192711648,0.3670778407064114,-0.22509840023048877,0.12503042085522126,0.0005604654503870313,-0.602069138157508,0.030810099342928568,-0.6136719264526241,-0.21180757113040377,-0.6136719264526241,-0.49193179764978795,-0.07779178183971815,0.5348068208369028,-0.40061068270506467,-0.3530094297011053,0.030764239025101666,-0.2998133469095067,0.9615175215956576,-0.025499186527186826,0.2548940378434259,-0.3159536727808162,0.22839679926783718,0.3784461281035322,-0.25455420063122747,0.07308880804767012,0.02167477093330868,-0.6803344965585261,0.05448707458199078,0.48796324632801713,-0.1626338636445799,-0.599874827543534,-0.33357659745787366,-0.043389789361671774,0.4195319746292361,-0.30700703921479866,-0.25085776026743306,0.0803613145973934,-0.3754692706668135,0.9877932363698754,0.03290155558972902,0.29683688939581565,-0.23948564312130544,0.17745535005712135,0.404184044807541,-0.24653818272217498,0.233433862952761,0.0953261066328818,-0.6201329546782571,0.06889585311585139
-0.47990416203452363,0.6588028693512932,-0.18080304832710292,-0.18445949293804514,0.0477411475931759,-0.4484745961092039,0.5146339158904899,-0.09751657939090451,-0.2652972975458488,0.027724573026032904,-0.02684149110674399,1.0,-0.25873557444304257,0.7520901168642081,0.15975768866457477,-0.5930631749673725,0.164330247863241,0.29767145898019803,-0.5008854614023418,0.2201175804889294,0.15924763530603658,-0.02315949655515261,0.689337164602033,-0.02315949655515261,-0.09187529623788375,0.34906842239439767,-0.4268360656872654,0.5665841725811284,-0.18567130644617724,-0.1246714931620111,0.07877037452920044,-0.007459718606731708,0.9000618675303722,-0.10243168464847555,0.736987993842,0.11775741102179227,-0.60896313626841,0.12268076089160952,0.30216124588840987,-0.5917688011314151,0.3401805113431743,0.1927921321586433,-0.47702922015683513,0.6246840060309403,-0.042861508390806664,-0.13297747998952258,0.158124935698053,-0.4410161172935192,0.6018044633083898,-0.171322084976868,-0.21271197755577267,0.132413741502962,0.014592156379104505,0.9676229558852736,-0.2666484793683902,0.7532459766078214,0.09514488420422267,-0.6302782374886414,0.08944568954551806,0.11601432157258057,-0.6164637618772251,0.3715762039102691,0.14457037700095976
0.3823020283845986,-0.08844307943698067,-0.3277563011423503,-0.27163367501053304,0.08764549232585622,-0.04808033224893906,-0.142954654115536,0.15434540028875773,-0.027845287541027636,0.05692242947951523,0.3269314981714394,-0.25873557444304257,1.0,-0.3601594563675199,-0.33047139745520077,0.2082557525760556,-0.21245798491564163,-0.29538934470945427,0.11855573722446924,-0.12820205029806517,0.021749882333675884,-0.2563640521985398,-0.08378290887901711,-0.2563640521985398,-0.35749034746177016,0.022715540804323354,0.015432141555958751,-0.13612581962895415,0.23961410460377394,-0.1548389828509127,0.05096075059036017,0.3722873305360775,-0.15269266296528267,0.8654073588683512,-0.35146777468425955,-0.13521505070394874,0.23457588268085833,-0.16402840333456198,-0.4230212972145485,0.18101105086739078,-0.18906526997339984,0.02638956931952681,0.38543817557750387,-0.025346409300374725,-0.36786870715447656,-0.3012148478344777,0.005259597997826919,0.007969788433368978,-0.11890359222453407,0.1689614584066989,-0.09235932627213059,0.027859993962214315,0.2751679641024808,-0.18973609195796043,0.9771639311949512,-0.3312448839523378,-0.39681965783950346,0.19873798232069154,-0.17725509988983837,0.2500638735259977,0.44681088371203354,-0.19915282546239818,0.04954313733400235
-0.30991173337503203,0.7722148205219117,-0.10380201412356675,-0.20259631697650654,0.04895540022064654,-0.4984001939192787,0.7261573314098676,0.11986664424977304,-0.09016493863992603,0.04452371154753243,-0.3238970048812064,0.7520901168642081,-0.3601594563675199,1.0,0.09182355827229408,-0.6361244831050474,0.40006610360702055,0.20307044927239995,-0.41522746293572727,0.4108838014386964,0.17046841425585915,-0.0118482114582904,0.7938757567866604,-0.0118482114582904,-0.06946547073131312,0.3050417087755646,-0.4783746008111312,0.7754716530500219,0.031008767261064427,-0.0020397158644689735,0.035298831634845096,-0.2911272201141367,0.6720587864146184,-0.22152008073202273,0.9852909941175935,0.0052167597665048,-0.6699685327018055,0.41061571086126686,0.2354392990385136,-0.5302621830138071,0.47888940396577157,0.1867231307031997,-0.30299456988036355,0.7446417835012027,0.031790168351942226,-0.12042127457050443,0.14186272479149686,-0.47344735891093465,0.7830358514522126,0.05608842733882126,-0.030001144704105313,0.09361394319504554,-0.2600896282136876,0.6874553683338244,-0.3396195792744331,0.9470449611224391,0.08246060614025605,-0.7073463836405983,0.3463834224440159,-0.0933765894676848,-0.5849635973794898,0.4111867582748542,0.15414858771051448
0.14722796170358854,-0.16624886082136706,-0.1660500485175459,0.34623294719571707,0.03765039237634913,0.42700131950741654,-0.32637881795304147,-0.5260825560641398,-0.11433344021941122,-0.012207156069545023,0.221739192711648,0.15975768866457477,-0.33047139745520077,0.09182355827229408,1.0,0.04681693089788317,-0.4339276275536248,0.7055542874358894,-0.06780414286759325,-0.1772352333403262,-0.32385978154502987,-0.19121712216356146,-0.18703898485496898,-0.19121712216356146,0.3396353889659054,0.18597000062885727,0.3075803430967169,-0.3171716989097347,-0.5739804657705238,-0.2605659069677219,-0.06609818446282924,0.15291306166388735,0.070604434420264,-0.3697172450253664,0.06837146070500981,0.8994572443428559,0.05565893467859349,-0.47492461456314483,0.7151163902317178,-0.08677674308818792,-0.15602423096964568,-0.31758748378832485,0.10264428386781108,-0.18833601832521465,-0.2255351368130195,0.41697432481843105,0.1756498800175549,0.2832347451666821,-0.27806222768186223,-0.45260941620652134,-0.13071384806883438,-0.04936511146142523,0.27838160185110744,0.1359218053620872,-0.3379112767635356,0.07513596175382022,0.9567730802954577,0.07684641549901612,-0.4766287110712113,0.3806805259965066,-0.07764174976942792,-0.23230883751400738,-0.3493549695366648
0.3304386776065522,-0.7471809575763336,-0.075752981212709,0.008128447151527754,-0.08039705581441295,0.7895974405707502,-0.6464593479084129,-0.1555304220509273,0.2608174995318095,0.014368538689856724,0.3670778407064114,-0.5930631749673725,0.2082557525760556,-0.6361244831050474,0.04681693089788317,1.0,-0.1774933827590604,-0.1174532648020963,0.40054379671974494,-0.4277605122949058,-0.1493664469301063,0.03785707509670461,-0.7291870653875483,0.03785707509670461,-0.07795688928435282,-0.1568830738342883,0.800167407437067,-0.6022565648824613,-0.0297202217637972,0.22324597618496939,-0.02771596707556538,0.37051052994231654,-0.4213489379914848,0.1543358775005395,-0.5839522380175978,0.03885471388472402,0.9749155057198197,-0.1513480315569016,-0.14558843717160255,0.4249278042808482,-0.4449472521874365,-0.27404417721288094,0.33201537754923793,-0.6803115046354558,0.03757747993097923,-0.008832824673974738,-0.2511847655186812,0.8120539598282628,-0.6557609527176886,0.0009560747862653673,0.30193463689729744,-0.03003793084329446,0.3023987607008548,-0.5543224523140144,0.15549288566790453,-0.5712442322350488,-0.0005978852364554974,0.9312012499300356,-0.1579362450839893,0.12011358407654896,0.4607679406541816,-0.39964226536906944,-0.26509194857646606
-0.2445108169998905,0.43522082087768194,0.10614099845015817,-0.40406320907037185,0.18274712483356437,-0.22700354485549037,0.48335501682601645,0.2582187240776604,0.43394035061589525,-0.19899022934647811,-0.22509840023048877,0.164330247863241,-0.21245798491564163,0.40006610360702055,-0.4339276275536248,-0.1774933827590604,1.0,-0.2992903950506966,-0.076797097362804,0.1251931152937259,0.4522251878892331,0.1161366181618534,0.46613789915932,0.1161366181618534,-0.3378674697535145,0.08204699524548975,-0.15337117627660407,0.44137658533232077,0.21794967895077902,0.5738024311880228,-0.18760831759429372,-0.18698321663549153,0.18631225283520694,-0.07038695848313684,0.3836206458123076,-0.511371162227491,-0.24398029857939801,0.9679793941812239,-0.2396126024284352,-0.1395832786279686,0.14329591839292263,0.4206676734718325,-0.23422750836014228,0.4638414605247332,0.22596084661003404,-0.374121515314098,0.1346439158938336,-0.1257320803127855,0.46473709839822686,0.16242339852617407,0.5083368207971278,-0.19374790276717818,-0.20960384385058126,0.1649038556018625,-0.23469663670746532,0.38529703466897613,-0.39844318916833243,-0.25518434246485205,0.965102539784284,-0.33965750556624313,-0.3130941230908925,0.1504440426743191,0.4025402456094041
0.012622247016706133,-0.10389980570386242,-0.2336141027501169,0.18793818765182288,0.28416524827749123,0.2454738499489016,-0.2025653931435763,-0.5031795962866016,-0.06469243127811854,0.1612162403467188,0.12503042085522126,0.29767145898019803,-0.29538934470945427,0.20307044927239995,0.7055542874358894,-0.1174532648020963,-0.2992903950506966,1.0,-0.2003660022801787,-0.00592699354661112,-0.14351522872983868,-0.1762466959975777,-0.08888708293897316,-0.1762466959975777,0.23213199699112502,0.2776331340690799,0.15559091397026795,-0.12670752952719036,-0.5348115926945033,-0.05638198307553096,0.10407697596835822,0.11368987560176903,0.21764157175655338,-0.16149554374538036,0.2009404024361846,0.4838664566064992,-0.08936586683365383,-0.3024024297682796,0.9444982267344096,-0.26021756141204305,-0.0034954894391714883,-0.15509644194740735,-0.052143828464435084,-0.12494894498515825,-0.25235186921298935,0.21066839378906213,0.4356789553274423,0.14591597244215485,-0.10999481412316668,-0.4216996815351589,-0.04006522799102387,0.14233018709751694,0.14996326257863232,0.29513155555788706,-0.2575859954064386,0.19344974508034526,0.6828913563009751,-0.06589865418000364,-0.30757335698716926,0.5224551902994289,-0.2870884162033991,-0.032045459454423865,-0.13362281752862937
0.3690686370024956,-0.41280778708677046,0.21253251391055747,0.06733617257985602,-0.03932046330562941,0.29247416109120705,-0.29710346926178366,0.3846700736179296,0.05802713879009792,0.10259118211950806,0.0005604654503870313,-0.5008854614023418,0.11855573722446924,-0.41522746293572727,-0.06780414286759325,0.40054379671974494,-0.076797097362804,-0.2003660022801787,1.0,-0.17951758497049608,-0.4315712449966523,0.08165879841484619,-0.37023492369578986,0.08165879841484619,0.002616116662735846,-0.16898632763568447,0.2637419767700939,-0.3596019831681047,0.4305526640503428,0.16814087249001866,0.06383743951014456,-0.015536654687364194,-0.485947667465239,-0.03209765923017118,-0.364389147543668,-0.013855015228198911,0.4010282657972986,-0.18015132466643188,-0.22175950724433177,0.9606810584620756,-0.2107714441151579,-0.42755284658621867,0.35988030548980315,-0.3890203135444351,0.20869901402637642,-0.017570220148230172,-0.10537893836173107,0.24198802716306111,-0.362923823828188,0.4386251314576601,0.07734093349362409,0.017979438427381898,-0.0365710392812884,-0.5423229140948943,0.08171544032681331,-0.33867285560131827,-0.06014461853592874,0.3710214069281087,-0.17866667766610148,0.07000467061927634,0.8296103669213136,-0.15969572768146387,-0.3981445944762546
-0.507297980242213,0.26034024151708784,0.5114350120955266,0.04837436177227958,-0.10405929960207887,-0.6080040856144573,0.3950119919842945,0.17253464958615258,-0.07972722299486011,0.6712521490116846,-0.602069138157508,0.2201175804889294,-0.12820205029806517,0.4108838014386964,-0.1772352333403262,-0.4277605122949058,0.1251931152937259,-0.00592699354661112,-0.17951758497049608,1.0,0.1978405647047372,0.5886900787576382,0.33992997032426164,0.5886900787576382,0.32751848517597254,0.16891430466336224,-0.5796354097828648,0.5020312749836858,0.23566715021408552,0.05167063393769114,0.6073143570884205,-0.5362225920846448,0.31497073687537225,0.036197937909351746,0.42417798858030525,-0.20607725888358222,-0.4034488697129708,0.16333602694776028,-0.007605778642706478,-0.24169674601216948,0.961220241948848,0.16279980550816703,-0.5258601908647407,0.30381577793415687,0.581728686545652,0.05047043664470104,0.0011670430914239342,-0.5054711281199818,0.4334614510523664,0.1873526736104056,-0.09680597738903284,0.7040311407403387,-0.6134230058416765,0.16800174869253487,-0.11974045290626657,0.3879509264518039,-0.17315450295621387,-0.4637475630785569,0.13283306675055037,-0.16943557000908935,-0.3004995565209001,0.8980708432614132,0.14933839292901066
-0.09454901053481596,0.154998925338248,0.04089361308839061,-0.03258588522427968,-0.011905970951986778,-0.12142078319567051,0.09059201195878887,-0.13562623803699136,0.4616122535369419,0.031244006103352033,0.030810099342928568,0.15924763530603658,0.021749882333675884,0.17046841425585915,-0.32385978154502987,-0.1493664469301063,0.4522251878892331,-0.14351522872983868,-0.4315712449966523,0.1978405647047372,1.0,0.13505331015854602,0.14174102128183544,0.13505331015854602,0.030576566202734495,0.0322296329971579,-0.02492001524159932,0.16672059661511485,-0.13118092924420352,0.3308822934947123,0.18494836176102922,0.07547598233831386,0.20520241374280843,0.21453485129635996,0.1811674642371132,-0.37386248165148656,-0.10679122655892806,0.5598764523484347,-0.05613363536445814,-0.5224524289226893,0.16882781055159676,0.9710137409531098,-0.09600912540249107,0.1366545603606907,0.07359236725654172,0.019718529147000965,0.014234777424179309,-0.022453671278021788,0.13813566825232912,-0.2190717351975033,0.4484701923248965,0.0678762239681695,0.04972948225668342,0.19893748903133568,0.029182574752062554,0.22125101859068647,-0.2740927994441962,-0.09868858251078594,0.524842786734152,-0.2949813568192996,-0.4266646491250038,0.22689245510461847,0.962651395565339
-0.6325069977947709,-0.17069266420328802,0.8601534075129169,0.40567985568742615,-0.31087546058841264,-0.2071074787244366,0.019380358680586632,0.12439905925041955,-0.008228193716126715,0.4115857562159189,-0.6136719264526241,-0.02315949655515261,-0.2563640521985398,-0.0118482114582904,-0.19121712216356146,0.03785707509670461,0.1161366181618534,-0.1762466959975777,0.08165879841484619,0.5886900787576382,0.13505331015854602,1.0,-0.07800003213364835,1.0,0.5743641073647743,-0.034890825547616106,-0.23805632153310172,0.15514426628005132,0.28860638528237853,0.09408240230541116,0.38676956306729254,-0.5716141416793233,0.1470376992894038,-0.06243894206559321,0.018365008090065787,-0.20574600967760273,0.05796114668126266,0.13063027655197712,-0.17072004762302279,0.01287896083941683,0.6257401441048288,0.03361630729978049,-0.6443783924903952,-0.11618100462054767,0.9238406096637585,0.383936396430352,-0.24128764631319713,-0.124129428178806,0.012498233290893232,0.17075160416373023,0.049924215872243355,0.4799757265003665,-0.6562441401793218,-0.05432275464806598,-0.2821413779450424,0.006144586304580528,-0.21701216197394635,0.029337940939338895,0.10711118843089189,-0.17021277770086998,-0.06133818151740374,0.6986050366507077,0.037444741163755596
-0.3475659517760656,0.9703113511900419,-0.09942160916222237,-0.4305744221155785,0.06753455682885554,-0.6717579193209979,0.8258666475268407,0.33868132324454436,-0.212898571919746,-0.1040413011525079,-0.21180757113040377,0.689337164602033,-0.08378290887901711,0.7938757567866604,-0.18703898485496898,-0.7291870653875483,0.46613789915932,-0.08888708293897316,-0.37023492369578986,0.33992997032426164,0.14174102128183544,-0.07800003213364835,1.0,-0.07800003213364849,-0.3048856236801537,0.3177595502949508,-0.6194965597642175,0.7710928875240182,0.21912934878658627,-0.06239898606306769,-0.004443810450013127,-0.17318583555351333,0.6391235323269775,0.014612639968611306,0.7656404237484057,-0.16590489809359035,-0.7874984939370046,0.440088736340252,-0.08503566297856938,-0.40720858896792417,0.3981528028596033,0.19257459164470506,-0.3195632125158199,0.9782713594546286,-0.014202847741797621,-0.34319190990862497,0.14951589691292996,-0.6109747285664157,0.8305127844834775,0.21914375586813298,-0.1524533230251068,-0.02375941114449864,-0.15410122941397145,0.6652067589723606,-0.05442725870940858,0.7383993197334334,-0.20497027773822776,-0.7872498569497118,0.4199261127759629,-0.14785315408009148,-0.47673546405313816,0.34612324711088294,0.15383501537372637
-0.6325069977947709,-0.17069266420328802,0.8601534075129169,0.40567985568742615,-0.31087546058841264,-0.2071074787244366,0.019380358680586632,0.12439905925041955,-0.008228193716126715,0.4115857562159189,-0.6136719264526241,-0.02315949655515261,-0.2563640521985398,-0.0118482114582904,-0.19121712216356146,0.03785707509670461,0.1161366181618534,-0.1762466959975777,0.08165879841484619,0.5886900787576382,0.13505331015854602,1.0,-0.07800003213364849,1.0,0.5743641073647743,-0.034890825547616106,-0.23805632153310172,0.15514426628005132,0.28860638528237853,0.09408240230541116,0.38676956306729254,-0.5716141416793233,0.1470376992894038,-0.06243894206559321,0.018365008090065787,-0.20574600967760273,0.05796114668126266,0.13063027655197712,-0.17072004762302279,0.01287896083941683,0.6257401441048288,0.03361630729978049,-0.6443783924903952,-0.11618100462054767,0.9238406096637585,0.383936396430352,-0.24128764631319713,-0.124129428178806,0.012498233290893232,0.17075160416373023,0.049924215872243355,0.4799757265003665,-0.6562441401793218,-0.05432275464806598,-0.2821413779450424,0.006144586304580528,-0.21701216197394635,0.029337940939338895,0.10711118843089189,-0.17021277770086998,-0.06133818151740374,0.6986050366507077,0.037444741163755596
-0.21727400032823624,-0.30322248910403177,0.6752037176696912,0.9436144977770392,-0.1713055044999238,0.004772633373336338,-0.23990962621508374,-0.14804556613194492,-0.005316797567577857,0.32250340313085535,-0.49193179764978795,-0.09187529623788375,-0.35749034746177016,-0.06946547073131312,0.3396353889659054,-0.07795688928435282,-0.3378674697535145,0.23213199699112502,0.002616116662735846,0.32751848517597254,0.030576566202734495,0.5743641073647743,-0.3048856236801537,0.5743641073647743,1.0,-0.07776939799951768,-0.10803426466438833,-0.1957671939073068,-0.07007037837905783,-0.13261111481281504,0.2624454443065875,-0.49278042927721494,-0.1130432913688444,-0.2844866791599872,-0.056633114405234955,0.33014511798838403,-0.02863807750157207,-0.2962283986272616,0.2703193639579349,-0.034024450967861185,0.3601113409061138,0.01033407085363172,-0.27388904392843705,-0.34794733295086416,0.5113374888654999,0.9393522977320163,-0.019606261128167754,-0.06920419233112633,-0.25274393300994885,-0.12262665416889694,-0.04220011348636434,0.29514187769621736,-0.4695165604334011,-0.16988051697018663,-0.32763285677488563,-0.08041214262890868,0.40209462621314634,-0.04096910795108728,-0.29087446930601535,0.07572576059760437,-0.02449766446497088,0.3320187093461794,0.005767911149886016
-0.16610772279333838,0.22961724272860543,-0.16700168348018457,-0.1346920176407601,0.6807651339516564,-0.14157416706244355,0.11071361527229688,-0.11741983617825154,-0.3880468123650705,0.41129800221455093,-0.07779178183971815,0.34906842239439767,0.022715540804323354,0.3050417087755646,0.18597000062885727,-0.1568830738342883,0.08204699524548975,0.2776331340690799,-0.16898632763568447,0.16891430466336224,0.0322296329971579,-0.034890825547616106,0.3177595502949508,-0.034890825547616106,-0.07776939799951768,1.0,-0.1353804522905928,0.21083876462268814,-0.11725948951756696,-0.2801750046893059,0.3949854324251973,0.004360673999803011,0.4301876092890942,0.17967437098433425,0.2712597810898635,0.12352361122311359,-0.146998579032283,0.11598673168163318,0.2728875489640479,-0.1792042434905046,0.28994193822370096,-0.017752857707383937,-0.20346830706883967,0.3223109973032484,-0.14266288250836978,-0.0745993050110593,0.6982874689626065,-0.07730141960789652,0.17533058958684172,-0.06546426587082221,-0.3161041590318129,0.3883158339210851,-0.03745815853864013,0.3677517604024194,0.021367151272815386,0.21523639225702618,0.16742516457211723,-0.11813395124475522,0.12081059980756326,0.015140090199468118,-0.16750702259031797,0.3050812480559099,-0.016209070202099204
0.4710417879191109,-0.6347333363396527,-0.3130441162032116,-0.003800440818849067,-0.04817981930302811,0.9648400757211946,-0.6641102411357802,-0.33633274037553157,0.33553461152403735,-0.20174359801455446,0.5348068208369028,-0.4268360656872654,0.015432141555958751,-0.4783746008111312,0.3075803430967169,0.800167407437067,-0.15337117627660407,0.15559091397026795,0.2637419767700939,-0.5796354097828648,-0.02492001524159932,-0.23805632153310172,-0.6194965597642175,-0.23805632153310172,-0.10803426466438833,-0.1353804522905928,1.0,-0.6659922481388421,-0.3033356690912471,0.2758925200559314,-0.18025587710994512,0.5565980789508322,-0.34647444541945455,0.0024341630466104543,-0.41735717256717225,0.2313798969810971,0.8106719464775992,-0.1222813745641033,0.1539393981467387,0.25777074126236277,-0.5962054502292695,-0.08171666916076689,0.4449185638375054,-0.5852996577974054,-0.2086348226692116,0.008534849564455322,-0.11878286066679329,0.9721443448554318,-0.6358108480933525,-0.20630359118215325,0.3641197266649374,-0.18367821606968315,0.517631870367023,-0.3473792542296102,0.01896686884901873,-0.3956852842347656,0.30787328428365035,0.8229850041269587,-0.1132976661362064,0.056080420221484815,0.31741534941625205,-0.5629442510331559,-0.0737998558405533
-0.41625195380542446,0.7393059940035608,0.026282351268046407,-0.31977529298687857,-0.029607278023269738,-0.7434906283927502,0.9371652496466611,0.3415195507744585,-0.1008803277045204,0.03286928831059041,-0.40061068270506467,0.5665841725811284,-0.13612581962895415,0.7754716530500219,-0.3171716989097347,-0.6022565648824613,0.44137658533232077,-0.12670752952719036,-0.3596019831681047,0.5020312749836858,0.16672059661511485,0.15514426628005132,0.7710928875240182,0.15514426628005132,-0.1957671939073068,0.21083876462268814,-0.6659922481388421,1.0,0.31916791721091164,0.026813470167842007,0.006588159673285902,-0.3645807557627794,0.6003736204049525,-0.010846894555987472,0.7576970408734924,-0.2835614250448105,-0.6659856256452799,0.4558680069458737,-0.12596046587188897,-0.4306424357088042,0.5493336220385197,0.17208557796909613,-0.38191587237713,0.7160422801874863,0.15984865256205405,-0.30183742496526234,-0.026226456830201597,-0.6649980463215293,0.953150834832382,0.28546260663944223,-0.06855994861150999,0.12296325398874489,-0.3849873318019539,0.5244247805458757,-0.1276537023252519,0.7279506463013625,-0.3744347100737748,-0.6998530652874115,0.3995261088431745,-0.1550078717150428,-0.4264910597532699,0.5388520551797237,0.13499757494186324
-0.028384478285396014,0.17901313868849122,0.2681659770814803,-0.10127034299422284,-0.15559544046022078,-0.3330142893150999,0.36176320176988697,0.95424304334228,-0.07595466645962269,0.1352302566992718,-0.3530094297011053,-0.18567130644617724,0.23961410460377394,0.031008767261064427,-0.5739804657705238,-0.0297202217637972,0.21794967895077902,-0.5348115926945033,0.4305526640503428,0.23566715021408552,-0.13118092924420352,0.28860638528237853,0.21912934878658627,0.28860638528237853,-0.07007037837905783,-0.11725948951756696,-0.3033356690912471,0.31916791721091164,1.0,0.07748060434504121,0.14013725378676364,-0.23748514334337814,-0.028980489588426687,0.2517616613996847,0.07786329384488318,-0.43109086733116947,-0.052858593078035816,0.2156292237408491,-0.6051211330051145,0.4365500845464447,0.2480751315470023,-0.13204047398384391,-7.491264617763818e-05,0.24050091845114246,0.3168500620795621,-0.16486904787987794,-0.22251719900749303,-0.2620038814133234,0.2869901125797692,0.962704861969811,-0.038358651149569024,0.11344271469094143,-0.3963201134599314,-0.20465888939337,0.24937776231584158,0.06029645498637846,-0.5480399923817337,-0.06441255808772807,0.1902128057835811,-0.21740466520989965,0.42900692062399426,0.24756318719812254,-0.1074317627874546
0.015354120523701987,-0.10674207154582224,0.042015968560279233,-0.18802409694267014,-0.14316725228733848,0.17743465452762677,0.035845457430642616,0.049615287213152545,0.8155198867732827,-0.07480574568767388,0.030764239025101666,-0.1246714931620111,-0.1548389828509127,-0.0020397158644689735,-0.2605659069677219,0.22324597618496939,0.5738024311880228,-0.05638198307553096,0.16814087249001866,0.05167063393769114,0.3308822934947123,0.09408240230541116,-0.06239898606306769,0.09408240230541116,-0.13261111481281504,-0.2801750046893059,0.2758925200559314,0.026813470167842007,0.07748060434504121,1.0,-0.0459985510081341,0.09468551470701088,-0.11248734693734083,-0.023419050081833245,0.05355576587504041,-0.3634102586692787,0.21049827582450836,0.5513310195119508,-0.07003640244888122,0.09887673529547736,0.005176089321285518,0.2928810099219853,0.014731649141875571,-0.06155837898448204,0.23893092974975227,-0.2294640237531239,-0.16023913252040706,0.26139084400831164,0.04253816977773142,0.04022138798819201,0.8244087669496358,-0.023460265205120394,-0.0025039027575578373,-0.12874973834293615,-0.17854501966865946,0.11708619917979056,-0.23300283507173133,0.15730377765490258,0.5555782251532161,-0.036955402022708854,-0.014039225228974715,0.035495622570798316,0.29508145734077684
-0.2893164074421306,-0.11567706038399217,0.265660612159422,0.09158183050094433,0.0538524766797131,-0.1949218325091365,-0.1551670635507158,0.06446867376323678,-0.20605302872247339,0.9189079586700316,-0.2998133469095067,0.07877037452920044,0.05096075059036017,0.035298831634845096,-0.06609818446282924,-0.02771596707556538,-0.18760831759429372,0.10407697596835822,0.06383743951014456,0.6073143570884205,0.18494836176102922,0.38676956306729254,-0.004443810450013127,0.38676956306729254,0.2624454443065875,0.3949854324251973,-0.18025587710994512,0.006588159673285902,0.14013725378676364,-0.0459985510081341,1.0,-0.2104066940906773,0.13854738298162686,0.21111145288423352,0.08728059941442454,-0.09174703066173351,0.04722637245447019,-0.11278579161669047,0.11815060814030952,0.004725992799319987,0.6484167282106108,0.11784358886961714,-0.29802571669549394,-0.011858966547614097,0.33232646926481446,0.08317134707332585,0.11838366636875575,-0.058575009115625847,-0.10013872016688997,0.15105050377610288,-0.14464204497692024,0.889188578640776,-0.3204315034188335,0.055155399547997794,0.05727142959255721,0.07402773972869389,-0.07643857053052408,0.021151494030259135,-0.1405256819141642,-0.029062749956731887,0.028850676538738212,0.6575346567130389,0.11629893275043639
