Fp1,Fz,F3,F7,FT9,FC5,FC1,C3,T7,TP9,CP5,CP1,Pz,P3,P7,O1,Oz,P8,TP10,CP6,CP2,C4,T8,FT10,FC6,FC2,F4,F8,Fp2,AF7,AF3,AFz,F1,F5,FT7,FC3,FCz,C1,C5,TP7,CP3,P1,P5,PO7,PO3,POz,PO4,PO8,P6,P2,CPz,CP4,TP8,FC4,FT8,F6,F2,AF4,AF8,O2,P4,C6,C2
1.0,-0.03496570122092083,0.6090135204198078,0.24597513290706724,0.11141073038343866,0.32538179628360886,-0.02903388622025236,-0.23967964917153547,0.5892657045243458,0.4643871379524988,0.027830876598442047,-0.09685937727327613,0.7437962271590347,0.21265544603508763,0.7237105362136054,0.6559220970463668,-0.23749605558879536,-0.09141911178882717,-0.4548419224121878,-0.147294496390467,0.05638268407004096,0.41391915589340394,-0.1530857121019795,0.41391915589340394,0.23907997909858708,0.145248988560296,0.30004147731431535,0.10250324093858343,-0.12186585880890785,0.48026909367231874,0.3125753329464261,0.11349762503062633,-0.17580537779955527,0.6679773191058024,0.19807183544606166,0.6593752170673359,0.5384569179373352,-0.22056109796491297,-0.15993212577180785,-0.5698290510222561,-0.2962892643363784,0.03128654523870693,0.8153432907974878,-0.20004143520690565,0.4474158586074761,0.26313313205206107,0.07749740196747203,0.32773078379384185,-0.1229755307778331,-0.17795652522109073,0.4931917187632011,0.3858301912393305,0.00618213062535882,0.060469512911906415,0.7133825113770392,0.15184450481021686,0.674465448515875,0.6307923580864409,-0.16125020168189866,-0.2597305731514612,-0.5071702081143279,-0.1634765208774611,0.07236576369971473
-0.03496570122092083,1.0,0.34039956651458275,-0.21430379991741919,0.028737601537858325,-0.473930093042052,-0.03158760738558068,0.07131498946974481,0.13524529731917778,0.17127662578502845,0.6089131965085542,0.30968617518547414,-0.2621123432206348,-0.3798534298514398,-0.14445981809415093,-0.21348177852835984,-0.059922200370091494,0.6554513235369372,0.2893019979992468,0.46822623400978053,0.6274747001946999,0.4422609931451606,0.8187682684883336,0.4422609931451606,-0.2585644713472759,0.06196748121623464,-0.25960523751526426,0.05582347950016258,0.20959846743120714,0.0771502968269332,0.1628490991967774,0.3590342212110938,0.42993804316297496,-0.16231883955986184,-0.394129712812819,-0.14196271996372714,-0.2276987844269117,-0.03871980115919693,0.6502674796312833,0.23657225954250297,0.4449159746827183,0.6035634356829539,-0.10757106675376546,0.8332859551755147,0.42707404684873984,-0.5239975099859289,-0.040231013322767774,-0.3993501336589876,0.07628909935078144,0.13114875677717217,0.11694863056065967,0.13737461943365376,0.5135462510881007,0.3770893297272595,-0.25893847855776225,-0.34395245530360685,-0.21674531558940943,-0.1692035911124708,-0.1528029038845513,0.4638828104680942,0.16249310455390217,0.31132354155136555,0.5495568361713276
0.6090135204198078,0.34039956651458275,1.0,-0.034258597859687795,0.440479442276307,-0.1434452534994958,0.13623278736327482,-0.10172146880575185,0.6262909077083624,0.3712388923419147,0.3560967194503673,0.23187218650509858,0.3191037577845325,-0.22607720144453908,0.23323490789259765,0.16993413122808004,0.07205945846681083,0.4116755126792785,0.02881955594457214,0.2856469006026851,0.4244641257323891,0.8499209309610168,0.13900365288417102,0.8499209309610168,-0.06886278003713403,0.2897155785102563,-0.12053559800374873,0.17058140992640702,-0.03665428644756547,0.4174200513677636,0.26898120054811914,0.2918062509539388,0.21432061359614907,0.2901739904498528,-0.24397438189088555,0.17207163548382864,0.17975233801674428,0.06378837745172015,0.34180152906728034,-0.036276760207368974,0.13293255757263014,0.40771343640932367,0.3014955866614196,0.22871565264194466,0.8020813949824893,-0.10217123863760613,0.15210228007543639,-0.11610732613111245,0.06309888389305261,-0.0026392947532797657,0.44762949754585757,0.3456574459376058,0.367583465999865,0.12955387915206168,0.3112173135263852,-0.235160743135478,0.17735471057661495,0.09885561413494673,0.08809946886257329,0.25146211111984473,0.016898947454902852,0.2579238395273631,0.41428686451208263
0.24597513290706724,-0.21430379991741919,-0.034258597859687795,1.0,0.4270839672957104,0.2603886215943445,0.269308972948681,0.14882634667222971,-0.0899810876684359,-0.05985981460293918,-0.3151252136715332,-0.38452673131030357,0.33623454704701916,0.7591991780515053,0.17970610833222606,0.0024049314256034296,0.3177537672040887,-0.10775270050648678,0.08387630760872045,0.15610557639197573,-0.29719520082306866,-0.03722201304885016,-0.2778416968384086,-0.03722201304885016,0.6600459317325842,0.4609234186892704,0.21095247042347826,0.1822748527190346,0.139498828879249,0.07353664612918571,-0.08067596300396251,-0.18095671675609096,-0.2007746114334393,0.25261137710663795,0.7488714732860098,0.14867472387317848,-0.13477222477900022,0.24853072337617224,-0.059782801800087285,0.051925968979213054,0.12527904677529286,-0.3258928556965633,0.38073729669132794,-0.4181666503640091,-0.020922201070197117,0.7415421670710464,0.5550272487361293,0.09844062055797363,0.23025548298896,-0.001983537609073357,-0.039947569169061725,-0.1136625957939645,-0.5301195805427423,-0.43299894796779587,0.3178473693990115,0.6668262496026042,0.12411564112287063,0.1330679624119348,0.23693970431341152,-0.24328910933199527,0.012781408088794613,0.04689056147166319,-0.364427402212723
0.11141073038343866,0.028737601537858325,0.440479442276307,0.4270839672957104,1.0,-0.053092362099773846,0.6215669894333175,0.3269667096172058,0.17831475370242067,-0.17649508525516358,0.22654844233465754,0.15503092544430663,0.051337748752678596,0.36707040026806403,-0.14578062485873047,-0.21675701811786185,0.6738510457418423,0.3803577751985782,0.5182255620220241,0.6198499564984408,0.017057219204642465,0.4224131762506581,0.04387854194188521,0.4224131762506581,0.36348228067997,0.8032434945827809,-0.061249376307979185,0.5416653431942696,0.28894243571835676,0.20452692655773463,-0.12674341741512796,0.2724252084095785,0.2480612474169837,0.07689380088871609,0.34676073719644834,-0.15291087710262985,-0.2159973143845911,0.6012344523111824,0.29856603090801237,0.509898446552916,0.5112015355984779,-0.012755656548006278,-0.10379769047437533,0.05709890657895261,0.24624264608681573,0.3892645329041727,0.8392270896211088,-0.1391853246932718,0.5408452653162807,0.3207170356957376,0.12121526785220915,-0.15200149148251502,0.07690618718175646,-0.15592537722897393,0.1019392925349102,0.37241197189852976,-0.1332164422256789,-0.08878895825721753,0.6030794634185495,0.29097205978373103,0.5498923587827951,0.6033466115419623,-0.0112565388222482
0.32538179628360886,-0.473930093042052,-0.1434452534994958,0.2603886215943445,-0.053092362099773846,1.0,0.44408860452709076,0.4058081098749145,0.23562714873575027,-0.39815842808082275,-0.2507342621603919,0.11514164726531165,0.5360752629342312,0.6317045270585276,0.613330033030392,0.5616458897453593,0.01585174481906765,-0.668300762011311,-0.4258368979717786,-0.226722529240007,-0.7306673192192353,-0.12739032788840632,-0.30148544382061443,-0.12739032788840632,0.40638801192651547,0.09160491123561738,0.8310523497266893,0.27900835202828705,0.32700401683156083,0.27285534719112714,-0.37135425700960994,-0.03704177143568866,0.010091966879120048,0.5448452567780787,0.5321476526166128,0.5867917431195644,0.4436104944042446,0.05277355545050321,-0.7538208431691765,-0.48026500289032514,-0.2731786032333229,-0.7986163661812564,0.3268563606037024,-0.37621468614931236,-0.25745273858548073,0.5822346251104983,0.132189047640811,0.937647548024369,0.29789955647145955,0.3640518581680315,0.1996990280652273,-0.42054778567447076,-0.23204743090578422,-0.08745883056628463,0.4938723238608233,0.5134376435069717,0.6212683189043449,0.45890165370858427,0.11736206180154979,-0.650595085865864,-0.4200648982916732,-0.2224771152454924,-0.7344121895441573
-0.02903388622025236,-0.03158760738558068,0.13623278736327482,0.269308972948681,0.6215669894333175,0.44408860452709076,1.0,0.8659984744712347,0.02237757279669398,-0.6340146616798793,0.11981619025498087,0.5129899564495045,0.1592139927921761,0.5178479660977365,-0.0551415471011753,-0.023663640096414532,0.7314378277027442,-0.09251938438950714,0.3373624042802999,0.5961294230968216,-0.40599681249759206,0.3024164157129177,0.11725687889413634,0.3024164157129177,0.33825634334481697,0.6216989431368023,0.37892521568469695,0.8087434103736983,0.6991260188836014,0.06596891378751014,-0.4510274924738816,0.1097689211193477,0.6141076202015601,0.23221625865340123,0.44579653668789077,-0.013889040504503646,-0.002472073619014139,0.7555956844809758,-0.20369380621994518,0.32270517790955244,0.5425604684136784,-0.4802518957306505,-0.12732822603130384,0.167284159105529,-0.03495215674317461,0.4022445124322004,0.6278063924627864,0.3830144511587047,0.941529756973995,0.8264293738636874,-0.037365579986809706,-0.5922773142562513,0.047526990683418854,-0.08551863755933553,0.18237837858462363,0.5090917579558093,-0.0005772352800466468,-0.022003546833520935,0.7502879441193359,-0.1086610430014767,0.401489951868726,0.5913422702046272,-0.4286614542069297
-0.23967964917153547,0.07131498946974481,-0.10172146880575185,0.14882634667222971,0.3269667096172058,0.4058081098749145,0.8659984744712347,1.0,-0.20646007202373856,-0.7729740504763721,0.0011689363839524182,0.5722395677024076,0.010153413974848638,0.4119006298928393,-0.1731373090763918,-0.18732674506386762,0.6451276768208963,-0.15846867449943422,0.2928938790135762,0.5771117119666562,-0.4737430377421752,0.15888555028234821,0.23716463594665915,0.15888555028234821,0.2182083996820503,0.28503497984980597,0.3399246037694342,0.6140279127171249,0.7629062103316058,-0.1255446795132187,-0.5386654008188067,-0.001585123085270981,0.7214670294121651,0.07739229817917187,0.3338524152829111,-0.11906420778145008,-0.16556444355840919,0.6522802593792311,-0.233267273013367,0.3051937657761638,0.6027135488670278,-0.5327833530332827,-0.25366970573735764,0.31951934034106183,-0.17345804924231398,0.3098353280148074,0.312655855262663,0.3360598530938971,0.8485952614277434,0.8706628637245595,-0.219444805382655,-0.7311180758597301,-0.025657304567140604,-0.12231568051004661,0.022513502786892247,0.37586316516686313,-0.10037566760384896,-0.17098609751492322,0.6186734856337279,-0.1647146743490256,0.3428402185878002,0.5374520120372812,-0.5189539955953268
0.5892657045243458,0.13524529731917778,0.6262909077083624,-0.0899810876684359,0.17831475370242067,0.23562714873575027,0.02237757279669398,-0.20646007202373856,1.0,0.4247178579344856,0.5720231675651624,0.10150167756618478,0.3772515050779801,-0.005833652347892446,0.520698248496699,0.5701307454934721,-0.14561275015214706,0.26514773774208894,-0.021607288765523605,0.11136267072276332,0.31343951331442116,0.5063457604850319,0.1757885682004727,0.5063457604850319,0.21147727865141308,0.2963421671262646,0.3824140120191724,0.21708361165045242,0.15416179746444875,0.8747381240513608,0.3871091898576933,0.6176318198278249,-0.08490978045351104,0.488807958558567,-0.02841262616477809,0.47217663844730856,0.5187261622726805,-0.09135059308817806,0.18185417856752875,-0.16366122876277403,-0.005443431321582682,0.24073954308878603,0.4100358805637283,0.038775074866895125,0.5723107108850798,0.05761219122293926,0.16400668230202795,0.24887968401733687,-0.12407511399071046,-0.004235082951213762,0.9097080654512171,0.4192087128094923,0.5464631069654032,0.49202845209560037,0.38176354454250594,-0.06807056338191386,0.4351559203643244,0.43668289067225624,-0.06278769245369666,0.07749819097383895,-0.11705994868933556,-0.03964935190550632,0.2764635283140211
0.4643871379524988,0.17127662578502845,0.3712388923419147,-0.05985981460293918,-0.17649508525516358,-0.39815842808082275,-0.6340146616798793,-0.7729740504763721,0.4247178579344856,1.0,0.21641648279164302,-0.3466690808160276,0.25117541820635503,-0.30140036134815756,0.3245531889951005,0.3698091877030901,-0.46608587813369606,0.3695136014915961,-0.14778089319297516,-0.26002569858954167,0.6884135818321185,0.22708481887146875,0.05234805164725319,0.22708481887146875,-0.015417193626656374,-0.002655791115367021,-0.1675947037830837,-0.21923712472423898,-0.4229351362626312,0.3821414613620446,0.8456392726283615,0.21650837983486274,-0.42221406368268055,0.2223420051268773,-0.22265335787763926,0.2973686591818189,0.35309311661831705,-0.43408046880463497,0.4295119526042616,-0.24185553674781698,-0.29227110464600603,0.7059133550221018,0.4892613858006435,-0.1039618988361514,0.529719357950818,-0.23962745524804682,-0.15085428892860725,-0.3071904373735574,-0.5934414925691033,-0.6084172025791326,0.473181608688274,0.961611740376738,0.23288095697638664,0.3345461308715862,0.22655969377767748,-0.25793893960308556,0.25070616959044084,0.3743782436483582,-0.4256866830680253,0.25140630445509354,-0.24851657717982678,-0.27815121964267936,0.7032794914685718
0.027830876598442047,0.6089131965085542,0.3560967194503673,-0.3151252136715332,0.22654844233465754,-0.2507342621603919,0.11981619025498087,0.0011689363839524182,0.5720231675651624,0.21641648279164302,1.0,0.34254422351900554,-0.22890930560063355,-0.20972696223090687,-0.08599059236442119,0.06584298112650401,0.07255181051075116,0.6445192358624285,0.500764408574102,0.43505951526457004,0.6268975413603278,0.4058242540998496,0.6456218933159901,0.4058242540998496,-0.11934831468277855,0.3480069074212501,-0.04153211211349438,0.3355881136691718,0.31694324889236164,0.5406552077511418,0.27825668936408465,0.7629106490798065,0.26866833572089827,-0.02453304887920782,-0.20429105059134048,-0.08386446050669351,0.13712806604765912,0.13190327887320988,0.5692894219418385,0.40703795689416394,0.38883740682952,0.5566873134750863,-0.09174139984383879,0.4972478776530235,0.42117992466242554,-0.42644458473467145,0.23425952792356627,-0.23123566012528807,0.10787427670436966,0.1810978821630884,0.5896339065410208,0.26417174395468107,0.9035498061523864,0.7451723291020161,-0.1734484126275326,-0.21332729932555342,-0.13382974951381782,0.020468045874517494,0.05533412474730816,0.5218478594735719,0.39857655396764585,0.2558007466452304,0.5894698925231637
-0.09685937727327613,0.30968617518547414,0.23187218650509858,-0.38452673131030357,0.15503092544430663,0.11514164726531165,0.5129899564495045,0.5722395677024076,0.10150167756618478,-0.3466690808160276,0.34254422351900554,1.0,-0.13938273091730205,-0.10796010897928666,-0.09012206881308868,-0.012671415361580817,0.3482420063004074,0.18013418681925536,0.20402737343976016,0.39050109689524154,-0.026791757474215583,0.5346988127617358,0.413671662454647,0.5346988127617358,-0.13071111112213135,0.16973305485360976,0.1370912724804089,0.33154143638973327,0.4667880457692716,0.1678608424133291,-0.15666587844811347,0.2700017483738375,0.8462580796648436,0.04856966484868469,-0.1675552846173217,-0.041883511909269505,0.10276187280277016,0.3750275494569691,0.09699837863762176,0.17467407350677638,0.3391645519215495,-0.08558957148134053,-0.15418868944430492,0.5697749932469987,0.2688790735242952,-0.22323615198132868,0.058390874806029704,0.16341993305076674,0.5679682469265388,0.6571003530169731,0.11501104581446008,-0.2710198559892493,0.44393005852899026,0.33198231769546016,-0.09788363144415817,-0.04114179208746767,-0.03462471972126059,-0.0598306985071125,0.36641368725910334,0.23552200358882983,0.25485934463127025,0.5168330972163021,-0.025970124084403256
0.7437962271590347,-0.2621123432206348,0.3191037577845325,0.33623454704701916,0.051337748752678596,0.5360752629342312,0.1592139927921761,0.010153413974848638,0.3772515050779801,0.25117541820635503,-0.22890930560063355,-0.13938273091730205,1.0,0.449908759967215,0.8318102135259734,0.6458124212540367,-0.10224455369965856,-0.3082890226392417,-0.43843051088617124,-0.08191305618045537,-0.1324948610532426,0.3172870357173251,-0.1850730265588969,0.3172870357173251,0.5016719936781777,0.23512159748711603,0.6193501371243315,0.31584231911573346,0.17663334613277992,0.4076505173682923,0.32162371362361103,0.0012698981717887976,-0.04019266077327661,0.9176582694474723,0.4534540837336962,0.8452256810826932,0.5534965722074136,-0.015779206894972343,-0.36663271579928325,-0.5728270611580506,-0.1880735487615806,-0.20383027065689227,0.7420096667033774,-0.3235781756568837,0.3175170566709605,0.4939562561687005,0.1376440082682184,0.5848362264180242,0.10738757131819966,0.10306132135062239,0.38549704875528806,0.26362071606437504,-0.24108092067665324,-0.12023750637764642,0.9744590332583285,0.4270070918164069,0.8509036957312958,0.710156023460327,0.043354531807280945,-0.3716622109485554,-0.4716653532561808,-0.056719848405106583,-0.12376459776568875
0.21265544603508763,-0.3798534298514398,-0.22607720144453908,0.7591991780515053,0.36707040026806403,0.6317045270585276,0.5178479660977365,0.4119006298928393,-0.005833652347892446,-0.30140036134815756,-0.20972696223090687,-0.10796010897928666,0.449908759967215,1.0,0.349687713678253,0.22805362560819784,0.44396062184699214,-0.3342504605997498,0.05420555383129735,0.15956833316343075,-0.5328204567758497,-0.10315614190346244,-0.1628331724226521,-0.10315614190346244,0.8205239026147639,0.4958513206153586,0.6379728480024611,0.4453693140344868,0.47707912992754764,0.2118777788303815,-0.1772771890435286,0.07202181164484915,0.002769783371520409,0.48604302944927125,0.9748354328385762,0.37855252609275575,0.11970300366935269,0.4227288141952362,-0.37406781498653285,-0.018024952194551712,0.12701984446567832,-0.6157132469289082,0.36157634622127666,-0.37084492287154425,-0.1920908268677099,0.8579100175576073,0.6189132916406511,0.5478190103194488,0.45111094705106747,0.40207546574710146,0.08554564588523658,-0.2910606549297677,-0.37378455673835576,-0.19444558505604242,0.4413555040778778,0.9398298315358063,0.3588748806885975,0.388536064911154,0.424935717289159,-0.4047945578582755,-0.003078232228346486,0.1156423263141793,-0.5777038531746183
0.7237105362136054,-0.14445981809415093,0.23323490789259765,0.17970610833222606,-0.14578062485873047,0.613330033030392,-0.0551415471011753,-0.1731373090763918,0.520698248496699,0.3245531889951005,-0.08599059236442119,-0.09012206881308868,0.8318102135259734,0.349687713678253,1.0,0.7734126189973602,-0.4019655176619289,-0.2589685748603722,-0.6006273596862165,-0.3123687390034937,-0.09774828759170116,0.2117788435457386,-0.07650026553659327,0.2117788435457386,0.4068853512429668,0.12621750055688422,0.6949873321417187,0.07399923975948956,0.05281669232307284,0.5611555353195083,0.2874697144199646,0.13969183399510549,-0.1626134343867661,0.835718959130513,0.3233089475825804,0.9712642955553291,0.6315873569581566,-0.3259201631018073,-0.31692778649063974,-0.749533058788793,-0.4332567257260957,-0.1710884950822969,0.7186763695925432,-0.2534409144905542,0.28373267358869186,0.3437545128897664,0.03706288273383618,0.6908146376960188,-0.11127670715653748,-0.0591420418061478,0.5537850958522721,0.29759503876724885,-0.09629415937028757,0.0689384250587114,0.804264971239562,0.31003949596637476,0.9674149185317168,0.7997683861326642,-0.2651267952672595,-0.3655780858945588,-0.6931610592718972,-0.32275157929311027,-0.10125350185896224
0.6559220970463668,-0.21348177852835984,0.16993413122808004,0.0024049314256034296,-0.21675701811786185,0.5616458897453593,-0.023663640096414532,-0.18732674506386762,0.5701307454934721,0.3698091877030901,0.06584298112650401,-0.012671415361580817,0.6458124212540367,0.22805362560819784,0.7734126189973602,1.0,-0.30431201483442333,-0.33272811749557296,-0.5480339307521572,-0.37105353838627153,-0.10804521263212619,0.08463351249333151,-0.16560484846902665,0.08463351249333151,0.23367342390861554,0.11952663675631019,0.6332670972631438,0.16815611224190832,0.004739906351314747,0.5450218656038621,0.30698300428601877,0.18991947049753768,-0.21236592322707315,0.7217312861258348,0.21756297007073092,0.7513010362820367,0.9436210915392705,-0.24155789478043177,-0.3579914579804164,-0.6598612392636773,-0.4120709160071323,-0.1585241728945629,0.6714937441502272,-0.33551852147264283,0.18686081172942712,0.1678324746140375,0.008083465478726142,0.6339346123934154,-0.0981312912368387,-0.06223078310589299,0.5686299647585377,0.33902317965195705,0.13240632939138408,0.3073195894032734,0.6426453178303912,0.1888309078727578,0.7809684716239303,0.7969913767055437,-0.1460894650408449,-0.4190979664840585,-0.5669010042866619,-0.3378383978055978,-0.06344502010592497
-0.23749605558879536,-0.059922200370091494,0.07205945846681083,0.3177537672040887,0.6738510457418423,0.01585174481906765,0.7314378277027442,0.6451276768208963,-0.14561275015214706,-0.46608587813369606,0.07255181051075116,0.3482420063004074,-0.10224455369965856,0.44396062184699214,-0.4019655176619289,-0.30431201483442333,1.0,0.14286366975394166,0.6636887997936951,0.7155347488540746,-0.18366523483087527,0.2788952917483094,0.13530069141753498,0.2788952917483094,0.4045804813960095,0.5924524015891377,0.07400574371915253,0.5533676012776995,0.5976295170745286,-0.013963457148572717,-0.19727698099034202,0.23122545075013892,0.5509481473802028,-0.004381840125107539,0.47158101288364923,-0.3104960439875229,-0.2080258391582859,0.9525200984322034,0.10633763383688907,0.6533954463634699,0.7148086142717704,-0.24918664559743006,-0.21524671381659724,0.11254590306665639,0.07821475145392943,0.3536582651188808,0.6567758419505029,-0.018574833792905997,0.7513405772071146,0.6845928511945997,-0.11103988550683165,-0.3626156160057909,0.06392595499550063,-0.05575530963228494,-0.0367185761184292,0.5120339947258854,-0.32464612383365854,-0.19043947488010682,0.9490416313538614,0.13294769086144856,0.7468453084774733,0.7812477788721393,-0.2021458315117537
-0.09141911178882717,0.6554513235369372,0.4116755126792785,-0.10775270050648678,0.3803577751985782,-0.668300762011311,-0.09251938438950714,-0.15846867449943422,0.26514773774208894,0.3695136014915961,0.6445192358624285,0.18013418681925536,-0.3082890226392417,-0.3342504605997498,-0.2589685748603722,-0.33272811749557296,0.14286366975394166,1.0,0.645592435063979,0.5586324649027338,0.7853905190512507,0.5032636873296997,0.6261729443268758,0.5032636873296997,-0.032944221697576166,0.3888780346096411,-0.37592273460284625,0.09777116934952257,0.1480240192165748,0.34565819500898487,0.423093195531371,0.5563934540109137,0.2733723655507454,-0.15534037135627476,-0.28577724773244884,-0.2420689948028771,-0.2854486705224453,0.16622014499881782,0.9641554488618755,0.564437631871623,0.48793580411233123,0.7566886080009572,-0.19567579199934562,0.5310413596753727,0.5540153877616937,-0.3458232803989933,0.25062823294980413,-0.6227245435592145,0.008405322853184325,0.001455396446401248,0.3384994177938144,0.4094168273003237,0.5546465486655512,0.417792849999735,-0.23397717411459754,-0.22073358862002804,-0.3015344633262056,-0.17044777966611158,0.08173760890995017,0.8825344536200324,0.5489107366738273,0.46081506035203024,0.7392802612642076
-0.4548419224121878,0.2893019979992468,0.02881955594457214,0.08387630760872045,0.5182255620220241,-0.4258368979717786,0.3373624042802999,0.2928938790135762,-0.021607288765523605,-0.14778089319297516,0.500764408574102,0.20402737343976016,-0.43843051088617124,0.05420555383129735,-0.6006273596862165,-0.5480339307521572,0.6636887997936951,0.645592435063979,1.0,0.7616294031939318,0.3802290789646544,0.23287479030861444,0.47050616094741565,0.23287479030861444,0.2120713221206585,0.5068987072541243,-0.2053786156035521,0.3826558310688229,0.49103550975902743,0.10758996420694758,0.1131147147528779,0.46280630966275477,0.38715296706413316,-0.28079010757285583,0.12112216868715772,-0.514208162895452,-0.4361410684862349,0.6976202223947097,0.6215378141921121,0.9683638098659004,0.7773305981328519,0.3177110894847453,-0.4010060962265262,0.348408675497193,0.18721973223996413,-0.04657896100187652,0.488109748211053,-0.4683008962411219,0.3937124079539126,0.4081831604928109,0.07749581431925404,-0.0251227163751192,0.42600053337085175,0.292174026016069,-0.35232936002877985,0.13545113941419323,-0.5948380130096245,-0.40233208702907536,0.5831952311285753,0.6154141594000653,0.9567648513399056,0.6476036126658378,0.31905414041544483
-0.147294496390467,0.46822623400978053,0.2856469006026851,0.15610557639197573,0.6198499564984408,-0.226722529240007,0.5961294230968216,0.5771117119666562,0.11136267072276332,-0.26002569858954167,0.43505951526457004,0.39050109689524154,-0.08191305618045537,0.15956833316343075,-0.3123687390034937,-0.37105353838627153,0.7155347488540746,0.5586324649027338,0.7616294031939318,1.0,0.2645091993633817,0.5373081650368227,0.625659209056461,0.5373081650368227,0.33057019881877137,0.5811761017335378,0.006420275414596922,0.5505595563357263,0.7326233162330873,0.1884716401632631,0.05154155025068308,0.3998767293183456,0.6554641776718734,0.05336693221885421,0.17325624865775383,-0.2162677809856613,-0.33396299832453114,0.7544848850284575,0.49551828819523186,0.6903653833033286,0.9611348209486577,0.1822774833554342,-0.16306062881632713,0.5881062848999065,0.36056635311623286,0.12324332819253489,0.5463696575471395,-0.2380734369662626,0.6453919995215958,0.6479214460739032,0.1540111154108955,-0.17156432296245078,0.2939351253410678,0.110644778325726,-0.007892120709524034,0.22349850133162272,-0.2939966693442059,-0.19352825412894667,0.6631604803099816,0.40196489883295655,0.7252187850656824,0.8811126988814107,0.1851288388425436
0.05638268407004096,0.6274747001946999,0.4244641257323891,-0.29719520082306866,0.017057219204642465,-0.7306673192192353,-0.40599681249759206,-0.4737430377421752,0.31343951331442116,0.6884135818321185,0.6268975413603278,-0.026791757474215583,-0.1324948610532426,-0.5328204567758497,-0.09774828759170116,-0.10804521263212619,-0.18366523483087527,0.7853905190512507,0.3802290789646544,0.2645091993633817,1.0,0.4467143936434541,0.5574034295384784,0.4467143936434541,-0.2190006557719671,0.12040558221836893,-0.41379019703824504,-0.05794690598787521,-0.10105280412609312,0.27163542927856393,0.7221761682768805,0.417720341232648,0.058305461777841225,-0.07104869585936766,-0.4334569575675306,-0.07591626944024465,-0.011775865488924286,-0.11090981714240765,0.8071913355078926,0.293142473961688,0.2351749109845456,0.9816503910611546,0.057859233247724164,0.420714387171393,0.6421380161239382,-0.5803559900999885,-0.04264654141647715,-0.620167835688858,-0.2847121897825297,-0.2655075557640067,0.379938809667946,0.7356978936299821,0.6064578112733634,0.4647168851331106,-0.10004552186263689,-0.4434644991703301,-0.16431547355078147,-0.07264811118735236,-0.1983153873274866,0.6691105406570218,0.26468219091966305,0.17023038455260656,0.9794726833463495
0.41391915589340394,0.4422609931451606,0.8499209309610168,-0.03722201304885016,0.4224131762506581,-0.12739032788840632,0.3024164157129177,0.15888555028234821,0.5063457604850319,0.22708481887146875,0.4058242540998496,0.5346988127617358,0.3172870357173251,-0.10315614190346244,0.2117788435457386,0.08463351249333151,0.2788952917483094,0.5032636873296997,0.23287479030861444,0.5373081650368227,0.4467143936434541,1.0,0.4268138038983317,1.0,0.13492433031240356,0.40467848259912764,0.05472260947165552,0.3013222654427369,0.32100345691626786,0.48444574077982094,0.3632543916239573,0.3911776227258411,0.5912105146316322,0.40312957205530786,-0.0998736253872599,0.23352547520238026,0.14463570001342446,0.3195551831938126,0.43788170142490734,0.11865752682194582,0.40068896917837266,0.3691357331843619,0.2964782363620909,0.4491650570024553,0.903989547241852,-0.05372282714766294,0.23220263597225704,-0.05177384928864777,0.32864325471008654,0.3352621282694929,0.4788206594229175,0.2891223245299974,0.4057728092885649,0.21351215311993346,0.3442763621527642,-0.05023982248802478,0.19364369728454137,0.11896496242757022,0.3000787079933524,0.3626655126872625,0.18960290927640747,0.5419297819808949,0.4106875084166419
-0.1530857121019795,0.8187682684883336,0.13900365288417102,-0.2778416968384086,0.04387854194188521,-0.30148544382061443,0.11725687889413634,0.23716463594665915,0.1757885682004727,0.05234805164725319,0.6456218933159901,0.413671662454647,-0.1850730265588969,-0.1628331724226521,-0.07650026553659327,-0.16560484846902665,0.13530069141753498,0.6261729443268758,0.47050616094741565,0.625659209056461,0.5574034295384784,0.4268138038983317,1.0,0.4268138038983317,0.06344172956986546,0.19312388103271239,0.05678238931739541,0.23806537245505352,0.5601492706618421,0.2432214550834461,0.2775077954640764,0.556926291363238,0.5817155979486915,0.027708869672781678,-0.14155284732600384,0.007380457501854688,-0.15331766928615823,0.22313533658976945,0.5777961212566598,0.3571173897262532,0.6069646972968568,0.4689497039476767,-0.12308207333696623,0.8715888076659767,0.386514644110419,-0.3173168631278884,0.10401984627501845,-0.1748760522288079,0.24256530256871353,0.4442880920698359,0.2764896889301586,0.11890574589048741,0.5559228503288351,0.5195511786369803,-0.1512081925602421,-0.07003005629249909,-0.10322906358724741,-0.028955442596091587,0.0924848883522946,0.4647850622187488,0.31982491679859915,0.488973651427937,0.47522443572318585
0.41391915589340394,0.4422609931451606,0.8499209309610168,-0.03722201304885016,0.4224131762506581,-0.12739032788840632,0.3024164157129177,0.15888555028234821,0.5063457604850319,0.22708481887146875,0.4058242540998496,0.5346988127617358,0.3172870357173251,-0.10315614190346244,0.2117788435457386,0.08463351249333151,0.2788952917483094,0.5032636873296997,0.23287479030861444,0.5373081650368227,0.4467143936434541,1.0,0.4268138038983317,1.0,0.13492433031240356,0.40467848259912764,0.05472260947165552,0.3013222654427369,0.32100345691626786,0.48444574077982094,0.3632543916239573,0.3911776227258411,0.5912105146316322,0.40312957205530786,-0.0998736253872599,0.23352547520238026,0.14463570001342446,0.3195551831938126,0.43788170142490734,0.11865752682194582,0.40068896917837266,0.3691357331843619,0.2964782363620909,0.4491650570024553,0.903989547241852,-0.05372282714766294,0.23220263597225704,-0.05177384928864777,0.32864325471008654,0.3352621282694929,0.4788206594229175,0.2891223245299974,0.4057728092885649,0.21351215311993346,0.3442763621527642,-0.05023982248802478,0.19364369728454137,0.11896496242757022,0.3000787079933524,0.3626655126872625,0.18960290927640747,0.5419297819808949,0.4106875084166419
0.23907997909858708,-0.2585644713472759,-0.06886278003713403,0.6600459317325842,0.36348228067997,0.40638801192651547,0.33825634334481697,0.2182083996820503,0.21147727865141308,-0.015417193626656374,-0.11934831468277855,-0.13071111112213135,0.5016719936781777,0.8205239026147639,0.4068853512429668,0.23367342390861554,0.4045804813960095,-0.032944221697576166,0.2120713221206585,0.33057019881877137,-0.2190006557719671,0.13492433031240356,0.06344172956986546,0.13492433031240356,1.0,0.5692839550138248,0.655520393478924,0.3889297316356499,0.5369866915981661,0.4559556968945004,0.21881558974738158,0.271776120396247,0.0041303234926192405,0.6170698423791714,0.8528259341321833,0.48416711384016164,0.12262869803072815,0.4349214941096906,-0.057453257920568546,0.08152295921131464,0.28267950405106096,-0.3327788966607258,0.4356973564582606,-0.1973331799761706,0.13937942211256457,0.833474815424613,0.6088694105014956,0.40407007383550275,0.30874235555072443,0.3558757149572429,0.3597485137842736,0.05035053367147833,-0.27220118706593643,-0.06421915620914835,0.5278548859652594,0.8374423296282935,0.40484571188016394,0.4699208097020469,0.4130835830454185,-0.18798062734919346,0.09580029042042826,0.24031353565111052,-0.29941786173120644
0.145248988560296,0.06196748121623464,0.2897155785102563,0.4609234186892704,0.8032434945827809,0.09160491123561738,0.6216989431368023,0.28503497984980597,0.2963421671262646,-0.002655791115367021,0.3480069074212501,0.16973305485360976,0.23512159748711603,0.4958513206153586,0.12621750055688422,0.11952663675631019,0.5924524015891377,0.3888780346096411,0.5068987072541243,0.5811761017335378,0.12040558221836893,0.40467848259912764,0.19312388103271239,0.40467848259912764,0.5692839550138248,1.0,0.27871637697295193,0.7090184905534915,0.49249534190928573,0.4454442783213005,0.13797591849210464,0.4176464335160327,0.26687308942013543,0.3672715365781154,0.5140275598449197,0.16039914249702728,0.11978185496743418,0.6284421548228295,0.33174502169473613,0.40865982879900625,0.4815573067621417,0.0299334849307343,0.09916413134196034,0.013337506320354282,0.32163247052328087,0.36584485125947985,0.926938711072926,0.07986966140247545,0.612945194502801,0.4041533392394,0.3667994090288989,0.05706523794249238,0.20132662346438376,0.12479544330477382,0.3151837088673927,0.5572297555917688,0.13555699944066418,0.24804156675892683,0.624072229037399,0.2753081277838374,0.4842227504461196,0.5411801594870594,0.08916316181158347
0.30004147731431535,-0.25960523751526426,-0.12053559800374873,0.21095247042347826,-0.061249376307979185,0.8310523497266893,0.37892521568469695,0.3399246037694342,0.3824140120191724,-0.1675947037830837,-0.04153211211349438,0.1370912724804089,0.6193501371243315,0.6379728480024611,0.6949873321417187,0.6332670972631438,0.07400574371915253,-0.37592273460284625,-0.2053786156035521,0.006420275414596922,-0.41379019703824504,0.05472260947165552,0.05678238931739541,0.05472260947165552,0.655520393478924,0.27871637697295193,1.0,0.4143019040629459,0.5856245063452453,0.5166995861652454,0.012208835156055812,0.26360667764336126,0.12815242369100605,0.7632400123751517,0.6077183814917634,0.7517766239269043,0.5399164467911575,0.1773982317735966,-0.4475984753422658,-0.3473426152476471,-0.027449581982518116,-0.5332334620684128,0.4247520608631792,-0.17559242299883565,0.005701615983334068,0.5509868350297658,0.2314491946576206,0.8909217014680213,0.31180937829593475,0.495799332664524,0.45625585291268,-0.12750047052754787,-0.04792599739510304,0.17483342034041485,0.62426807075953,0.6184767398668507,0.7195980368953926,0.6551657281548353,0.2031586926125921,-0.4332419783046909,-0.2785090475787991,-0.03438382951781827,-0.4537143145523522
0.10250324093858343,0.05582347950016258,0.17058140992640702,0.1822748527190346,0.5416653431942696,0.27900835202828705,0.8087434103736983,0.6140279127171249,0.21708361165045242,-0.21923712472423898,0.3355881136691718,0.33154143638973327,0.31584231911573346,0.4453693140344868,0.07399923975948956,0.16815611224190832,0.5533676012776995,0.09777116934952257,0.3826558310688229,0.5505595563357263,-0.05794690598787521,0.3013222654427369,0.23806537245505352,0.3013222654427369,0.3889297316356499,0.7090184905534915,0.4143019040629459,1.0,0.6912507159547739,0.2548707898353552,-0.053762476755880625,0.31096592311477517,0.45175606395384865,0.40346456345322823,0.43761135457949535,0.12862436668208016,0.21559849464198186,0.6346697851116488,-0.014502958761203291,0.3094038924787642,0.5089894469022512,-0.14323995307184265,-0.012956526721786722,0.15233190854696987,0.06976496939484045,0.28442873681803965,0.6209743568326708,0.2886716114034043,0.7772700470160884,0.7073266443970468,0.17771401639785087,-0.16388653232598138,0.26868003598517054,0.1992807076456705,0.33805385024952844,0.4746867657727379,0.11701379087605007,0.17941106388745945,0.6115818128056562,0.06036115654893175,0.3851835253860001,0.47366765796209137,-0.08224198117178405
-0.12186585880890785,0.20959846743120714,-0.03665428644756547,0.139498828879249,0.28894243571835676,0.32700401683156083,0.6991260188836014,0.7629062103316058,0.15416179746444875,-0.4229351362626312,0.31694324889236164,0.4667880457692716,0.17663334613277992,0.47707912992754764,0.05281669232307284,0.004739906351314747,0.5976295170745286,0.1480240192165748,0.49103550975902743,0.7326233162330873,-0.10105280412609312,0.32100345691626786,0.5601492706618421,0.32100345691626786,0.5369866915981661,0.49249534190928573,0.5856245063452453,0.6912507159547739,1.0,0.3119755139442197,-0.057492803866074194,0.4141786380319853,0.6774549007091404,0.37375569452900287,0.46759518263285194,0.16003069473835568,0.01435132894545105,0.6974844657271647,0.0655745228786034,0.37054744792860744,0.7311051441096833,-0.22958241523394496,-0.03745850905582136,0.3873051225512562,0.13453644812489632,0.3270101639668408,0.4551071363915734,0.34675802264569217,0.7296272610929997,0.883331003325893,0.24531557225116718,-0.32015900143256815,0.2327731584801409,0.2552821016186213,0.22898608879372814,0.5007404013958373,0.10157624679962689,0.13550447628735296,0.6291089945011211,0.061779245978440644,0.4319156090314032,0.6095002005878789,-0.1836660577581934
0.48026909367231874,0.0771502968269332,0.4174200513677636,0.07353664612918571,0.20452692655773463,0.27285534719112714,0.06596891378751014,-0.1255446795132187,0.8747381240513608,0.3821414613620446,0.5406552077511418,0.1678608424133291,0.4076505173682923,0.2118777788303815,0.5611555353195083,0.5450218656038621,-0.013963457148572717,0.34565819500898487,0.10758996420694758,0.1884716401632631,0.27163542927856393,0.48444574077982094,0.2432214550834461,0.48444574077982094,0.4559556968945004,0.4454442783213005,0.5166995861652454,0.2548707898353552,0.3119755139442197,1.0,0.48769949088546544,0.7339750769011477,0.02286244708158249,0.6037870089661261,0.21006178015617785,0.5652595513071961,0.5017160551647898,0.05243480482770287,0.266448132859812,-0.078180248230372,0.06723248831912268,0.15522516598499345,0.44825171547540155,-0.005521906646953182,0.5578176315456399,0.20169191992550914,0.2860915333993888,0.2919424939131791,-0.020193543026865785,0.11251645346668841,0.9655134667052219,0.4391148274811772,0.4829399408276249,0.5497647663179719,0.4585772991023124,0.2062645645335944,0.5137199763435122,0.5758757644079698,0.07515265489502282,0.20274152351007094,-0.007080938492647039,0.08628957729562017,0.2379401415797089
0.3125753329464261,0.1628490991967774,0.26898120054811914,-0.08067596300396251,-0.12674341741512796,-0.37135425700960994,-0.4510274924738816,-0.5386654008188067,0.3871091898576933,0.8456392726283615,0.27825668936408465,-0.15666587844811347,0.32162371362361103,-0.1772771890435286,0.2874697144199646,0.30698300428601877,-0.19727698099034202,0.423093195531371,0.1131147147528779,0.05154155025068308,0.7221761682768805,0.3632543916239573,0.2775077954640764,0.3632543916239573,0.21881558974738158,0.13797591849210464,0.012208835156055812,-0.053762476755880625,-0.057492803866074194,0.48769949088546544,1.0,0.37420266928371343,-0.129763866738155,0.3789776027000035,-0.06148048564805596,0.356421551548111,0.3506210870037629,-0.09667122677762485,0.467564361536388,-0.02865481012416006,0.029815661133244086,0.6678619628943009,0.48120874844840394,0.028814132291008543,0.6246256524215781,-0.14517807234415628,-0.0380593982107017,-0.23548088869597678,-0.3680157260079428,-0.2722810810451186,0.5776105820089912,0.9365400672646621,0.29871595013507457,0.4245128606257117,0.35010523312631786,-0.08187495700896402,0.259469542548834,0.4219730846699181,-0.12743286564370188,0.3387706483707485,0.006529642366861666,0.05052435312014317,0.7257862896307636
0.11349762503062633,0.3590342212110938,0.2918062509539388,-0.18095671675609096,0.2724252084095785,-0.03704177143568866,0.1097689211193477,-0.001585123085270981,0.6176318198278249,0.21650837983486274,0.7629106490798065,0.2700017483738375,0.0012698981717887976,0.07202181164484915,0.13969183399510549,0.18991947049753768,0.23122545075013892,0.5563934540109137,0.46280630966275477,0.3998767293183456,0.417720341232648,0.3911776227258411,0.556926291363238,0.3911776227258411,0.271776120396247,0.4176464335160327,0.26360667764336126,0.31096592311477517,0.4141786380319853,0.7339750769011477,0.37420266928371343,1.0,0.22193709884206206,0.24274429204738254,0.09630714691005382,0.18020934304020714,0.20342852105583936,0.25513906680331794,0.4497400641088819,0.3206290387207883,0.32392751213589954,0.3027072523877292,-0.0062680198731149064,0.3266117866388972,0.4183595261281,-0.07580604343721445,0.31098961486706833,0.04181848380507002,0.06205192203803564,0.2934246827016252,0.7181354997165978,0.3193248318582472,0.7499720012520323,0.7524169839220265,0.06981657665849952,0.13143763388139584,0.1303164231154408,0.3200172795274859,0.229909931257358,0.4432748566129299,0.36447906756074466,0.30614653884663406,0.3803458082710422
