Fp1,Fz,F3,F7,FT9,FC5,FC1,C3,T7,TP9,CP5,CP1,Pz,P3,P7,O1,Oz,P8,TP10,CP6,CP2,C4,T8,FT10,FC6,FC2,F4,F8,Fp2,AF7,AF3,AFz,F1,F5,FT7,FC3,FCz,C1,C5,TP7,CP3,P1,P5,PO7,PO3,POz,PO4,PO8,P6,P2,CPz,CP4,TP8,FC4,FT8,F6,F2,AF4,AF8,O2,P4,C6,C2
1.0,0.27485455517835017,0.19847880315287475,0.40737148109665006,-0.1890025543648917,0.43831499429036663,0.48705825252848506,0.17031705075154605,-0.005943250445440049,0.4627046232847845,0.442550155650199,0.306178139532997,0.17521396483957127,0.15801312314412827,0.2844467786513128,0.30283515405788847,0.1477866959904931,-0.12319498538736343,0.0230428557193397,-0.025833023018620616,0.13781250056124383,0.14676881086729773,0.18162021370637982,0.14676881086729773,0.23828482559764064,-0.1735627446254375,0.42626501717786885,0.22316975281798507,0.11618536668306252,-0.12473669813374978,0.3945402474154694,0.33952963917524537,0.29126318402772783,0.2386225155755599,0.3602866756193127,0.2769797607380225,0.317975337730212,0.2772038724977572,-0.1632064737665521,0.05477367809033003,-0.01039593857953585,0.11986446963295933,0.9342659836578845,0.2602063521078708,0.20404025791857874,0.293182080169073,0.030855080764768655,0.5114291661280044,0.3906606917390517,0.15030937769758249,0.051147224796562626,0.5586881709044982,0.45424943355630976,0.2597076966909868,0.19888213701356516,0.30335115124438894,0.4343716993445639,0.3843725301374883,0.18951301037054277,-0.19025058915599807,0.13822400304617247,0.03697665710783593,0.25683272299937215
0.27485455517835017,1.0,0.1466866877463845,0.2112843816826117,0.29314380635519033,0.2651856801272793,0.5095314739737056,0.06226845358744935,0.1556654463389721,-0.27239278669892947,0.376104296221924,0.6289625867008126,-0.01657824117111283,0.1679630413704921,0.11424605284699303,-0.002140471445957017,-0.14379609764983814,0.1214188598049414,-0.14199653802721532,-0.3679305604373059,0.08734023433521844,0.1249385529050791,0.7210765307283239,0.1249385529050791,-0.08965857331918556,-0.2008734332806595,0.09760410419842509,0.4405367367393557,0.06624573530145436,0.2498720347770773,-0.19648971782999888,0.323648056232849,0.503484702611794,0.04651668366147369,0.09195540214955647,-0.12514293922021172,-0.010323162345159868,-0.06593078414884757,0.15539313469749708,-0.12997534204019412,-0.3496089529485401,0.07777179193489946,0.16613170174103215,0.6743996689117238,0.1875609131824139,-0.1487014383755649,0.014513105486936323,0.20355808599655947,0.34015735283336773,-0.030404426147003012,0.3579319576313896,-0.049353675417441976,0.4835478431304941,0.4875629165229601,0.02590288132163147,0.33809280001036074,0.209668332195107,0.15166554841620933,-0.11496887308842291,0.19358469302729117,-0.08107474719452863,-0.19936691387369523,0.16105806258184913
0.19847880315287475,0.1466866877463845,1.0,0.16673813994130562,0.12040053615765448,-0.03504930823602534,0.22194823683871076,0.5151604609738445,0.3979655690462683,-0.10328188208173168,0.11996543944456825,0.1029374044307396,0.2119636640114657,0.29831157274686215,0.28610095165663374,-0.16778532210437203,-0.27155634158822456,0.32899267348509037,0.2373534103870159,-0.16598336245003678,0.3932599384479391,0.9099545106746235,0.04658564337437014,0.9099545106746235,-0.15390328949627965,-0.10674675605089422,-0.1553444716964462,0.009856704315034819,0.5387076928727941,0.3721774386995165,-0.15407336477537975,0.005326482354279867,0.10849835389912549,0.0832390306574053,-0.0026347369119106914,0.2503387175864441,-0.1415018495725864,-0.2722444076900873,0.3039800919490519,0.21450497783148054,-0.1481824268193718,0.3932461362681031,0.051406772026300604,0.06663375927203327,0.9111968387700247,-0.14631805664899034,0.10939568786966355,-0.07775829229118204,0.10330483741217981,0.4881172218078411,0.392958405108588,0.039406975310453035,0.1343774531279533,0.1526810086675306,0.18583986861345786,0.303588488735009,0.2654940649887648,-0.056047748770532056,-0.1917676363297038,0.214842275662758,0.22922087887607182,-0.08567393512344888,0.41577116594842906
0.40737148109665006,0.2112843816826117,0.16673813994130562,1.0,0.07431683185579768,0.4272457091822888,0.2806370587604322,-0.16595910038609055,0.04312601450946835,0.3937267348877732,0.5027457061301156,0.29822479981066463,-0.07519094808243211,-0.16790076518502275,0.2036972849176494,0.27927381990218136,0.09838810970657853,0.17534599228469852,-0.08053413665602624,0.34971972773270155,-0.002811327746792916,0.21452389603390656,-0.045080211728307285,0.21452389603390656,0.6529764380815997,-0.09643441233373228,0.3480856420817867,0.21241171116443258,-0.2369014727272183,0.05340332179941795,0.18587277623516157,0.4652487809972197,0.2118672376700446,-0.013330395173227729,-0.0904159109201334,0.17142621619840803,0.260579060262761,0.10045499089200934,0.1626285944876658,-0.10270801127334155,0.36171289525641326,0.10856734842994357,0.48230446672429933,0.007078051958321281,0.19869368969952203,0.6666558908368628,-0.031248578880141306,0.35896378578818255,0.2735373100503595,-0.2661996065669085,0.23286632682703381,0.503425355241748,0.4667910387886457,0.23606284501121033,0.07101248694451805,0.04456565126567751,0.3589792735669715,0.41983300908346094,0.12158834398040258,0.0817878341804733,-0.05605382096618672,0.323167087071534,0.14781293906006182
-0.1890025543648917,0.29314380635519033,0.12040053615765448,0.07431683185579768,1.0,0.12623271174610762,0.33865891005469917,0.09453534099241134,0.3726818982610321,-0.14402376607307057,0.060080329264613035,0.47811986919578836,0.2984309155608772,0.1605427967582603,0.12066241820478157,0.12027903025063169,0.08371686321360683,0.5089831533814558,0.1775025861069892,-0.0075642354143281194,0.22439015730579567,0.1118258716048277,0.165348223147931,0.1118258716048277,-0.03224104319074932,0.686467379573133,0.01708698924612449,0.3735301694379624,-0.008178312035026497,0.5184182654883087,-0.049110286555895985,0.12152784757132623,0.3735976775688983,0.21877648797724014,-0.08380349544399349,-0.04033443911029221,0.108214116450548,0.05548306574890761,0.4970549870887775,0.17199306503824952,0.01883280134801822,0.2943819104603037,-0.27031242624746143,0.1529699386742306,0.14565059763243154,-0.032921723071434525,0.7747986842820258,-0.0008680286134659513,0.3515352406897347,0.10502267291854094,0.4758911003152601,-0.03469857045872568,0.2653988078382694,0.3684360328827341,0.3675070033063985,0.21228379039251138,0.156577769963379,0.10265010763138552,0.0853145886480198,0.3513892922965275,0.18062688606140298,0.026548257644925122,0.26256122863830744
0.43831499429036663,0.2651856801272793,-0.03504930823602534,0.4272457091822888,0.12623271174610762,1.0,0.3491913007484391,-0.16541243056877328,0.19271563773525768,0.31768931920831023,0.27583319691754105,0.4663237323702689,0.24326032297308942,0.28520674772065063,0.6266216072399456,0.4304295989043926,0.3005832936987711,0.09984144335093827,-0.15793440849819948,-0.021561706658149497,0.12711651448089523,-0.06055218579924406,0.16811508820609922,-0.06055218579924406,0.27695828486044155,0.06198702558861807,0.799162596000189,0.28283065319970285,-0.15506938742496354,0.22885529542688166,0.2508659215901006,0.3210719340816804,0.39396823962336913,0.22783835223352375,0.478509040637751,0.5459598274903945,0.34373981516856844,0.3429839354008683,0.028707111581728922,-0.16767131147207548,-0.03376808485980004,0.1602003991290857,0.45845847710431364,0.29307141552186083,-0.0003296575098600339,0.4108157229345005,0.21532490634791646,0.8741327796001245,0.3395022585555865,-0.12969519745069577,0.2970843516729706,0.33404219012299374,0.4206011981086229,0.2674292155879853,0.32336619280747597,0.4576205313493526,0.7144426579483103,0.44445347686574654,0.29334799725370164,-0.06555106872982847,-0.1071651011187115,-0.010099868145862816,0.18312475386151958
0.48705825252848506,0.5095314739737056,0.22194823683871076,0.2806370587604322,0.33865891005469917,0.3491913007484391,1.0,0.31384383448001124,0.16762306836891522,0.09671615009716596,0.2178624484624319,0.6102367624292224,0.4058721783561362,0.4220954188928042,0.20449505873930476,0.13352880207554077,0.14182364873088565,0.2806849320509139,0.4032805002603328,-0.13830338389166494,0.2357553952471731,0.21328815453122474,0.3940708108573629,0.21328815453122474,0.038279725618270734,0.06710923914289173,0.19581579746491737,0.8432795835690253,0.19371532982290737,0.2336539170798908,0.2299287262617687,0.1800074936183507,0.5697120246535722,0.43172470174317684,0.3129978205624782,0.08630728150751288,0.17780062132838154,0.20276948630407451,0.27564475911690256,0.4438526405352033,-0.08864213655944685,0.22267701095430853,0.4046421685462499,0.4081685916830291,0.2841857323683081,-0.03273303964517058,0.4467766032437457,0.37512028330634967,0.950037025842863,0.329149878503659,0.352770573310387,0.366913627222974,0.4365916141554769,0.5642192928327939,0.41689071041445225,0.5304902059732712,0.4075383591323898,0.18734451249610562,0.2698965417998624,0.25875684822320144,0.4943068787095326,0.052139980759901214,0.3445901268052008
0.17031705075154605,0.06226845358744935,0.5151604609738445,-0.16595910038609055,0.09453534099241134,-0.16541243056877328,0.31384383448001124,1.0,0.3637251920013844,0.10956216895263171,0.11989551887265425,-0.10479767605673898,0.11482168116031995,0.2518759949266083,-0.10169356777028198,-0.21736433504133867,-0.11403080946793889,0.3381539029766144,0.501511915651506,-0.24346606501776863,0.425747149297975,0.4818534224581956,0.07579651172214191,0.4818534224581956,-0.3177699914117454,-0.05244421612003108,-0.21931366184341597,0.20116695843272012,0.766478703666702,0.37450071009131425,0.19381879661551663,-0.09186636623070038,-0.09174515888992311,0.10334636198533406,0.11643828672734914,-0.07962641001094903,-0.1867651008358318,-0.1423355183669669,0.3306117093715532,0.47405186067689364,-0.22691194962062963,0.27015881314643747,-0.011935202541458922,0.08052840642008055,0.46580681220028053,-0.5035515137697276,0.25585674535434383,-0.06422930931385179,0.2708703494951332,0.9071204741148878,0.2980305909687541,0.20075308663268404,0.19080651254142145,-0.009924772261813878,0.1419820066758524,0.27669752285571475,-0.029858493251339876,-0.1118232277302495,0.022743214610679924,0.2684140147467173,0.47843386445562025,-0.07831285838295682,0.3706207724610371
-0.005943250445440049,0.1556654463389721,0.3979655690462683,0.04312601450946835,0.3726818982610321,0.19271563773525768,0.16762306836891522,0.3637251920013844,1.0,0.1831947900894762,0.3746742467748634,0.36897991744031156,0.26002550877046765,0.3363004133034707,0.19339725293052507,0.19013459434463711,0.4048707081771931,0.5238765970848893,0.3329967707271247,0.14659800001151652,0.5902914802501044,0.2784152587358281,0.09547838155072162,0.2784152587358281,0.09192874050564821,0.21369943791988633,0.021915419769953513,0.14695976274408074,0.286615009763907,0.8566958736301548,0.2232261952221987,0.1586480500241782,0.34566185779242725,0.3308894659440478,0.02254642780211925,0.08042480470150672,0.18753758273887772,0.3727389436767441,0.48685465685758045,0.3276306276738554,0.16156408099724126,0.5782712604334307,-0.03405551800934673,0.2008328920848883,0.3483218772512543,0.07116012970038232,0.32373246987661514,0.16431521502713,0.16949686563626862,0.4978888159029102,0.8939041585247188,0.3430171458197408,0.459753588681041,0.3385491953533529,0.3004712013619562,0.32354203488263816,0.34342204887463246,0.2285718104625946,0.479952152502474,0.4339601285637377,0.3533058426762609,0.27141315139087185,0.6368422759201017
0.4627046232847845,-0.27239278669892947,-0.10328188208173168,0.3937267348877732,-0.14402376607307057,0.31768931920831023,0.09671615009716596,0.10956216895263171,0.1831947900894762,1.0,0.49568726881126796,-0.0742242109343407,0.11573367031693058,-0.2635296834342802,-0.01699484097044756,0.46714605261869613,0.5264593377163809,0.16190697327335463,0.3127668651578284,0.5093611816487543,0.01739989822091157,-0.22037051851276168,-0.3744401063572916,-0.22037051851276168,0.4424477004009551,0.19538335503678264,0.3024311288975818,-0.061578180266343534,0.1025529646707701,-0.040921696339399405,0.7811952576985737,0.43184555707194994,-0.1249898789352281,0.28463991332515715,-0.1533973479901273,0.2023834113696756,0.4219642822945455,0.5065549568783121,0.07546449319722176,0.2909755079809905,0.46664889726852976,0.05493420201513289,0.4751991597764804,-0.2159060575151966,-0.22591227459780128,0.38996272724237274,0.14463530024564908,0.33930867948911453,0.21316399865472987,0.1304814961860107,0.09662690733893645,0.8461446163536548,0.4822963797980382,-0.13409577564347516,0.15426467559895507,-0.2168574369303394,0.20979170497624294,0.4082004492457697,0.5670733182300035,0.08404747502247027,0.33917338268790964,0.4513515646685012,0.16882113667315524
0.442550155650199,0.376104296221924,0.11996543944456825,0.5027457061301156,0.060080329264613035,0.27583319691754105,0.2178624484624319,0.11989551887265425,0.3746742467748634,0.49568726881126796,1.0,0.2410487232757115,-0.28429897756725,-0.21032467007797898,0.019514423552013195,0.31385186464731074,0.3225762597432801,0.10130510526768943,0.11209365866692575,0.4505297341668402,0.15981342065177684,-0.020832347198402303,0.23506584222400806,-0.020832347198402303,0.22537058432616303,-0.10470524819854354,0.27745309630995807,-0.006794244303975136,0.08676827123950945,0.14578125989491444,0.41704283073769904,0.6618626964936232,0.18611272965940087,-0.17135318882838277,-0.16398704320704008,-0.03896062583561886,0.3425472529611895,0.36381171208609514,0.12926931812937298,0.11304721717375592,0.43540389968322724,0.238739004182233,0.3932355573726612,0.3342712483714922,-0.005876537268238151,0.27513254773903084,-0.03484477046113602,0.33658939513629255,0.17183969122618672,0.07458224118670352,0.3982050664646264,0.671777310131356,0.8551639687123229,0.2182146445973978,-0.18299692758106414,-0.04866686616946829,0.16377959749830404,0.5491583097544619,0.2578773591588514,0.20211002450326024,0.1599882171258712,0.5216864748749257,0.3491918508102679
0.306178139532997,0.6289625867008126,0.1029374044307396,0.29822479981066463,0.47811986919578836,0.4663237323702689,0.6102367624292224,-0.10479767605673898,0.36897991744031156,-0.0742242109343407,0.2410487232757115,1.0,0.3911668543805028,0.45525592196467035,0.31618783997729005,0.3369632146849232,0.29540507390602483,0.37767083995658784,0.0727161632104332,-0.12124822330382944,0.4211040214883154,0.022951417501902584,0.4577349604545171,0.022951417501902584,0.21907929240674717,0.18463264251508568,0.3426287994709083,0.5239290876574061,-0.08298539543326412,0.4534610322148988,0.009608138770352267,0.1127484393211815,0.9170379086776983,0.40653413220961787,0.30040949480433715,-0.01074354501407457,0.34718231825344575,0.35621266024339265,0.3556863883965084,0.09728133622500973,-0.07117997259052153,0.44147401030548816,0.24863987836677676,0.41371341243178233,0.1081821210949799,0.2334148921071197,0.40546935284231955,0.36079453652893456,0.5453442910708823,-0.019511935265412405,0.5819897646114927,0.1728955236299234,0.4785598134630754,0.8731204969207991,0.367454165613022,0.561296929964216,0.5207262861387909,0.3704280105698835,0.2738489816056322,0.225545161662761,0.15013870621545775,-0.012930441185309989,0.4671200545248737
0.17521396483957127,-0.01657824117111283,0.2119636640114657,-0.07519094808243211,0.2984309155608772,0.24326032297308942,0.4058721783561362,0.11482168116031995,0.26002550877046765,0.11573367031693058,-0.28429897756725,0.3911668543805028,1.0,0.4994175781297571,0.43135685736213475,0.3632922986862888,0.32194619307492806,0.3816746647462629,0.2835860538636602,-0.10918922653573966,0.32811069190568265,0.20303496726925904,-0.027330271790135738,0.20303496726925904,0.2594301946352656,0.37881732195062645,0.1792794788344767,0.4120019007686927,0.23564526811807557,0.3252195427713966,0.24243369440118723,-0.040181121435246145,0.40271374909345176,0.876479433852126,0.310361303151124,0.32353872474863976,0.36472240787992827,0.34483637932325933,0.29882160009922487,0.2992145792413656,-0.076977508443607,0.34837945810992116,0.16416305896395855,0.10443173887792331,0.30370223179694883,0.13101172334778136,0.5537973916782309,0.256287890746714,0.46163806910144256,0.317269395523857,0.3512961269542362,0.09485763581352775,0.004969775598750289,0.2731638715899007,0.8907632433097459,0.42886212578765015,0.4944737903060337,0.12319816892511475,0.3702089798900498,0.2014820302680774,0.3220505013923863,-0.11799648660408067,0.35745266976962864
0.15801312314412827,0.1679630413704921,0.29831157274686215,-0.16790076518502275,0.1605427967582603,0.28520674772065063,0.4220954188928042,0.2518759949266083,0.3363004133034707,-0.2635296834342802,-0.21032467007797898,0.45525592196467035,0.4994175781297571,1.0,0.5427050223685591,0.050495227106640145,0.12691089645789466,0.054096718738354206,0.09539603938227716,-0.4062123746819309,0.3873524707458549,0.21724281762306855,0.1142848592695102,0.21724281762306855,-0.07837712273706222,-0.06964559870013635,0.08960506071003045,0.40738257350716794,0.2920173654868164,0.4032986879475873,-0.1839200067556193,-0.3118247397745444,0.475885006653723,0.3534489144583199,0.7058029920276779,0.3411495201137038,0.02890056129107528,0.15217121794369898,0.005595521233922576,0.11325976026037392,-0.3799159370263369,0.28373277691497,0.1361062948641434,0.06155298009681875,0.3188038983696603,-0.15916351403598114,0.24310603280201937,0.17036402864297184,0.382802560085155,0.35725829589036656,0.40570195786099233,-0.15231336551465202,-0.06142116272513975,0.3941476889180061,0.40948012091563935,0.8827462446512471,0.5844899121212636,-0.006893729159881379,0.1455323459863721,-0.05933479453131682,0.1323923875470377,-0.33501266037506083,0.33669942940936487
0.2844467786513128,0.11424605284699303,0.28610095165663374,0.2036972849176494,0.12066241820478157,0.6266216072399456,0.20449505873930476,-0.10169356777028198,0.19339725293052507,-0.01699484097044756,0.019514423552013195,0.31618783997729005,0.43135685736213475,0.5427050223685591,1.0,0.2538354210741597,0.06884386793061245,-0.08186872926652862,-0.3720513828315999,-0.1552433982906865,0.11212721629891678,0.25040759245636884,-0.05378104998901579,0.25040759245636884,0.10828405248790002,0.03371682621028714,0.4706249185566575,0.1588229832965333,-0.10408792890671788,0.24331701831304,-0.1428681953942469,-0.03635826437442029,0.25003006512441334,0.20083864014103522,0.3970514387267258,0.7332255631561567,0.1817574625465791,0.09796027277095025,-0.15600858068819662,-0.3668127422206495,-0.15665593710510703,0.12209936545298443,0.28772410028739015,0.0654941273070653,0.3665794686162309,0.24644810080825819,0.12026870501454179,0.5126312588420419,0.19608935030664318,-0.04242345585457777,0.2685614325036635,-0.0016047810316477012,0.12314520302800916,0.11260745722345569,0.3800718138218192,0.6820783240922668,0.8898331340460633,0.26592887733104276,0.07185035255217936,-0.20684656875617236,-0.33858676090009954,-0.17539087415810894,0.10125556796956667
0.30283515405788847,-0.002140471445957017,-0.16778532210437203,0.27927381990218136,0.12027903025063169,0.4304295989043926,0.13352880207554077,-0.21736433504133867,0.19013459434463711,0.46714605261869613,0.31385186464731074,0.3369632146849232,0.3632922986862888,0.050495227106640145,0.2538354210741597,1.0,0.5859645787516599,0.1014295882155441,-0.008053752690171737,0.2602199648881381,0.2817821243914733,-0.32187819398279,0.1293970486352313,-0.32187819398279,0.49380013284909013,0.3546272034522779,0.503140056349263,0.13382804376611265,-0.08764660629350278,0.030466246787664665,0.5046557314151363,0.4001784571111624,0.38866258755090277,0.39601876197408464,0.10939383954863857,0.2574598497016306,0.9597455293935477,0.5728923610464827,0.051981007823942015,0.01172425592620217,0.25021234749507637,0.4242199991853243,0.37278622892598806,0.1416002917187234,-0.21134310647527968,0.5287371884549515,0.2702922193316119,0.424520907635396,0.21552813686189956,-0.05551512227594261,0.24628545721751152,0.4499318229906949,0.36540425441559743,0.2907662269383311,0.33876597511631734,0.054887355227898886,0.3533188343491946,0.8594754937216431,0.48599161545280284,-0.040033891136678414,0.06627349387184216,0.16022020530027398,0.4162273395552434
0.1477866959904931,-0.14379609764983814,-0.27155634158822456,0.09838810970657853,0.08371686321360683,0.3005832936987711,0.14182364873088565,-0.11403080946793889,0.4048707081771931,0.5264593377163809,0.3225762597432801,0.29540507390602483,0.32194619307492806,0.12691089645789466,0.06884386793061245,0.5859645787516599,1.0,0.1897267540633621,0.22163505118392351,0.47149080627347023,0.37792280144625184,-0.35280882821283543,-0.10136276023549624,-0.35280882821283543,0.43566616934884006,0.2805734802172957,0.23365178126119435,0.13212415362397312,0.13204869488360477,0.24847119421366531,0.5259110011107394,0.22032900845426936,0.36158179699110793,0.4214292443797519,0.049434779140122835,0.19446360845753252,0.5643065819511931,0.9674961041489679,0.13214889265118177,0.2428110523514399,0.444024165269019,0.3849719840435408,0.22882916067660017,-0.028347723514309316,-0.2921068245266082,0.4896816696387629,0.3206531856182267,0.35304357687944227,0.2679383285688358,0.09813459541467466,0.344398109508763,0.5077528193109994,0.36768898245254833,0.29745203533560943,0.29110655071698605,0.056950961417979236,0.16901525555208113,0.3889335084519939,0.889225003526331,0.08076049505177772,0.27764764320670676,0.4602320153525163,0.4284382469227681
-0.12319498538736343,0.1214188598049414,0.32899267348509037,0.17534599228469852,0.5089831533814558,0.09984144335093827,0.2806849320509139,0.3381539029766144,0.5238765970848893,0.16190697327335463,0.10130510526768943,0.37767083995658784,0.3816746647462629,0.054096718738354206,-0.08186872926652862,0.1014295882155441,0.1897267540633621,1.0,0.556206672706003,0.16031942015659184,0.4588235049828928,0.3393783627666334,0.20830685112506023,0.3393783627666334,0.1740129583810486,0.4538609041368593,0.1471062498607173,0.2977668466690502,0.34666140454468175,0.6479506598519631,0.3837368312744823,0.20200382897795358,0.40553844718287807,0.4849434078416131,-0.10362298128626851,-0.07715308406571002,0.18026633416735727,0.13134826006786082,0.9824498108313214,0.5481992323021216,0.21208338481989897,0.5616378415878879,-0.17051161584000243,0.26740156809479354,0.3302997321862166,0.11420732184744707,0.5143723768325117,0.09615577515974438,0.336833387855373,0.47481885866010126,0.6503651591351037,0.31047405915658427,0.3881251757039425,0.43140204787757974,0.43185209192075574,0.09179409378272399,0.09387170824696328,0.1193239690215361,0.2996953946237495,0.8182152457409324,0.5593571654084146,0.29585042361140707,0.49247902688155654
0.0230428557193397,-0.14199653802721532,0.2373534103870159,-0.08053413665602624,0.1775025861069892,-0.15793440849819948,0.4032805002603328,0.501511915651506,0.3329967707271247,0.3127668651578284,0.11209365866692575,0.0727161632104332,0.2835860538636602,0.09539603938227716,-0.3720513828315999,-0.008053752690171737,0.22163505118392351,0.556206672706003,1.0,0.19265996241395286,0.39894773341077067,0.1766253146259605,0.043326751288915076,0.1766253146259605,0.01970933950009652,0.1919682399641542,-0.19039341422055892,0.3366233580979275,0.49243629963271823,0.28808337068373097,0.54420468197105,0.15218686300005585,0.14755085849783506,0.41940640509612537,-0.10891948514147758,-0.2553287061174705,0.057209586227505875,0.2230726253637138,0.5529308682164304,0.9874569212185318,0.20547036488561815,0.41129384785780365,-0.0005356571013363469,0.08687729069897641,0.11732107778121599,-0.15660754585968564,0.3590139204254341,-0.12674992292615553,0.5016569202517575,0.6013891573889949,0.33073398503586565,0.40375949858188775,0.15994180250781923,0.1947165203310539,0.32175813845629214,-0.07805241040489384,-0.12870072250309852,-0.04831160925823106,0.32465068090558974,0.5976661955100308,0.9744171634962316,0.2872039147275013,0.5067704321294646
-0.025833023018620616,-0.3679305604373059,-0.16598336245003678,0.34971972773270155,-0.0075642354143281194,-0.021561706658149497,-0.13830338389166494,-0.24346606501776863,0.14659800001151652,0.5093611816487543,0.4505297341668402,-0.12124822330382944,-0.10918922653573966,-0.4062123746819309,-0.1552433982906865,0.2602199648881381,0.47149080627347023,0.16031942015659184,0.19265996241395286,1.0,0.05800787067806066,-0.20597222848230048,-0.3236681849705142,-0.20597222848230048,0.5138019400535945,0.18618658311214037,0.12228720431385777,-0.20497226771756408,-0.1360198904190222,-0.02623408322041152,0.4257582278446489,0.4429738002151385,-0.06267877419056994,-0.08519678511305764,-0.268176280782827,-0.007900995768443263,0.3204588208485777,0.47210042799018537,0.17666132767931494,0.18524654811929117,0.9832012091691529,0.23820315652442023,0.07619981746307833,-0.17719498644215215,-0.21562503519129197,0.5580851156825174,0.03924476324293338,0.1287884836722146,-0.046722805139640576,-0.11386670245121783,0.09151013870920122,0.4858974961146505,0.2856239877945454,-0.07252430517486,-0.0842466592507615,-0.4124426209284677,-0.09859984160702395,0.2526264455246,0.35009369335822693,0.13091196072542258,0.19213886719070755,0.9209130605452523,0.18087231614815513
0.13781250056124383,0.08734023433521844,0.3932599384479391,-0.002811327746792916,0.22439015730579567,0.12711651448089523,0.2357553952471731,0.425747149297975,0.5902914802501044,0.01739989822091157,0.15981342065177684,0.4211040214883154,0.32811069190568265,0.3873524707458549,0.11212721629891678,0.2817821243914733,0.37792280144625184,0.4588235049828928,0.39894773341077067,0.05800787067806066,1.0,0.28149276424723946,0.18235565860147718,0.28149276424723946,0.14341048833590012,0.13492181914240353,0.10485448589691672,0.18940787329252012,0.4779826075111539,0.5510060445961856,0.19394832198088172,-0.015215933654347634,0.445202460392879,0.3299800469088128,0.2642696724367171,0.007704179766415259,0.3139441069093824,0.37814642819434796,0.43499293305502496,0.39192096742465826,0.0794542178779781,0.9039860159555209,0.08719417500263742,0.23420880667842153,0.3248738625608416,0.12372683170956641,0.4055712365684521,0.16790942128040504,0.19827484909639306,0.5684019722116489,0.5887571257027152,0.15593094513836928,0.17916116928734496,0.4129413221698792,0.2905496868807115,0.37231655199439684,0.21800911609393664,0.3227299931292383,0.33098375371026867,0.2643800608067614,0.4248729081855432,0.16004771174291743,0.9379241471053603
0.14676881086729773,0.1249385529050791,0.9099545106746235,0.21452389603390656,0.1118258716048277,-0.06055218579924406,0.21328815453122474,0.4818534224581956,0.2784152587358281,-0.22037051851276168,-0.020832347198402303,0.022951417501902584,0.20303496726925904,0.21724281762306855,0.25040759245636884,-0.32187819398279,-0.35280882821283543,0.3393783627666334,0.1766253146259605,-0.20597222848230048,0.28149276424723946,1.0,0.07888599418158736,1.0,-0.1340065851198392,-0.10696833752129768,-0.17049923843705708,0.11071854758824562,0.4454466174685627,0.3722491006820925,-0.21055483454131288,0.0007174793930956484,0.07175906045416491,0.08498232516504817,-0.0165312661765748,0.2393944951647239,-0.27365858637757895,-0.3473448694702634,0.3300849880292628,0.16364283988358905,-0.16784377681217558,0.2973272754483838,0.061237602737272585,0.11927907251015932,0.9682585888500043,-0.069066127734259,0.06813686340693541,-0.04969559463967361,0.1109702073349315,0.44385646705311554,0.30577008899902647,-0.048493914462874176,0.03611466837761978,0.12683493364550352,0.27708140954045274,0.2794650587268108,0.18897794415236163,-0.19201472247575968,-0.20434011476228442,0.21191457478758682,0.17416002251319782,-0.10675844670284823,0.28059141272899796
0.18162021370637982,0.7210765307283239,0.04658564337437014,-0.045080211728307285,0.165348223147931,0.16811508820609922,0.3940708108573629,0.07579651172214191,0.09547838155072162,-0.3744401063572916,0.23506584222400806,0.4577349604545171,-0.027330271790135738,0.1142848592695102,-0.05378104998901579,0.1293970486352313,-0.10136276023549624,0.20830685112506023,0.043326751288915076,-0.3236681849705142,0.18235565860147718,0.07888599418158736,1.0,0.07888599418158744,-0.22238502479050679,-0.13900364769676457,0.23859152389121202,0.3740007111252002,0.07926664140755597,0.17495288174309773,0.06077374075356206,0.33986083979654147,0.5855841980443753,0.06342946658918816,0.19872919558877034,-0.23423891480556688,0.2193828760938014,-0.01717510591018064,0.2977772992505046,0.10223250201524064,-0.2650118959190238,0.2652437177659825,0.1396284805036517,0.8858562037553765,0.14145603792577408,-0.11304323295345367,-0.018820492576187762,0.2781383054240971,0.2902019230524504,0.12814207635769806,0.2814712906454822,-0.02880954211331009,0.37972179363435976,0.5865600939929096,0.03989756034718777,0.20172153036450605,-0.020508084292895922,0.2462545335328946,-0.10962596268805454,0.3246269787667567,0.11854410135437338,-0.12693943248126258,0.24234184090673705
0.14676881086729773,0.1249385529050791,0.9099545106746235,0.21452389603390656,0.1118258716048277,-0.06055218579924406,0.21328815453122474,0.4818534224581956,0.2784152587358281,-0.22037051851276168,-0.020832347198402303,0.022951417501902584,0.20303496726925904,0.21724281762306855,0.25040759245636884,-0.32187819398279,-0.35280882821283543,0.3393783627666334,0.1766253146259605,-0.20597222848230048,0.28149276424723946,1.0,0.07888599418158744,1.0,-0.1340065851198392,-0.10696833752129768,-0.17049923843705708,0.11071854758824562,0.4454466174685627,0.3722491006820925,-0.21055483454131288,0.0007174793930956484,0.07175906045416491,0.08498232516504817,-0.0165312661765748,0.2393944951647239,-0.27365858637757895,-0.3473448694702634,0.3300849880292628,0.16364283988358905,-0.16784377681217558,0.2973272754483838,0.061237602737272585,0.11927907251015932,0.9682585888500043,-0.069066127734259,0.06813686340693541,-0.04969559463967361,0.1109702073349315,0.44385646705311554,0.30577008899902647,-0.048493914462874176,0.03611466837761978,0.12683493364550352,0.27708140954045274,0.2794650587268108,0.18897794415236163,-0.19201472247575968,-0.20434011476228442,0.21191457478758682,0.17416002251319782,-0.10675844670284823,0.28059141272899796
0.23828482559764064,-0.08965857331918556,-0.15390328949627965,0.6529764380815997,-0.03224104319074932,0.27695828486044155,0.038279725618270734,-0.3177699914117454,0.09192874050564821,0.4424477004009551,0.22537058432616303,0.21907929240674717,0.2594301946352656,-0.07837712273706222,0.10828405248790002,0.49380013284909013,0.43566616934884006,0.1740129583810486,0.01970933950009652,0.5138019400535945,0.14341048833590012,-0.1340065851198392,-0.22238502479050679,-0.1340065851198392,1.0,0.004830482969512818,0.2735039148382694,0.1601708990984278,-0.20622332204108465,0.03885593182328502,0.3298905213611791,0.32277994726529635,0.19136417386377022,0.3300837634626679,-0.009736905609120064,0.11940846047081112,0.4613016112815679,0.43750533758664684,0.13531379564636276,-0.016410055998484604,0.5041565173974678,0.2652916363332184,0.40731613693068314,-0.11741498465232086,-0.10591749504366987,0.7401574934615585,-0.010060844051946745,0.2423662107540128,0.10877720414760056,-0.21225979498102723,0.21069193420153443,0.37223416896668937,0.14340953536126747,0.09743943620855401,0.2487955973505138,-0.09584662695806623,0.23140008375427012,0.3875438783912065,0.3822239723170821,0.050620283849542494,0.01312823245494567,0.3818719139099362,0.25925386460077876
-0.1735627446254375,-0.2008734332806595,-0.10674675605089422,-0.09643441233373228,0.686467379573133,0.06198702558861807,0.06710923914289173,-0.05244421612003108,0.21369943791988633,0.19538335503678264,-0.10470524819854354,0.18463264251508568,0.37881732195062645,-0.06964559870013635,0.03371682621028714,0.3546272034522779,0.2805734802172957,0.4538609041368593,0.1919682399641542,0.18618658311214037,0.13492181914240353,-0.10696833752129768,-0.13900364769676457,-0.10696833752129768,0.004830482969512818,1.0,0.13564364790122027,0.1564268332252526,-0.0385591486068258,0.23565454369177535,0.25963126054734076,0.06330009720854823,0.1642931018247213,0.382513191112539,-0.18827603247429406,0.1607400665952471,0.36213116181214167,0.20543545205449304,0.3901246238278811,0.21330896474187835,0.200223223981458,0.2387547544107887,-0.18888675429933824,-0.06117286027459989,-0.07861147101887916,0.169640180821278,0.7879097465201982,-0.003223446107488311,0.1792582040843932,0.10470194421708849,0.17691909508394352,0.12295729613143384,0.13972780725316147,0.13110089944749378,0.41077217761436796,-0.0551148002646361,0.06231764453176281,0.25286414795584167,0.3560335077082359,0.19443774405218797,0.23690607503205355,0.11289084941391017,0.15868249157891456
0.42626501717786885,0.09760410419842509,-0.1553444716964462,0.3480856420817867,0.01708698924612449,0.799162596000189,0.19581579746491737,-0.21931366184341597,0.021915419769953513,0.3024311288975818,0.27745309630995807,0.3426287994709083,0.1792794788344767,0.08960506071003045,0.4706249185566575,0.503140056349263,0.23365178126119435,0.1471062498607173,-0.19039341422055892,0.12228720431385777,0.10485448589691672,-0.17049923843705708,0.23859152389121202,-0.17049923843705708,0.2735039148382694,0.13564364790122027,1.0,0.107913609711489,-0.24676826012724737,0.05867204556912646,0.4153000926129887,0.3125325145488668,0.3705406053161347,0.13625604153715992,0.503645299551008,0.444523786985107,0.5555732344474411,0.27747224098476925,0.13587147705103308,-0.16382949950430928,0.17090291983513334,0.17238230247606737,0.4564634294708762,0.3631777035082451,-0.09720911223417618,0.4844539446280194,0.1540719401803017,0.8224665814557511,0.19045553231139958,-0.1146655350358595,0.18609601647018,0.41503996053621867,0.44138819124424417,0.2628297229408653,0.22684618362989026,0.31634025662864984,0.5190499608306234,0.6360659142147237,0.2126171014302032,0.00935794866982877,-0.11292622411311809,0.1417955870931165,0.13588888883729047
0.22316975281798507,0.4405367367393557,0.009856704315034819,0.21241171116443258,0.3735301694379624,0.28283065319970285,0.8432795835690253,0.20116695843272012,0.14695976274408074,-0.061578180266343534,-0.006794244303975136,0.5239290876574061,0.4120019007686927,0.40738257350716794,0.1588229832965333,0.13382804376611265,0.13212415362397312,0.2977668466690502,0.3366233580979275,-0.20497226771756408,0.18940787329252012,0.11071854758824562,0.3740007111252002,0.11071854758824562,0.1601708990984278,0.1564268332252526,0.107913609711489,1.0,0.08530099287755331,0.2955070689128328,0.1066461482992468,0.07024391908454806,0.4893956796304939,0.492162522884328,0.23328673560056423,0.09912289264435271,0.140510601539819,0.16028228980069473,0.29858960486862796,0.3757186969011001,-0.17467938303026248,0.18339388529594364,0.24504148090586256,0.40106555731614324,0.1833710561578917,0.032537989661883204,0.3946692597691832,0.2238114085158949,0.8670323196547631,0.2583952927785177,0.3374299220852061,0.12437528409571284,0.21949182652001017,0.455871747947166,0.4866595724317272,0.4742173691010122,0.3129170542815091,0.12540155482911886,0.32859044501274626,0.31524172817980456,0.40790121958682135,-0.03854025263173828,0.2731549427454479
0.11618536668306252,0.06624573530145436,0.5387076928727941,-0.2369014727272183,-0.008178312035026497,-0.15506938742496354,0.19371532982290737,0.766478703666702,0.286615009763907,0.1025529646707701,0.08676827123950945,-0.08298539543326412,0.23564526811807557,0.2920173654868164,-0.10408792890671788,-0.08764660629350278,0.13204869488360477,0.34666140454468175,0.49243629963271823,-0.1360198904190222,0.4779826075111539,0.4454466174685627,0.07926664140755597,0.4454466174685627,-0.20622332204108465,-0.0385591486068258,-0.24676826012724737,0.08530099287755331,1.0,0.2662786080039597,0.19939897250261127,0.009213872526930464,-0.010792872899335075,0.21642619366342788,0.07449548433810642,0.12463179825857813,-0.07367331436562768,0.09334023371312741,0.31531970550390287,0.46008654282182465,-0.15707056640875636,0.3600117997222949,-0.030676162827912797,0.10049503125258014,0.44048155670670697,-0.3439664084618784,0.23959070305650335,-0.10387397522126265,0.15959372783733344,0.8078021324974991,0.24474216126869922,0.08529606087691799,0.11623993777420134,-0.00708283556217264,0.17054553320985433,0.1693173771503568,-0.10084727643078083,-0.1233906514570714,0.1502743719548754,0.23991875368670898,0.47479951063897197,-0.054845236649389256,0.4397025841575771
-0.12473669813374978,0.2498720347770773,0.3721774386995165,0.05340332179941795,0.5184182654883087,0.22885529542688166,0.2336539170798908,0.37450071009131425,0.8566958736301548,-0.040921696339399405,0.14578125989491444,0.4534610322148988,0.3252195427713966,0.4032986879475873,0.24331701831304,0.030466246787664665,0.24847119421366531,0.6479506598519631,0.28808337068373097,-0.02623408322041152,0.5510060445961856,0.3722491006820925,0.17495288174309773,0.3722491006820925,0.03885593182328502,0.23565454369177535,0.05867204556912646,0.2955070689128328,0.2662786080039597,1.0,0.07513980765062338,0.027265866791308418,0.4287048082147719,0.3286903016346626,0.08538489217913718,0.0868685608640747,0.035148488524512404,0.23697810897113195,0.6257259167323108,0.26857258287972613,0.010988237552845117,0.5353858673185756,-0.12747407987908682,0.24853168505277867,0.4230206222516033,0.03539085344511283,0.3749490759602812,0.1574019915301172,0.25092217734878625,0.4808887983903884,0.9019350791616974,0.14807007806631375,0.33219438536677814,0.4172604022984476,0.448847228078173,0.47589366746806383,0.37869445708296395,0.10294621104538547,0.33821661209261805,0.5140836848479146,0.2969394257838775,0.14072172458331844,0.5436103632849527
0.3945402474154694,-0.19648971782999888,-0.15407336477537975,0.18587277623516157,-0.049110286555895985,0.2508659215901006,0.2299287262617687,0.19381879661551663,0.2232261952221987,0.7811952576985737,0.41704283073769904,0.009608138770352267,0.24243369440118723,-0.1839200067556193,-0.1428681953942469,0.5046557314151363,0.5259110011107394,0.3837368312744823,0.54420468197105,0.4257582278446489,0.19394832198088172,-0.21055483454131288,0.06077374075356206,-0.21055483454131288,0.3298905213611791,0.25963126054734076,0.4153000926129887,0.1066461482992468,0.19939897250261127,0.07513980765062338,1.0,0.49482070047225435,0.11211129503311278,0.43693646531891767,-0.006005681281405395,0.023214590424206368,0.5754287264433506,0.5294113467648457,0.36241103814680664,0.5631343811277851,0.4521989968410114,0.2681796995681622,0.450482685682772,0.20862972834945873,-0.19006247667161194,0.34282003289998036,0.26845242541932124,0.4237135523879805,0.3633183878058127,0.3554103479872673,0.2516170253967336,0.8354043194455935,0.49235954728635856,0.08509529438321738,0.29049822333393904,-0.168895558970005,0.08730129673483703,0.4830221648973381,0.5487820106783228,0.37526576468556094,0.5959031612586773,0.45269247458710676,0.34164164195724384
0.33952963917524537,0.323648056232849,0.005326482354279867,0.4652487809972197,0.12152784757132623,0.3210719340816804,0.1800074936183507,-0.09186636623070038,0.1586480500241782,0.43184555707194994,0.6618626964936232,0.1127484393211815,-0.040181121435246145,-0.3118247397745444,-0.03635826437442029,0.4001784571111624,0.22032900845426936,0.20200382897795358,0.15218686300005585,0.4429738002151385,-0.015215933654347634,0.0007174793930956484,0.33986083979654147,0.0007174793930956484,0.32277994726529635,0.06330009720854823,0.3125325145488668,0.07024391908454806,0.009213872526930464,0.027265866791308418,0.49482070047225435,1.0,0.15417069418659912,0.048624738536454874,-0.1317525708501777,0.04122312804641544,0.41582250522859115,0.2685428373601583,0.21472847974946715,0.15427138926283382,0.44513139060140466,0.18375634316610864,0.36503074790080353,0.41705467207890834,-0.011895467790464215,0.3638728268373385,0.008391442107275032,0.3989586805068715,0.17952420747487835,-0.0825260898292408,0.2406809207154159,0.5355038564812508,0.5787609724698516,0.12884317536534282,0.1577640634446929,-0.25738278664237196,0.09828866040407866,0.457655601176114,0.21459801309896176,0.2098729559213997,0.203245308858115,0.46680102154452935,0.23632120862352338
