Fp1,Fz,F3,F7,FT9,FC5,FC1,C3,T7,TP9,CP5,CP1,Pz,P3,P7,O1,Oz,P8,TP10,CP6,CP2,C4,T8,FT10,FC6,FC2,F4,F8,Fp2,AF7,AF3,AFz,F1,F5,FT7,FC3,FCz,C1,C5,TP7,CP3,P1,P5,PO7,PO3,POz,PO4,PO8,P6,P2,CPz,CP4,TP8,FC4,FT8,F6,F2,AF4,AF8,O2,P4,C6,C2
1.0,0.2731075866276029,0.44575188732824905,0.22534052803814053,0.1505522141606183,0.29662219164867304,0.39869339276879123,0.04479462557874789,0.6070955994461272,0.5985648636484023,0.6950449716588516,0.36952763669274286,0.5222615497813922,0.42725947893337596,0.23649104061369172,0.6224684870573945,0.0726639779550313,-0.2471795488272814,0.30837727433753154,-0.09777550862880087,0.2900031310358416,0.39627386373751927,0.1550239094130823,0.39627386373751927,0.15571843160137958,0.09938583554042092,0.14075985839008007,0.23588074156976419,-0.13985988399914032,0.5147057217256644,0.23023067720695378,0.5206784380345164,0.2854096647970719,0.4009494163510225,0.4904782267613361,0.24706652795271286,0.6216277729478925,0.020638361281202576,-0.1811787153472025,0.40203117322174675,-0.0948094032689035,0.39837956160532306,0.8096214732363233,0.3175390251922664,0.301831162300441,0.24520027332988506,0.10153215353384519,0.1523606990084982,0.3272288376238368,-0.031495064139787456,0.4720959942490757,0.5082972240525073,0.630520912480933,0.35427014465666723,0.4130698268582442,0.243028298253806,0.08224742676609371,0.5522210719546837,0.043703755625844616,-0.3272748816776669,0.3756822038131375,-0.17798629033273802,0.38761403632643293
0.2731075866276029,1.0,0.49170998310207,0.6627489906129329,0.658398548531394,0.5520717517040254,0.6141556296346375,0.3877099097955455,0.24417611559914235,-0.3061963568733115,0.08329253549002295,0.141503194371001,0.1364455731369674,0.4812034124756111,0.5280102187942022,0.0434071981702352,0.13632332472696299,0.17312619876620708,-0.12343522581474306,0.1738214890886,-0.15285965932223303,0.5369184394497347,0.8435669912760396,0.5369184394497347,0.5967130940765049,0.625155386896335,0.3837504121346579,0.6900423675317678,0.2658036756917062,0.19315093545512235,-0.2659664949937765,0.16687123521082817,-0.1029798988119855,0.13590057454218504,0.4113091318829533,0.5069557590547347,0.036937037089192645,0.08199274465861897,0.2049250327900402,-0.011729646792401795,0.1892931619558299,-0.08588497437208624,0.15696263515226425,0.8725038676662041,0.3754664505266942,0.5816019683465717,0.5259486107554918,0.47842759816462466,0.5357522540353536,0.3367770900330622,0.14631033907878788,-0.24880747014156543,0.014942911607634377,0.07421485315571028,-0.015444714613052973,0.6376468903447937,0.5625515540042101,0.15353590470847348,0.14442174082709613,0.20505778805621022,-0.03864800975152086,0.22183585969622402,-0.08228551048297333
0.44575188732824905,0.49170998310207,1.0,0.38784934753018063,0.2666344353520703,0.3511871216936469,0.5178310956349998,0.5037955864376796,0.39833886324993634,0.09429486615150721,0.3700126792293802,0.4823522173179322,-0.13955172922103548,0.2938622200626743,0.3537757490561285,0.14896258737045506,0.059893931748871684,0.24163100236058876,0.36143098407211416,0.03500399805980434,0.35895792003889526,0.9288366001641672,0.32679147487004057,0.9288366001641672,0.2255419414432374,0.29615833267395314,0.16263921499611733,0.484769762487255,0.272504002285219,0.4067495409149547,0.11420710335888182,0.42811528397672954,0.31744327242635817,-0.23426377162149586,0.32120003074250364,0.4242821068574106,0.20426198134252646,-0.02377924417849857,0.3017376465928246,0.4374786138158177,0.11795492668126738,0.40610270852363634,0.4698316358144587,0.4350141732275324,0.8749538679227837,0.1286606887198359,0.27461237457007664,0.2978775485036408,0.48042690230615187,0.38971138411367284,0.36009045145237717,0.0806524700325062,0.3720905390690761,0.4142520093098815,-0.3135477418551776,0.29833071609316353,0.29893699840379273,0.05940763906072684,0.059953159627902715,0.3101462790634371,0.4459251851240775,0.11505535850679134,0.4306585252877642
0.22534052803814053,0.6627489906129329,0.38784934753018063,1.0,0.6929173891965079,0.4840451488159041,0.728602641299234,0.2923251580358796,-0.0037219370593511345,-0.15119493788752794,0.03621189848353695,-0.04469219571663018,0.443174414262763,0.5379814119481517,0.7570459542363303,-0.024536946245340214,0.3563399961378697,0.21998647853705772,-0.15955369709464218,0.3145367005641571,-0.31722153522208585,0.42069740080534285,0.5177377599180066,0.42069740080534285,0.902705759737314,0.7266362438079159,0.3268225163986503,0.6930880856225197,0.09882224288283148,-0.02306940673888577,-0.2194361840870817,0.09618329364350454,-0.22931346788446502,0.3143549915417085,0.5226004750159022,0.7628141752747947,-0.016789668631370595,0.38283187576416217,0.2190013909498795,-0.1138087811029625,0.3173718209602961,-0.27651701060222583,0.08989200543151955,0.6388083727914915,0.24126288845910585,0.8043605342590257,0.7217150844156395,0.3989499873793689,0.6329549750104455,0.24019844335626092,-0.07586254300719313,-0.18927849128757648,-0.0010055546183345312,-0.010613903728701825,0.3130724412736599,0.6507004460662731,0.7395993595515243,0.09287665543926225,0.4063091329518208,0.3538137159308441,-0.08271251180294396,0.33713275564018474,-0.255765983259957
0.1505522141606183,0.658398548531394,0.2666344353520703,0.6929173891965079,1.0,0.5675175153497978,0.5672846848460301,0.3462022004905872,0.14842610376732096,-0.2216116733122294,0.044067384592269526,0.06452622206402028,0.35739988506909565,0.6636098657686785,0.46198632107609117,-0.26622201011114993,0.39853935382866035,0.3406842424139997,-0.03933525110924293,0.37620626739432433,-0.2098997738798609,0.3435351387638855,0.487110573560303,0.3435351387638855,0.6057526066458145,0.9166647084364198,0.3379426561092156,0.6055132160129364,0.27247398335172107,0.07777803286270504,-0.36006692585599775,0.07016046893018683,-0.21501707233109094,0.22425381261236274,0.4741217876486292,0.4390556716443947,-0.30131349047044076,0.37477002302692447,0.3520861515680499,0.06323516767454801,0.4083662131674004,-0.12696657805178077,-0.08712038494956735,0.5574374989908014,0.0865854616306286,0.6175755702604772,0.9009603576718564,0.4520510305404227,0.4282964973519707,0.34801069094112186,0.042697713589543426,-0.27665399773997423,-0.037941189361744426,0.11603155634092369,0.19386984240423058,0.6994938285437494,0.6412479053685558,-0.16281828773541226,0.43164184197262356,0.34565614306900677,0.0154617070783215,0.33965500082329975,-0.14637384080114477
0.29662219164867304,0.5520717517040254,0.3511871216936469,0.4840451488159041,0.5675175153497978,1.0,0.38164877031150707,0.45700777036062384,0.4018045929410888,-0.031347462394485326,0.27129102131614913,0.10694251679790974,0.2376119591715675,0.5559637455856559,0.46527365186836994,0.07983457241107815,0.15829348782261723,0.11036735619497307,0.1461344994424653,0.09880536431295191,0.06432482319340857,0.43890018111222684,0.5698648793701486,0.43890018111222684,0.387156040320609,0.610300900391407,0.8416716574789204,0.4375259001947091,0.30053176809236914,0.45971969421468,0.0021265132983570405,0.303930190050227,-0.0632256204995919,0.16117160468725314,0.6333092911484235,0.5655736745319969,0.08270105013507965,0.13779778698081566,0.09738393828687458,0.2037341022472434,0.1344790836295831,0.13337143753617306,0.20869194432387542,0.6161165750934772,0.27763434119490604,0.4173217487802945,0.5668645073283053,0.9360601179085485,0.3468380683127188,0.4659006474398124,0.36626584868566214,-0.01417303770538241,0.26387172763998723,0.23646939267393632,0.2081988447865576,0.5641797771421458,0.6265486954773771,0.1427523006089042,0.2089001219781839,0.20345580213147046,0.21223452450008212,0.11973668032609554,0.1235179965230379
0.39869339276879123,0.6141556296346375,0.5178310956349998,0.728602641299234,0.5672846848460301,0.38164877031150707,1.0,0.4815011967218679,0.12564650864065527,0.03392672310144888,0.08954113692925382,0.2609322454430341,0.24488639881841345,0.40222010876415565,0.7169168150172377,-0.07167345569777786,0.3753732618760819,0.4404082802325247,0.1804059578139848,0.362315636259792,-0.0906850138958239,0.5833707161924025,0.5384565920627707,0.5833707161924025,0.7536814309605101,0.6417780031490913,0.1883203462327858,0.9141569656244184,0.4027616222182804,0.11946660668706638,-0.055268290282980255,0.008271847474990041,0.006415845518160328,0.2296225242977763,0.502231745138733,0.687392318408155,-0.02909824509158038,0.39381808508663535,0.4929391264061776,0.28116317257344653,0.40944226431666925,0.03974318032162466,0.34393958548311,0.6521497253871863,0.3911328539501999,0.7175933146999058,0.6077810500945741,0.2827039484232209,0.9160229852295204,0.4759434991002396,0.13418144866912482,0.06080307444107392,0.061482529033549414,0.36604992294459887,0.18695114140714184,0.41755854196148423,0.6940243315842521,0.013574698101838945,0.47785712261291263,0.22179049430492767,0.2955715326357237,0.3441415718701387,0.05937365433040066
0.04479462557874789,0.3877099097955455,0.5037955864376796,0.2923251580358796,0.3462022004905872,0.45700777036062384,0.4815011967218679,1.0,0.33283157552693293,-0.02037438853166182,0.18718428148193444,0.3293733614473295,-0.10947912267189944,0.18297716675187575,0.4966574004485108,-0.29086020547225033,0.4450180679890581,0.5510714089937997,0.3830300331355613,0.22243511640115246,0.2468950963310907,0.5199789780081637,0.3184383592652611,0.5199789780081637,0.18826543282725497,0.40435110025021087,0.20783515103815947,0.4348853990757347,0.8956125178804225,0.29693383954330815,-0.05520702792503148,0.20490948300053521,0.006077966034548559,-0.1560302813415555,0.11434933750647698,0.5139099439774822,-0.28153074809549655,0.40735092350116053,0.579455954198665,0.4652895145239664,0.30749883480136414,0.33597679535249053,0.08571619560525431,0.38602344790624527,0.485723635759629,0.12441995930407063,0.4492819980876523,0.39413939815013554,0.4046867302438814,0.9227068115093721,0.3670574333327116,-0.06572826203351825,0.18319907920096387,0.2731606369318785,-0.1461667966852105,0.21429446812032227,0.5951846826430642,-0.2977779685373888,0.4964293261115889,0.38773047604927136,0.49442466534358237,0.3621144135623856,0.3335168192620592
0.6070955994461272,0.24417611559914235,0.39833886324993634,-0.0037219370593511345,0.14842610376732096,0.4018045929410888,0.12564650864065527,0.33283157552693293,1.0,0.45843332204951,0.8461793548955252,0.15753569393194514,0.30690877125764654,0.42275028277248966,0.19042397650046858,0.5343713699792842,0.1155672109846199,-0.06282716958293426,0.3277587518252922,-0.3028548720293085,0.5082266861033791,0.40327978263478903,0.24495004559617692,0.40327978263478903,-0.05209245935558066,0.10237181968773612,0.2979325139978747,0.11962091082437576,0.14695133739846572,0.9251636841676817,0.26693717405015305,0.6508764625414171,0.25800194016433575,0.3063292922887104,0.31541666216254716,0.18367606844793405,0.39361142754626893,0.026734679912841515,-0.05924868440297411,0.45894882458070635,-0.26077573817450866,0.615205377639929,0.5317817355972494,0.3438098884123617,0.3225101440651065,0.03902306356638387,0.11877500789447983,0.36194805172913436,0.021561488219456755,0.26248897431922474,0.9091483191343759,0.4020189632948694,0.8108496533425715,0.23161912502881943,0.24703126488493135,0.24298185985467394,0.20799088952063358,0.457962150179629,0.10614962631024838,-0.053590169242406054,0.45841534481425594,-0.33538512317443975,0.6123955444312175
0.5985648636484023,-0.3061963568733115,0.09429486615150721,-0.15119493788752794,-0.2216116733122294,-0.031347462394485326,0.03392672310144888,-0.02037438853166182,0.45843332204951,1.0,0.680453158205531,0.4019679296697329,0.48884591989842213,-0.049359171750374936,-0.030857571311926766,0.34896142042575695,0.14805537404490696,0.03263897817229708,0.5777451760084724,0.03387762715190082,0.5433364264535628,0.06380934436894817,-0.3347444805368465,0.06380934436894817,-0.19529874957495347,-0.22644922786045907,-0.010143016238342104,-0.13676590605756836,-0.09499811034407897,0.42031281411440535,0.7452608946485392,0.5062792626812398,0.44290195232905766,0.39323917686208903,0.05830605212942413,-0.007038354423649927,0.27194857412255685,0.13922625216072876,0.026476266233183544,0.5703860007257017,0.0016882690652648099,0.5681308895743649,0.4200176795013416,-0.1758932064490766,-0.022429050771549393,-0.09575606930141443,-0.18341450972743062,-0.09443820617830395,-0.0291500647924795,-0.015181240842963984,0.3230031118657051,0.9351254556555753,0.6389984768549163,0.3639088709023339,0.4599111810419321,-0.23230051450964823,-0.15510654692033052,0.23819037915420513,0.10401101091017384,-0.12785211677505165,0.5685003297966312,-0.07864914468889721,0.550954826095607
0.6950449716588516,0.08329253549002295,0.3700126792293802,0.03621189848353695,0.044067384592269526,0.27129102131614913,0.08954113692925382,0.18718428148193444,0.8461793548955252,0.680453158205531,1.0,0.29943815513536987,0.4015237188535432,0.29136933559584943,0.09584187123559192,0.5985943772565268,0.14608856583904037,-0.05421631953795096,0.4817116864052072,-0.19788574598101696,0.5752964516579675,0.3569878588464311,0.05792271913049585,0.3569878588464311,-0.04142640141408685,0.025781440909607156,0.21583051602703718,0.013756750448021007,-0.0007112271699843129,0.804306291059554,0.44153496158946354,0.7729849606443396,0.402839739993848,0.27559358119005584,0.2519566959821758,0.08714745889426681,0.4550690005819664,0.10457393273000361,-0.04738209415297156,0.556102854027502,-0.1882356452588247,0.6569935931698603,0.6098177316790979,0.21369598455109498,0.33612891630354896,0.052342367409379094,0.07395209366305146,0.22520213643509027,0.01926104607403538,0.1552741649426878,0.6941253329935853,0.6002319017335559,0.9400032110460157,0.29695281445708455,0.366399360245963,0.13119138432328356,0.03498758210619501,0.5026253342899722,0.12453419492155979,-0.09547602551707987,0.5706082699320684,-0.238941516710172,0.6623578388239834
0.36952763669274286,0.141503194371001,0.4823522173179322,-0.04469219571663018,0.06452622206402028,0.10694251679790974,0.2609322454430341,0.3293733614473295,0.15753569393194514,0.4019679296697329,0.29943815513536987,1.0,-0.14273293536762083,-0.05107284241830496,-0.19585254864597818,0.01520543436488724,0.10245154812395774,0.3239289482058262,0.6259195867520134,0.13388157883999421,0.5055869411770424,0.5097132043430532,0.06290310128969584,0.5097132043430532,-0.13826202284622313,0.05839196057912166,-0.0007164758596888176,0.18718477152408852,0.37300358001565026,0.15491932082399745,0.28226708585774773,0.24530315901874172,0.7095723153755333,-0.26512975635807795,0.015515344129142234,-0.0678265891457385,0.10189703856611014,0.08425150757786093,0.43050876496589824,0.6524111136249026,0.19652643254973332,0.5554806799829163,0.4052773678511778,0.1538950808160815,0.5198475157194737,-0.039628839165672836,0.07366805207156575,0.023043429748322172,0.27722905632512873,0.39180154926701166,0.10329509818472665,0.39771852102888994,0.2586479916022476,0.8021461107095625,-0.18078949777866368,-0.08331850056279946,-0.11925079159155741,-0.09379725821073248,0.12196221683138359,-0.014250138880017502,0.6498444628742197,0.19085219218153,0.5589266457577016
0.5222615497813922,0.1364455731369674,-0.13955172922103548,0.443174414262763,0.35739988506909565,0.2376119591715675,0.24488639881841345,-0.10947912267189944,0.30690877125764654,0.48884591989842213,0.4015237188535432,-0.14273293536762083,1.0,0.49496530162887614,0.40963296123577436,0.28046293455568516,0.3816110172248956,-0.14133703986864776,-0.10926159125293046,0.12437249194473468,-0.09595440453686067,-0.17418469973982162,-0.021614389241710052,-0.17418469973982162,0.3943439492415343,0.23215150056251976,0.16436247715214453,0.1097277702808329,-0.24411203274772564,0.15140851314915887,0.11058394222707037,0.261385965108505,-0.20621355916924208,0.8747669614545706,0.3432121869636588,0.31203219265412246,0.16080728825331325,0.36441977158656474,-0.1825561195931545,-0.05728708016006407,0.06888807668846665,-0.0789336379413616,0.1398448228419796,0.16419921614263308,-0.35619048445360557,0.47086105680846085,0.26664566460208333,0.11052808105985011,0.05590785372176304,-0.15577771451112685,0.08077971341622998,0.3442287831052215,0.26601307397278223,-0.1408895638925335,0.8559962653196959,0.3669952409764735,0.3200282716188218,0.3143802984440558,0.30901556486359794,-0.13084850345193338,-0.08106345870422564,-0.006826130371941566,-0.10741938534696811
0.42725947893337596,0.4812034124756111,0.2938622200626743,0.5379814119481517,0.6636098657686785,0.5559637455856559,0.40222010876415565,0.18297716675187575,0.42275028277248966,-0.049359171750374936,0.29136933559584943,-0.05107284241830496,0.49496530162887614,1.0,0.4855578119748033,0.26558707612646887,0.24945137976090503,-0.04879575202239195,-0.1296912435544783,-0.028159786968399263,0.030348023631501887,0.27667175683801065,0.3520864325803527,0.27667175683801065,0.45422601696487935,0.6140042598626382,0.36389198080997304,0.39545037587771026,0.022108487165002532,0.27113684900402135,-0.33035167573794466,0.2718596359965438,-0.12067974098117103,0.36526615453546674,0.7828563681823805,0.43370738342974796,0.17418138044664247,0.1749085050135944,-0.08009567549315631,-0.04379899559964367,0.0075856547333153015,0.0647264692319564,0.21355951234039103,0.4442980568606364,0.09166896545911489,0.4597136489765888,0.5411342547761528,0.4767326434017174,0.2624010645542449,0.12062412044245747,0.33436567325186,-0.20878732080639903,0.25600377742645986,0.12388300785548485,0.2916917834556354,0.8611091003125007,0.476322938038652,0.2745440668687675,0.21251366456901968,0.13206488406547076,-0.041312400774239304,-0.14484821098334288,0.05229352830389351
0.23649104061369172,0.5280102187942022,0.3537757490561285,0.7570459542363303,0.46198632107609117,0.46527365186836994,0.7169168150172377,0.4966574004485108,0.19042397650046858,-0.030857571311926766,0.09584187123559192,-0.19585254864597818,0.40963296123577436,0.4855578119748033,1.0,-0.06064812602843153,0.3136331927092474,0.26459383630584626,-0.08465935481017878,0.25493491044700156,-0.2386182380904518,0.39827328437874276,0.4599236188121606,0.39827328437874276,0.7741626354350402,0.5494015741442305,0.34967813919776386,0.6337672658836325,0.33760424870576755,0.18170270300072072,-0.086383485934149,0.11354164861868685,-0.2791506948470192,0.4315234897183872,0.5598745201968666,0.871062444743187,-0.09786078320938599,0.31678774217456385,0.2649477799480428,-0.013585786284610412,0.3128447745254574,-0.1630165953811065,0.13291605056883798,0.5644582247696801,0.22094813472115582,0.6627850174448277,0.5602635510223116,0.4560313780054841,0.6192637035717664,0.44783870016715915,0.18774735184964306,-0.05130935282113579,0.11256333137775597,-0.07923771626472176,0.3936536331273029,0.5222816150707126,0.8582868454361067,0.06704842043779141,0.37323104064898255,0.2841466726166615,0.033584351620302516,0.290095107392841,-0.13142023098794325
0.6224684870573945,0.0434071981702352,0.14896258737045506,-0.024536946245340214,-0.26622201011114993,0.07983457241107815,-0.07167345569777786,-0.29086020547225033,0.5343713699792842,0.34896142042575695,0.5985943772565268,0.01520543436488724,0.28046293455568516,0.26558707612646887,-0.06064812602843153,1.0,-0.2842142508647564,-0.5784684699346707,-0.04191653483800889,-0.63556855960267,0.2638032434967391,0.07819814451025706,0.058636478402030096,0.07819814451025706,-0.06558569440178395,-0.28012965006661467,0.07420769934696503,-0.12947830462378898,-0.5038448236004301,0.5037584218292751,0.15054188784610514,0.4857172187772941,0.2689901965639572,0.24419932910680733,0.2923970584009023,0.0189723869264631,0.9260325641536133,-0.32184514700718236,-0.5759897254286356,-0.014427782554575956,-0.6670224555799404,0.29610961510249967,0.6683855489135035,0.13397593036680022,0.16358332613301602,-0.013374303315300822,-0.3121037686646755,0.034364731663458,-0.05727247638798392,-0.4071923178841283,0.5121237275026206,0.27959605273976945,0.6225561599745659,0.06294890719843871,0.24176063614228993,0.15307611794365805,-0.2136380971616191,0.9375921763105499,-0.3067056404220487,-0.394360355353849,0.013268021471877806,-0.6760393660392708,0.2903959694669112
0.0726639779550313,0.13632332472696299,0.059893931748871684,0.3563399961378697,0.39853935382866035,0.15829348782261723,0.3753732618760819,0.4450180679890581,0.1155672109846199,0.14805537404490696,0.14608856583904037,0.10245154812395774,0.3816110172248956,0.24945137976090503,0.3136331927092474,-0.2842142508647564,1.0,0.5341109474197367,0.2164439389860302,0.5319476925975328,0.20624907154056524,0.008901760482475096,-0.06898076245737111,0.008901760482475096,0.29353592265584333,0.3131578084382442,-0.1394690118852582,0.25764238198579564,0.4167228990808424,-0.05368141909435948,0.034307890134953604,-0.10909814167716225,-0.16099989081111457,0.12548568796763535,-0.07964751664512011,0.30998043655978935,-0.3558389169901674,0.9640827569875858,0.46053251651213845,0.26058268560602554,0.5343225843131696,0.18132975400197368,-0.18896915105103623,0.05550679115726982,-0.11162277532133245,0.34938624833978826,0.39574293497176494,0.024851033113427352,0.161032296645245,0.4384126195066101,-0.040377147081635,0.03970834019272116,0.026950028127556987,-0.023418849090228434,0.19370172436771402,0.1521421907669435,0.3951969607785613,-0.36250296034320295,0.9438665214946924,0.4225720187107178,0.21692062063192438,0.5255914565928285,0.13918055264254175
-0.2471795488272814,0.17312619876620708,0.24163100236058876,0.21998647853705772,0.3406842424139997,0.11036735619497307,0.4404082802325247,0.5510714089937997,-0.06282716958293426,0.03263897817229708,-0.05421631953795096,0.3239289482058262,-0.14133703986864776,-0.04879575202239195,0.26459383630584626,-0.5784684699346707,0.5341109474197367,1.0,0.5359018646784931,0.6940546105768265,0.29981647857115556,0.34359325664190576,0.1312875393721519,0.34359325664190576,0.22111932380978866,0.4506967666546952,-0.047876803452998655,0.39895175405235345,0.6314033179563286,-0.029510648771483985,0.2227458245880115,-0.07241020838094966,0.1472920704334629,-0.20873639109099607,-0.1339922579191143,0.2551479198133392,-0.6407525556180317,0.5529827755129838,0.951657216688008,0.5386045725552014,0.7423645608219877,0.31056315780074056,-0.2994143165047388,0.17686814157435776,0.21953376851477574,0.2276763305395833,0.4306950249554489,0.11659024679496044,0.29114404898002666,0.6675507576433188,-0.053867985628990936,0.08706044253394643,-0.0485830258616852,0.3329864407607505,-0.13558289939975157,-0.04413687203640069,0.4404216490592958,-0.5735643677021288,0.6150518558854474,0.643301671068885,0.5434952923721601,0.6954897253642176,0.3194320782704933
0.30837727433753154,-0.12343522581474306,0.36143098407211416,-0.15955369709464218,-0.03933525110924293,0.1461344994424653,0.1804059578139848,0.3830300331355613,0.3277587518252922,0.5777451760084724,0.4817116864052072,0.6259195867520134,-0.10926159125293046,-0.1296912435544783,-0.08465935481017878,-0.04191653483800889,0.2164439389860302,0.5359018646784931,1.0,0.3493037319177089,0.741472761096579,0.3794607344850319,-0.11750024685248459,0.3794607344850319,-0.2138303106434821,0.05119972603711453,0.028918106181677648,0.08933603943624188,0.3562881362017212,0.36171901959554803,0.5840301640107275,0.3816632434838987,0.4786926951476545,-0.22497433321317242,-0.0516650785468937,-0.07752510316259087,-0.0689561443587407,0.21740797497528985,0.5162091454783785,0.9623511977583644,0.3439896137307841,0.7706765866152873,0.2567435224039937,-0.022336942866777898,0.36535866007308804,-0.14746427846714852,0.050848452437718336,0.11750890066642133,0.1098681445279062,0.4741574781987439,0.3152792683485184,0.5900780277754266,0.48688931361719257,0.614353181212878,-0.0825224568203713,-0.2871916808613172,-0.05764312852251169,-0.19933415711965086,0.24147782218120206,0.18951161080002002,0.9396871526890118,0.28740817951934194,0.7631776796779165
-0.09777550862880087,0.1738214890886,0.03500399805980434,0.3145367005641571,0.37620626739432433,0.09880536431295191,0.362315636259792,0.22243511640115246,-0.3028548720293085,0.03387762715190082,-0.19788574598101696,0.13388157883999421,0.12437249194473468,-0.028159786968399263,0.25493491044700156,-0.63556855960267,0.5319476925975328,0.6940546105768265,0.3493037319177089,1.0,0.10235107803389068,0.05207913337661746,0.0018730330802956328,0.05207913337661746,0.3060810543051069,0.40828720492073334,-0.009212774459594772,0.31121475565424267,0.30615447251028177,-0.3194917261482564,0.16795819360570752,-0.1262564359679331,-0.17882011463305328,-0.020225794219513805,-0.09032292119941791,0.19418767311944762,-0.6525924485754238,0.5597516299566553,0.6222806729934772,0.32325063388649306,0.958526013671267,0.04247981778285567,-0.3510981982920723,0.06632100174236322,-0.09505547764363205,0.3496577777835773,0.39612990778629564,0.07093391753975582,0.22603250153911425,0.33927805400359873,-0.38646949223149873,0.0847598233737428,-0.25599122073921565,0.07379136231109347,0.07761623350603511,0.01942095749702269,0.33735931835200217,-0.5854755713492071,0.5368475763367344,0.4968361058276638,0.26952252281866845,0.9243259330139634,0.031479558141206336
0.2900031310358416,-0.15285965932223303,0.35895792003889526,-0.31722153522208585,-0.2098997738798609,0.06432482319340857,-0.0906850138958239,0.2468950963310907,0.5082266861033791,0.5433364264535628,0.5752964516579675,0.5055869411770424,-0.09595440453686067,0.030348023631501887,-0.2386182380904518,0.2638032434967391,0.20624907154056524,0.29981647857115556,0.741472761096579,0.10235107803389068,1.0,0.2532867797003345,-0.22821787659715576,0.2532867797003345,-0.39874693547824963,-0.20636959535938398,-0.04261547403823083,-0.14547086248639735,0.16484851128021782,0.45739859845751557,0.5361385842355253,0.4720239271675212,0.49994083772786135,-0.25565136975100355,-0.10420008330575362,-0.17577134555037777,0.16119608440220468,0.11108465192173943,0.22750623409196763,0.7209484175762803,0.09209209585340825,0.9503817198672672,0.2520456559326096,-0.14495577930784434,0.3143383934143855,-0.3013020774221659,-0.211074718972179,0.04428175582070692,-0.1787875247533777,0.2345377788203787,0.48431675167073174,0.49130151803621624,0.5855154094513993,0.4242405533466593,-0.2078723321535264,-0.14663510642240207,-0.21391337044527067,0.06073935361628512,0.13354164742842958,0.21239397120992795,0.6998631111109408,0.02863366716190966,0.9236725572125317
0.39627386373751927,0.5369184394497347,0.9288366001641672,0.42069740080534285,0.3435351387638855,0.43890018111222684,0.5833707161924025,0.5199789780081637,0.40327978263478903,0.06380934436894817,0.3569878588464311,0.5097132043430532,-0.17418469973982162,0.27667175683801065,0.39827328437874276,0.07819814451025706,0.008901760482475096,0.34359325664190576,0.3794607344850319,0.05207913337661746,0.2532867797003345,1.0,0.5151687766496796,1.0,0.32338277638139196,0.4519842368072297,0.3084255928689069,0.5770134297995825,0.37492635948380526,0.48922276725174235,0.1599449090082894,0.42568519100352564,0.3888962152519547,-0.2099686112075127,0.4080746098418131,0.48213355483418696,0.1335214681925324,-0.01602938161868586,0.4323423037615169,0.46367554819246903,0.1601093622491916,0.3539913047526457,0.4771952225547596,0.5934044265205268,0.9069159084163028,0.2600953510889085,0.4211937006335165,0.43590952243257663,0.5753839164622889,0.5004583660313027,0.39948383919913905,0.12053146697002425,0.3997636809693191,0.5494031272780043,-0.21705009366986686,0.31009090238176845,0.4286358836042096,0.05909844395841944,0.09887494028288732,0.33552985760378573,0.5052234505834454,0.15086428170433042,0.4025781222628448
0.1550239094130823,0.8435669912760396,0.32679147487004057,0.5177377599180066,0.487110573560303,0.5698648793701486,0.5384565920627707,0.3184383592652611,0.24495004559617692,-0.3347444805368465,0.05792271913049585,0.06290310128969584,-0.021614389241710052,0.3520864325803527,0.4599236188121606,0.058636478402030096,-0.06898076245737111,0.1312875393721519,-0.11750024685248459,0.0018730330802956328,-0.22821787659715576,0.5151687766496796,1.0,0.5151687766496796,0.5864833888435679,0.6042638449799289,0.5623837346943887,0.6714693307587584,0.2979930614723903,0.31633253913902304,-0.15487568618783953,0.12701047972645071,0.033410373493772724,0.08668324610028921,0.46826617561260747,0.47294885655740937,0.08496778114250554,-0.032346423269215094,0.199612759356106,-0.020340921789462174,0.05823578321706721,-0.09383585649030893,0.21991156110731333,0.9585034276011698,0.39657789774654006,0.5741161960159062,0.4860498312889073,0.5991082368492585,0.5670190223155018,0.3609056257140124,0.2753974757607172,-0.16988372082974906,0.09428707565253608,0.15928494471617696,0.029202930671460074,0.5028076642879928,0.5733382335235677,0.2047233451371381,0.05345277379166998,0.1350926512504441,0.017073483168772986,0.0635679931162404,-0.049918431953889585
0.39627386373751927,0.5369184394497347,0.9288366001641672,0.42069740080534285,0.3435351387638855,0.43890018111222684,0.5833707161924025,0.5199789780081637,0.40327978263478903,0.06380934436894817,0.3569878588464311,0.5097132043430532,-0.17418469973982162,0.27667175683801065,0.39827328437874276,0.07819814451025706,0.008901760482475096,0.34359325664190576,0.3794607344850319,0.05207913337661746,0.2532867797003345,1.0,0.5151687766496796,1.0,0.32338277638139196,0.4519842368072297,0.3084255928689069,0.5770134297995825,0.37492635948380526,0.48922276725174235,0.1599449090082894,0.42568519100352564,0.3888962152519547,-0.2099686112075127,0.4080746098418131,0.48213355483418696,0.1335214681925324,-0.01602938161868586,0.4323423037615169,0.46367554819246903,0.1601093622491916,0.3539913047526457,0.4771952225547596,0.5934044265205268,0.9069159084163028,0.2600953510889085,0.4211937006335165,0.43590952243257663,0.5753839164622889,0.5004583660313027,0.39948383919913905,0.12053146697002425,0.3997636809693191,0.5494031272780043,-0.21705009366986686,0.31009090238176845,0.4286358836042096,0.05909844395841944,0.09887494028288732,0.33552985760378573,0.5052234505834454,0.15086428170433042,0.4025781222628448
0.15571843160137958,0.5967130940765049,0.2255419414432374,0.902705759737314,0.6057526066458145,0.387156040320609,0.7536814309605101,0.18826543282725497,-0.05209245935558066,-0.19529874957495347,-0.04142640141408685,-0.13826202284622313,0.3943439492415343,0.45422601696487935,0.7741626354350402,-0.06558569440178395,0.29353592265584333,0.22111932380978866,-0.2138303106434821,0.3060810543051069,-0.39874693547824963,0.32338277638139196,0.5864833888435679,0.32338277638139196,1.0,0.6764391184094984,0.32124656808586105,0.716596278932494,0.11766363198476906,-0.007669950404604497,-0.2009755990759986,-0.09455724640357305,-0.20187368586073184,0.3663443570479878,0.546174826284436,0.7276537545639308,-0.031186349687931783,0.34347392955142986,0.24180108379401047,-0.1671161793685869,0.3430707442085711,-0.3216132530626191,0.11821488215564428,0.6639775410704608,0.1686339881328722,0.9429114979701415,0.6655072731393297,0.3700228862806856,0.6991289114622543,0.23020690845830355,-0.04086773182624479,-0.15600900887055175,-0.028252585874801613,-0.023233548371176863,0.39015242466103006,0.5158618769515659,0.7645311018064912,0.08228396849832058,0.39183024368989317,0.2413864070118697,-0.1209777486627619,0.29522207126049965,-0.2784806300040253
0.09938583554042092,0.625155386896335,0.29615833267395314,0.7266362438079159,0.9166647084364198,0.610300900391407,0.6417780031490913,0.40435110025021087,0.10237181968773612,-0.22644922786045907,0.025781440909607156,0.05839196057912166,0.23215150056251976,0.6140042598626382,0.5494015741442305,-0.28012965006661467,0.3131578084382442,0.4506967666546952,0.05119972603711453,0.40828720492073334,-0.20636959535938398,0.4519842368072297,0.6042638449799289,0.4519842368072297,0.6764391184094984,1.0,0.4527673843422069,0.6826319130119207,0.35057249187851136,0.11698068452418263,-0.2249332805062334,0.12944277374151061,-0.13339344040614404,0.11679233511725585,0.5794480287761075,0.5768946881911104,-0.3075959796778877,0.35688982681477643,0.47413066972121165,0.1330373657150729,0.4592942726550272,-0.09722329387523708,-0.035780096480450094,0.6578893603541407,0.20498816485938032,0.6516568591554417,0.9378500450586917,0.5740453755497702,0.5592161465620645,0.44737989832841907,0.08884178006896278,-0.2147037794807183,0.03640779345780348,0.20938829448816287,0.18082071268394379,0.6745790580305128,0.7414420632625754,-0.14509933840562955,0.43527538823430717,0.4710438328506062,0.1402530541831202,0.3970039943374976,-0.08802945541110756
0.14075985839008007,0.3837504121346579,0.16263921499611733,0.3268225163986503,0.3379426561092156,0.8416716574789204,0.1883203462327858,0.20783515103815947,0.2979325139978747,-0.010143016238342104,0.21583051602703718,-0.0007164758596888176,0.16436247715214453,0.36389198080997304,0.34967813919776386,0.07420769934696503,-0.1394690118852582,-0.047876803452998655,0.028918106181677648,-0.009212774459594772,-0.04261547403823083,0.3084255928689069,0.5623837346943887,0.3084255928689069,0.32124656808586105,0.4527673843422069,1.0,0.37224289532907057,0.15251523226671,0.46028737277351167,0.12376636594975184,0.32051235873311873,0.015099731268041703,0.21319051079456264,0.6018582038833398,0.41572079407514523,0.10437873729249367,-0.08376266402865282,-0.02386520035552779,0.08580754588289886,0.025159724138228035,0.03847348470526871,0.20598396179326894,0.5664061415809942,0.19882000418983944,0.3334512801463194,0.4187851309385406,0.9198144486133591,0.2909886557621361,0.3153509783675641,0.305521210971679,0.0962955812969842,0.265150942415919,0.2146585544266213,0.312173826174688,0.4826167133017325,0.5077156122573703,0.20031434446282959,-0.034060022892024755,0.10704590824711645,0.14386446274026451,0.01759217473347392,0.07382249972289406
0.23588074156976419,0.6900423675317678,0.484769762487255,0.6930880856225197,0.6055132160129364,0.4375259001947091,0.9141569656244184,0.4348853990757347,0.11962091082437576,-0.13676590605756836,0.013756750448021007,0.18718477152408852,0.1097277702808329,0.39545037587771026,0.6337672658836325,-0.12947830462378898,0.25764238198579564,0.39895175405235345,0.08933603943624188,0.31121475565424267,-0.14547086248639735,0.5770134297995825,0.6714693307587584,0.5770134297995825,0.716596278932494,0.6826319130119207,0.37224289532907057,1.0,0.38676129372129014,0.15198131094155037,-0.13497124471249775,0.004746696449859289,0.00306723147055053,0.16322805320898837,0.48342773656311844,0.5971521310892504,-0.07456702085764731,0.306036559338647,0.4576040044428388,0.21501976935233968,0.3624771688528684,-0.01412945358798833,0.2597907271185098,0.7356736830455871,0.3798680616415331,0.6569832064333568,0.6416392650572246,0.3924203248950236,0.9051975613217347,0.4692787781381926,0.13006454216772928,-0.052219229976448636,-0.0043417769156501,0.3524304295657113,0.10126545726237009,0.5327013907982602,0.6861657514182977,-0.004895565593714547,0.38817028347565335,0.2897469188799011,0.23624495641085716,0.2989274292710429,0.021661023255023375
-0.13985988399914032,0.2658036756917062,0.272504002285219,0.09882224288283148,0.27247398335172107,0.30053176809236914,0.4027616222182804,0.8956125178804225,0.14695133739846572,-0.09499811034407897,-0.0007112271699843129,0.37300358001565026,-0.24411203274772564,0.022108487165002532,0.33760424870576755,-0.5038448236004301,0.4167228990808424,0.6314033179563286,0.3562881362017212,0.30615447251028177,0.16484851128021782,0.37492635948380526,0.2979930614723903,0.37492635948380526,0.11766363198476906,0.35057249187851136,0.15251523226671,0.38676129372129014,1.0,0.15045428776215897,-0.06899721954215288,-0.014028107315560933,0.0650275321084523,-0.2338026857064815,0.0033049444646718433,0.3094773990177712,-0.45303782628813466,0.414873229296803,0.6992665209609628,0.42603361736605994,0.40956215288199077,0.2566280398348693,-0.03716915570001718,0.30106281767405324,0.35958431480140646,0.11770963486999553,0.3977607849051584,0.29597384876369087,0.3823706031026327,0.9414106968092167,0.2130073669567339,-0.07852905306989148,0.013634643987643316,0.3526215704505571,-0.15977715109178064,0.07492032069812528,0.5051950955160744,-0.4739080518897607,0.5038983548323155,0.33085707649007046,0.4616094769575339,0.4327410116951571,0.2645862253661083
0.5147057217256644,0.19315093545512235,0.4067495409149547,-0.02306940673888577,0.07777803286270504,0.45971969421468,0.11946660668706638,0.29693383954330815,0.9251636841676817,0.42031281411440535,0.804306291059554,0.15491932082399745,0.15140851314915887,0.27113684900402135,0.18170270300072072,0.5037584218292751,-0.05368141909435948,-0.029510648771483985,0.36171901959554803,-0.3194917261482564,0.45739859845751557,0.48922276725174235,0.31633253913902304,0.48922276725174235,-0.007669950404604497,0.11698068452418263,0.46028737277351167,0.15198131094155037,0.15045428776215897,1.0,0.36569423793130273,0.6377148908192399,0.3346185949657936,0.21603728325521945,0.3502972205298354,0.23518107120858767,0.4075326760710829,-0.09134698180105828,-0.006445251913511794,0.4794996525593861,-0.25731386641264137,0.5979276639962093,0.5939408187791592,0.38173155750344767,0.43380284793627133,0.07270380700418319,0.14271645441150557,0.49738030261906746,0.10100587885803142,0.3057370985782991,0.9112735545744322,0.4491772297719785,0.8411804627062194,0.3208407920541884,0.24012860386139448,0.14305594749808526,0.2604119660158611,0.4804007176732617,0.023106031403434327,-0.024860142407654447,0.5172180333778222,-0.3210859047570215,0.6259487801048003
0.23023067720695378,-0.2659664949937765,0.11420710335888182,-0.2194361840870817,-0.36006692585599775,0.0021265132983570405,-0.055268290282980255,-0.05520702792503148,0.26693717405015305,0.7452608946485392,0.44153496158946354,0.28226708585774773,0.11058394222707037,-0.33035167573794466,-0.086383485934149,0.15054188784610514,0.034307890134953604,0.2227458245880115,0.5840301640107275,0.16795819360570752,0.5361385842355253,0.1599449090082894,-0.15487568618783953,0.1599449090082894,-0.2009755990759986,-0.2249332805062334,0.12376636594975184,-0.13497124471249775,-0.06899721954215288,0.36569423793130273,1.0,0.4406485133363873,0.379788400853721,0.07151452149560025,-0.09693327232380791,0.006816694913949058,0.061322684739110934,0.06417340383531028,0.16472571207000583,0.5134050179992353,0.11884358869431975,0.4946071391429501,0.13554093234584064,-0.0733526007056134,0.09752137838660156,-0.12906353265224726,-0.27982269923591946,0.0784076887531624,-0.07696250495526717,0.02245392392905903,0.20513962995923435,0.8822296025779497,0.47958123221046633,0.27683658907646647,0.1553830499718002,-0.39544568681755243,-0.13883451074264908,0.06565608521056294,0.03806085440124195,0.2074876222551916,0.5201234574542322,0.125736908767123,0.49388459354555597
0.5206784380345164,0.16687123521082817,0.42811528397672954,0.09618329364350454,0.07016046893018683,0.303930190050227,0.008271847474990041,0.20490948300053521,0.6508764625414171,0.5062792626812398,0.7729849606443396,0.24530315901874172,0.261385965108505,0.2718596359965438,0.11354164861868685,0.4857172187772941,-0.10909814167716225,-0.07241020838094966,0.3816632434838987,-0.1262564359679331,0.4720239271675212,0.42568519100352564,0.12701047972645071,0.42568519100352564,-0.09455724640357305,0.12944277374151061,0.32051235873311873,0.004746696449859289,-0.014028107315560933,0.6377148908192399,0.4406485133363873,1.0,0.24084597363916765,0.13829140131720893,0.2528889884502279,0.13471950152184126,0.3405538814842986,-0.10881831038762182,-0.08526989933931661,0.4081547836580917,-0.16273729603303272,0.4895457832686546,0.41389647873945,0.27292360838822993,0.40962412258874115,-0.08906836193208115,0.09948513943400254,0.3114330699399728,-0.026096770235384054,0.12175852146479996,0.5152594652379366,0.47139736900716434,0.7743910034369877,0.28164030965450587,0.22336467293832832,0.32123368701907073,0.06458958537030927,0.472915627453467,-0.10711563968820692,0.1742855963611445,0.4384579544562634,-0.12930903396030854,0.48983410512295644
