Fp1,Fz,F3,F7,FT9,FC5,FC1,C3,T7,TP9,CP5,CP1,Pz,P3,P7,O1,Oz,P8,TP10,CP6,CP2,C4,T8,FT10,FC6,FC2,F4,F8,Fp2,AF7,AF3,AFz,F1,F5,FT7,FC3,FCz,C1,C5,TP7,CP3,P1,P5,PO7,PO3,POz,PO4,PO8,P6,P2,CPz,CP4,TP8,FC4,FT8,F6,F2,AF4,AF8,O2,P4,C6,C2
1.0,0.48572262108186265,0.48522196040453847,0.6294950980439619,0.3904812240271835,0.7053652967946841,0.36644347093193397,0.6667460519782448,0.723978960728922,0.571699114032781,0.56840333480655,0.3531558377054839,0.5970051460988904,0.5929615300574279,0.5625423895376228,0.5954075964988012,0.4723318221907592,0.23344512696506378,0.12286917666651072,0.32395768480232234,0.25695191733060424,-0.07285883697845241,0.01962696834020265,-0.07285883697845241,0.052306655160632556,0.0038792272064572387,0.36861621719656246,0.048689408865808,0.24718284936872292,0.5536958496752207,0.1324642295157012,0.1527415158861314,-0.11885815743764012,0.39077243758683666,0.40079384419505426,0.25184872914696227,0.42996771174173315,0.2485771967854015,0.06161774421009491,0.17621227772786766,0.26968566523796894,0.0702095668364923,0.7702770729867712,0.121795991667911,0.16874974999114964,0.13107367002474454,0.1361071089166673,0.41164055335249067,0.12231086474497498,0.5369323393960502,0.5017402684287197,0.12258880472158726,0.34947649181059276,0.034767522159528885,0.34690526122813176,0.17672065072851245,0.21851317606605955,0.4077276984802979,0.024591067023990103,-0.2084360273411592,-0.038425077672534516,-0.0379649596330619,-0.13508933779142782
0.48572262108186265,1.0,0.6439718527978479,0.824458493592832,0.44118983324161554,0.6540609111688573,0.7573303170107697,0.7310061075349341,0.7191493379207334,0.44104668025032046,0.5919841231321681,0.6134047973726554,0.7349741391704784,0.4414674847665505,0.23031936821860244,0.29773448466415237,0.4683012435160051,0.4673606885748531,0.2184074618575384,0.41819283094919857,0.05591706964550559,0.1794004233698792,0.6785755796675902,0.1794004233698792,0.2985478954339801,0.17777839320271308,0.2556555822418656,0.3848768800941112,0.21890415357452353,0.3668566401679224,-0.12107578121207653,0.034981775782165624,0.10156753201631337,0.46512118444886635,0.19020024051333673,-0.09813109340898361,0.06576601677834558,0.2069789978795527,0.37481498621896703,-0.004670891053007809,0.39937804917150643,-0.10111092717416782,0.14402655302284753,0.6718533321632832,0.34046141166705013,0.2273017287763261,0.25822221277212226,0.23257451505622656,0.581038445984136,0.41768752066757997,0.4393313731878965,-0.0945835248567921,0.3678041019271142,0.3362760212339052,0.41242757255466717,-0.020955596913514268,-0.05068691152386853,0.046675267002018114,-0.022446575911740273,-0.0079989653494179,-0.13326104682997147,0.1190878169707163,-0.3387307769298394
0.48522196040453847,0.6439718527978479,1.0,0.7216863737417555,0.4669411824149931,0.627035225229763,0.5367768275323818,0.7175460422748557,0.7471499175776072,0.5093442470854571,0.5389152385868041,0.4362151207603283,0.498097348654181,0.5161362110656988,0.31826772437535017,0.4021040316494997,0.2217143839599098,0.40226791249585075,0.4042859139878791,0.4098256803496056,0.2883832886438528,0.6082852974172579,0.264082818627448,0.6082852974172579,0.15116437333269112,0.32989936877092096,0.20118804674668847,0.09676220993063728,0.17938485863500844,0.34440642258331866,-0.07578594778090392,-0.09491333794818496,-0.0026358035550160487,0.19091399017889507,0.23241027125145644,0.03232100572402415,0.2602354883219279,-0.1011283187933756,0.28718928744434025,0.27429238618482205,0.35210441100826506,0.11224456116370805,0.09875154588214703,0.20290008137094237,0.7877292499871458,-0.010956062444661145,0.2744091095992966,0.1811566078393239,0.2922282221590603,0.3457737318001249,0.44227433623802964,-0.05629378159525476,0.2347848424357636,0.06111162515442252,0.07988403973392454,0.12172478500249308,0.009038464271417654,0.16364089761678294,-0.30421424895350413,-0.051219510500224816,0.11198433672639597,0.04652767281805778,-0.16060145718042804
0.6294950980439619,0.824458493592832,0.7216863737417555,1.0,0.5804955784582913,0.7614316767995634,0.6130216449675592,0.862622808741654,0.8596071551124297,0.5878355378839063,0.6297582733363488,0.5754292016493243,0.691242511555249,0.727530880483677,0.5020246383846754,0.4458104934954531,0.4460577047704912,0.3791677606584992,0.13873551706804155,0.55918942933056,0.26923044487553455,0.08889152703335224,0.4866904745295276,0.08889152703335224,0.46774925694392966,0.31090559806884965,0.34995154745087964,0.18115128166983127,0.24752501897971463,0.4192034660329391,-0.010823044930647664,0.06137354813391194,-0.0005737833611340709,0.4451951973831364,0.5029260000453482,0.1312926222876131,0.21031403662039116,0.15392564927646962,0.2107185227489056,5.2188689165023086e-05,0.5304924874287763,0.09076307702612263,0.2129805331229499,0.5829651511834542,0.3495197652226432,0.42732912686286717,0.41866303513472,0.3764405093617997,0.40958056849039,0.551199814419287,0.5649685738782122,-0.002435599021785699,0.3331056337465065,0.25434285345646995,0.3065920362783783,0.2649677236028121,0.11193007993931822,0.16735908804171792,-0.11063253250944065,-0.06764025087176395,-0.15163181200634102,0.19988347970499262,-0.19711007077002937
0.3904812240271835,0.44118983324161554,0.4669411824149931,0.5804955784582913,1.0,0.2780068973554702,0.299167506346394,0.4720056339996498,0.520960181674539,0.5144858696297775,0.4172139847201156,0.29987759375441586,0.4177883848540077,0.3676026061180956,-0.07052263262824297,0.2052050735953301,0.24902866931436918,0.4307391741260133,0.27733812117429685,0.35705119144412206,0.4109388374374886,0.3036980402514853,0.22452295647461493,0.3036980402514853,0.21012069856400206,0.8136318962900905,0.013583109735367511,-0.04885368201546231,0.17197953918599046,0.20905625233611985,0.1887276822676107,0.15126808087310806,0.05136823191482875,0.34157743855047323,0.27381659700638095,-0.3437332222264308,0.09369122770306273,0.12203819010820136,0.3257851763918715,0.11710219949537727,0.31647231150672034,0.24943440403003822,0.08183749228656763,0.28304633170503624,0.42523021556912877,0.19944995348454334,0.874264561247995,0.10373885511511645,0.08814067378577348,0.47858582312332765,0.2837033206894475,0.1858965659482126,0.2771525748615614,0.24524330215140946,0.233948797651945,0.15355222473130858,-0.414642488107788,0.11989408841787297,-0.025761504852363438,0.0998248420010675,0.07125927193065916,0.16316454915824966,0.12234344962764339
0.7053652967946841,0.6540609111688573,0.627035225229763,0.7614316767995634,0.2780068973554702,1.0,0.6049327274605634,0.767911541933627,0.7429635886574752,0.46766460422247164,0.6337239546765512,0.6506906390387224,0.662114275980698,0.6979148209425878,0.6505291303120316,0.44666034321149123,0.5992928288057434,0.20486234121328803,0.10716131381140566,0.45791897320692887,0.2730102788892518,-0.0002610251981532265,0.2624958365760518,-0.0002610251981532265,0.17888084618830924,0.09899028085179334,0.6995946486201117,0.33564735157254993,0.24384863545236982,0.39633496858223705,-0.10219238446225089,0.149006192159595,0.18775992428126104,0.35487549771984767,0.4351929208628045,0.35190722138091013,0.23714820364884476,0.3482898204399098,0.07186116951609978,0.08522472154169537,0.4833643072707974,0.10828998267467567,0.3661166572890407,0.33056201760983234,0.24087649491983093,0.18063943843620292,0.16940583498383183,0.6684706173807803,0.4407813415606027,0.40890517725692166,0.5188034891840136,-0.007833489899655457,0.40105888360000425,0.3371718171609691,0.3783319914987879,0.22631265563621775,0.3728410410954323,0.1778556720739128,0.14632792665708283,-0.17066522024237124,-0.08178594196134287,0.15750107066751817,-0.16708300551756552
0.36644347093193397,0.7573303170107697,0.5367768275323818,0.6130216449675592,0.299167506346394,0.6049327274605634,1.0,0.6634660827835794,0.6466201615961369,0.08644702023895263,0.3670587586468858,0.6340693960730215,0.616185978638365,0.5827249879861306,0.26004725509172844,-0.006363704075318847,0.294910714137142,0.13357783187622926,0.11110302676672146,0.43107343872700166,-0.2024233986468984,0.08256706002450047,0.5460707641904738,0.08256706002450047,0.2875272044065926,0.1686930963732464,0.31569235724898215,0.7821695023633461,0.24025143448885058,0.3568384506399365,-0.4321075403372344,-0.14213386422149957,0.24389534043143363,0.3694699873111151,0.3838805421141301,0.006138698661323831,-0.18483738638071445,0.10799131753767108,0.01422743420761283,-0.023486583031912103,0.41346243504795044,-0.29150724138709844,0.19558405120473069,0.5288229728955872,0.21980586559625825,0.26904533049539703,0.2124863229173318,0.1617689143345536,0.9003892612814699,0.20693155115128373,0.37593365362962017,-0.38166915718189204,0.1494394012284511,0.29582103623866984,0.32725636579305506,0.13592735178678256,0.09451281855261151,-0.3062223024456798,-0.044913783707866466,-0.2130153512920042,-0.10025682038962372,0.3122822043377978,-0.485315759693126
0.6667460519782448,0.7310061075349341,0.7175460422748557,0.862622808741654,0.4720056339996498,0.767911541933627,0.6634660827835794,1.0,0.8726537567735262,0.4576866223388311,0.4573340828646914,0.703076037706414,0.6760939202265976,0.7846098670429484,0.5773173887049565,0.2958425694838185,0.5735266168585649,0.27529302543789674,0.21712530109875147,0.5021880411493952,0.1267290109637493,0.04875704623405498,0.3447950305683283,0.04875704623405498,0.3345814358778896,0.2751202973281411,0.37412465304235004,0.29098349213721747,0.5087200745677335,0.5060896448858982,-0.11068300852947492,-0.10515882797390912,0.15802673694111097,0.4303314642896982,0.5509808358969774,0.25358335592593145,0.06601515830379351,0.3136808650696322,0.10504827691380296,0.0740529197971479,0.4787237280674582,-0.0509960846328446,0.30940082772503325,0.43654000039471574,0.3091244450165101,0.29845838907940403,0.39301944736841177,0.3885561728161087,0.4862605677814411,0.6758601868101886,0.6163974305010997,-0.10693881496807818,0.17157750455629303,0.34769694604267265,0.2802124635037067,0.3247137778499253,0.22501440550749183,0.03947265407243898,0.026505537701692797,-0.23112099143226295,-0.0838142135634878,0.20416445500256838,-0.2566797243636408
0.723978960728922,0.7191493379207334,0.7471499175776072,0.8596071551124297,0.520960181674539,0.7429635886574752,0.6466201615961369,0.8726537567735262,1.0,0.5709807085066776,0.6604236479044462,0.6155566309681187,0.6382550151983334,0.7053761798559983,0.45709701596865115,0.4962064364651703,0.4620969126941242,0.33185850935335937,0.12905899335121446,0.3257842353137615,0.13910832377521282,0.13182856543381724,0.2844176550429971,0.13182856543381724,0.29845612462128757,0.2385621698603632,0.3635751242630402,0.22108313109533365,0.2977405039651131,0.7106998443490693,-0.055248940064564295,0.11334746914355884,0.06426060973763306,0.29548164152426304,0.4714279644346618,0.10600103028615847,0.2934036332031743,0.1950094223292217,0.14794223653187344,0.014184451559615905,0.28990618184322586,-0.04407884209210317,0.38980621860175624,0.38191352197225165,0.42528622345589084,0.298152554000761,0.3277436370163352,0.3443798997809362,0.40712640111445975,0.5128848563674703,0.7738219931579489,-0.08691743554598787,0.3825078798933403,0.235306372725481,0.14121715937264212,0.23575567980031834,0.09031242854617348,0.23448068801732166,-0.06473918920995171,-0.20569765136346535,-0.1224914191337359,-0.014014750018808676,-0.28042002355495244
0.571699114032781,0.44104668025032046,0.5093442470854571,0.5878355378839063,0.5144858696297775,0.46766460422247164,0.08644702023895263,0.4576866223388311,0.5709807085066776,1.0,0.608204308070913,0.2770223256353799,0.4161308986011265,0.2463606635800443,0.21879437357816567,0.674437367054144,0.34985496417372,0.4373344463650525,0.18968796680525957,0.018608976848248627,0.4814647764644908,0.2834243962288965,0.25269345816398625,0.2834243962288965,0.17412945489798007,0.28139395973310916,0.2980979659939929,-0.15847614807499003,0.19183952858860784,0.4213141927338971,0.6905913722039889,0.35760257991838557,0.04212928840289071,0.2097585889777145,0.05592528747975995,-0.05831581907071693,0.5642017747906777,0.15706030688884207,0.3581991747136103,0.20417006056675402,0.04913502129037111,0.38499510833399064,0.3482997063346528,0.31066436918797213,0.44107327069686125,0.15167907702562755,0.3484743595061036,0.39341874856787284,-0.0508996006264085,0.4896623084481355,0.5651085965601753,0.6631498484540969,0.503355324705531,0.24275450197683907,0.22861533087575453,-0.010404525444916782,-0.15567632155741457,0.5825977507923797,-0.001093902769214481,0.15644080481582284,0.05694792196752908,-0.3017938173411095,0.20365768685033392
0.56840333480655,0.5919841231321681,0.5389152385868041,0.6297582733363488,0.4172139847201156,0.6337239546765512,0.3670587586468858,0.4573340828646914,0.6604236479044462,0.608204308070913,1.0,0.4524713960474494,0.49570868314121047,0.30168272686617637,0.22769388636280896,0.5203303801865566,0.531287213896822,0.3899696102401752,0.15846134451119084,0.10123351274955968,0.536196143242952,0.28752941450290254,0.35354495479743925,0.28752941450290254,0.10883735680391489,0.22787722524300033,0.4436159685726586,0.050619263063422404,0.041658276685983306,0.4609600737798399,0.28806080222714786,0.6600581521885523,0.10795067273777541,0.23998238532955937,0.12194584629620266,-0.05036878255636413,0.39988670321146885,0.36102743376323804,0.30280800038122363,0.08154028757930404,0.09955569875013423,0.4008265455914639,0.313035339139219,0.3743488959605469,0.44876925327177325,0.16100759190935987,0.24132456414983114,0.39910660809434545,0.1775445929864648,0.3423210604537899,0.561671338858915,0.27530826695205546,0.8832130027248244,0.18460784072023612,0.26961939701499027,0.014040314589236663,0.04311254282555258,0.3341784515573825,0.2066398318782866,0.027573819747830568,0.05077409471305316,-0.19979499339678622,0.1682289641350275
0.3531558377054839,0.6134047973726554,0.4362151207603283,0.5754292016493243,0.29987759375441586,0.6506906390387224,0.6340693960730215,0.703076037706414,0.6155566309681187,0.2770223256353799,0.4524713960474494,1.0,0.48349285957256644,0.5839425926047584,0.3078445543054516,0.10836931702277974,0.5324663655425206,0.3551130630220526,0.2978189001565961,0.23473747621486654,0.20182222720253007,0.041080633057002484,0.4062843904347453,0.041080633057002484,0.2392392239794956,0.2871421644931969,0.4235367008918709,0.4452737647954418,0.39325260403340767,0.4564323244271307,-0.13372314164652613,0.2064757236994974,0.7117788638152585,0.3650914223295073,0.43789465033742697,0.15401962658909893,-0.10352821102565256,0.44147930417394354,0.255515695831581,0.1482489271407162,0.28701753112870193,0.13827742674531354,0.11776655172857944,0.5346080925091495,0.21236371121403272,0.24803815300908996,0.3941756317842882,0.42458746491351507,0.5626963696564322,0.43353158484151694,0.5163277554713267,-0.09250274258957543,0.3700159877089008,0.7628294667642198,0.26251100847248215,0.18248208363787244,0.17658130342773123,-0.08805764952342272,0.281522654762696,0.08155769069633567,0.13397809430605329,0.13487752299430103,-0.03601172757228308
0.5970051460988904,0.7349741391704784,0.498097348654181,0.691242511555249,0.4177883848540077,0.662114275980698,0.616185978638365,0.6760939202265976,0.6382550151983334,0.4161308986011265,0.49570868314121047,0.48349285957256644,1.0,0.5271553675851658,0.40288171780022275,0.43086912754303885,0.43980758190136005,0.4574273064208475,0.1333500543450727,0.5332724795829482,0.09353389390283645,-0.008055025371389041,0.4157567668352658,-0.008055025371389041,0.09484683146994417,0.16508317131603337,0.284222436438944,0.24579927387834377,0.12717609871043187,0.2193899811520653,-0.054000274354703386,-0.062432664180536855,0.0513911557118916,0.7906867362414225,0.22561049832500865,0.06296891094483767,0.24354000870433928,0.19927499584495761,0.30306939291190377,0.016700650385959012,0.5112224807061616,-0.08712335262559642,0.24910620062731248,0.4657337808038566,0.13370198368759798,0.13569868420372305,0.2623208986085312,0.3556677751582095,0.47830854064010137,0.338680527422357,0.39190884576407253,-0.015603855420648917,0.34633139032890276,0.22459663855116802,0.7662348848153387,-0.11948280661439359,0.06492787762038756,0.09267351259449455,-0.07617096063532221,-0.1433181944521335,-0.13170795505462915,0.2512459205359707,-0.2901607608197052
0.5929615300574279,0.4414674847665505,0.5161362110656988,0.727530880483677,0.3676026061180956,0.6979148209425878,0.5827249879861306,0.7846098670429484,0.7053761798559983,0.2463606635800443,0.30168272686617637,0.5839425926047584,0.5271553675851658,1.0,0.6987854457434155,0.28688488470921486,0.3302544354878328,0.04639723799367749,0.19312948446681777,0.5695130078357814,0.10802872165473269,-0.11441263397989274,0.1625645401152061,-0.11441263397989274,0.4481160191217999,0.23088163711657536,0.47509087033470837,0.35376420048603746,0.3356513891404651,0.381794411690303,-0.22114258474345042,-0.07408452017215117,0.15499439174164129,0.42417144621708347,0.8905041977523205,0.47459929378277316,0.12609301048930172,0.14244355383725724,-0.15859486477442822,0.19489278629956996,0.5550616843719824,-0.03557651512613975,0.33244652399563296,0.3282762129916206,0.17578391174338576,0.46285373572607297,0.376629724814542,0.49775339219014225,0.4690757956159,0.47425005355075706,0.4782826059948661,-0.16583632158464912,0.08977460900093952,0.24285746164527003,0.30756441404749085,0.646391499686633,0.4340917618334648,0.050612433989928804,-0.0507713154304956,-0.3090149302618698,0.05171731240586563,0.37736148792756463,-0.21394108022477903
0.5625423895376228,0.23031936821860244,0.31826772437535017,0.5020246383846754,-0.07052263262824297,0.6505291303120316,0.26004725509172844,0.5773173887049565,0.45709701596865115,0.21879437357816567,0.22769388636280896,0.3078445543054516,0.40288171780022275,0.6987854457434155,1.0,0.34390496249255514,0.3738554245417314,0.024562725892088518,0.017431266886757397,0.49166739990704345,0.13527740458788678,-0.23120421350761095,0.09749918516237649,-0.23120421350761095,0.3050045905045189,-0.1809679634277319,0.5623654526705747,0.19796350565263435,0.30332405209246827,0.3098864653201558,-0.02966556098560692,-0.06523001617797772,0.010053402283141387,0.344224326610132,0.605578364713919,0.880394921624152,0.20057250148081476,0.18137720043811525,-0.09352338968769781,0.1327892681075863,0.5184867800821213,0.03750508735224619,0.39487702139959896,0.17957184463315648,-0.013055280614004372,0.30822503573312154,-0.02200502511387826,0.6194747180144526,0.27369918279937444,0.39682801835056725,0.44141110541576717,0.04262474747557456,0.08730381361906528,0.0600611437689236,0.3102547849611333,0.42421328904959765,0.8456453441916277,0.14576317150546492,0.021877697526245635,-0.19258806290329009,0.038528361021433366,0.3207466590065646,-0.10166687039005155
0.5954075964988012,0.29773448466415237,0.4021040316494997,0.4458104934954531,0.2052050735953301,0.44666034321149123,-0.006363704075318847,0.2958425694838185,0.4962064364651703,0.674437367054144,0.5203303801865566,0.10836931702277974,0.43086912754303885,0.28688488470921486,0.34390496249255514,1.0,0.1322652829926049,0.34250004017549907,0.26536503920585447,0.049781011809006494,0.44530413781098377,0.11643867065217887,0.03512781028208552,0.11643867065217887,0.0007260295563683908,-0.08679907258861873,0.2305601536561417,-0.2539340202948109,-0.027204832009691544,0.4124441320928094,0.3291072652613648,0.3279508892248369,-0.1259912983138148,0.31162375655184327,0.0682485696220229,0.14581677277671284,0.9429090868477817,-0.017777025757629798,0.18201532313568472,0.3977237431152447,0.0629645393939222,0.342974332270297,0.3239294047475353,0.17877191955554467,0.3711752044567356,0.034787325723272304,-0.005564901415003257,0.4253142265904221,-0.1391536426294889,0.266509066643102,0.4449915013841577,0.38699965020755733,0.45596093765694445,0.024878453825806536,0.24994965192483162,-0.0014320121927683172,0.030872092757063402,0.8775151876306378,-0.18269485823998158,-0.035159724127654966,0.18766462889571212,-0.2587637402538838,0.18302081391704725
0.4723318221907592,0.4683012435160051,0.2217143839599098,0.4460577047704912,0.24902866931436918,0.5992928288057434,0.294910714137142,0.5735266168585649,0.4620969126941242,0.34985496417372,0.531287213896822,0.5324663655425206,0.43980758190136005,0.3302544354878328,0.3738554245417314,0.1322652829926049,1.0,0.08773005500415779,0.11434890425596586,0.2728660677392528,0.2463484348427783,-0.10687801255931077,0.28922599507671126,-0.10687801255931077,0.11487187520730126,0.21255317339513274,0.5239798311381428,0.23439237910220156,0.4659955710024289,0.402698865903519,0.1646326049792589,0.3695845963802621,0.2843879422148258,0.3422146430298266,0.25747805102795385,0.15047854320062676,-0.009750244444272372,0.9047360116561501,0.1027912946085572,0.03867041037456766,0.33989101055667437,0.1481085827309416,0.34324558293756813,0.3266304916320911,0.058572730937384083,0.14912751672969346,0.2748571319431664,0.5470375773201781,0.26857398244022296,0.664268398134156,0.46139341980957244,0.23395809934363415,0.4981569111772282,0.42786924667103177,0.41895974688709614,0.2556999946133428,0.2584959054325521,0.05257380059715146,0.7377347513045615,-0.13475767346553266,-0.007646060319108578,0.13112078619311532,0.056188101200058974
0.23344512696506378,0.4673606885748531,0.40226791249585075,0.3791677606584992,0.4307391741260133,0.20486234121328803,0.13357783187622926,0.27529302543789674,0.33185850935335937,0.4373344463650525,0.3899696102401752,0.3551130630220526,0.4574273064208475,0.04639723799367749,0.024562725892088518,0.34250004017549907,0.08773005500415779,1.0,0.24878866722209605,0.13391790627962863,0.31362168917130245,0.33071558674021156,0.27013486453230057,0.33071558674021156,0.06119764672314871,0.36438361693408317,-0.0020984996043892953,-0.11225412681793288,0.08659885339087972,0.20470400485116083,0.19020063075843843,0.20723433428656338,0.2238400464644886,0.40820209673593477,-0.09982582379181024,-0.08255062623992791,0.20433084170743537,-0.040796261806862896,0.9488522264906794,0.11074770690645529,0.11147745331211457,0.21550819294009851,-0.06429446643707722,0.29005181919806505,0.3295033851309469,0.0010265674272516314,0.38151132142379945,0.10448330642391324,0.04043102482823241,0.20416381849143692,0.2997462515904109,0.14211307963447267,0.36456395870978164,0.31760668847703427,0.332620660052483,-0.3764630688083557,-0.15851580190317577,0.23606885509346806,-0.10675242995106991,0.6458124760368205,0.11514012099869586,-0.032803161665016685,0.06337515479516778
0.12286917666651072,0.2184074618575384,0.4042859139878791,0.13873551706804155,0.27733812117429685,0.10716131381140566,0.11110302676672146,0.21712530109875147,0.12905899335121446,0.18968796680525957,0.15846134451119084,0.2978189001565961,0.1333500543450727,0.19312948446681777,0.017431266886757397,0.26536503920585447,0.11434890425596586,0.24878866722209605,1.0,0.2037921743577222,0.37749694457025096,0.42206903815754615,0.09010778807739167,0.42206903815754615,-0.17509751138201768,0.3142780105752185,-0.013448047968917451,-0.05423842736398326,0.1533565213116997,0.057340677109896515,0.054097084403099266,0.06710997279492162,0.27518301404182716,0.19032632984812664,0.13650853294694856,-0.06179468765445755,0.22599976480131428,0.047852064857325904,0.2118835043460431,0.895763569027683,0.21469556258372652,0.30390702499752636,-0.08990016635490637,0.19325311175255208,0.5909211530503721,-0.25114923974891606,0.2482099545235899,0.12739396898881042,0.008893709646855711,0.3287308874989137,-0.024483921539712166,0.1611830976696525,0.16816194081195354,0.2553103252921289,0.16880553225995157,0.20224552557165093,-0.06497683028055097,0.19143833219161216,-0.03722608686108275,0.05679326278597624,0.8734326440752923,0.07123007616036647,0.20740857663613016
0.32395768480232234,0.41819283094919857,0.4098256803496056,0.55918942933056,0.35705119144412206,0.45791897320692887,0.43107343872700166,0.5021880411493952,0.3257842353137615,0.018608976848248627,0.10123351274955968,0.23473747621486654,0.5332724795829482,0.5695130078357814,0.49166739990704345,0.049781011809006494,0.2728660677392528,0.13391790627962863,0.2037921743577222,1.0,0.05186412168627132,-0.08673031150114896,0.20629603973590302,-0.08673031150114896,0.1543209509153925,0.2905447193821908,0.09351788627401339,0.1672920185474104,0.004581475560543379,-0.10485583344477994,-0.3621123214821334,-0.38132184657113405,-0.15437480073636675,0.5262360566250001,0.41740764989451007,0.22757732189571314,-0.11555343438755816,0.012680459636436697,0.07101967049710298,0.12649494908975611,0.9747995317811562,-0.07673114014204248,0.014128930652064707,0.24731261415008288,0.08164550723306228,0.08197480212973372,0.28874003169164264,0.1643184954213735,0.35521419209485106,0.2323922185323605,-0.028872556803663494,-0.2644094607573843,-0.11521993883474042,-0.0725520557139381,0.4256514341838291,0.1958044317185654,0.25373617419478295,-0.22546048398465793,-0.16676432143115377,-0.07383975406744153,0.05353317642925951,0.8340812120268554,-0.3080945843706381
0.25695191733060424,0.05591706964550559,0.2883832886438528,0.26923044487553455,0.4109388374374886,0.2730102788892518,-0.2024233986468984,0.1267290109637493,0.13910832377521282,0.4814647764644908,0.536196143242952,0.20182222720253007,0.09353389390283645,0.10802872165473269,0.13527740458788678,0.44530413781098377,0.2463484348427783,0.31362168917130245,0.37749694457025096,0.05186412168627132,1.0,0.3188335396709454,0.042306014680128574,0.3188335396709454,-0.010309539011496203,0.33911092412286026,0.16074592230436083,-0.3689013483328061,0.04884967738358241,0.021241125725137058,0.5025929724614403,0.5585863630566701,0.2428510401329828,0.23980763953399392,0.05720639809670706,0.06258589446508359,0.41383504805841825,0.2261527809064529,0.25447303611768574,0.4103504322616545,0.09124578542027016,0.9505226377460728,0.01890309994287229,0.10955020629151087,0.40434070009192635,-0.016534816177286926,0.4360982730720008,0.3502121620950805,-0.2809035460424478,0.35114405584851666,0.14365082844129845,0.5986927969427749,0.5441925094715793,0.2840734116195627,0.1420775126146339,0.08748892775074017,-0.013908036980500627,0.4475267249319245,0.17340033035658095,0.30714704168522355,0.41907582865529336,-0.08111519417476452,0.8114108328726113
-0.07285883697845241,0.1794004233698792,0.6082852974172579,0.08889152703335224,0.3036980402514853,-0.0002610251981532265,0.08256706002450047,0.04875704623405498,0.13182856543381724,0.2834243962288965,0.28752941450290254,0.041080633057002484,-0.008055025371389041,-0.11441263397989274,-0.23120421350761095,0.11643867065217887,-0.10687801255931077,0.33071558674021156,0.42206903815754615,-0.08673031150114896,0.3188335396709454,1.0,0.2537899378699875,1.0,0.06682042381013613,0.3864612891449025,-0.009596817717008935,-0.046331692928317625,0.09309297611470585,0.1172115520853738,0.17227619869277117,0.12340591661665301,0.11848639967847374,-0.07198761789002531,-0.17609350260460063,-0.2283301393048128,0.18640237313690475,-0.15959914962805502,0.380642060770587,0.34055348165122706,-0.10347875345413259,0.2891538655812576,-0.10002223567953768,0.03823920591453586,0.905267334389953,-0.10630771580840773,0.2447487112065652,-0.04046168125230231,0.009418022291539077,0.08202929736287418,0.1673207775148704,0.18337131210058275,0.29682417906859015,1.1933434283000653e-05,-0.05306435966203458,-0.038342777729343545,-0.2234544828738374,0.1498212861734095,-0.15299950162598586,0.21857935768998193,0.3246602351594411,-0.18228019812870275,0.23080201880116832
0.01962696834020265,0.6785755796675902,0.264082818627448,0.4866904745295276,0.22452295647461493,0.2624958365760518,0.5460707641904738,0.3447950305683283,0.2844176550429971,0.25269345816398625,0.35354495479743925,0.4062843904347453,0.4157567668352658,0.1625645401152061,0.09749918516237649,0.03512781028208552,0.28922599507671126,0.27013486453230057,0.09010778807739167,0.20629603973590302,0.042306014680128574,0.2537899378699875,1.0,0.2537899378699872,0.6248674764031042,0.14739794238938078,0.2985055993338214,0.5275263326237856,0.32564276410471155,0.2225885467266801,0.08042554009591676,0.16694599467667623,0.29719926572717725,0.39973152668211254,0.11086503565353803,-0.0073139749421842135,-0.06505099869828446,0.23869666818582908,0.2842835741696156,-0.051566844142594895,0.26081278615475584,0.05711302738793055,-0.017151993057157096,0.902182441397456,0.24180212420011216,0.5539595193496181,0.25217568412989844,0.2869450264863622,0.6534655689414134,0.33551391222216653,0.3685747053931242,0.13493271309368343,0.38652578559655343,0.41745580788944486,0.4127966714436634,0.05771305621403227,0.049297761634344135,-0.05467917015086298,0.1321915518184641,0.11509168764771723,-0.029315069330574376,0.16840793040291868,0.006678850003528954
-0.07285883697845241,0.1794004233698792,0.6082852974172579,0.08889152703335224,0.3036980402514853,-0.0002610251981532265,0.08256706002450047,0.04875704623405498,0.13182856543381724,0.2834243962288965,0.28752941450290254,0.041080633057002484,-0.008055025371389041,-0.11441263397989274,-0.23120421350761095,0.11643867065217887,-0.10687801255931077,0.33071558674021156,0.42206903815754615,-0.08673031150114896,0.3188335396709454,1.0,0.2537899378699872,1.0,0.06682042381013613,0.3864612891449025,-0.009596817717008935,-0.046331692928317625,0.09309297611470585,0.1172115520853738,0.17227619869277117,0.12340591661665301,0.11848639967847374,-0.07198761789002531,-0.17609350260460063,-0.2283301393048128,0.18640237313690475,-0.15959914962805502,0.380642060770587,0.34055348165122706,-0.10347875345413259,0.2891538655812576,-0.10002223567953768,0.03823920591453586,0.905267334389953,-0.10630771580840773,0.2447487112065652,-0.04046168125230231,0.009418022291539077,0.08202929736287418,0.1673207775148704,0.18337131210058275,0.29682417906859015,1.1933434283000653e-05,-0.05306435966203458,-0.038342777729343545,-0.2234544828738374,0.1498212861734095,-0.15299950162598586,0.21857935768998193,0.3246602351594411,-0.18228019812870275,0.23080201880116832
0.052306655160632556,0.2985478954339801,0.15116437333269112,0.46774925694392966,0.21012069856400206,0.17888084618830924,0.2875272044065926,0.3345814358778896,0.29845612462128757,0.17412945489798007,0.10883735680391489,0.2392392239794956,0.09484683146994417,0.4481160191217999,0.3050045905045189,0.0007260295563683908,0.11487187520730126,0.06119764672314871,-0.17509751138201768,0.1543209509153925,-0.010309539011496203,0.06682042381013613,0.6248674764031042,0.06682042381013613,1.0,0.17814594621948665,0.41270730488532675,0.39055652976354865,0.5357489063642311,0.35662515074821893,0.09912556475049161,0.1539872401969335,0.1957998587250076,0.2264775132401388,0.5793040014098614,0.2927327811875851,-0.04810980458495802,0.13249763703707015,0.03326637575696685,-0.17061090177895108,0.19083207383909553,0.03609559466130924,0.12940317757265263,0.6468756907656326,0.11368934786023077,0.9426423168528262,0.339019846361426,0.4045224050882829,0.43100827522569596,0.46913313940959545,0.4725744700479155,0.10101172837239268,0.12646688263357528,0.299484670484269,0.1271032302284553,0.544459625067874,0.26426377392677086,0.041460917212525844,0.12292463595872076,0.12564265584757403,-0.17776895903011475,0.21210912337720472,0.028617683635141687
0.0038792272064572387,0.17777839320271308,0.32989936877092096,0.31090559806884965,0.8136318962900905,0.09899028085179334,0.1686930963732464,0.2751202973281411,0.2385621698603632,0.28139395973310916,0.22787722524300033,0.2871421644931969,0.16508317131603337,0.23088163711657536,-0.1809679634277319,-0.08679907258861873,0.21255317339513274,0.36438361693408317,0.3142780105752185,0.2905447193821908,0.33911092412286026,0.3864612891449025,0.14739794238938078,0.3864612891449025,0.17814594621948665,1.0,0.05806067896469332,0.04131334057873035,0.2260096050589436,0.047543180346950195,0.13096600754510918,0.18004520531425483,0.2962691580845441,0.18717439358398527,0.2402713369148456,-0.3289485434188232,-0.12134523857491611,0.17791741655926707,0.3521819001451916,0.187104478051343,0.2862974454596583,0.2660413061658336,-0.18412288829921492,0.18472506242822911,0.41876957357748096,0.14142837471025013,0.8784541117089235,0.08140644368089704,0.10216831968345234,0.34970384853288833,0.12478524092498362,0.1306022713600146,0.2040115844318204,0.34604396058424164,0.17223547865828168,0.2275593351397454,-0.3380441844055498,-0.11787512800436672,0.15065950005479942,0.24823132086601202,0.2199202993250756,0.2754672587492432,0.1878138419790435
0.36861621719656246,0.2556555822418656,0.20118804674668847,0.34995154745087964,0.013583109735367511,0.6995946486201117,0.31569235724898215,0.37412465304235004,0.3635751242630402,0.2980979659939929,0.4436159685726586,0.4235367008918709,0.284222436438944,0.47509087033470837,0.5623654526705747,0.2305601536561417,0.5239798311381428,-0.0020984996043892953,-0.013448047968917451,0.09351788627401339,0.16074592230436083,-0.009596817717008935,0.2985055993338214,-0.009596817717008935,0.41270730488532675,0.05806067896469332,1.0,0.45023510690571183,0.45450822971598015,0.39454468636329876,0.1384740871761274,0.44497174143302415,0.3880103330823495,0.1711943995918127,0.4580663822422551,0.4712785986227003,0.15854298077471232,0.49402691782903146,-0.018886606610518546,0.08218479107281776,0.1964470901962756,0.133315511365995,0.39076974840180156,0.35751286632339196,0.10834859185698914,0.4457257798722481,0.1085418992331584,0.9126222565034827,0.3912830647254992,0.3844451575384808,0.5223867931184976,0.22758859944842763,0.4940677904071294,0.4227668759687145,0.3468376819101254,0.41760468210277724,0.5255031689744579,0.16842619410399154,0.4910341761700432,-0.04036703895416494,0.048432126494691155,0.07234711185082209,0.03979555842691627
0.048689408865808,0.3848768800941112,0.09676220993063728,0.18115128166983127,-0.04885368201546231,0.33564735157254993,0.7821695023633461,0.29098349213721747,0.22108313109533365,-0.15847614807499003,0.050619263063422404,0.4452737647954418,0.24579927387834377,0.35376420048603746,0.19796350565263435,-0.2539340202948109,0.23439237910220156,-0.11225412681793288,-0.05423842736398326,0.1672920185474104,-0.3689013483328061,-0.046331692928317625,0.5275263326237856,-0.046331692928317625,0.39055652976354865,0.04131334057873035,0.45023510690571183,1.0,0.3835942239991277,0.27700000500835786,-0.34940345304817316,-0.038825780194434514,0.42570181351224545,0.1983496896809724,0.34498920331766814,0.1665972391034875,-0.3190593990198411,0.23783267713369213,-0.12091797300346012,-0.02495785113234438,0.22417345625201196,-0.31060241526612675,0.18432090121372957,0.4597277936816945,-0.02682424926364312,0.3872231889378502,0.0700852097503872,0.2585035257862635,0.9293699027326087,0.11066797626099273,0.2538406111873615,-0.25543249515443167,0.03985759458507938,0.3684554374474552,0.3051127541834649,0.26536741852644435,0.277534850905357,-0.3702803320623243,0.263867360596446,-0.1227445343687604,-0.03532082140746215,0.3151869068899807,-0.3321145178393838
0.24718284936872292,0.21890415357452353,0.17938485863500844,0.24752501897971463,0.17197953918599046,0.24384863545236982,0.24025143448885058,0.5087200745677335,0.2977405039651131,0.19183952858860784,0.041658276685983306,0.39325260403340767,0.12717609871043187,0.3356513891404651,0.30332405209246827,-0.027204832009691544,0.4659955710024289,0.08659885339087972,0.1533565213116997,0.004581475560543379,0.04884967738358241,0.09309297611470585,0.32564276410471155,0.09309297611470585,0.5357489063642311,0.2260096050589436,0.45450822971598015,0.3835942239991277,1.0,0.5113228142712585,0.18834513865321542,0.1281463445652271,0.4558484240056588,0.2804648588086633,0.4143978633018637,0.28298474831952947,-0.08117512393121154,0.5249830362802664,0.08405925527138265,0.1531249383992131,0.06867218352551792,0.07890040984444738,0.3701357858056762,0.38811879582561515,0.15700379242756968,0.5020892509027568,0.3332117411186385,0.4665274121078739,0.3702562113856029,0.8230039440734778,0.5123718596360338,0.18654354092700823,0.0829184964186551,0.5142286856793911,0.19081178749510405,0.4528008936340346,0.26053803776550927,0.059588629657145654,0.4882229793373505,0.07690320471091629,0.12154885286336548,0.12442968184961657,0.1286425484656521
0.5536958496752207,0.3668566401679224,0.34440642258331866,0.4192034660329391,0.20905625233611985,0.39633496858223705,0.3568384506399365,0.5060896448858982,0.7106998443490693,0.4213141927338971,0.4609600737798399,0.4564323244271307,0.2193899811520653,0.381794411690303,0.3098864653201558,0.4124441320928094,0.402698865903519,0.20470400485116083,0.057340677109896515,-0.10485583344477994,0.021241125725137058,0.1172115520853738,0.2225885467266801,0.1172115520853738,0.35662515074821893,0.047543180346950195,0.39454468636329876,0.27700000500835786,0.5113228142712585,1.0,0.11449592247830159,0.38680207968413577,0.2914400568424879,0.1066204667682908,0.39241828359471986,0.1679848106972797,0.34207306284718303,0.36257250316779166,0.13906870389603404,0.07029188130836145,-0.07698829018181186,-0.012792281099871298,0.6315086250494403,0.3245791980369714,0.3278383857041774,0.4124720974245098,0.11991971075530647,0.35342466976960885,0.2988095047332859,0.5200892407389863,0.8771475174557691,0.046943495720288775,0.44007113576688506,0.34465297740586937,-0.017675872853258147,0.30606145149746555,0.18100998643109975,0.39219920882246967,0.26066023638634056,-0.007841741318605806,0.030453201043294607,-0.18662340423141188,-0.0935913981644828
0.1324642295157012,-0.12107578121207653,-0.07578594778090392,-0.010823044930647664,0.1887276822676107,-0.10219238446225089,-0.4321075403372344,-0.11068300852947492,-0.055248940064564295,0.6905913722039889,0.28806080222714786,-0.13372314164652613,-0.054000274354703386,-0.22114258474345042,-0.02966556098560692,0.3291072652613648,0.1646326049792589,0.19020063075843843,0.054097084403099266,-0.3621123214821334,0.5025929724614403,0.17227619869277117,0.08042554009591676,0.17227619869277117,0.09912556475049161,0.13096600754510918,0.1384740871761274,-0.34940345304817316,0.18834513865321542,0.11449592247830159,1.0,0.5181989360932804,0.09053196614465629,0.06261761656937295,-0.17021208218730152,-0.05776668567168503,0.38416439338595537,0.20355312620893143,0.24390818704797784,0.14415087414574093,-0.2920404966141817,0.5451731463347675,0.24226105989275296,0.09638015851939062,0.13145695785333464,0.11949425289903731,0.2206396588748027,0.24816922355572732,-0.3620572762073557,0.3346337712436002,0.2519042719255153,0.9414876952883237,0.44438257605169285,0.14776863700993126,0.14165341313967958,-0.061940357567484,-0.13753278339787334,0.47798514408581627,0.23015248969291,0.31249003480309595,0.16995892477112856,-0.3858022687395186,0.5785715231147548
0.1527415158861314,0.034981775782165624,-0.09491333794818496,0.06137354813391194,0.15126808087310806,0.149006192159595,-0.14213386422149957,-0.10515882797390912,0.11334746914355884,0.35760257991838557,0.6600581521885523,0.2064757236994974,-0.062432664180536855,-0.07408452017215117,-0.06523001617797772,0.3279508892248369,0.3695845963802621,0.20723433428656338,0.06710997279492162,-0.38132184657113405,0.5585863630566701,0.12340591661665301,0.16694599467667623,0.12340591661665301,0.1539872401969335,0.18004520531425483,0.44497174143302415,-0.038825780194434514,0.1281463445652271,0.38680207968413577,0.5181989360932804,1.0,0.37641752870778244,0.021626307483116648,0.04162322201460155,-0.06555795271509658,0.36116655271652215,0.5062164849803038,0.22930547739396592,0.13563997236330727,-0.30534423332483157,0.594602934184602,0.24439753893815402,0.2599342286553185,0.16823532815573453,0.27450957669633563,0.2024477929550589,0.4439629673274647,-0.10978389650870042,0.2482258160610271,0.37582822397379106,0.5188013142295678,0.8616467786327905,0.3675860865539087,0.10893587762324389,0.12263400103701887,0.009963635575003911,0.43465699145084824,0.584544962439346,0.30255602362030243,0.22744988157868254,-0.35027046343396856,0.5637146473655013
