Fp1,Fz,F3,F7,FT9,FC5,FC1,C3,T7,TP9,CP5,CP1,Pz,P3,P7,O1,Oz,P8,TP10,CP6,CP2,C4,T8,FT10,FC6,FC2,F4,F8,Fp2,AF7,AF3,AFz,F1,F5,FT7,FC3,FCz,C1,C5,TP7,CP3,P1,P5,PO7,PO3,POz,PO4,PO8,P6,P2,CPz,CP4,TP8,FC4,FT8,F6,F2,AF4,AF8,O2,P4,C6,C2
1.0,0.20827054763456315,0.47747809503689803,0.1341870068530271,0.18042636149873567,0.1778752416770986,0.31124303365848155,-0.017842708811275917,0.5517355977420734,0.5601690526207959,0.36617515118159216,0.1710264731072897,0.5761714857102547,0.24709696069535342,0.13834689119298157,0.48528162442046746,-0.07002592961317712,-0.14302130536491608,-0.11564723987901764,0.0070772955072177296,-0.04736688096303649,0.38844462626030235,0.18434555319447948,0.38844462626030235,0.2316794660899853,0.1153372117600456,0.133192394674424,0.2940025406698524,0.09476542486573206,0.4786058442697628,0.5226193249899219,0.3477569170586927,0.1507473794569444,0.5374976777118631,0.22320780452140335,0.1263586020908031,0.4467631785115264,-0.09623751713330872,-0.1314996669788482,-0.16674129042367858,-0.012272602524914565,-0.07086969418198552,0.9407627644680253,0.05386242175197959,0.36434596802558333,0.13090779243387057,0.09648314157753718,0.10062224761885227,0.2555129330239743,0.012108535914251449,0.5077333624500597,0.5303301004665207,0.3772071256127619,0.03250965367050382,0.5723404198677672,0.21989709127018645,0.1233600526175841,0.4422428047220552,-0.12051332152719438,-0.10486365336724285,-0.11540671643996633,0.03085757079437703,-0.042286181822443966
0.20827054763456315,1.0,0.47917646926051255,0.410547497880523,0.1809575373177237,-0.2514323335035365,-0.03196236715210667,-0.16240721218261425,0.25141946558923606,0.5517203939244998,0.37942973248067274,0.23083696239312068,0.12382014536015949,-0.2797653791382701,-0.1050962595084902,0.04328025328063854,-0.18292172093475184,0.5354741689176267,0.11881590696025221,0.03289712672512702,0.5258622979181551,0.3950388932808256,0.864976037583196,0.3950388932808256,0.4051247770863866,0.08103446277620438,-0.2835160065844299,-0.08768447902024937,-0.17016632385275346,0.24232255690772694,0.5141641580392998,0.3798454643935641,0.2798899696680163,0.11662287265488737,-0.3417386015412367,-0.18537271486705906,0.06448197667850673,-0.2981311887815711,0.5535714010794945,0.08456902591067615,-0.09396789787494315,0.5098971896613913,0.11631970278778053,0.8753546835759921,0.38714894848470655,0.3144975165879896,0.07996146066172806,-0.3431776241645883,-0.08685365457746878,-0.2527337648637065,0.2147972834289436,0.5136762985794441,0.3796526531719323,0.30355417425169073,0.1160514896605044,-0.30567680376929635,-0.10672911570242904,0.008611814753520729,-0.27665102240296213,0.5363475047147531,0.10400496810587818,0.06069505496632101,0.5213018769535805
0.47747809503689803,0.47917646926051255,1.0,0.25272346483978475,0.4696481455242282,-0.23436992468771456,0.2025471548813021,-0.07340111961385981,0.6589295808373532,0.5492998556644917,0.5118406822282737,0.2343388722981911,0.32710364515204,-0.035630680076353956,-0.08050508182007395,0.2255361015731954,-0.0966223847508536,0.6480179397004686,0.34611915505539326,0.4044083496912408,0.5380062418063664,0.907597577431861,0.47611780265831943,0.907597577431861,0.30188518054973806,0.3551445932988166,-0.22989988626617766,0.2239950958117938,-0.0578959950283743,0.6202840860434143,0.5278650190234181,0.5912133493406162,0.23116152876755416,0.31705132317083384,-0.07540425421805676,-0.15982784154164925,0.20922345167590659,-0.1718852930072016,0.6499192142691713,0.29539922375827726,0.3294087234941318,0.504040906737405,0.3228991837577177,0.38552401873798753,0.9349233446377192,0.2156811810427963,0.3570344735934374,-0.29831478810480294,0.16106328266252792,-0.1129440240588375,0.5885641503670928,0.5040832416607332,0.5816096690330356,0.22860256502856163,0.3484353724100346,-0.07406884423861074,-0.0814164641496623,0.1681903437066471,-0.16044664052911922,0.6660459467819368,0.33767481081666845,0.43881002921639156,0.527695817400482
0.1341870068530271,0.410547497880523,0.25272346483978475,1.0,0.014758405102913584,-0.15890648712793914,-0.11605835541125127,-0.26543982982340014,0.03997932589092191,0.2256467302790927,0.08004715716001667,-0.25206658218521816,0.16746702277103384,-0.07872200207928659,-0.001350144193788192,0.13281492135636808,0.22814569863651551,0.23482501592307212,0.08454386234305136,0.24910415517051623,0.1841405532605267,0.2200114208174828,0.21999581447291092,0.2200114208174828,0.6578836586548488,-0.08992448977385083,-0.2641768870386523,-0.1980114284204072,-0.30394204929350477,0.02622765956680745,0.1887795468360031,0.14637061516334782,-0.2874356394250945,0.15989156373590557,-0.11870925767550293,-0.048684677201923994,0.20456629544927393,0.18842782450287088,0.2428954121452718,0.07673427973379836,0.21923077137646932,0.1381811216304853,0.035228239820148693,0.2683461768957549,0.16200695585608652,0.8240994297281102,-0.0838543601998557,-0.2896925156390754,-0.24100951586297334,-0.3890832990172196,-0.08887606392669734,0.13958944583238653,0.15033734843801563,-0.2586212111619697,0.12243639017139708,-0.1391931337375706,-0.036210767997828554,0.07845836218286784,0.17350999259724867,0.25322309975826396,0.09447484509908295,0.2634107011794719,0.12342796757022992
0.18042636149873567,0.1809575373177237,0.4696481455242282,0.014758405102913584,1.0,0.4026548092038968,0.6879923993909018,0.5040818574445184,0.40831294877127217,-0.07523046283115956,0.020286347450568294,0.24524670794265688,0.04791180498031014,0.5468054700148826,0.38857636733427203,-0.052513625458578635,0.3836103805852773,0.3493734944609804,0.14977252469155972,0.5365179794423428,0.009875622329593988,0.48542162052708726,0.19240984761039462,0.48542162052708726,0.32211086230110764,0.9507349866505519,0.4131149086404744,0.6972609865592708,0.489141470549194,0.40570368593283285,-0.11843414037335698,-0.007229127633010011,0.26491865910325274,0.0326079912438423,0.5125461228278124,0.3277571494607056,-0.06935837825556189,0.34445314890738477,0.3142836856865538,0.10035507878168887,0.495814349797532,-0.04698426588869557,0.02912302526721546,0.03721660368820338,0.40949212916445726,0.1324718059179606,0.964786751729299,0.3608352620971557,0.6858779789441332,0.503108034001634,0.3704852900597739,-0.10215092996795046,0.010343354851520816,0.36657255547003137,0.08603859544807684,0.5409122991148843,0.38905406505070234,-0.03540594041306447,0.39504880244674034,0.3387066089060871,0.1475742201268568,0.5642700036712319,-0.023480940693890503
0.1778752416770986,-0.2514323335035365,-0.23436992468771456,-0.15890648712793914,0.4026548092038968,1.0,0.5774134229448217,0.5680597483704998,0.31095612893407093,-0.30296540300150276,-0.05494318336482465,0.3731864790414778,0.03514962550177006,0.6315380645958305,0.30722253206767236,0.10201842512803988,0.30924518106023696,-0.2978064001500991,-0.020162611404288495,-0.006631090593338921,-0.46624508263290226,-0.18117984815666624,-0.22679455818574862,-0.18117984815666624,0.14203215772166175,0.4289707153843505,0.949112725369367,0.6354885553432572,0.6507744633186061,0.3283944067372515,-0.3435488382800624,-0.14189125945502026,0.34690714774099995,0.016578628924384962,0.6332843783864966,0.31276623649014795,-0.011798681451236574,0.3530252928903068,-0.2954064125833886,-0.01797248770653275,0.022421795029319642,-0.5350466228573452,0.16362501417720676,-0.3516783216111999,-0.24930565184895517,-0.05592940461041077,0.42743912973174664,0.9637166646618579,0.598770980084835,0.6426529176356909,0.3138057593973782,-0.29925706244279426,-0.11060106218169129,0.3269057150884877,0.03171763585914452,0.6370917568409789,0.3029433365766594,0.09946075514465036,0.3730769904689181,-0.2856500693868404,-0.0004133713239740029,-0.010189832364915462,-0.4918694243358228
0.31124303365848155,-0.03196236715210667,0.2025471548813021,-0.11605835541125127,0.6879923993909018,0.5774134229448217,1.0,0.5597754328053192,0.48974850830693883,-0.21674025692838314,-0.13161489888276331,0.42364686657805706,0.06210952988748579,0.6217123928381582,0.4464615006299407,-0.07909267428599381,0.44284304270814434,0.03782858438774653,0.08906025161937282,0.46114543372944555,-0.2753570268347625,0.2728059685958075,0.09755003623303847,0.2728059685958075,0.25821936695649533,0.7125977769107374,0.6275472103046372,0.9290504215653493,0.6931331371077256,0.49938435835784406,-0.20645987086141293,-0.12759860239357357,0.44969692500853503,0.10055038241242634,0.6163256200984388,0.44861233807277895,-0.14227858752187303,0.4312651917711804,0.020227112796756572,0.05191522284848214,0.4575276828147461,-0.3252372267724508,0.2476422654229856,-0.06198654232808881,0.20641947465070778,0.050832858272213316,0.7102437290766597,0.5826852693646533,0.9724323019045887,0.6468051130998838,0.4691336032586483,-0.21802411174476638,-0.08356368596607941,0.43582120416698866,0.08032437607267219,0.6167412241269904,0.4428256515833144,-0.06067594803099125,0.43693567411440715,0.04680628833863301,0.08011727076254743,0.4506901773103147,-0.313720868509112
-0.017842708811275917,-0.16240721218261425,-0.07340111961385981,-0.26543982982340014,0.5040818574445184,0.5680597483704998,0.5597754328053192,1.0,-0.04018353447118947,-0.4172129896944447,-0.36104491656247595,0.257857455311107,-0.11395618449093038,0.6873249857480028,0.6378366081141957,-0.14113000407395557,0.46853169103452796,-0.04730123323014304,0.01840670051433681,0.4331183553262415,-0.29336331051591047,0.05629571143005494,-0.15151109986552766,0.05629571143005494,-0.09663576129322318,0.5729278745500811,0.5210227108328189,0.624033608430217,0.849490031691899,-0.032992798237122895,-0.44946291655342374,-0.429928882110889,0.15116455018234895,-0.14487191968949836,0.7031426114827071,0.630938718686396,-0.1888839056063472,0.47909389065199504,-0.0869125135389927,0.005563069636114593,0.4596160012516853,-0.3240496955949413,-0.07571236039881854,-0.2506977695215774,-0.07022591973640878,-0.27738259583116004,0.5269917155688133,0.5338789282059669,0.5741482798773228,0.9568411380089347,-0.07882279140445889,-0.4409161266106456,-0.4460561392100353,0.3623543598430597,-0.10987227256382939,0.6827897207089725,0.6314879819327783,-0.1273432420176679,0.460283838414325,-0.05766812145524346,0.004781503066868361,0.38764394285219966,-0.29201741333913944
0.5517355977420734,0.25141946558923606,0.6589295808373532,0.03997932589092191,0.40831294877127217,0.31095612893407093,0.48974850830693883,-0.04018353447118947,1.0,0.442567701634047,0.5498384576128553,0.5973077429349621,0.33551371984314227,0.12966091679332933,-0.1396980608118397,0.4064213142154516,-0.18371558617477488,0.33235873066379523,0.29724716403447055,0.07556022295321474,0.2638661887413104,0.5768998070330034,0.3179170749058362,0.5768998070330034,0.2666505201633996,0.35134214750285914,0.32218804051509037,0.5174165736948723,0.1475318890790274,0.9685116305577577,0.43600819473925984,0.6001503461829993,0.6288565149928368,0.34742663601104823,0.09096335082722011,-0.18461492813042182,0.2878137553131861,-0.2164870185860867,0.3549672049775893,0.27726546546325676,0.014537029350139079,0.22188707494713872,0.5003129943127688,0.20568939820584414,0.6074458397851765,0.12066630226300881,0.33350925839535717,0.2647746729458499,0.4587294809080326,0.015390155270638698,0.9699025464321223,0.4284902677692868,0.6055625091081817,0.4511168561227022,0.3525917020652231,0.11523585492033774,-0.14436107151317595,0.34343776731132286,-0.17282448173080478,0.36742356825365846,0.3128912631995542,0.1329806420641796,0.25422378166077525
0.5601690526207959,0.5517203939244998,0.5492998556644917,0.2256467302790927,-0.07523046283115956,-0.30296540300150276,-0.21674025692838314,-0.4172129896944447,0.442567701634047,1.0,0.6802935795868186,0.14909708392775378,0.4959413909793652,-0.3897322883041005,-0.20376372338967302,0.5490151598802346,-0.4830454952092703,0.2415225091142755,-0.08186235406235205,-0.24442733861354618,0.4699680450508002,0.5330045762782378,0.5228341633798713,0.5330045762782378,0.2665729938952943,-0.11053876071641727,-0.3064063961411806,-0.19229135583238804,-0.37177720902927275,0.4311990243987475,0.9676643213668308,0.6914505034306687,0.20447471390353456,0.49097385275791317,-0.4343074018163732,-0.23228669336218039,0.5497762483343609,-0.5333214776163777,0.27074318772432604,-0.10062114383014951,-0.3342504259671811,0.48206760746674526,0.5854846948996056,0.5117875926922447,0.5224561627204831,0.2503038664369234,-0.1406735783240231,-0.3486877362723623,-0.22652971059615679,-0.46055864502220206,0.45215939590682674,0.9871086946111345,0.7000524634892074,0.10239399975239984,0.5104822173098675,-0.3948916766525333,-0.18386287471614143,0.49842655467612845,-0.5238768951791114,0.28039123063207233,-0.07192831622944075,-0.19438924685260417,0.49429391380363163
0.36617515118159216,0.37942973248067274,0.5118406822282737,0.08004715716001667,0.020286347450568294,-0.05494318336482465,-0.13161489888276331,-0.36104491656247595,0.5498384576128553,0.6802935795868186,1.0,0.23061292100571212,0.4967295044385674,-0.2530822749136607,-0.36543925780728864,0.6045523261237175,-0.49762437980646773,0.2212133600616461,0.13785036535756595,-0.36542747022557137,0.4652587179204423,0.4403034759100281,0.43947328796713564,0.4403034759100281,0.16420360598030878,-0.05243263873032554,-0.034462572580826994,-0.07995089547914613,-0.2330640921483421,0.5436920827430082,0.6929699276883408,0.9437308773515537,0.28271136632669847,0.4897316255721048,-0.28795712403208035,-0.4088588453830371,0.5560945514576356,-0.5490241717206896,0.2271205746740535,0.13732404302303916,-0.4376900025022911,0.45057175609045885,0.3367157237430352,0.3998200236701808,0.49103720989816174,0.08187720067605385,-0.051273513484213315,-0.09444303482234717,-0.12809377832635402,-0.3342525342473481,0.5569101818692197,0.673714320319163,0.952207768822679,0.18052271817775434,0.5133090013026436,-0.2635398094883605,-0.34913528912973346,0.5616531123073808,-0.5200960850390115,0.2231882985038122,0.14765356671280142,-0.31884558106003114,0.4688442083583323
0.1710264731072897,0.23083696239312068,0.2343388722981911,-0.25206658218521816,0.24524670794265688,0.3731864790414778,0.42364686657805706,0.257857455311107,0.5973077429349621,0.14909708392775378,0.23061292100571212,1.0,-0.21885203632941183,0.06630220290608248,-0.15425524994639822,0.0735568649188081,-0.11197877459632197,0.27071216225259864,0.5052203098461506,-0.045938357058809595,0.13061600863023073,0.30471266706330374,0.28020404707638824,0.30471266706330374,-0.011035514443842561,0.24985062989664494,0.37647724105443053,0.5052355476936439,0.2593482620739431,0.5905056444381478,0.13926522089704582,0.2546251974216392,0.8894797872790207,-0.22716491191660892,0.0594794856530821,-0.1837023609111083,-0.14026505829435545,-0.15044890445844483,0.2964879667230739,0.5043069857881871,-0.07336169734739666,0.10801558514934557,0.20203258517975278,0.20506834500350718,0.28028821030963796,-0.17329267241005608,0.2666874543431821,0.3854720692951695,0.43581835965871024,0.26948346244466725,0.6432882360025943,0.1786424431183572,0.2505712916169123,0.9234993208319908,-0.1839114247144061,0.07298119106524972,-0.1455005983235382,0.04002325288488597,-0.08669657582240786,0.3164536655087395,0.5213112229925267,0.001079047369988262,0.15748037129701806
0.5761714857102547,0.12382014536015949,0.32710364515204,0.16746702277103384,0.04791180498031014,0.03514962550177006,0.06210952988748579,-0.11395618449093038,0.33551371984314227,0.4959413909793652,0.4967295044385674,-0.21885203632941183,1.0,0.1537208572939212,0.24679456837163516,0.6665952459868777,-0.2203714803115033,-0.1409235630412018,-0.43628593068578186,-0.1426540385273302,-0.06787545060969634,0.2624683345151324,0.04835021004556981,0.2624683345151324,0.15334451543256153,-0.005156825529666468,-0.0323935167349691,0.004037340829933159,-0.051778665885080705,0.32765527927817456,0.45427649405290205,0.48047198986726997,-0.2260340724050324,0.9793982010699145,0.11309484678459547,0.22339591764102057,0.7126779267556528,-0.22966590433263995,-0.14980862781196885,-0.4487285602779894,-0.17426958957103925,-0.06798847948299938,0.5519733724326055,0.03212002483752228,0.1978840312642118,0.12721648087984752,-0.0418174131980238,-0.07197418320440331,0.025799015159154184,-0.10727272635738917,0.26671955185084734,0.44276702739263507,0.47626911494986635,-0.22121266865095482,0.9877123079362178,0.13500235181452605,0.23895154756102538,0.6651919853735471,-0.2693380718348659,-0.12451509516570247,-0.41468288183890656,-0.13486554244012539,-0.044802219969705515
0.24709696069535342,-0.2797653791382701,-0.035630680076353956,-0.07872200207928659,0.5468054700148826,0.6315380645958305,0.6217123928381582,0.6873249857480028,0.12966091679332933,-0.3897322883041005,-0.2530822749136607,0.06630220290608248,0.1537208572939212,1.0,0.6273705598769054,0.08722433163165988,0.5473247978775284,-0.369996530953231,-0.11226112348779846,0.39285742893749714,-0.4414840797544801,0.015444406764109462,-0.23420299688762355,0.015444406764109462,0.18847095035849826,0.6112952958833886,0.6122230700871839,0.6946362675092183,0.749364358455158,0.17216303337460323,-0.40187488009026123,-0.30481823856834545,0.05639497033027344,0.15359428716393297,0.992943865851579,0.6203073339238614,0.05701597345522409,0.5710430170194801,-0.3934678240335808,-0.1399188360728383,0.4516828765536798,-0.4933114065062872,0.17921837777210925,-0.38076653442417335,-0.09691811389601013,0.011391992150261411,0.5419668880243924,0.563849247621578,0.6212130266771567,0.7227026375771248,0.06501802796965372,-0.4366313119368793,-0.31948999550907237,0.05179551756871745,0.13527226027671488,0.9907115754880037,0.5915391099619773,0.11456634786491343,0.5230971645429778,-0.36577894764876534,-0.14318252758714747,0.3647348526014977,-0.49857264613003605
0.13834689119298157,-0.1050962595084902,-0.08050508182007395,-0.001350144193788192,0.38857636733427203,0.30722253206767236,0.4464615006299407,0.6378366081141957,-0.1396980608118397,-0.20376372338967302,-0.36543925780728864,-0.15425524994639822,0.24679456837163516,0.6273705598769054,1.0,0.11747920569753169,0.4773675310531847,-0.15424475013709826,-0.4566731323100568,0.4502256804363133,-0.3909720621100737,0.0037861112751741187,-0.13350070140327883,0.0037861112751741187,0.11247479217519475,0.4577042874219909,0.27952552389918345,0.4140556016232724,0.5947735902450663,-0.13479588178299612,-0.2474106708659855,-0.401291393254857,-0.2372201279509669,0.22817597773245213,0.6095583206303085,0.9847774216163662,0.16697151651349648,0.4895190382005203,-0.21247340392202213,-0.48266246014769565,0.43385186694567784,-0.42851497516465514,0.11630761956778951,-0.19872315138385613,-0.11828703366183682,0.013278329855322303,0.4025223227487347,0.26562356299524587,0.4444292395285679,0.6083659912804127,-0.17048666935819196,-0.24764798246698036,-0.380396499587348,-0.03829627900562493,0.2616547016356902,0.657133540498468,0.9906023103872876,0.16272119753600456,0.4567647872767567,-0.16800126620985714,-0.4467540878056632,0.42732119474830593,-0.39248836964132
0.48528162442046746,0.04328025328063854,0.2255361015731954,0.13281492135636808,-0.052513625458578635,0.10201842512803988,-0.07909267428599381,-0.14113000407395557,0.4064213142154516,0.5490151598802346,0.6045523261237175,0.0735568649188081,0.6665952459868777,0.08722433163165988,0.11747920569753169,1.0,-0.2745500157280477,-0.10429482760879934,-0.23159840581425092,-0.282046491932954,0.044926471652497836,0.17706919299902246,0.04697923196821836,0.17706919299902246,0.135308919559789,-0.05156839982452145,0.06528101003502444,0.01491660188385115,-0.014304592637452613,0.40678785523256983,0.5321619897931442,0.5554958004970006,0.012161969781471717,0.6473922871835855,0.041775854003687184,0.09733194345146891,0.964285957259182,-0.28789717519181585,-0.10955547216373042,-0.2301505794145594,-0.34389750887316134,0.033748741058563625,0.5326744276156689,0.029311950346349758,0.16895582806275433,0.12674249829298012,-0.08702638251687614,0.026642938619936028,-0.0591660299950915,-0.1356424644522594,0.37357230241495937,0.5162941796572391,0.5612113121860316,-0.006023961427924083,0.6948776686766306,0.10277440080693119,0.11891510276831885,0.9824926016894906,-0.28799346500513334,-0.06610958024439907,-0.21268185266832698,-0.22174640229590944,0.06525762990959609
-0.07002592961317712,-0.18292172093475184,-0.0966223847508536,0.22814569863651551,0.3836103805852773,0.30924518106023696,0.44284304270814434,0.46853169103452796,-0.18371558617477488,-0.4830454952092703,-0.49762437980646773,-0.11197877459632197,-0.2203714803115033,0.5473247978775284,0.4773675310531847,-0.2745500157280477,1.0,-0.14042435535277242,0.11656988272270856,0.5694355491953693,-0.4466388617131454,-0.03440447034797701,-0.2862856632605575,-0.03440447034797701,0.2069951677192874,0.3822869129162154,0.25093381897729367,0.42025468976927455,0.3802143837189847,-0.15496048289986408,-0.5404091509064844,-0.5336799497467932,-0.21751187976032293,-0.23388259995761992,0.5459118373741711,0.4785110010066317,-0.2557249248400248,0.9800577727294082,-0.16897208859169868,0.07097111983771497,0.6248479614011532,-0.48776569732883573,-0.21374379109455663,-0.3425568068823356,-0.1416060821620212,0.2206664466384834,0.40477981807951285,0.29505256591492973,0.39120101472844937,0.4460392421333296,-0.2601914377249139,-0.5318425390046148,-0.47037903130375286,-0.0319057805788834,-0.23371591285198598,0.5354847951153462,0.4701601776267174,-0.2568049424517338,0.9693033024992009,-0.1328000572956134,0.09528851317608447,0.5629600803196109,-0.4832527559952709
-0.14302130536491608,0.5354741689176267,0.6480179397004686,0.23482501592307212,0.3493734944609804,-0.2978064001500991,0.03782858438774653,-0.04730123323014304,0.33235873066379523,0.2415225091142755,0.2212133600616461,0.27071216225259864,-0.1409235630412018,-0.369996530953231,-0.15424475013709826,-0.10429482760879934,-0.14042435535277242,1.0,0.39133084518222566,0.3407645651731301,0.5689035124361009,0.6506906022873997,0.5382480785349643,0.6506906022873997,0.2559952235726737,0.27154052803444234,-0.25746493646668545,0.046737178157051563,-0.10403835586680966,0.3200528076066257,0.22544728620652393,0.347718133388359,0.2397605743146837,-0.11828827448122488,-0.3870967576161376,-0.21248212342579878,-0.10891248200096237,-0.2010736282182976,0.9897081597523525,0.37130933386116544,0.21190597622019597,0.533637711728178,-0.19539157962470238,0.5296927101515858,0.6987548679567581,0.2019973239817974,0.31858072869682275,-0.2915452982446112,0.036650500554150416,-0.11963124566698591,0.3223966164627391,0.23215446774155138,0.34053402042851966,0.3695648343747094,-0.09389994667469435,-0.36671246654621936,-0.13255487412769082,-0.1443513663676371,-0.155112131741036,0.9886930082012644,0.4031959153140197,0.36270983439239923,0.5521787371364636
-0.11564723987901764,0.11881590696025221,0.34611915505539326,0.08454386234305136,0.14977252469155972,-0.020162611404288495,0.08906025161937282,0.01840670051433681,0.29724716403447055,-0.08186235406235205,0.13785036535756595,0.5052203098461506,-0.43628593068578186,-0.11226112348779846,-0.4566731323100568,-0.23159840581425092,0.11656988272270856,0.39133084518222566,1.0,0.2422575752940502,0.4175790102245676,0.34170822515486715,0.0753262759799583,0.34170822515486715,-0.08037439215318512,0.045345263584324544,-0.08299268809927735,0.15466455842901833,-0.07006667730455984,0.23282936314691813,-0.08979982383612375,0.18865216437064483,0.33664402095354246,-0.4743222995254628,-0.1070561170095486,-0.5049121089558936,-0.34811750205668596,0.061198438881437875,0.4284381797259927,0.992723661002382,0.24055819910535256,0.39951044842137673,-0.2340682696418188,0.04215648214612584,0.3422233030166622,-0.10185123706087508,0.10222989985805209,-0.05236447520129783,0.026666586131262878,-0.024599306313699727,0.2428538922237339,-0.09026530062608744,0.18119802660407192,0.46296456045555656,-0.44407368108799744,-0.1375142286270125,-0.46419755904773624,-0.3087169308034101,0.1476023730636134,0.43242529834795607,0.9894261770611703,0.3023295274164208,0.41040130297901045
0.0070772955072177296,0.03289712672512702,0.4044083496912408,0.24910415517051623,0.5365179794423428,-0.006631090593338921,0.46114543372944555,0.4331183553262415,0.07556022295321474,-0.24442733861354618,-0.36542747022557137,-0.045938357058809595,-0.1426540385273302,0.39285742893749714,0.4502256804363133,-0.282046491932954,0.5694355491953693,0.3407645651731301,0.2422575752940502,1.0,0.14983475047349315,0.4596846028363144,0.0208785465266586,0.4596846028363144,0.20097324435516392,0.5435841103373252,-0.026866493161689046,0.46715402605222545,0.3356788807126201,0.05600744010940511,-0.2534601888303522,-0.2739395737417512,-0.08380096665145323,-0.12283004250824206,0.3884176781613463,0.39650567022969896,-0.20686372926874352,0.5241123543080374,0.3156181205317496,0.20457377102466645,0.9712457087109664,0.10195337255054515,-0.15729711146177042,-0.03556813367051343,0.38033658527207526,0.1887394466531315,0.4884926927511577,-0.05470014666934927,0.4130219180038945,0.35055961475484254,-0.03514246286831797,-0.30577850325945943,-0.2980459879940875,0.018039111754491507,-0.15654050500594513,0.3625991016727066,0.41338789853507324,-0.31520069243700644,0.5128630026588924,0.3417684589808385,0.20966436764209215,0.9820585209973295,0.09088351922296348
-0.04736688096303649,0.5258622979181551,0.5380062418063664,0.1841405532605267,0.009875622329593988,-0.46624508263290226,-0.2753570268347625,-0.29336331051591047,0.2638661887413104,0.4699680450508002,0.4652587179204423,0.13061600863023073,-0.06787545060969634,-0.4414840797544801,-0.3909720621100737,0.044926471652497836,-0.4466388617131454,0.5689035124361009,0.4175790102245676,0.14983475047349315,1.0,0.4622355806667304,0.5664276223780149,0.4622355806667304,0.11022782772819044,-0.04271574882664248,-0.42718229704888494,-0.23525582831722833,-0.2784471542317559,0.22656304112926434,0.4910335439238754,0.5087715941463167,0.21656558980941007,-0.07388062775716493,-0.4723602718569485,-0.47546902420366105,0.08422173245443741,-0.520322381940158,0.6064417625198891,0.41159150210276046,0.05958692473373346,0.9869985435803442,-0.1299946248421528,0.538784281824007,0.5258191362477789,0.055316804868428375,-0.08968876292669027,-0.501268839054479,-0.2818272534451124,-0.35485531075212423,0.23672795839415003,0.4700451741954635,0.47979727491622937,0.11649750179403316,-0.0678519920459022,-0.4544120857104037,-0.38749302956070975,-0.008502606269051775,-0.4552845056409547,0.5795072751072247,0.3968088341542738,0.1803889444722509,0.9825661213901382
0.38844462626030235,0.3950388932808256,0.907597577431861,0.2200114208174828,0.48542162052708726,-0.18117984815666624,0.2728059685958075,0.05629571143005494,0.5768998070330034,0.5330045762782378,0.4403034759100281,0.30471266706330374,0.2624683345151324,0.015444406764109462,0.0037861112751741187,0.17706919299902246,-0.03440447034797701,0.6506906022873997,0.34170822515486715,0.4596846028363144,0.4622355806667304,1.0,0.47802524683865577,1.0,0.3670771625313647,0.4520860879437225,-0.13996347416683588,0.34328700515146093,0.0506199011765702,0.5876047365750401,0.535414429870081,0.542680993554743,0.3074045290326016,0.2847974014843916,0.0008315247821886979,-0.0454219830337971,0.1622015515088013,-0.07582513039271799,0.6545475997746822,0.3030964507864339,0.3937710942709585,0.42899449004716794,0.31527451226246495,0.3912292496226212,0.9546955089408536,0.27988225302696884,0.4448104805679884,-0.20169143035177806,0.25741712186122007,0.010709751746167841,0.5436165732698365,0.5006365922476901,0.5190922267632326,0.33396376169033803,0.2962369417530721,-0.006906442495057883,0.008379075648318666,0.12136921990004222,-0.0871327854929717,0.6829602400295345,0.33295987257005233,0.4788828449999761,0.43418596389938463
0.18434555319447948,0.864976037583196,0.47611780265831943,0.21999581447291092,0.19240984761039462,-0.22679455818574862,0.09755003623303847,-0.15151109986552766,0.3179170749058362,0.5228341633798713,0.43947328796713564,0.28020404707638824,0.04835021004556981,-0.23420299688762355,-0.13350070140327883,0.04697923196821836,-0.2862856632605575,0.5382480785349643,0.0753262759799583,0.0208785465266586,0.5664276223780149,0.47802524683865577,1.0,0.47802524683865594,0.48418457632506795,0.18813783558462757,-0.11905306982560795,0.10235741346003566,0.015328041333542559,0.3659353880953083,0.581139134139923,0.44229437651171777,0.4627421779623299,0.10780659818298412,-0.26866036912761604,-0.1722914266339347,0.07072037941648614,-0.36211119647192513,0.5680316601272156,0.041376076050840434,-0.10654648855787116,0.5352991308106175,0.1752288871798849,0.948018796696881,0.5224571456713417,0.30839002321142117,0.1723591865293787,-0.22642358086937275,0.11279545437882997,-0.1477404554138541,0.351391488499601,0.5314420907722596,0.45520484219394436,0.34165273499170246,0.06990060099692505,-0.23540460163561316,-0.11991746430959649,0.025081877874972843,-0.38001970334959545,0.5374816368330845,0.03576144424316128,0.026282722692376942,0.5185714755419704
0.38844462626030235,0.3950388932808256,0.907597577431861,0.2200114208174828,0.48542162052708726,-0.18117984815666624,0.2728059685958075,0.05629571143005494,0.5768998070330034,0.5330045762782378,0.4403034759100281,0.30471266706330374,0.2624683345151324,0.015444406764109462,0.0037861112751741187,0.17706919299902246,-0.03440447034797701,0.6506906022873997,0.34170822515486715,0.4596846028363144,0.4622355806667304,1.0,0.47802524683865594,1.0,0.3670771625313647,0.4520860879437225,-0.13996347416683588,0.34328700515146093,0.0506199011765702,0.5876047365750401,0.535414429870081,0.542680993554743,0.3074045290326016,0.2847974014843916,0.0008315247821886979,-0.0454219830337971,0.1622015515088013,-0.07582513039271799,0.6545475997746822,0.3030964507864339,0.3937710942709585,0.42899449004716794,0.31527451226246495,0.3912292496226212,0.9546955089408536,0.27988225302696884,0.4448104805679884,-0.20169143035177806,0.25741712186122007,0.010709751746167841,0.5436165732698365,0.5006365922476901,0.5190922267632326,0.33396376169033803,0.2962369417530721,-0.006906442495057883,0.008379075648318666,0.12136921990004222,-0.0871327854929717,0.6829602400295345,0.33295987257005233,0.4788828449999761,0.43418596389938463
0.2316794660899853,0.4051247770863866,0.30188518054973806,0.6578836586548488,0.32211086230110764,0.14203215772166175,0.25821936695649533,-0.09663576129322318,0.2666505201633996,0.2665729938952943,0.16420360598030878,-0.011035514443842561,0.15334451543256153,0.18847095035849826,0.11247479217519475,0.135308919559789,0.2069951677192874,0.2559952235726737,-0.08037439215318512,0.20097324435516392,0.11022782772819044,0.3670771625313647,0.48418457632506795,0.3670771625313647,1.0,0.34401475961527883,0.20406856856366906,0.2566646944325538,0.09281693911783724,0.3768373136457474,0.25556723866323683,0.18829763960508805,0.16009203300190772,0.2135730853272587,0.16241942505826948,0.09839267002730714,0.16254016630410265,0.21289405453934512,0.2811641825220721,-0.10416159779937371,0.175967420181451,0.012686237425315924,0.2095514726558699,0.3745865034761705,0.35459350360886205,0.9038089439065146,0.31883438509254325,0.1004683286848109,0.2421640153054624,-0.07468895297794544,0.2604134255302447,0.2394323388927634,0.2497443741822006,-0.02900517579822703,0.16534653381714545,0.1712942828573129,0.11630728669860019,0.1311694793406782,0.16008431875629534,0.2815388709730678,-0.08177732555626402,0.2136997752600874,-0.00573687422891355
0.1153372117600456,0.08103446277620438,0.3551445932988166,-0.08992448977385083,0.9507349866505519,0.4289707153843505,0.7125977769107374,0.5729278745500811,0.35134214750285914,-0.11053876071641727,-0.05243263873032554,0.24985062989664494,-0.005156825529666468,0.6112952958833886,0.4577042874219909,-0.05156839982452145,0.3822869129162154,0.27154052803444234,0.045345263584324544,0.5435841103373252,-0.04271574882664248,0.4520860879437225,0.18813783558462757,0.4520860879437225,0.34401475961527883,1.0,0.4877964311847773,0.7717400857910351,0.5928246698698356,0.3898171769981288,-0.13009335901131922,-0.09082756760967416,0.3253876391858302,0.014162666667261523,0.5927149308142674,0.428220122518081,-0.06630230617480155,0.37364384240994286,0.24218942617692615,0.006145615866862528,0.5166315922813451,-0.09717255869677198,0.03026229432235518,0.033683129646068406,0.3695285589411441,0.13956996707794533,0.9682006718348091,0.423137694283227,0.7490024634613048,0.5872019359730365,0.3468874950934051,-0.12322871266286535,-0.07600382325653801,0.34829431604926836,0.038412995585475534,0.6200037897959647,0.46256446635908455,-0.03482303128111851,0.39397196970518306,0.26328795110930786,0.033878238276345465,0.5591380181730692,-0.09576062504413467
0.133192394674424,-0.2835160065844299,-0.22989988626617766,-0.2641768870386523,0.4131149086404744,0.949112725369367,0.6275472103046372,0.5210227108328189,0.32218804051509037,-0.3064063961411806,-0.034462572580826994,0.37647724105443053,-0.0323935167349691,0.6122230700871839,0.27952552389918345,0.06528101003502444,0.25093381897729367,-0.25746493646668545,-0.08299268809927735,-0.026866493161689046,-0.42718229704888494,-0.13996347416683588,-0.11905306982560795,-0.13996347416683588,0.20406856856366906,0.4877964311847773,1.0,0.6932319356995811,0.7117347252130365,0.378496250794441,-0.3020008682198727,-0.10415069236791007,0.446879431876793,-0.009367385472832886,0.6265456271640042,0.3069588268745603,-0.03852983162591714,0.3146196585358971,-0.2521248403990207,-0.08331018555942173,0.0021767514084599024,-0.49683762246229957,0.16723908455800804,-0.27265588160322146,-0.166410872937053,-0.04073593105176605,0.4900888393970674,0.9786771043401862,0.6889682857776929,0.6529853815308897,0.3739501658685926,-0.27196550892416277,-0.06447766549930921,0.3215576781974206,-0.014406463802379104,0.636280684752046,0.2883212806624192,0.08674973920348737,0.31848286960452477,-0.2506167395113066,-0.07605328174018448,-0.050024067546338306,-0.47317862848183895
0.2940025406698524,-0.08768447902024937,0.2239950958117938,-0.1980114284204072,0.6972609865592708,0.6354885553432572,0.9290504215653493,0.624033608430217,0.5174165736948723,-0.19229135583238804,-0.07995089547914613,0.5052355476936439,0.004037340829933159,0.6946362675092183,0.4140556016232724,0.01491660188385115,0.42025468976927455,0.046737178157051563,0.15466455842901833,0.46715402605222545,-0.23525582831722833,0.34328700515146093,0.10235741346003566,0.34328700515146093,0.2566646944325538,0.7717400857910351,0.6932319356995811,1.0,0.7582144797044876,0.5562920762445265,-0.15880243698290467,-0.07964676983118327,0.5435828127825645,0.05057717573904412,0.6996611393335661,0.41750001555919447,-0.07079808885071608,0.4190427624736207,0.03676341495385296,0.1223171628291551,0.46023056092296766,-0.29576408452146574,0.25304076035830314,-0.07325088603969135,0.27076592472037897,0.025252480235971472,0.7345111547696096,0.6492698468279853,0.9538732013399669,0.7059713007314902,0.5092615299987459,-0.195548800782007,-0.05916310376870509,0.5082000993996989,0.025826488372112478,0.6972679497903793,0.401699144392975,0.011636841260446567,0.41169377578931826,0.0605518549320578,0.1291203230256785,0.4621778391330269,-0.29389272827401935
0.09476542486573206,-0.17016632385275346,-0.0578959950283743,-0.30394204929350477,0.489141470549194,0.6507744633186061,0.6931331371077256,0.849490031691899,0.1475318890790274,-0.37177720902927275,-0.2330640921483421,0.2593482620739431,-0.051778665885080705,0.749364358455158,0.5947735902450663,-0.014304592637452613,0.3802143837189847,-0.10403835586680966,-0.07006667730455984,0.3356788807126201,-0.2784471542317559,0.0506199011765702,0.015328041333542559,0.0506199011765702,0.09281693911783724,0.5928246698698356,0.7117347252130365,0.7582144797044876,1.0,0.20021078925307034,-0.34870479008965033,-0.30451860750901627,0.29491376222032595,-0.0293232247465744,0.7587560895692584,0.6098629112282958,-0.05998629106059267,0.4215966458481541,-0.1218501630364938,-0.09129582360376366,0.3580422519020379,-0.3342064272954214,0.08721601785096263,-0.1406472188900356,0.008461610505935774,-0.18694579796649502,0.5563219099555046,0.6690639995077945,0.746764012569228,0.9398114677407065,0.15375587524722217,-0.35952166605609276,-0.3014111384162755,0.3014973488114877,-0.024331633653512208,0.7715029025102257,0.6032715029653481,0.025179713999361544,0.3908539035344203,-0.10125132530293833,-0.09005347165019224,0.28102630272571294,-0.3118821621394483
0.4786058442697628,0.24232255690772694,0.6202840860434143,0.02622765956680745,0.40570368593283285,0.3283944067372515,0.49938435835784406,-0.032992798237122895,0.9685116305577577,0.4311990243987475,0.5436920827430082,0.5905056444381478,0.32765527927817456,0.17216303337460323,-0.13479588178299612,0.40678785523256983,-0.15496048289986408,0.3200528076066257,0.23282936314691813,0.05600744010940511,0.22656304112926434,0.5876047365750401,0.3659353880953083,0.5876047365750401,0.3768373136457474,0.3898171769981288,0.378496250794441,0.5562920762445265,0.20021078925307034,1.0,0.4422332620212788,0.5970607047499362,0.6834970710939381,0.36617146394341216,0.1369172325540151,-0.17018626652073882,0.2954133375014985,-0.17135402147424195,0.35074906265271005,0.21763292618186572,0.0028955307398964535,0.1793019600366323,0.45763763936896856,0.2535107536687303,0.6193277379800256,0.21273916543502022,0.36528073441455033,0.3020408471792592,0.49598121524342514,0.04541876598420782,0.9615459375828851,0.4235382271010031,0.6005056393112009,0.4556781732177213,0.35160577877653637,0.16219403987120998,-0.13403607717949523,0.36273955048227485,-0.15670867711873174,0.3610455216695519,0.23970936731469816,0.10285800241266758,0.20104915798660242
0.5226193249899219,0.5141641580392998,0.5278650190234181,0.1887795468360031,-0.11843414037335698,-0.3435488382800624,-0.20645987086141293,-0.44946291655342374,0.43600819473925984,0.9676643213668308,0.6929699276883408,0.13926522089704582,0.45427649405290205,-0.40187488009026123,-0.2474106708659855,0.5321619897931442,-0.5404091509064844,0.22544728620652393,-0.08979982383612375,-0.2534601888303522,0.4910335439238754,0.535414429870081,0.581139134139923,0.535414429870081,0.25556723866323683,-0.13009335901131922,-0.3020008682198727,-0.15880243698290467,-0.34870479008965033,0.4422332620212788,1.0,0.722678943659911,0.25380849850100107,0.4760691055780618,-0.43452960821057124,-0.2645698843786357,0.5481126484101201,-0.5822019004230344,0.256835983861718,-0.10250313944951205,-0.34933152641617626,0.5076278849226934,0.5764169296303401,0.5740528239886646,0.5431158409422692,0.2476600695934323,-0.16571394314836915,-0.3601984935822591,-0.1979826051660232,-0.4703921978943489,0.4600237172162049,0.9637233010590363,0.7154553405464291,0.09841528770595753,0.46792376645905376,-0.4077250296448596,-0.2372379401242312,0.4831200792327448,-0.5947079784311159,0.25498380983850016,-0.09898299745546967,-0.21989149586682033,0.4988994126871246
0.3477569170586927,0.3798454643935641,0.5912133493406162,0.14637061516334782,-0.007229127633010011,-0.14189125945502026,-0.12759860239357357,-0.429928882110889,0.6001503461829993,0.6914505034306687,0.9437308773515537,0.2546251974216392,0.48047198986726997,-0.30481823856834545,-0.401291393254857,0.5554958004970006,-0.5336799497467932,0.347718133388359,0.18865216437064483,-0.2739395737417512,0.5087715941463167,0.542680993554743,0.44229437651171777,0.542680993554743,0.18829763960508805,-0.09082756760967416,-0.10415069236791007,-0.07964676983118327,-0.30451860750901627,0.5970607047499362,0.722678943659911,1.0,0.30966096204414056,0.49689987670578994,-0.3305831114330422,-0.44914424958639654,0.5140363971531824,-0.5837107144481963,0.3539489613448715,0.19399404438110943,-0.3617659108379372,0.5020765198434495,0.3381795066046479,0.42211392168189804,0.5864711285846677,0.135522513769128,-0.08280498358559023,-0.1760603737562478,-0.13443109611063367,-0.41882271214836864,0.5934513683086748,0.6745268549810478,0.974121271133701,0.18401296430699926,0.486467082703814,-0.319918275919648,-0.40433531030474523,0.5080264171643663,-0.5617122187511383,0.3494555895174217,0.1909365207540996,-0.24854675736272436,0.5015090247156722
