Fp1,Fz,F3,F7,FT9,FC5,FC1,C3,T7,TP9,CP5,CP1,Pz,P3,P7,O1,Oz,P8,TP10,CP6,CP2,C4,T8,FT10,FC6,FC2,F4,F8,Fp2,AF7,AF3,AFz,F1,F5,FT7,FC3,FCz,C1,C5,TP7,CP3,P1,P5,PO7,PO3,POz,PO4,PO8,P6,P2,CPz,CP4,TP8,FC4,FT8,F6,F2,AF4,AF8,O2,P4,C6,C2
1.0,-0.05666477484003592,0.0003596638699706044,0.35738365523750665,0.2133901893882911,0.5510215258570023,0.4004691088984606,-0.06184867428047269,-0.13352496390797455,0.24926108083174014,0.18203169850961115,-0.05786646824695499,-0.014749580803870259,-0.09021172910439258,-0.009759749784992906,0.17852990332344115,0.0042702931087654035,0.11544182009971819,0.2800027682428309,0.16283069766116126,-0.10535711027744563,0.19056774674638963,-0.16774734935394217,0.19056774674638963,0.3020099908271452,-0.02478685168489595,0.46030368886879314,0.3773012808939057,-0.17230632080488006,-0.08418275866207846,0.21065847334300294,0.1343952340461514,-0.07476193461830925,0.004732544834507722,-0.14137629277869712,0.02016141610050498,0.22090918605088133,-0.006368412563253372,0.1333942121000369,0.3596406929329451,0.19931121735611218,-0.07396767133336112,0.9266627132363755,-0.22107690730738994,0.21641797184394146,0.3839731739628723,0.3228751248352571,0.45055149556781077,0.2961860378910553,-0.09335476617946081,-0.12311449640600816,0.21188434123696462,0.3344238749077929,-0.0936386336674687,0.11759394203727372,-0.09109750518182654,0.10084666678567,0.25951313791184105,0.0804990434310832,0.16920008773714676,0.34269495068705985,0.24148447680764287,-0.012675135858945492
-0.05666477484003592,1.0,0.5900257112319733,-0.03678730949301492,0.22593110322368667,-0.11616881101236619,0.08728388008657166,0.509918972083349,0.28732765796065374,-0.5241348692435505,-0.15908217392751337,0.4567261354276724,0.22466173542001103,0.4602490205147546,-0.1966211287664074,-0.541163865025799,-0.4314138555525348,0.37075692717523995,-0.24458915534421405,-0.14920857006912275,-0.3474757008804334,0.5249916490422567,0.9218511475282919,0.5249916490422567,-0.3036607555223005,0.24979062845654063,-0.2700894100905603,0.05507392324572809,0.34550634083363874,0.2521846535292621,-0.39424774540162777,-0.19113979628416275,0.35161917513968505,0.16971966124587443,0.5000589639797882,-0.13039124543702837,-0.45958511880598535,-0.38388371942759075,0.2952507508930745,-0.2753675958613975,-0.09606598537404284,-0.2805464905663204,0.05001650603111659,0.8698448517985186,0.5824213573296757,-0.21559847865526383,0.1824816430852109,-0.27788466225900776,0.21635625311986945,0.4112787036090254,0.30281849093680996,-0.43331204650954025,-0.09958900371428145,0.4430517103953379,0.27680433615275823,0.3459496658465538,-0.1473127522387029,-0.4328226782156354,-0.2593659805138103,0.35546666785614556,-0.22103207610901154,-0.07526204471329188,-0.24649111104187468
0.0003596638699706044,0.5900257112319733,1.0,0.1265584596623801,-0.10769633914388047,-0.007204026838927829,-0.10636086291668578,0.11254813011424519,0.10103257736517211,-0.5162142881688594,0.14091393046477763,0.030623613565457262,0.5871888961455457,0.7741887613475297,0.28624663024634167,-0.2734960425398418,-0.42505593709936773,0.4291571257079287,-0.3170053265774065,-0.019313152420227964,0.05540861690125146,0.8903875969017325,0.6116623559023204,0.8903875969017325,-0.05892529450786565,0.16080661802738183,0.022765566850109928,-0.137140471559819,0.07831203331245894,0.0771896355960053,-0.38258479841435666,0.0950856528043942,0.018717217369265248,0.5835448472220949,0.7343473762988015,0.4011676064602182,-0.1212111442848086,-0.4129156106470092,0.31960008976073107,-0.390652978826887,-0.007848099851872079,0.13880446387756093,0.05357271570298306,0.6031293091471076,0.8944860484410847,0.01547034065185463,-0.00353518720938289,-0.019367385150663455,0.032938046078236444,0.12387528119361703,0.1286845027948725,-0.3989590269384322,0.16018629203559742,0.09997357847109721,0.619020148455243,0.6761500749228051,0.38919458767522436,-0.06323850897055225,-0.2808548548374106,0.35247231811728047,-0.3019169632368454,0.04905275438913589,0.13026031629139076
0.35738365523750665,-0.03678730949301492,0.1265584596623801,1.0,0.249040503417194,0.1193555970725464,-0.10536741403560579,0.3018693063714375,-0.007656941086673703,0.157384764441476,0.0902994201196154,-0.5193118864726421,-0.0690130614079044,-0.046272367706653404,-0.09948049723069113,0.009127112760736699,-0.36070957589088415,-0.007963926721527936,0.1698309435096555,0.3178804468418065,-0.0034721212806231748,0.1278054241347363,-0.031199168836046554,0.1278054241347363,0.9096275781211259,0.23038150729693496,0.18392272280417848,-0.05716812830109217,0.2547073304735572,-0.0889657870815222,0.2433472058473558,0.14757171707569725,-0.3696789172673956,-0.024968379366048704,-0.11420478301007099,-0.037006150233878134,0.15579392469672812,-0.30277899920865464,0.04125722121555092,0.1003404603896578,0.34271162424997476,0.07316346148366025,0.4066671768285766,-0.12977068464485014,0.21209205643098739,0.8559405162827243,0.33741240089989405,0.09215169616243678,-0.1713584794379219,0.2632043825338381,-0.08996667867046625,0.18635420713471557,0.235652505481405,-0.4777274304664362,0.015602171692107949,-0.026541495311506826,-0.016588401543744854,0.12424955454022246,-0.29019111797356345,-0.09397771668841527,0.21674025084949936,0.4033587895197941,0.08219655320799463
0.2133901893882911,0.22593110322368667,-0.10769633914388047,0.249040503417194,1.0,0.26924797231829334,0.5147068541632117,0.4433341120947746,0.4230592715676038,0.05431392148306985,0.22986503702118805,0.25542873970889174,-0.08009090015956806,-0.10610639844197303,-0.40593500282211875,-0.23692748482519832,0.06110327214461948,-0.07692137911389466,0.2487609997794385,-0.012967051840524352,-0.38063513657302195,0.05532583725183861,0.08686764063052904,0.05532583725183861,0.17947158128651267,0.5745391651104669,0.1158377606177759,0.5316458476295669,0.37256074206840584,0.4963131337233711,0.12523059738458792,0.20177153797973424,0.27086033076065286,-0.06393132986820675,-0.0889328061412064,-0.38500964153892575,-0.2748475674606363,0.10973269367010563,-0.07409044973972646,0.34165997783768154,0.07736728271034196,-0.3253588615059385,0.19338617972794522,-0.051603635437044826,0.16274194731947733,0.2071219651546434,0.7408808517656211,0.09724280978741695,0.500171509741386,0.3937437867250836,0.4694033532827497,0.12177375704709013,0.22756675756558611,0.22035603848039517,-0.012974124062964948,-0.1442741294549211,-0.2652443514525736,-0.2532307032217326,0.1486713223602307,-0.0462582739716539,0.4153660396959309,0.1419683255848068,-0.2387742064043677
0.5510215258570023,-0.11616881101236619,-0.007204026838927829,0.1193555970725464,0.26924797231829334,1.0,0.687736448390982,-0.05198361046317924,0.10597724472107772,-0.04989640625057153,0.38163662121942454,-0.07941347695399195,0.06155228032660273,-0.06329909122517359,0.16085889133913767,0.2931867101319057,0.2845588962223627,0.17450114871344508,-0.06108316044503418,-0.20407564848778986,-0.11034143315677931,0.11695249327535219,-0.14066270531985137,0.11695249327535219,0.061383392699899085,0.06349595205139344,0.8789818570236664,0.6538753138944248,-0.07923578097694738,0.17231815895729852,-0.03587474196221786,0.2613930738248427,-0.038681506945089435,0.06651313757655465,-0.004571891700302251,0.30685030583468376,0.24165442136744178,0.2728827587416908,0.20970604021712427,-0.08277549437195618,-0.16674860712917405,-0.0660543906835315,0.62195056669807,-0.18725993971516844,0.06536755538235657,0.09074667653377659,0.3175502519155482,0.8357821698184693,0.6242618140723968,-0.04370232411624598,0.14368762347403044,-0.05859898946552212,0.3809884970657645,-0.08248627614973594,0.1466314266632592,-0.038738177017570825,0.3567090285088587,0.3106300075344907,0.37762802140418195,0.2430791487014985,0.10670905445488811,-0.07917472239992261,-0.03998926797415596
0.4004691088984606,0.08728388008657166,-0.10636086291668578,-0.10536741403560579,0.5147068541632117,0.687736448390982,1.0,0.13377267049830815,0.20008158084744004,-0.04215155028659226,0.2578825224395631,0.32447976575303983,-0.1462347376817617,-0.18087340325097695,-0.048000745158040314,-0.042860851194048005,0.2756748771330217,0.38465692766002363,0.10195169666331046,-0.2544111186170021,-0.3628342023201188,0.13763832528358533,0.016946575503969358,0.13763832528358533,-0.18642436082509414,0.24246082419236428,0.5211827509490391,0.9707245799240531,0.06975368873187729,0.30311034212886745,-0.007095919001606291,0.2777102280252362,0.3076464175764757,-0.09761192362182777,-0.08609844364762027,-0.010242346361141031,-0.1315847800432538,0.25455499372959745,0.3739081104252294,0.1368687950337935,-0.17601349600549182,-0.35883467999550045,0.4458556931902557,-0.03530715521984085,0.13574645695076104,-0.10484831490470392,0.4162350415282922,0.5480619352098466,0.9578678326118092,0.1206995499758225,0.29223018608445894,0.02090466405839825,0.3215416054771605,0.34699431706979117,-0.0625038337222697,-0.13871360098781343,0.09166430126006384,0.01181948372308726,0.326542345821157,0.38942346717379345,0.30568944306807627,-0.11923657427658721,-0.2490865435310322
-0.06184867428047269,0.509918972083349,0.11254813011424519,0.3018693063714375,0.4433341120947746,-0.05198361046317924,0.13377267049830815,1.0,0.35285150717015074,-0.22126876764992617,-0.17062525497047992,0.3498042349322774,-0.26009344159777364,0.20609702003822317,-0.1663737035997665,-0.5724549899728022,-0.19770817518588635,0.1147044586602028,0.13992645919927646,-0.07551042342130274,-0.40585872570241244,0.20472700992033646,0.4054537721930696,0.20472700992033646,0.14053020851948925,0.43592918505545913,-0.1114693792551228,0.12653353697386668,0.9248144606932057,0.3490268794500758,-0.0880354345375053,-0.07891114294065223,0.3799959933634157,-0.19380581591034443,0.17561447646938877,-0.12982409936003467,-0.576020385342965,-0.15441647147137225,0.07074711397862163,0.07370883939466565,-0.03959180477061627,-0.3419026527795013,0.06901499630230122,0.29902122510472545,0.2363056491634183,0.1278402074918085,0.3778672090105325,-0.2501719203843575,0.13007446047756796,0.9180019391630594,0.3227907468736668,-0.12943485295835286,-0.3288777373973451,0.2955098317816808,-0.17072535429464283,0.16302885104615308,-0.1252961785374952,-0.5486080762664007,-0.09557237067372226,0.06593502167685604,0.15869185014652012,0.001965803299072325,-0.34374619107122933
-0.13352496390797455,0.28732765796065374,0.10103257736517211,-0.007656941086673703,0.4230592715676038,0.10597724472107772,0.20008158084744004,0.35285150717015074,1.0,0.1803141450753941,0.2601338610797926,0.3052677923080532,0.14945019243418914,0.1251133575033103,-0.13185483411441679,-0.3033173786071995,0.036814427645461764,0.1707617053300233,-0.009226515899899004,0.1625281493314893,0.17001553459597787,0.10639169557062197,0.2178294631458154,0.10639169557062197,-0.06030996669689289,0.30875291202281163,0.002651170913867583,0.19458345620935175,0.32351017959978673,0.9435315957358807,0.21444692201524262,0.2755023037107167,0.31884944967251866,0.10178866762605703,0.17752980322841733,-0.06646128646635213,-0.33298189848276316,0.05811789643866996,0.20403389732214505,0.08443994981573771,0.18643848984143194,0.23425657874362538,-0.12708466749529324,0.17784602419502396,0.1859694686461238,0.03423462308562226,0.24537585189182234,-0.059880495157905,0.28129936498845604,0.3630468637029916,0.9423287329277397,0.17651166702531948,0.18855431065681014,0.2936534479947306,0.19103599852498143,0.11373268423249418,0.017392081726134483,-0.26355172225683443,0.12319063228347173,0.2305262958533866,0.18403874537796552,0.233071345097756,0.2551076363657757
0.24926108083174014,-0.5241348692435505,-0.5162142881688594,0.157384764441476,0.05431392148306985,-0.04989640625057153,-0.04215155028659226,-0.22126876764992617,0.1803141450753941,1.0,0.20728660626907544,-0.181762772476114,-0.2140591125396031,-0.44346393457348354,-0.17385669304177107,0.022219386438866687,0.03311767590119425,-0.17572411964984108,0.37356180135166595,0.611797802894701,0.2555761190554886,-0.38469718934801533,-0.49951838373185575,-0.38469718934801533,0.36398693755862704,0.03335808811617257,0.01999142421833183,-0.020941612246321503,-0.19405546488007688,0.22259463268520055,0.9177621941529515,0.31791279261114497,-0.10943963915966458,-0.2008354925437164,-0.4972946649192769,-0.2439765338207669,0.08802241362147877,0.009368681445249147,-0.10483714206167552,0.44343387962670444,0.6071284912860638,0.2445710095336755,0.16394141938317758,-0.5546386346450561,-0.2786672090096416,0.3771834860156933,0.1231968602507425,0.02361983317031228,-0.08220758715374565,-0.20923259945036013,0.18920282050286033,0.9158092251764772,0.37438668214079496,-0.1688095324154807,-0.19095966093056546,-0.4409957894355338,-0.1615894500095877,0.11144813829213447,-0.023544512725586147,-0.10327891017156936,0.4182512765632986,0.5372684692675551,0.2799288585580235
0.18203169850961115,-0.15908217392751337,0.14091393046477763,0.0902994201196154,0.22986503702118805,0.38163662121942454,0.2578825224395631,-0.17062525497047992,0.2601338610797926,0.20728660626907544,1.0,-0.06530112124307215,0.4041631835327039,-0.03151862905301811,0.1302931643693334,0.11881103399205521,-0.05395686185506681,0.28592163631427475,0.028993659220277863,0.07650317551706846,0.0032575007042469103,0.18622835938281715,-0.11809248494836577,0.18622835938281715,0.19234584500983581,0.2022956123629317,0.4242242947868624,0.28907263317321014,-0.11818697214053142,0.3496518370690039,0.25409807258662614,0.8767711717686176,0.02577489413172093,0.4419771367262921,-0.010469171742376828,0.12107950569034785,0.1542689736460697,-0.09185805724092448,0.29538737270779714,0.10079699051646572,0.041568775402303915,0.019483533517959374,0.18027231596409418,-0.17027386797036762,0.23615759030857644,0.14059083932010782,0.2284124335685668,0.36075346380605006,0.22535056615878712,-0.10704247932844747,0.3225445525900078,0.2588871872390141,0.732314010043528,0.03880997827145913,0.413662500463709,-0.05328576702518234,0.21054004510036456,0.24195828820587992,0.021385336295099852,0.3465233486608697,0.2143705725615132,0.08800895791462542,0.0704286863802115
-0.05786646824695499,0.4567261354276724,0.030623613565457262,-0.5193118864726421,0.25542873970889174,-0.07941347695399195,0.32447976575303983,0.3498042349322774,0.3052677923080532,-0.181762772476114,-0.06530112124307215,1.0,0.13280624440800476,0.10502212338846657,-0.09330114818683999,-0.2919407844032347,-0.11178834529512807,0.21579241588831144,-0.0625781086213442,-0.2108175380227777,-0.2742580840924843,0.13649715745552515,0.4160127875730795,0.13649715745552515,-0.5395624881855721,0.0028332681820125404,-0.17443544302482644,0.28428082157544593,0.26541599214882355,0.35147611872261114,-0.17207066471363924,0.010584651769557255,0.8624236665624485,0.13301555995738082,0.1546713673536816,-0.20716740171001297,-0.40636468764778605,-0.1417331164681847,0.12417132018280454,0.06881738101403463,-0.19042492729241042,-0.3215954023248667,-0.008410644710040096,0.3094023111640417,0.1208470029266114,-0.49850842829049413,0.04358651610462623,-0.23608959108628724,0.3695353570824259,0.24462810461651713,0.3385462071928502,-0.18357978045220627,-0.18685340554309435,0.9095014708541903,0.0922464255382443,0.05061975440060165,-0.21394161672196285,-0.4141580535799138,-0.07139299853141191,0.19919136320820968,-0.0012374199715435759,-0.20912793859981385,-0.28373615885270526
-0.014749580803870259,0.22466173542001103,0.5871888961455457,-0.0690130614079044,-0.08009090015956806,0.06155228032660273,-0.1462347376817617,-0.26009344159777364,0.14945019243418914,-0.2140591125396031,0.4041631835327039,0.13280624440800476,1.0,0.34715582620425256,0.3436758569830805,0.0899311270965984,-0.20199508457546025,0.2092546702846928,-0.35003704979929956,-0.10360890492812395,0.05359772748497878,0.41636941161673396,0.3334219570607882,0.41636941161673396,-0.025127708132104548,-0.04011134850276412,0.17030490453503244,-0.10362301323623896,-0.22841527933648442,0.18467383775468993,-0.1620413406104041,0.4388418806288884,0.21281245559429063,0.9710662971501117,0.3427701727264962,0.33096840003277445,0.16291414580708102,-0.23174589361361464,0.09904196076671959,-0.3151910719717785,-0.13397220356521433,0.12283642486664297,0.0061154821022748745,0.3272432966690041,0.43232780331388593,0.034473289399418405,-0.05495657510330393,0.12844389433358674,-0.036028580143174706,-0.2379800967436601,0.20687419385667613,-0.17587777074895802,0.40651578187883125,0.25659743462638884,0.948463545809797,0.36837637415895075,0.31733550148779194,0.13806712243329777,-0.06600527026845052,0.16333438981916584,-0.24194051271658765,-0.08302437749654623,0.12231411989227114
-0.09021172910439258,0.4602490205147546,0.7741887613475297,-0.046272367706653404,-0.10610639844197303,-0.06329909122517359,-0.18087340325097695,0.20609702003822317,0.1251133575033103,-0.44346393457348354,-0.03151862905301811,0.10502212338846657,0.34715582620425256,1.0,0.4450352187141691,-0.21509567333929244,-0.1758562667616285,0.17918811745137078,-0.28811933287432107,-0.02838123302848434,0.023126768254353346,0.792023300025304,0.4762663800976793,0.792023300025304,-0.14687477360594148,0.3096497197275784,0.03650552480383639,-0.1894234474230443,0.27626331511284846,0.1368098001686433,-0.36597466753573443,-0.12367344492181215,0.07889595189737691,0.34483037452656173,0.9441665361090071,0.5406549114571574,-0.13179461252657204,-0.16887395266703223,0.014391278346135749,-0.3717124183107306,-0.022833728170104036,0.08163570019834625,-0.11642037732938992,0.47086523261270513,0.724227364077749,-0.08915702370669565,0.15864129195576773,-0.05961177179111483,-0.023004456802270975,0.28087679231955515,0.16119286225712803,-0.339320131497607,-0.08723675653231143,0.10562580416427918,0.39675046716929846,0.8785812149847176,0.4921967563534861,-0.11566631784672335,-0.08969602936528577,0.11341975264225908,-0.3573032148567294,0.0745013512884083,0.034094130436443375
-0.009759749784992906,-0.1966211287664074,0.28624663024634167,-0.09948049723069113,-0.40593500282211875,0.16085889133913767,-0.048000745158040314,-0.1663737035997665,-0.13185483411441679,-0.17385669304177107,0.1302931643693334,-0.09330114818683999,0.3436758569830805,0.4450352187141691,1.0,0.33678896390903185,0.17565129783373978,0.21805459316754178,-0.03358092369601349,-0.014093246269839797,0.14884926382007868,0.32327645933684873,-0.028302717752768904,0.32327645933684873,0.02584801760060278,0.04767498599567492,0.449671006979117,-0.03061186788803721,0.07182046656578865,-0.06037283725092424,-0.08701026028737566,0.20265552684413501,0.048179728608454694,0.4461110060720809,0.42098648955878054,0.9228083629215458,0.3595507102626309,0.09343013577320261,0.07372001501644761,-0.11498455794786726,-0.057541904021981775,0.14111279514742073,-0.020263042429388707,0.06675970961157922,0.19044104864653733,0.06898851508439523,-0.11947043136177775,0.4020440290793909,-0.01823964805094965,0.04724189918126343,-0.0826040236650596,-0.014983365605742876,0.1159864109083073,0.07929519255954914,0.3965744863800774,0.5628613691419226,0.8414547493027867,0.41103671558232346,0.20438798520467982,0.1337536242395673,-0.0728282382803456,0.051999413752535695,0.11374900675142617
0.17852990332344115,-0.541163865025799,-0.2734960425398418,0.009127112760736699,-0.23692748482519832,0.2931867101319057,-0.042860851194048005,-0.5724549899728022,-0.3033173786071995,0.022219386438866687,0.11881103399205521,-0.2919407844032347,0.0899311270965984,-0.21509567333929244,0.33678896390903185,1.0,0.40086924723229106,-0.17559124946671573,0.2156701490475735,-0.002648929100661953,0.3638737237738873,-0.3500204950229048,-0.43421935542086953,-0.3500204950229048,0.1669890683266017,-0.26242458908922517,0.4480248741479527,-0.04664638588978651,-0.4649747268293177,-0.3094769426055533,-0.007340325381527162,0.040664027475104156,-0.17811025835828886,0.07223954152538861,-0.11847594571090897,0.3429397269649635,0.9307623645803482,0.3858976353053374,-0.08685765547158564,0.16845438765203077,-0.027957919120473844,0.30639018574044613,0.12938724438994934,-0.3726769249087359,-0.4155951673966186,0.16849893969145724,-0.21725503099918048,0.48572256967108435,-0.10537608784452958,-0.4323988319423298,-0.29229917614657924,0.012758815844308652,0.09417349905409,-0.1786474337743812,0.10666418742554787,0.02173497302914277,0.30195352755402155,0.8262636429295674,0.39226782143229866,-0.1145579765934826,0.1661389122565371,0.07234765821036525,0.30841426108485515
0.0042702931087654035,-0.4314138555525348,-0.42505593709936773,-0.36070957589088415,0.06110327214461948,0.2845588962223627,0.2756748771330217,-0.19770817518588635,0.036814427645461764,0.03311767590119425,-0.05395686185506681,-0.11178834529512807,-0.20199508457546025,-0.1758562667616285,0.17565129783373978,0.40086924723229106,1.0,-0.350410743335849,0.2839884194273878,-0.11414860906715359,0.028315051180227584,-0.3875221928788634,-0.4706678913702039,-0.3875221928788634,-0.22490739491854356,0.1283929686436395,0.3133826745586643,0.27719732906647276,-0.07722165970601723,0.08274301163668867,-0.030858334877836773,-0.03268017252048483,-0.05973140385479277,-0.22865884909779918,-0.12326689264035372,0.23337989588391478,0.1997818945332061,0.9819367919618255,-0.28465025844643954,0.25032074903862234,-0.1376045020179083,0.03552630454321189,-0.07694977297350307,-0.3173208916592843,-0.4383930560114499,-0.13211265221396268,0.10059202117711182,0.43492847894895903,0.24826372162103066,-0.03489406864723601,0.05960051068351504,0.06033853776368727,-0.11266572844359758,-0.04187392279213344,-0.1647746692001621,-0.010309227379964656,0.29705395682541563,0.32868644390013546,0.930019057557285,-0.17471548068547693,0.24971593502308245,-0.052670091271909275,0.02661344979534506
0.11544182009971819,0.37075692717523995,0.4291571257079287,-0.007963926721527936,-0.07692137911389466,0.17450114871344508,0.38465692766002363,0.1147044586602028,0.1707617053300233,-0.17572411964984108,0.28592163631427475,0.21579241588831144,0.2092546702846928,0.17918811745137078,0.21805459316754178,-0.17559124946671573,-0.350410743335849,1.0,0.07210835800675632,0.0166373963075259,-0.0020171049096291563,0.48867186497419995,0.4316159241103909,0.48867186497419995,-0.1721990895764411,0.04334456631459537,0.14258422602660173,0.36187377008044586,0.07990053335463873,0.22096445050556415,-0.001642680469843872,0.32811691039087726,0.3187851581105467,0.2880052168530679,0.2545548092135921,0.21293100472620166,-0.04044246650552249,-0.3560141102675767,0.9332570617420055,-0.029781621792034967,0.050567035446346456,0.006540779824402588,0.17827369098256496,0.35149296255095325,0.48872930342212756,-0.1337659428010125,-0.0428663109179876,0.08146085659091272,0.38420133291589104,0.10350482389682518,0.2581400623125061,-0.045755658603963835,0.28508194521830504,0.32283686112745963,0.3350028578406855,0.21944356544327967,0.23125011245349564,0.04269043684091593,-0.24834669017603808,0.896623131751554,0.12224271683998135,0.03573337034922399,0.07890100641615976
0.2800027682428309,-0.24458915534421405,-0.3170053265774065,0.1698309435096555,0.2487609997794385,-0.06108316044503418,0.10195169666331046,0.13992645919927646,-0.009226515899899004,0.37356180135166595,0.028993659220277863,-0.0625781086213442,-0.35003704979929956,-0.28811933287432107,-0.03358092369601349,0.2156701490475735,0.2839884194273878,0.07210835800675632,1.0,0.4136752912357552,0.13631462201294892,-0.22008403562299694,-0.26487281853547545,-0.22008403562299694,0.258462270955948,0.31390988295613076,0.056613281244024684,0.06937659978752415,0.21343445140533482,0.08390918904176733,0.5480896375297372,0.10571758794551661,0.1692144526905098,-0.2659067988684104,-0.2651498812275321,-0.055514215901914486,0.2544950479922713,0.30574817577909097,0.15504500410864844,0.9060736063574616,0.4605943723109085,0.13878072094725022,0.24182122915539067,-0.29460888043595074,-0.12922385856329768,0.34934697536880543,0.1611332907621144,0.11557670111955243,0.015465817852969264,0.27870778405506286,0.08982219266974395,0.5760492908502693,0.09118377654782331,0.09065982056692544,-0.1656583316514781,-0.05762281243403004,0.029716186838691382,0.35683413622099636,0.33099967894319415,0.23182141127553327,0.9116557867699177,0.49578280201822766,0.22885091600172267
0.16283069766116126,-0.14920857006912275,-0.019313152420227964,0.3178804468418065,-0.012967051840524352,-0.20407564848778986,-0.2544111186170021,-0.07551042342130274,0.1625281493314893,0.611797802894701,0.07650317551706846,-0.2108175380227777,-0.10360890492812395,-0.02838123302848434,-0.014093246269839797,-0.002648929100661953,-0.11414860906715359,0.0166373963075259,0.4136752912357552,1.0,0.46088613208551826,-0.057324263230711534,-0.09184505872626317,-0.057324263230711534,0.3775122265150138,0.1499206532379702,-0.07374944903004316,-0.2598921553718486,-0.04976602151758928,0.10176522622962648,0.6693194121206526,0.18186102918789585,-0.1294869238117988,-0.11076171952129381,-0.08340954016515602,-0.04649672504460784,0.16316698527304863,-0.10342461226424034,0.08517313279029742,0.3555944285774048,0.9809932566857863,0.5123828471235422,0.12322768813644056,-0.12997476232663885,0.11207216061320724,0.39878197103980567,0.13455725871232596,-0.05717426121634214,-0.2349638386818265,-0.028821162707440152,0.11748736013716936,0.6501480583488044,0.25919152753719427,-0.15535744499009232,-0.01694966491450676,-0.0838146291371866,0.021070994287344776,0.26688109742668303,-0.10467291611313152,0.14012345429154596,0.33558407667126183,0.9314055406244827,0.5044582654617221
-0.10535711027744563,-0.3474757008804334,0.05540861690125146,-0.0034721212806231748,-0.38063513657302195,-0.11034143315677931,-0.3628342023201188,-0.40585872570241244,0.17001553459597787,0.2555761190554886,0.0032575007042469103,-0.2742580840924843,0.05359772748497878,0.023126768254353346,0.14884926382007868,0.3638737237738873,0.028315051180227584,-0.0020171049096291563,0.13631462201294892,0.46088613208551826,1.0,-0.12806770413592125,-0.2601117354819819,-0.12806770413592125,0.09698827154105924,-0.20091505960906508,0.021607081901677972,-0.3668275743578088,-0.3151060023848761,0.10211997204836261,0.2543102010232406,-0.018107205821265,-0.1441001518642084,0.024418303689785245,0.05362799568438752,0.24392596588755602,0.43503664867966596,0.008181100551640716,0.10545866732552873,0.12885216856201667,0.4422296694917576,0.9577258542510014,-0.13016883427292347,-0.17939105119863558,-0.08368827092799187,0.14639533922019543,-0.35913500980670915,0.05525513045615102,-0.3423991064645638,-0.24082124985849768,0.07741343426441476,0.2159082200421452,0.021652419562090863,-0.21378361448895628,0.05536721200790717,0.12873866022716857,0.3086020768735879,0.4195247281754047,-0.044530609544735936,0.08036754816991075,0.09860559740665667,0.42727844578829804,0.9355787274419721
0.19056774674638963,0.5249916490422567,0.8903875969017325,0.1278054241347363,0.05532583725183861,0.11695249327535219,0.13763832528358533,0.20472700992033646,0.10639169557062197,-0.38469718934801533,0.18622835938281715,0.13649715745552515,0.41636941161673396,0.792023300025304,0.32327645933684873,-0.3500204950229048,-0.3875221928788634,0.48867186497419995,-0.22008403562299694,-0.057324263230711534,-0.12806770413592125,1.0,0.5332583090681303,1.0,-0.045146493128565744,0.30414945034194485,0.12020226267258105,0.10663366582189698,0.181101944529478,0.14421214338876748,-0.26750386865417897,0.1439561536770609,0.08453210939180082,0.4521467976135253,0.7120247670169264,0.40564334397201923,-0.23063387505709765,-0.3849211145049776,0.339317391054829,-0.25958750466090336,-0.030243569516417802,-0.07823796702533198,0.19232805958604332,0.46051213902216726,0.9498305135114088,0.019635978866987026,0.19550380993773833,0.02904009779751907,0.24061565443543492,0.19498687775216114,0.15826154803594736,-0.2729467576814948,0.22710629786839076,0.1597911307464635,0.4775199022583736,0.6534313331837782,0.411310096877514,-0.15653531563030293,-0.27380342628582416,0.36020609941759196,-0.20906561283139433,0.042539618524580984,-0.06297163936876421
-0.16774734935394217,0.9218511475282919,0.6116623559023204,-0.031199168836046554,0.08686764063052904,-0.14066270531985137,0.016946575503969358,0.4054537721930696,0.2178294631458154,-0.49951838373185575,-0.11809248494836577,0.4160127875730795,0.3334219570607882,0.4762663800976793,-0.028302717752768904,-0.43421935542086953,-0.4706678913702039,0.4316159241103909,-0.26487281853547545,-0.09184505872626317,-0.2601117354819819,0.5332583090681303,1.0,0.5332583090681305,-0.22103211795178968,0.2806283884217083,-0.1635650524590263,0.00843164082663993,0.32455841684488373,0.18484816443827898,-0.3075972433814114,-0.10125534982998126,0.38576739439263724,0.2778703540788687,0.5279434796985022,0.024065962280653778,-0.3307669222458022,-0.43414870116884097,0.3378164888573119,-0.3520684163413882,-0.06265536263776351,-0.21292162297943662,-0.004217356914517639,0.9110723252273512,0.562273009341275,-0.1523333870516273,0.13558886936963832,-0.1991203097484052,0.16355785033338066,0.35421420335918163,0.23824841150158335,-0.3646431470231752,0.0437606247055722,0.4744588368401167,0.3746410723016546,0.41680886313199994,-0.01135104585798985,-0.2842724050314399,-0.3024804863535361,0.4068869802121131,-0.26838373765077794,-0.021638484683168663,-0.17251781737601748
0.19056774674638963,0.5249916490422567,0.8903875969017325,0.1278054241347363,0.05532583725183861,0.11695249327535219,0.13763832528358533,0.20472700992033646,0.10639169557062197,-0.38469718934801533,0.18622835938281715,0.13649715745552515,0.41636941161673396,0.792023300025304,0.32327645933684873,-0.3500204950229048,-0.3875221928788634,0.48867186497419995,-0.22008403562299694,-0.057324263230711534,-0.12806770413592125,1.0,0.5332583090681305,1.0,-0.045146493128565744,0.30414945034194485,0.12020226267258105,0.10663366582189698,0.181101944529478,0.14421214338876748,-0.26750386865417897,0.1439561536770609,0.08453210939180082,0.4521467976135253,0.7120247670169264,0.40564334397201923,-0.23063387505709765,-0.3849211145049776,0.339317391054829,-0.25958750466090336,-0.030243569516417802,-0.07823796702533198,0.19232805958604332,0.46051213902216726,0.9498305135114088,0.019635978866987026,0.19550380993773833,0.02904009779751907,0.24061565443543492,0.19498687775216114,0.15826154803594736,-0.2729467576814948,0.22710629786839076,0.1597911307464635,0.4775199022583736,0.6534313331837782,0.411310096877514,-0.15653531563030293,-0.27380342628582416,0.36020609941759196,-0.20906561283139433,0.042539618524580984,-0.06297163936876421
0.3020099908271452,-0.3036607555223005,-0.05892529450786565,0.9096275781211259,0.17947158128651267,0.061383392699899085,-0.18642436082509414,0.14053020851948925,-0.06030996669689289,0.36398693755862704,0.19234584500983581,-0.5395624881855721,-0.025127708132104548,-0.14687477360594148,0.02584801760060278,0.1669890683266017,-0.22490739491854356,-0.1721990895764411,0.258462270955948,0.3775122265150138,0.09698827154105924,-0.045146493128565744,-0.22103211795178968,-0.045146493128565744,1.0,0.254894151792653,0.2535267090642246,-0.10410789956749365,0.19725672281204001,-0.09273691294059107,0.44397009773650115,0.27590090628997793,-0.32886499911813805,0.029685361356487906,-0.22011082005542618,0.03141508520119065,0.2943603111126688,-0.20371368838181889,-0.1404314502260809,0.216043182774806,0.37500417006330905,0.12406768298822553,0.34374634410475063,-0.3186474381271704,0.031023812067742018,0.9327158232265589,0.29925942545027384,0.18555879061246286,-0.2583556774500343,0.18524146154251886,-0.11806784892659916,0.41343550151183517,0.3495796886009603,-0.43824884842798256,0.021788327137782112,-0.07478168661460173,0.06036560643950181,0.26052067721809224,-0.19993591683640624,-0.22590702419540978,0.30831107988849765,0.4433970095339296,0.15857415174324374
-0.02478685168489595,0.24979062845654063,0.16080661802738183,0.23038150729693496,0.5745391651104669,0.06349595205139344,0.24246082419236428,0.43592918505545913,0.30875291202281163,0.03335808811617257,0.2022956123629317,0.0028332681820125404,-0.04011134850276412,0.3096497197275784,0.04767498599567492,-0.26242458908922517,0.1283929686436395,0.04334456631459537,0.31390988295613076,0.1499206532379702,-0.20091505960906508,0.30414945034194485,0.2806283884217083,0.30414945034194485,0.254894151792653,1.0,0.18068368463641094,0.30271000725468367,0.5134102285068923,0.44611985913780683,0.2316331185247239,0.2738536784646069,0.21482622841560559,0.011436750980537367,0.30683703358167763,0.17244588633105778,-0.19510147751010712,0.1623249201215826,-0.007740492346534245,0.20288670543163587,0.22310701263672553,-0.1612139331020226,0.004970951893979935,0.23316958578451313,0.3875743498545632,0.3495609471479851,0.7968980170178641,0.18367666804564184,0.3174080384284045,0.5684779901119452,0.40951415984529127,0.262058091851983,0.2777657812755492,0.20301023313929834,0.08677985615659872,0.3640310362948578,0.2831679950648749,-0.08768255744281743,0.1765459713033875,0.11564604329790236,0.33792247854681917,0.3514348926372506,-0.06914422275194686
0.46030368886879314,-0.2700894100905603,0.022765566850109928,0.18392272280417848,0.1158377606177759,0.8789818570236664,0.5211827509490391,-0.1114693792551228,0.002651170913867583,0.01999142421833183,0.4242242947868624,-0.17443544302482644,0.17030490453503244,0.03650552480383639,0.449671006979117,0.4480248741479527,0.3133826745586643,0.14258422602660173,0.056613281244024684,-0.07374944903004316,0.021607081901677972,0.12020226267258105,-0.1635650524590263,0.12020226267258105,0.2535267090642246,0.18068368463641094,1.0,0.534370357022314,0.0013346173423016004,0.09290403957007427,0.1018581020378026,0.3850229599771616,-0.003019766146848016,0.21178568132338052,0.11183980921389987,0.5644389216057506,0.4248308885353846,0.2828533016108939,0.1267116107603876,-0.03053688098719003,-0.05440294664632419,0.06461319981506433,0.5476200535017464,-0.19860748847831547,0.062061869590399894,0.2961354975691611,0.31299480606616115,0.9382646219387307,0.4930390270861628,0.03001958307955084,0.06188037121292795,0.10574252550263243,0.49039171597821846,-0.05196006359405336,0.2733108686414474,0.18201514146716471,0.6094729890971213,0.513303479814023,0.41597899053941567,0.20163907795157762,0.19557031900455732,0.09283150199615567,0.10087758898479743
0.3773012808939057,0.05507392324572809,-0.137140471559819,-0.05716812830109217,0.5316458476295669,0.6538753138944248,0.9707245799240531,0.12653353697386668,0.19458345620935175,-0.020941612246321503,0.28907263317321014,0.28428082157544593,-0.10362301323623896,-0.1894234474230443,-0.03061186788803721,-0.04664638588978651,0.27719732906647276,0.36187377008044586,0.06937659978752415,-0.2598921553718486,-0.3668275743578088,0.10663366582189698,0.00843164082663993,0.10663366582189698,-0.10410789956749365,0.30271000725468367,0.534370357022314,1.0,0.10201319386054163,0.31856504835794497,0.019187500260160795,0.3385634729231384,0.3165914647465649,-0.047742852924393335,-0.08119461439564746,-0.011957647840449793,-0.13725763606255312,0.24632971846242824,0.324560731075749,0.09925988576832191,-0.1895173614940471,-0.3774118873346098,0.40619773838463,-0.05432120063927946,0.10550355542548655,-0.04936799073652118,0.47479447053887663,0.5516999162488784,0.9219175847891596,0.1367620436477078,0.276919608394372,0.041799260633302596,0.36487901735845,0.3244879944510951,-0.031364356405579934,-0.14014661381950283,0.09744274457026295,-0.009304071872125,0.2941418642902565,0.33306747968625366,0.2686475087374025,-0.12714404499725196,-0.2711837021599906
-0.17230632080488006,0.34550634083363874,0.07831203331245894,0.2547073304735572,0.37256074206840584,-0.07923578097694738,0.06975368873187729,0.9248144606932057,0.32351017959978673,-0.19405546488007688,-0.11818697214053142,0.26541599214882355,-0.22841527933648442,0.27626331511284846,0.07182046656578865,-0.4649747268293177,-0.07722165970601723,0.07990053335463873,0.21343445140533482,-0.04976602151758928,-0.3151060023848761,0.181101944529478,0.32455841684488373,0.181101944529478,0.19725672281204001,0.5134102285068923,0.0013346173423016004,0.10201319386054163,1.0,0.35967067320409396,-0.012013124198414125,-0.019299288491119657,0.3750929724571538,-0.13840535962335107,0.2590050129283801,0.06725864372495005,-0.46874087016392724,-0.06286844869630837,0.0004306856579570198,0.11529927613956185,-0.032878237788064486,-0.2695926187392702,-0.0559792223359695,0.21703817010174564,0.1756597805069672,0.1631220617903631,0.347098359411615,-0.14322642023774126,0.07214292810575783,0.9535078669224679,0.3207398012434251,-0.02711520236883784,-0.2522061228609517,0.2664674176782994,-0.13708533153174418,0.2896054132481526,0.05869616862635777,-0.43583903346111424,0.0004018255191701369,0.035890097384707255,0.2072035412568696,0.04144255649001209,-0.27920141384503544
-0.08418275866207846,0.2521846535292621,0.0771896355960053,-0.0889657870815222,0.4963131337233711,0.17231815895729852,0.30311034212886745,0.3490268794500758,0.9435315957358807,0.22259463268520055,0.3496518370690039,0.35147611872261114,0.18467383775468993,0.1368098001686433,-0.06037283725092424,-0.3094769426055533,0.08274301163668867,0.22096445050556415,0.08390918904176733,0.10176522622962648,0.10211997204836261,0.14421214338876748,0.18484816443827898,0.14421214338876748,-0.09273691294059107,0.44611985913780683,0.09290403957007427,0.31856504835794497,0.35967067320409396,1.0,0.2943947313410714,0.3751824821918392,0.43730072367506845,0.17857251056440404,0.18957684646557446,-0.0024071906769508196,-0.3198210435828084,0.07746004009009919,0.21944129979699364,0.15363504502734585,0.14242789236818199,0.14325198150396515,-0.0891907765172952,0.12376768800377562,0.22187537107838196,0.004480888972160613,0.34261105034864464,0.037929438488244545,0.37041458845572356,0.3891160602266281,0.9659259759252954,0.2681937124795676,0.25207107337485185,0.38430953295429804,0.24685754328612922,0.13657229632124374,0.09100281824632334,-0.26513543330875594,0.15654222008942167,0.2801878406134047,0.26812798857328624,0.18704531539435124,0.18368311928125464
0.21065847334300294,-0.39424774540162777,-0.38258479841435666,0.2433472058473558,0.12523059738458792,-0.03587474196221786,-0.007095919001606291,-0.0880354345375053,0.21444692201524262,0.9177621941529515,0.25409807258662614,-0.17207066471363924,-0.1620413406104041,-0.36597466753573443,-0.08701026028737566,-0.007340325381527162,-0.030858334877836773,-0.001642680469843872,0.5480896375297372,0.6693194121206526,0.2543102010232406,-0.26750386865417897,-0.3075972433814114,-0.26750386865417897,0.44397009773650115,0.2316331185247239,0.1018581020378026,0.019187500260160795,-0.012013124198414125,0.2943947313410714,1.0,0.3912686636009951,0.038126682730618526,-0.11823987400659532,-0.37830771546407393,-0.1421514641414649,0.10967348664348332,-0.04602928748279609,0.041109142009305225,0.5148884942486853,0.6828373439648102,0.2450334896241037,0.20079387665494144,-0.41452964261348546,-0.1427135649169119,0.4671964477707009,0.18239062174890724,0.10304673961667854,-0.038257992279006586,-0.019503923308052618,0.27543997027282996,0.9710816018200763,0.49463531623185075,-0.06402568933221534,-0.08694220582768859,-0.3126378882111331,-0.0629650679247743,0.18932086357831165,-0.030690214939908728,0.08325488381112146,0.5743717721218585,0.6312675958490758,0.3181525489729664
