Fp1,Fz,F3,F7,FT9,FC5,FC1,C3,T7,TP9,CP5,CP1,Pz,P3,P7,O1,Oz,P8,TP10,CP6,CP2,C4,T8,FT10,FC6,FC2,F4,F8,Fp2,AF7,AF3,AFz,F1,F5,FT7,FC3,FCz,C1,C5,TP7,CP3,P1,P5,PO7,PO3,POz,PO4,PO8,P6,P2,CPz,CP4,TP8,FC4,FT8,F6,F2,AF4,AF8,O2,P4,C6,C2
1.0,0.41039257969097304,0.44984106772100707,0.6850809574264006,0.08793712114300643,0.5114048531502644,0.33901761278615633,0.5864994897551988,0.24021961032503095,0.26831640572531884,0.2437176370451335,0.13479844207755112,0.47156071088189905,0.2394630766176099,0.7860804118233166,0.30593505314281005,0.5253983039954945,-0.21469611630885216,-0.37809031444066665,0.4729719755209305,-0.3932439643485342,0.06156762783312693,-0.08363798970112606,0.06156762783312693,0.46375791087357476,-0.06231141248836384,0.23216030793208106,0.08223161233752274,0.31276990292197004,0.06058574705637947,0.1543221168541699,-0.08260990202769933,-0.11820561354186052,0.45435212354154764,0.23891604647712736,0.6682187488519298,0.32596323294664004,0.49218530762927876,-0.3040899037776073,-0.37897718070065894,0.37369256886709173,-0.31056087297562873,0.6548975880223307,0.15508841703285403,0.13696749814580977,0.4767618990634776,0.011426076410281953,0.45301007760309125,0.2387354999072389,0.40338134607510223,0.08932640798047432,0.18554650595121935,-0.022645061674271477,-0.10807724181544873,0.30774580979442984,0.2825179216858694,0.6648129947590322,0.35251916239500736,0.5583445634793912,-0.05523771840180414,-0.3375037512185122,0.2531414730900436,-0.434099413881662
0.41039257969097304,1.0,0.5913950938455061,0.8146371555559297,0.48087815573290105,0.5509326550047092,0.4321830836416165,0.48418595980296913,0.689058990623052,0.30148406220508317,0.7081698547203742,0.03503429787854873,0.3169531678423483,-0.15183841690578972,0.21487932440533186,0.30126282311186714,0.2058021379110062,0.2623939122027808,0.2895209759803944,0.0636496118848233,0.3478495418979226,0.11664155696135163,0.5561633083937181,0.11664155696135163,0.3107289217138436,0.045911711906851435,-0.06956309060565587,-0.019318854710304673,0.04539841383322346,0.20138609193800383,0.1994335280081193,0.48390390549790685,0.005051339405497159,0.09503662298083093,-0.19377330973565676,0.030855549455003455,0.2333556962188198,0.04454423534696292,0.17370772999499481,0.2897251450520687,-0.07132201889246653,0.3884944506468125,-0.11454470901971299,0.6213015335992325,0.002208377449791474,0.2007449349726056,0.09511426726132229,0.1975756284823116,0.11009481934130994,0.06926927484422514,0.26837009986160665,0.23256060240669854,0.5636959849591163,0.28206094280321353,0.17870064790274828,-0.0009992229864473794,0.14230871143675902,0.25062193794980725,0.1260758324030502,0.4378222118035553,0.34482263505578076,-0.18272976609236752,0.27149362100029184
0.44984106772100707,0.5913950938455061,1.0,0.48690796671956654,0.7119477366575974,0.1972057201521645,0.3132688936651176,0.40740155023291985,0.4966452047646819,0.37683612153969026,0.6971478616631469,0.0020475757340318833,0.3380837668295361,-0.09798732393796072,-0.036623308083056305,0.29646045830308837,0.1746589060368095,0.5134942583747754,0.2813127267925617,0.37523153641112983,0.49704343195834866,0.6544768013130566,0.25245355206773246,0.6544768013130566,0.1799583758468895,0.37143296400738574,-0.3521067858154365,-0.11954422638325221,0.11283202275943957,0.16813855603663883,0.2947274565921576,0.4603839958132665,-0.08650442233747845,0.13458764495645237,-0.11363490901160125,-0.20823887376393674,0.24185777053617052,0.03963338743460419,0.38677343960217875,0.23199487668454571,0.21778530976712582,0.5562580333435364,-0.05215768327075563,0.3473950646089974,0.6285100520327215,0.20686141328123542,0.445235638822343,-0.07150538822489731,0.04208516266651372,0.22773568216275142,0.24594696243186487,0.3740796844746302,0.4574249382617074,0.12426902047306625,0.15586000149067233,-0.005581401264611028,-0.1391031815745495,0.3145059416414481,-0.036488346266918714,0.5616853222012981,0.23391556676282302,0.08717889778184156,0.41434064414346977
0.6850809574264006,0.8146371555559297,0.48690796671956654,1.0,0.21757651571280337,0.6276913705194684,0.3212602692736644,0.5512993381763696,0.6581638617290629,0.3724175799996983,0.5755343709784797,0.05308707749306494,0.5959751553945888,-0.006423002556843697,0.6030456097535427,0.387114859050153,0.287205623965196,-0.03187384662470811,-0.1977383628867937,0.12929606598749863,-0.055127240630610364,0.0261475998783924,0.15119503328774586,0.0261475998783924,0.3883464596530422,-0.042104096549394794,0.07031380166750797,-0.08162382053674168,0.3002675676096208,0.2532310181997993,0.17063097747485428,0.23076226015417922,-0.0925704053473743,0.39036363665548335,-0.09027130021275918,0.3841489951211269,0.3248208064028727,0.17108066057429397,-0.13017010259024808,-0.21418780978978486,0.08658745356249024,0.011598422541730736,0.2266341856979071,0.2577056428858972,-0.04358780047026574,0.40125180537523364,-0.03884573487166025,0.2967884522459247,0.028966232793848506,0.1335399729428533,0.26224287382685424,0.2616358197870275,0.3098236812008387,-0.03155873160949839,0.41713330807052146,0.07545318825151247,0.4422748826304681,0.4065454262070639,0.3331814139251725,0.126074735452907,-0.1619118875747805,-0.13910368209333454,-0.09044946026028701
0.08793712114300643,0.48087815573290105,0.7119477366575974,0.21757651571280337,1.0,0.3518872537543159,0.5597063160091034,0.20668472244508426,0.4479641871785428,-0.028165996705364512,0.45199280559772936,0.3436840944358113,-0.20853315434980688,0.1397358997466606,-0.2873792354493793,-0.27438977434422523,0.12635470554495457,0.33426896443886905,0.6898625131241086,0.41172012408044406,0.5704741473678859,0.47010504124341235,0.23599084967806164,0.47010504124341235,-0.2238141763893561,0.781554580001338,-0.11950836114332734,0.2257136547806024,0.22841502187532242,0.14807889843604882,-0.06350616051369762,0.2273845802424781,0.22183303226639875,-0.37349713830417597,0.13088106796433854,-0.4062499706683978,-0.3222640848311,-0.01595804120962153,0.2503584695194468,0.6558458820836305,0.30075630798567227,0.5816028408564788,-0.3664294002448376,0.26548948581736537,0.4504480286415114,-0.08494517771335314,0.8268384450327874,0.10854196525325839,0.2695493301817002,0.07568016131529452,0.2337851854547327,0.04591707844252807,0.31423579777046273,0.43745591490161445,-0.3195455169849605,0.24722797607979863,-0.340751488550774,-0.1728797307761439,-0.12996675512130682,0.35822449370830467,0.637354719186591,0.23429583691625883,0.46186328223983086
0.5114048531502644,0.5509326550047092,0.1972057201521645,0.6276913705194684,0.3518872537543159,1.0,0.7724615748799952,0.4498415166554186,0.5371987404847146,-0.33367649346757866,0.28543504722372315,0.7326915677984953,0.17904818911065284,0.5927383369665632,0.5420838699993766,-0.3807255204559075,0.47495153181081645,-0.35085239026978104,0.10854675970665925,0.20884980280625895,-0.2368058307666729,-0.1568768480844439,-0.07391368620766953,-0.1568768480844439,-0.1255514316372869,0.2073621296887736,0.6257659125919047,0.45365502723660084,0.39532807478077314,0.19477616547640758,-0.4873988639608991,-0.08721774432788355,0.4946230055927445,0.1082880968262664,0.5434983386672891,0.437112705655505,-0.37678465799929167,0.4400837166772686,-0.4250192706881584,0.1439470115744145,0.2519889566958497,-0.1686760771185163,0.02043149900603369,0.1286342631130762,-0.17794981076957164,-0.07111676888841079,0.2546252584217315,0.8253381164952395,0.5869703974551748,0.18463291491924222,0.18438522015586947,-0.40498951327902144,0.03404224108045216,0.49590049019239585,0.11166657503281863,0.6583489988323659,0.47395881031244885,-0.33334740528048945,0.5515247275774303,-0.2765173227089815,0.20418988565281493,0.18560676715461522,-0.25436281125008825
0.33901761278615633,0.4321830836416165,0.3132688936651176,0.3212602692736644,0.5597063160091034,0.7724615748799952,1.0,0.25636287642075106,0.6034177468345571,-0.46661253953649745,0.3114227218507904,0.641611518224689,-0.03944659679539165,0.4408915688275681,0.2931270308393515,-0.4603574832400901,0.383465669037021,-0.13736505754643996,0.3559648864929333,0.153665950591806,-0.06423505134573454,-0.08829244535765172,0.0590579010197105,-0.08829244535765172,-0.2879146310731337,0.39234425738786655,0.47268237645904865,0.6279373643280229,0.10787872085226376,0.3820862903225319,-0.5157874283682122,0.11699255609880806,0.615366226575734,-0.07870753609513026,0.46121882397168046,0.2546984530064569,-0.44497002109062656,0.4045492259821509,-0.19835360467879753,0.4026494383664236,0.07376138356337364,0.006348326925045543,-0.03191240085978996,0.24101452791203676,0.005599868923596249,-0.1658005557174648,0.4776536689238737,0.7189389213065552,0.8401625000436583,0.0863615706438098,0.41290864623693113,-0.4894035168373339,0.19947503957904614,0.6942710150308288,-0.07155353773663448,0.6245804430892897,0.2972443592636641,-0.4717820544099458,0.36347195332081916,-0.0905006975201338,0.426374370999612,0.17647943269444943,-0.07359035390087501
0.5864994897551988,0.48418595980296913,0.40740155023291985,0.5512993381763696,0.20668472244508426,0.4498415166554186,0.25636287642075106,1.0,0.26058363226379755,0.3154903923828762,0.1864292971287499,0.07939866936712883,0.33945101137409706,0.31952684198329856,0.377581575209207,0.1298228207827274,0.431558198882542,-0.19323149798405181,-0.014219965699495844,0.2234818206114442,-0.03494453370868945,0.32457353428761315,0.06881293836575013,0.32457353428761315,0.45801110689848473,0.12118825971708594,0.08542542242597966,-0.030777719644871148,0.03850131356438749,0.02504738165699149,0.12608991950254791,-0.04718222892863706,0.11171315088589151,0.2812348164449211,0.3246282403604832,0.2714792786260424,0.14141335355777668,0.3402620842310666,-0.2162040607064164,-0.034042171722420383,0.22282607679750954,-0.04352846663620156,0.14954634428426025,0.1626218704360101,0.32722861375798573,0.14805583250094925,0.10712829793653533,0.26598077821231186,0.13555640182116702,0.8164280000608838,-0.031459991151303185,0.1272679500055246,-0.032834326394097495,-0.1183981573776348,0.20710666668972602,0.47315358230297494,0.271272252556241,0.0839103342476486,0.33780011365889206,-0.05136455600506183,-0.01621476537443081,0.3036141007226437,-0.10767234229204806
0.24021961032503095,0.689058990623052,0.4966452047646819,0.6581638617290629,0.4479641871785428,0.5371987404847146,0.6034177468345571,0.26058363226379755,1.0,-0.041790878353375235,0.7100583693187134,0.12954572244157814,0.2907584472684061,-0.01904349473771567,0.20231363030046548,0.056140704679829234,0.03769817234905737,0.13961223594034275,0.1451914288889533,-0.1686822703938489,0.16394069789816706,0.05823318850945659,0.2313930835623948,0.05823318850945659,-0.04471294309923482,0.22307203420299673,0.021790625741384254,0.16230608614424377,0.017601877210113755,0.687291534274601,-0.18632159754645766,0.5144981841392426,0.23965746442376634,0.10820842676539297,-0.0606208503147638,0.06438278211590291,-0.0034335640044300657,-0.030445097512526633,0.05135236613742701,0.1583660434166381,-0.2591191985733901,0.23549288728122214,-0.13397360864531294,0.3210829828118312,0.061714516992383,-0.06731932046187702,0.20921503924367374,0.2558585204567792,0.31399891164108423,-0.07060323741283012,0.7030444899164077,-0.11139905594217199,0.5174743537886363,0.3234069716446587,0.20258694844497294,0.1654578181891892,0.11730532828225593,0.022760089959464793,0.00013410477468150828,0.20366412574384718,0.16881643521966502,-0.20227227373499415,0.15486590636300415
0.26831640572531884,0.30148406220508317,0.37683612153969026,0.3724175799996983,-0.028165996705364512,-0.33367649346757866,-0.46661253953649745,0.3154903923828762,-0.041790878353375235,1.0,0.2149977085076245,-0.6293749065086602,0.3891923140957453,-0.510199581622984,0.11703070779233357,0.8290676267751569,0.0249534374854475,0.2652541210892263,-0.27203604281176336,0.1664601004626485,0.2465394966727594,0.33463446753126513,0.2533413939598544,0.33463446753126513,0.7056727569073631,-0.13616553357838426,-0.5056536480360364,-0.6224983742813612,-0.010403521618806644,-0.10147356551707441,0.8478805668422902,0.20125113059471025,-0.6768044526895277,0.3405813795625416,-0.5303143166241369,0.020900357770347412,0.7398583891110924,-0.07248063193513102,0.23143000536710756,-0.3434189955868748,0.09652872042859309,0.23688712889840008,0.2544504532505535,0.11771859107516795,0.2676844009806592,0.5971355006837834,-0.1797319604780584,-0.47621922603317635,-0.6196468715946688,0.17779003420458545,-0.04910264312240665,0.8811106410360996,0.18739146344505844,-0.600365763978613,0.34859932125938564,-0.5126803910835199,0.046117611663215125,0.7484312265811359,-0.08162732164167788,0.3663495751313049,-0.32990919113138745,-0.0986506377060204,0.21467566600218332
0.2437176370451335,0.7081698547203742,0.6971478616631469,0.5755343709784797,0.45199280559772936,0.28543504722372315,0.3114227218507904,0.1864292971287499,0.7100583693187134,0.2149977085076245,1.0,0.05819697491192327,0.42348966828765555,-0.15954806452994083,0.02671520235321429,0.3580433040930239,-0.010122720233273663,0.5829804100851201,0.2369565092232842,-0.014960853216725623,0.5145460593562395,0.21352458059200277,0.5175801670224042,0.21352458059200277,0.25270268379202915,0.08705973254107478,-0.10482939755612355,-0.20006614213678017,0.03096750044088571,0.409721087067098,0.23890571444310887,0.7308872022570138,0.01174368808372306,0.24015560243181225,-0.16078320692973513,-0.07610272354414684,0.334768574264095,-0.023706748907695873,0.45335966650627846,0.22720257017493306,-0.10073139379131864,0.5621255552808775,-0.07657398911000413,0.5062750425491,0.2199922850970825,0.039945695056103896,0.23069563900726273,0.08829588466511296,0.1367694766337111,-0.041138558319403766,0.568806275626687,0.2056049764422473,0.8178291078018268,0.3434250465332385,0.4062799868142519,-0.11573276397187308,0.032489897031323496,0.29155052442596713,0.01566321730231789,0.6670886323052388,0.2570865931830961,-0.19687944472207405,0.4745871023828708
0.13479844207755112,0.03503429787854873,0.0020475757340318833,0.05308707749306494,0.3436840944358113,0.7326915677984953,0.641611518224689,0.07939866936712883,0.12954572244157814,-0.6293749065086602,0.05819697491192327,1.0,-0.10741388301012611,0.7921489161966888,0.17268256940131152,-0.7129787796750408,0.2854430859798465,-0.2248156392672475,0.29769048439866963,0.25029594902494284,-0.12504210304775817,-0.17156569347919517,-0.2857348015997233,-0.17156569347919517,-0.4336178716739977,0.3710628140481507,0.7307393015581255,0.5036327997375406,0.43288274167955443,0.018800678165048323,-0.6307217122273211,-0.21520669405514367,0.6201662715884613,-0.08452490334873655,0.741399027406778,0.19200452160972117,-0.6483344192323294,0.3744696693766133,-0.2934182893644452,0.3266286654078389,0.4257558573154398,-0.08170420408023604,-0.10261116070847258,-0.118595635050235,-0.14309998246749053,-0.34325389967254716,0.48353435359413205,0.7820652157751706,0.6501730469915022,0.08300799069722765,0.04965515046895064,-0.5898623224482206,-0.092832929702466,0.6486878081819235,-0.024876140823358983,0.6996247776278166,0.2207829348147162,-0.6368403422137948,0.40541929402876586,-0.2779914991740035,0.3535906900217844,0.2907528506203049,-0.14523010665764063
0.47156071088189905,0.3169531678423483,0.3380837668295361,0.5959751553945888,-0.20853315434980688,0.17904818911065284,-0.03944659679539165,0.33945101137409706,0.2907584472684061,0.3891923140957453,0.42348966828765555,-0.10741388301012611,1.0,-0.08617445543195343,0.4802930284377061,0.5208236775931583,0.20294783334529443,0.055479857032415536,-0.4320007724376501,0.037697555779537456,-0.1428527995686747,0.15505200982028694,0.041294922667255075,0.15505200982028694,0.42400932330583285,-0.3127008849764599,0.029948496026792067,-0.22033490489985058,0.18361751110014593,0.19864270716600071,0.2707578030516116,0.30351386548200976,-0.05999214968053623,0.868673982163381,-0.11090983228068906,0.4088015726556963,0.4993615947516488,0.2384759450799859,-0.07523211170711866,-0.46272436789646487,0.039386630851183387,-0.13886641794294258,0.27910717365098925,0.013333837135675616,0.12302705810790834,0.3583510004096221,-0.29382515451966174,0.11288028302255834,-0.019237769098366136,0.18607734561603384,0.14904108680667166,0.2889741171403486,0.27254780514516574,-0.14422263763316617,0.8863833347484305,-0.02849533823859806,0.4421932260230767,0.5141863820087968,0.34228111344074574,0.1284295403863447,-0.41914602034425424,-0.1600773177169936,-0.17915612955339968
0.2394630766176099,-0.15183841690578972,-0.09798732393796072,-0.006423002556843697,0.1397358997466606,0.5927383369665632,0.4408915688275681,0.31952684198329856,-0.01904349473771567,-0.510199581622984,-0.15954806452994083,0.7921489161966888,-0.08617445543195343,1.0,0.24537575807407833,-0.6534762202402258,0.4370363408705615,-0.5304953470413831,0.11813516436712407,0.3635348194911132,-0.30990843728562684,-0.015360197493412713,-0.42657943545974947,-0.015360197493412713,-0.26395232144003833,0.35798182516916144,0.708309677473514,0.4238672025314347,0.4593194448625728,0.005283631639355303,-0.5284827410117026,-0.4351771386901818,0.514212603435848,0.08779989544366329,0.945621206910782,0.34442830108651945,-0.5462705411657104,0.5357075861061419,-0.5437109981138314,0.1417183834967911,0.5728256194286543,-0.30442860593738447,0.025824829545020512,-0.27305994761892854,0.04929500837083992,-0.28471196865794307,0.36687002108316635,0.6952831481377599,0.5577806870905094,0.4795923697857067,-0.04874980280005861,-0.542224027012512,-0.39330658251103423,0.28063950447059616,-0.003203717240984309,0.8810641906888357,0.2860427354246066,-0.5321279250215535,0.5384667090170859,-0.49616270452578054,0.1621142335292817,0.6269743139191939,-0.3408194795786072
0.7860804118233166,0.21487932440533186,-0.036623308083056305,0.6030456097535427,-0.2873792354493793,0.5420838699993766,0.2931270308393515,0.377581575209207,0.20231363030046548,0.11703070779233357,0.02671520235321429,0.17268256940131152,0.4802930284377061,0.24537575807407833,1.0,0.2230370650317577,0.5549004927631571,-0.47686124275136443,-0.6518203973559467,0.15497787490556095,-0.7011168512069429,-0.3741453211329099,-0.21208786679394936,-0.3741453211329099,0.38356387774468087,-0.29161864924750425,0.4644048760114477,0.13250450313394213,0.3126258823922207,0.1563524676896199,-0.029489308816427785,-0.22543985290161087,-0.033629897227493974,0.5210614619889733,0.22570696457262715,0.9270393667578962,0.2344960716996281,0.587685598721973,-0.5046501518418357,-0.6153136260866982,0.1906944196859202,-0.6194767372309887,0.708344393337616,-0.07537051908385724,-0.2977429729701081,0.3879701606881151,-0.2719031151980269,0.5608821718083872,0.26117983572621994,0.19040033771577305,0.14508809577421958,0.010479138438730263,-0.12779855970352144,-0.1441989317158255,0.4300769453185735,0.2684954633562365,0.9218206339604841,0.23255060838562713,0.6969080550983364,-0.3618934229879818,-0.5652715269176669,0.05327920023170932,-0.6225892188545158
0.30593505314281005,0.30126282311186714,0.29646045830308837,0.387114859050153,-0.27438977434422523,-0.3807255204559075,-0.4603574832400901,0.1298228207827274,0.056140704679829234,0.8290676267751569,0.3580433040930239,-0.7129787796750408,0.5208236775931583,-0.6534762202402258,0.2230370650317577,1.0,-0.0754484397819329,0.3957544622802684,-0.42795333403245295,-0.057748901638585086,0.13104372851817483,0.1283992971081484,0.37304852896282986,0.1283992971081484,0.7719560362059733,-0.4315082575686725,-0.49662442298361587,-0.5895584912239568,-0.16882821016769053,0.04342129772065819,0.818871584141851,0.4440489532915073,-0.6868808822165411,0.4873905293001957,-0.6446686385284804,0.1643552292185543,0.9562217594925031,-0.1008116023980574,0.34855866210778935,-0.45981884134035844,-0.19363934075606679,0.1598560154062607,0.37539534066500096,0.29100039591479343,0.1252320766839639,0.5558245558288922,-0.41314709886837797,-0.43686268011744606,-0.49764746118007,0.03229456127788955,0.13522885084843705,0.7625129032856648,0.41196799047783184,-0.4889364715208497,0.5005357625275335,-0.6268290894308607,0.19770841111790421,0.870086167779219,-0.06212425057541298,0.5112956210012778,-0.4515088230238705,-0.30856296163792224,0.13079886436127447
0.5253983039954945,0.2058021379110062,0.1746589060368095,0.287205623965196,0.12635470554495457,0.47495153181081645,0.383465669037021,0.431558198882542,0.03769817234905737,0.0249534374854475,-0.010122720233273663,0.2854430859798465,0.20294783334529443,0.4370363408705615,0.5549004927631571,-0.0754484397819329,1.0,-0.3234514685757599,-0.04056332597950033,0.5081311752326511,-0.1980986084159106,0.15237472083834153,-0.07473042314001621,0.15237472083834153,0.1947969137465435,0.12338119015504588,0.4005771605485339,0.3147938785658737,0.41285397371379157,-0.054321713838834995,-0.02387878893893461,-0.17860858051407819,0.2567127525385784,0.28341247340408826,0.4497148512154808,0.5429796892092228,-0.014034719644608954,0.9273063067720014,-0.33787638812874576,-0.023312418718772255,0.515394488386561,-0.17170558732559318,0.20332778782385486,-0.022573903174149396,0.14250720571382192,0.15337717119068273,0.05633944798094216,0.44150868017816086,0.4090024538728024,0.43978860551211246,-0.06476243197893639,0.03387756891964576,-0.0780302646215383,0.1306103289600565,0.18180646865603375,0.5131246229143507,0.5661076718095395,0.07904622745538085,0.8436635892053365,-0.1735439649611888,0.015198527624979528,0.49978764092175504,-0.20552723221597555
-0.21469611630885216,0.2623939122027808,0.5134942583747754,-0.03187384662470811,0.33426896443886905,-0.35085239026978104,-0.13736505754643996,-0.19323149798405181,0.13961223594034275,0.2652541210892263,0.5829804100851201,-0.2248156392672475,0.055479857032415536,-0.5304953470413831,-0.47686124275136443,0.3957544622802684,-0.3234514685757599,1.0,0.3683836112424391,-0.10929909173627299,0.70396085880668,0.3243679016834492,0.440453101861043,0.3243679016834492,0.12150429669442242,0.09167229521832564,-0.5210470518600453,-0.330652891224614,-0.26166406792484165,0.07412915726450427,0.4187010459853098,0.721071787893762,-0.21272232446942113,-0.1579964333694609,-0.5106148356708929,-0.5272722788761591,0.37586029056531334,-0.34638043385258765,0.9292559538154374,0.31921357655729626,-0.2316239192674449,0.7394160798240255,-0.2812272233960249,0.3982077797196896,0.28494114144541355,-0.023238121891353627,0.2083804559125906,-0.4270162124700608,-0.19894569648766752,-0.2035058157705484,0.24104089167512646,0.3657778102035307,0.737499596565989,0.20374599192741327,0.07266372317462967,-0.49454628900736397,-0.4116947242267846,0.2943229345320685,-0.38827622388241917,0.9041037070187237,0.2724287356733315,-0.3385011246843991,0.7029173209609517
-0.37809031444066665,0.2895209759803944,0.2813127267925617,-0.1977383628867937,0.6898625131241086,0.10854675970665925,0.3559648864929333,-0.014219965699495844,0.1451914288889533,-0.27203604281176336,0.2369565092232842,0.29769048439866963,-0.4320007724376501,0.11813516436712407,-0.6518203973559467,-0.42795333403245295,-0.04056332597950033,0.3683836112424391,1.0,0.13844302283454704,0.7202208447308991,0.27731538133300054,0.41900595671708385,0.27731538133300054,-0.3105037830315159,0.5077965474004803,-0.013309823617074407,0.3128245329808214,-0.017369045065832135,-0.11019881383150079,-0.13168201770819002,0.24390212131973313,0.3846824605961282,-0.5020282753028064,0.1483916731081692,-0.6198480699137754,-0.4062301906048891,-0.09608173689831576,0.3550882160482197,0.987528494663669,0.07712459692418222,0.6821238580907745,-0.6109277797974884,0.439299743250573,0.24790340531045058,-0.37491251955736865,0.584583014888476,0.04880505498174411,0.3248459995812183,0.028525461240771176,0.020728304094218202,-0.15934245765459013,0.33530860711742,0.6423973361503337,-0.38588425942735727,0.19678580112380864,-0.5499592588631289,-0.37140389943462826,-0.2085963979118923,0.39507410625005135,0.9601636918531513,0.16014929994142718,0.6241284642069964
0.4729719755209305,0.0636496118848233,0.37523153641112983,0.12929606598749863,0.41172012408044406,0.20884980280625895,0.153665950591806,0.2234818206114442,-0.1686822703938489,0.1664601004626485,-0.014960853216725623,0.25029594902494284,0.037697555779537456,0.3635348194911132,0.15497787490556095,-0.057748901638585086,0.5081311752326511,-0.10929909173627299,0.13844302283454704,1.0,0.046710670619569586,0.4736960189568972,-0.15261448576070594,0.4736960189568972,0.14615011373283687,0.4744472155304011,0.14443413653539697,0.2494593434317443,0.5912277644811867,-0.15213938712851124,0.16776601050454573,-0.23704600136098,-0.014472586337876266,0.14037730493318576,0.4315416499467775,0.1782033579187976,0.008212187637223149,0.45987857070706534,-0.23411912520044867,0.11034042417378678,0.8473904516136984,0.03347808192741399,0.19742375449327282,-0.07133814247471366,0.45432147763606767,0.3976352820256216,0.43387810913318864,0.2580742822695363,0.17271736923217237,0.3547769696358242,-0.10820774811818305,0.31714522057585987,-0.1987268740254543,0.07330910280097253,0.03289010658835604,0.36424795814365635,0.13314523267329867,0.24934556131629315,0.3819069787544454,0.03089560447902114,0.09805275605060979,0.7444489116116515,-0.1410436030456841
-0.3932439643485342,0.3478495418979226,0.49704343195834866,-0.055127240630610364,0.5704741473678859,-0.2368058307666729,-0.06423505134573454,-0.03494453370868945,0.16394069789816706,0.2465394966727594,0.5145460593562395,-0.12504210304775817,-0.1428527995686747,-0.30990843728562684,-0.7011168512069429,0.13104372851817483,-0.1980986084159106,0.70396085880668,0.7202208447308991,0.046710670619569586,1.0,0.5116154820292829,0.5010726823766425,0.5116154820292829,0.014074517607587168,0.3425895833252127,-0.44944212655966,-0.2451971270502815,-0.10533127116375716,-0.07539703928792722,0.36480650279821036,0.5432768093822526,-0.038013068939426145,-0.26667613540856056,-0.2937234984766434,-0.7410775323425649,0.1299196108711556,-0.28613199264971656,0.668177781396996,0.667283982661031,-0.024208098894683932,0.9499964598434884,-0.5562631548713223,0.37089993720913456,0.4314823165969666,-0.10596949118290017,0.3857633490166257,-0.4020249540599101,-0.17537062629512631,-0.034167029619517085,0.08166272557819369,0.35558417221992894,0.5889681110419329,0.28903305585439887,-0.08574258906506008,-0.2840922857796238,-0.6603496283124772,0.13976379830971208,-0.3984098313814591,0.7317528490106973,0.6406770088861985,-0.06773167112090618,0.8909801840849072
0.06156762783312693,0.11664155696135163,0.6544768013130566,0.0261475998783924,0.47010504124341235,-0.1568768480844439,-0.08829244535765172,0.32457353428761315,0.05823318850945659,0.33463446753126513,0.21352458059200277,-0.17156569347919517,0.15505200982028694,-0.015360197493412713,-0.3741453211329099,0.1283992971081484,0.15237472083834153,0.3243679016834492,0.27731538133300054,0.4736960189568972,0.5116154820292829,1.0,-0.0047149533587006074,1.0,0.06408322460426791,0.504852127592732,-0.4374958116628141,-0.14683941317088667,0.032508438123394524,0.035837869538530034,0.25004457951335113,0.25661547584437,-0.0022768221138248644,0.12024185552991169,0.03126205489288586,-0.3970596624416144,0.13395614444768944,0.033241676111175386,0.2722359352967054,0.19941754651581545,0.311959205160755,0.4712315088980973,-0.36455337830621676,-0.017439020546417543,0.902652837161266,0.12921558731668834,0.36612632313275695,-0.3370068201563296,-0.19220851052473398,0.4358835887610349,-0.045358315570491456,0.37838633000620503,0.09854976658050903,-0.06731884497424717,0.05072392555210112,0.10378515314782227,-0.44965140072771576,0.24245650104180502,-0.0907786053391967,0.3382339331173206,0.15368056936180524,0.4674807771160676,0.3735905117040241
-0.08363798970112606,0.5561633083937181,0.25245355206773246,0.15119503328774586,0.23599084967806164,-0.07391368620766953,0.0590579010197105,0.06881293836575013,0.2313930835623948,0.2533413939598544,0.5175801670224042,-0.2857348015997233,0.041294922667255075,-0.42657943545974947,-0.21208786679394936,0.37304852896282986,-0.07473042314001621,0.440453101861043,0.41900595671708385,-0.15261448576070594,0.5010726823766425,-0.0047149533587006074,1.0,-0.004714953358700608,0.42572173701173055,-0.12919344179462458,-0.17754361218651962,-0.15685230140679682,-0.25367765523476393,0.08483606057869088,0.4180976037357214,0.6058921068763116,-0.09374615162695936,0.0016116776861970173,-0.3518340271987741,-0.18288865606527444,0.35369074161824493,-0.10503210132110499,0.4312264542756805,0.4449511246543853,-0.306405280110717,0.4348914585103385,-0.15100465697058144,0.8400614324784019,0.04341683039134676,-0.009693956446512927,0.02603369702163969,-0.11863105198709577,0.04817797419195405,-0.04539723939355882,0.2608442171967347,0.23728152805921268,0.6938576636294174,0.2649386342514813,0.06418073876805087,-0.2862470775345668,-0.07384202281732243,0.21787688994329998,-0.15005103209482207,0.6319726251263711,0.47830665212295576,-0.2170578170632192,0.44642725196100913
0.06156762783312693,0.11664155696135163,0.6544768013130566,0.0261475998783924,0.47010504124341235,-0.1568768480844439,-0.08829244535765172,0.32457353428761315,0.05823318850945659,0.33463446753126513,0.21352458059200277,-0.17156569347919517,0.15505200982028694,-0.015360197493412713,-0.3741453211329099,0.1283992971081484,0.15237472083834153,0.3243679016834492,0.27731538133300054,0.4736960189568972,0.5116154820292829,1.0,-0.004714953358700608,1.0,0.06408322460426791,0.504852127592732,-0.4374958116628141,-0.14683941317088667,0.032508438123394524,0.035837869538530034,0.25004457951335113,0.25661547584437,-0.0022768221138248644,0.12024185552991169,0.03126205489288586,-0.3970596624416144,0.13395614444768944,0.033241676111175386,0.2722359352967054,0.19941754651581545,0.311959205160755,0.4712315088980973,-0.36455337830621676,-0.017439020546417543,0.902652837161266,0.12921558731668834,0.36612632313275695,-0.3370068201563296,-0.19220851052473398,0.4358835887610349,-0.045358315570491456,0.37838633000620503,0.09854976658050903,-0.06731884497424717,0.05072392555210112,0.10378515314782227,-0.44965140072771576,0.24245650104180502,-0.0907786053391967,0.3382339331173206,0.15368056936180524,0.4674807771160676,0.3735905117040241
0.46375791087357476,0.3107289217138436,0.1799583758468895,0.3883464596530422,-0.2238141763893561,-0.1255514316372869,-0.2879146310731337,0.45801110689848473,-0.04471294309923482,0.7056727569073631,0.25270268379202915,-0.4336178716739977,0.42400932330583285,-0.26395232144003833,0.38356387774468087,0.7719560362059733,0.1947969137465435,0.12150429669442242,-0.3105037830315159,0.14615011373283687,0.014074517607587168,0.06408322460426791,0.42572173701173055,0.06408322460426791,1.0,-0.27529916320198816,-0.06009569271655729,-0.379138638730594,-0.041666651003849454,-0.018333455710237666,0.772195055655762,0.2202987955898046,-0.43545219700192966,0.5020519426779637,-0.19578808020813876,0.415824291231153,0.8148814732668079,0.22545099906822413,0.12453404640037752,-0.33144981994386224,0.09990774359803085,-0.02024404307845444,0.4490776086488535,0.37207370540705964,0.14637901053582839,0.5094793364329416,-0.1951715056707562,-0.06514172278073842,-0.1880509897850605,0.41420668252237836,0.1299249235518986,0.6554778199560186,0.30382375180644244,-0.3554146055529751,0.44896963394976874,-0.2117024743942106,0.4529385045166534,0.6914309169592038,0.24422848360555627,0.35450412554919614,-0.3178172729849906,0.026946473942269417,-0.00046987842518636665
-0.06231141248836384,0.045911711906851435,0.37143296400738574,-0.042104096549394794,0.781554580001338,0.2073621296887736,0.39234425738786655,0.12118825971708594,0.22307203420299673,-0.13616553357838426,0.08705973254107478,0.3710628140481507,-0.3127008849764599,0.35798182516916144,-0.29161864924750425,-0.4315082575686725,0.12338119015504588,0.09167229521832564,0.5077965474004803,0.4744472155304011,0.3425895833252127,0.504852127592732,-0.12919344179462458,0.504852127592732,-0.27529916320198816,1.0,0.021427600529290717,0.3223141031696625,0.2949403099646753,0.28820700091665924,-0.17143096294647556,0.04283971494421424,0.3162862577001676,-0.3218031701168935,0.35531433320012556,-0.28075387580140626,-0.4230328685937571,0.08095907117865972,0.0543494352149286,0.45740249436451225,0.4419260007296663,0.3081987263134374,-0.36654409942429894,-0.13428489517309272,0.533904995892116,-0.09924608136229265,0.9069823505433409,0.10889246165343919,0.2595380920189154,0.20587488223979203,0.2728233540892207,-0.023188131116148567,0.04970042356582964,0.28687995765909863,-0.3315834736846865,0.4617131404144055,-0.309171613525212,-0.2504299985895603,-0.030841150098952583,0.0943521801095168,0.38162028864748104,0.5171552467608325,0.22623588019971289
0.23216030793208106,-0.06956309060565587,-0.3521067858154365,0.07031380166750797,-0.11950836114332734,0.6257659125919047,0.47268237645904865,0.08542542242597966,0.021790625741384254,-0.5056536480360364,-0.10482939755612355,0.7307393015581255,0.029948496026792067,0.708309677473514,0.4644048760114477,-0.49662442298361587,0.4005771605485339,-0.5210470518600453,-0.013309823617074407,0.14443413653539697,-0.44944212655966,-0.4374958116628141,-0.17754361218651962,-0.4374958116628141,-0.06009569271655729,0.021427600529290717,1.0,0.44404619232624704,0.40525460754632253,0.050749732610845574,-0.47130741444805374,-0.2971387380979197,0.5491818458288263,0.19908415744503694,0.722471765973461,0.6134959253567228,-0.38368695101496436,0.5916924612579645,-0.500733650790209,0.030850777318719,0.336359880188708,-0.4461692179615424,0.1890714198330948,-0.06714535124904615,-0.31782730588645797,-0.19462840382419377,0.12507111774932583,0.8597626665511656,0.6777096292995439,0.11866976979951843,0.13411479694397646,-0.5460145634814553,-0.13801954181970916,0.4235112639937295,0.17910832563484239,0.6379468060130791,0.6180459287411229,-0.4514941652159092,0.6458179780267198,-0.4485590315639405,0.07614122841061786,0.3084840741548649,-0.38842726589356313
0.08223161233752274,-0.019318854710304673,-0.11954422638325221,-0.08162382053674168,0.2257136547806024,0.45365502723660084,0.6279373643280229,-0.030777719644871148,0.16230608614424377,-0.6224983742813612,-0.20006614213678017,0.5036327997375406,-0.22033490489985058,0.4238672025314347,0.13250450313394213,-0.5895584912239568,0.3147938785658737,-0.330652891224614,0.3128245329808214,0.2494593434317443,-0.2451971270502815,-0.14683941317088667,-0.15685230140679682,-0.14683941317088667,-0.379138638730594,0.3223141031696625,0.44404619232624704,1.0,0.13150422590418148,0.13591420924059402,-0.5963902616680016,-0.17720167815382362,0.577241663341512,-0.20396509152667872,0.4852122781580479,0.17624575433935538,-0.5460127762220008,0.33274743626892167,-0.4007264015496674,0.3563970121623636,0.14770385581032383,-0.2256596774498991,-0.07922926620679398,0.1144725668692739,-0.09680984965243872,-0.09612297892024611,0.29438057534698703,0.5809819486334299,0.7351357595092378,0.04162678175799066,0.10364569306877795,-0.4347097835138888,-0.17393041469641835,0.5677625517461706,-0.23083199075573044,0.5828205379832614,0.14018448602292152,-0.41142207670587694,0.28808891920293944,-0.35060148121098755,0.29795217718157574,0.30001511687692684,-0.3367624779145547
0.31276990292197004,0.04539841383322346,0.11283202275943957,0.3002675676096208,0.22841502187532242,0.39532807478077314,0.10787872085226376,0.03850131356438749,0.017601877210113755,-0.010403521618806644,0.03096750044088571,0.43288274167955443,0.18361751110014593,0.4593194448625728,0.3126258823922207,-0.16882821016769053,0.41285397371379157,-0.26166406792484165,-0.017369045065832135,0.5912277644811867,-0.10533127116375716,0.032508438123394524,-0.25367765523476393,0.032508438123394524,-0.041666651003849454,0.2949403099646753,0.40525460754632253,0.13150422590418148,1.0,-0.14087457917396237,-0.05562026153615451,-0.3152020482281643,-0.026260265632693625,0.18380405476733927,0.3907750063031103,0.2847875615555386,-0.14028637260084537,0.3941600861773086,-0.31074984348767304,-0.039122407734991003,0.7010256883611276,-0.12053339036656793,0.1793128477394503,-0.24855736734861114,0.031643183720908796,0.10589482415352972,0.2989575537263485,0.4019117644861306,0.1438155892871607,0.07537525066590628,-0.004347128475703132,0.042240137925504975,-0.13711833499892945,0.03752442264604067,0.1890126498240374,0.3247568734338197,0.2847090658394769,0.15205546071066395,0.42081451190668256,-0.16590181304555404,-0.019772344106056935,0.39080613458669033,-0.11300310281111874
0.06058574705637947,0.20138609193800383,0.16813855603663883,0.2532310181997993,0.14807889843604882,0.19477616547640758,0.3820862903225319,0.02504738165699149,0.687291534274601,-0.10147356551707441,0.409721087067098,0.018800678165048323,0.19864270716600071,0.005283631639355303,0.1563524676896199,0.04342129772065819,-0.054321713838834995,0.07412915726450427,-0.11019881383150079,-0.15213938712851124,-0.07539703928792722,0.035837869538530034,0.08483606057869088,0.035837869538530034,-0.018333455710237666,0.28820700091665924,0.050749732610845574,0.13591420924059402,-0.14087457917396237,1.0,-0.1404122560276961,0.5415060328194885,0.25800337863179107,0.21663359930991052,-0.0008545935461972875,0.19411935698513505,0.0528002236013417,0.0292857992339714,0.024805546168762845,-0.0813574610762719,-0.22116646172490276,-0.06663984760810325,-0.010392298518692252,0.08173722610156298,0.14235547677757066,0.00030497264847924327,0.19115465866785436,0.14331011114020628,0.27596757357354823,-0.0729584147726036,0.8815217468486263,-0.10367425691234923,0.39355674075828134,0.19840948048923754,0.2377331439797505,0.211880094279448,0.17992024711957605,0.004489956371040389,0.024832462040841195,0.14454443547655202,-0.10899116408222746,-0.012831262119752825,-0.09445613993856579
0.1543221168541699,0.1994335280081193,0.2947274565921576,0.17063097747485428,-0.06350616051369762,-0.4873988639608991,-0.5157874283682122,0.12608991950254791,-0.18632159754645766,0.8478805668422902,0.23890571444310887,-0.6307217122273211,0.2707578030516116,-0.5284827410117026,-0.029489308816427785,0.818871584141851,-0.02387878893893461,0.4187010459853098,-0.13168201770819002,0.16776601050454573,0.36480650279821036,0.25004457951335113,0.4180976037357214,0.25004457951335113,0.772195055655762,-0.17143096294647556,-0.47130741444805374,-0.5963902616680016,-0.05562026153615451,-0.1404122560276961,1.0,0.3002350720697516,-0.6445394969764656,0.27305664103044974,-0.5202630432735117,-0.03285506897565287,0.8431813229737711,-0.051880607846049615,0.4187674490854921,-0.19220633609228646,0.13151514232266068,0.30317567229715636,0.2277809433308232,0.2845968663560289,0.25804627887225356,0.5836887215577764,-0.11297537118837477,-0.4856535221534616,-0.4997932970862535,0.1379487354646417,0.015289526970290453,0.8848151557922147,0.3390859032237414,-0.4568529959268753,0.2778896338526575,-0.5576687154882679,0.033321709625365126,0.8012817563614444,-0.08375418373766444,0.5867898088746285,-0.18906005360023645,-0.12124089027726502,0.32999497930591504
-0.08260990202769933,0.48390390549790685,0.4603839958132665,0.23076226015417922,0.2273845802424781,-0.08721774432788355,0.11699255609880806,-0.04718222892863706,0.5144981841392426,0.20125113059471025,0.7308872022570138,-0.21520669405514367,0.30351386548200976,-0.4351771386901818,-0.22543985290161087,0.4440489532915073,-0.17860858051407819,0.721071787893762,0.24390212131973313,-0.23704600136098,0.5432768093822526,0.25661547584437,0.6058921068763116,0.25661547584437,0.2202987955898046,0.04283971494421424,-0.2971387380979197,-0.17720167815382362,-0.3152020482281643,0.5415060328194885,0.3002350720697516,1.0,0.012762816386579268,0.19000030770125786,-0.4274374603763267,-0.2155990213296961,0.4453270899266014,-0.1457456961831497,0.6467483315157385,0.23460823672397163,-0.3932016656893536,0.5326722901033649,-0.270808300444691,0.5526237303951559,0.2610089403039203,0.012693640685106675,0.08262633042034352,-0.18162255995548163,0.04896695170673474,-0.14506566745267993,0.6062490257310015,0.22315395807807548,0.8936150025196163,0.33620466673127636,0.3332722343323434,-0.2665705872084921,-0.13536227109996848,0.2936258768867979,-0.15894459631775612,0.7904395558477354,0.2207579234201755,-0.2900856605361017,0.47699904624826495
