Fp1,Fz,F3,F7,FT9,FC5,FC1,C3,T7,TP9,CP5,CP1,Pz,P3,P7,O1,Oz,P8,TP10,CP6,CP2,C4,T8,FT10,FC6,FC2,F4,F8,Fp2,AF7,AF3,AFz,F1,F5,FT7,FC3,FCz,C1,C5,TP7,CP3,P1,P5,PO7,PO3,POz,PO4,PO8,P6,P2,CPz,CP4,TP8,FC4,FT8,F6,F2,AF4,AF8,O2,P4,C6,C2
1.0,-0.09141031592707392,0.0989409796471374,0.3761344039348049,0.09409697549614666,0.215086078610139,0.04212706493798676,0.22567488997133095,0.0237426311317704,0.3180567257350068,0.03945909073767457,-0.2627490614697885,0.30275121446097647,0.16338744793602336,0.6379837062755493,0.38772570449660637,0.3173647894522338,-0.4976018822956999,-0.6071872715290716,-0.11955221352566568,-0.3211183922396299,0.028258944764038705,-0.10244476072119528,0.028258944764038705,0.3773973493277879,0.18518179762250833,0.23634745594048479,0.030121225801851493,0.06598233750339619,-0.05235852597938425,0.2905772162955855,0.03487178599804921,-0.24092739521318718,0.1603801706799566,0.1554391889896321,0.5882049878370939,0.36986771480020864,0.34460974822805823,-0.597738254631273,-0.6350995011505249,-0.036922904181398014,-0.32746259325943095,0.7852486695381891,-0.1311283436804834,-0.018955843330041966,0.4704656689137125,0.03448790399525136,0.1400745958193812,-0.12357003324101683,0.12203173666406372,-0.06355257127225197,0.23501303861627282,-0.038934972799857394,-0.28356579197881837,0.2697393122582221,0.098072463777469,0.42045697131132753,0.3818741634718757,0.14864516852426057,-0.5545063968911014,-0.6598061904641837,-0.09992664493784925,-0.33536442376277437
-0.09141031592707392,1.0,0.33667689837428866,0.1868557069451933,-0.20785211402152565,-0.30258325858290375,-0.10988947763586038,-0.34296810882096146,0.011232118436749535,0.13668135138567764,0.6420311435489506,-0.04539854720425125,-0.12783725411693087,-0.46462014329046586,-0.32383042516919186,0.3296711311361104,-0.2716578727476823,0.6189855982137283,0.3998171928523133,-0.045800932121845966,0.26249445719077896,0.3472624265092844,0.6452216731771225,0.3472624265092844,0.003951342840201711,-0.34854195299013585,-0.20967652688996286,-0.18499419415885085,-0.4086285375146386,-0.02146122523848126,0.21013362168699878,0.5799991711883373,0.10958136200767528,-0.11464952079750296,-0.43338831371585906,-0.3694928663258275,0.27854568539330943,-0.3386874476887177,0.5214122577317669,0.39295996253070004,-0.15644467597286577,0.283514546734629,-0.03450871680470694,0.8743196079693694,0.3185208295163267,0.008836784384393379,-0.26603008597563504,-0.23356887037517773,-0.017280027635651302,-0.3367512997161843,0.09155834146597953,0.3061514024814903,0.6085100213728055,0.1250042493098403,-0.10103044249234915,-0.49721445314325613,-0.34293275805876033,0.21253801359484403,-0.40529626239192396,0.569472820128124,0.38304409326224925,-0.3210069047891751,0.2767658895452418
0.0989409796471374,0.33667689837428866,1.0,-0.0733957845608658,0.4044474075781816,-0.5423653003300064,-0.4153195260850317,-0.521690887452545,0.09381966755661862,0.563605184957675,0.6427553274919342,-0.27636892607396224,0.3039417257947375,-0.45647402042437907,-0.33186695422732676,0.45687270116517004,-0.2535084365440149,0.6356509949675736,0.1657624073864161,0.023627203047313017,0.5531757323490046,0.8722475364009601,0.1135984184441072,0.8722475364009601,-0.07146716638969625,0.19312691970885093,-0.5251165000928584,-0.4964583816577217,-0.486417713447069,-0.016509588052200548,0.5402778490402579,0.5771053200697914,-0.22906105412525196,0.16482401854991136,-0.4498755491460702,-0.3783155753134134,0.39988398357510496,-0.3509244855268529,0.47845439293654607,0.10380257820714617,-0.023815211893970352,0.5426191734401078,-0.13540274827325968,0.12560863537566447,0.7308290940795698,-0.11819015173702119,0.10710696789723184,-0.6381884909311137,-0.53592032229506,-0.42209248905912017,-0.10316020916668149,0.5229837269685922,0.5508823816713311,-0.23279789242216903,0.018268435285460436,-0.5098565156466724,-0.4551633925009487,0.312886544494808,-0.3615640682652417,0.44213498695414505,0.07151377226925786,-0.1758053427848982,0.5509093557549923
0.3761344039348049,0.1868557069451933,-0.0733957845608658,1.0,0.11019895438712586,0.2158657395184464,0.24010503866300423,0.14897776134531165,0.1708397837608571,0.1641967923840038,-0.22337012454261207,-0.420920428716535,-0.2727377742238277,-0.04179919877466536,0.5043614587335862,0.28193831758333154,-0.02179466843506954,-0.18138237469099414,-0.43217835711876956,0.19158297226050675,-0.47573246192791413,-0.02585046549509112,0.06805077013548545,-0.02585046549509112,0.7120714707611443,0.18967281061505403,0.2989149655461897,0.3238982258475305,0.07937766367413035,0.12213108855236147,0.13334773562883961,-0.30073225779203827,-0.43927262811479073,-0.40761953058349115,-0.04338856144880261,0.4547413746164158,0.30405934603431517,0.019347611368691297,-0.2374256580182116,-0.47374924889885456,0.20160318453043025,-0.5404677730800959,0.3879339482983325,0.054512386191784286,-0.010039180312776199,0.8700641526783713,0.1816687902001384,0.18507258701963217,0.13446552816965712,0.07238280976007336,0.1504717004204599,0.096125963498717,-0.27818284025254814,-0.469619831566976,-0.23932511224413086,-0.06030702986697673,0.49349763222133314,0.03342470911280672,-0.1330227130459066,-0.20397460247364768,-0.5103963890622861,0.130017679909784,-0.5417988149303279
0.09409697549614666,-0.20785211402152565,0.4044474075781816,0.11019895438712586,1.0,-0.25238456089526384,-0.3128777001167175,-0.009892861283469381,0.3377674263276687,0.4446048737972091,-0.012991561080292566,-0.3347626104770811,0.1737601368393823,-0.1549957587137107,0.1169014552949419,0.16200129590028095,-0.05904527581462793,0.03169327185217737,-0.058287337951499,0.23812557642249751,0.15060229731768687,0.39928871098123064,-0.30033653260797233,0.39928871098123064,0.04932189023725425,0.943997017073011,-0.24502081406056464,-0.2473511969173559,0.016014218914369015,0.2869670361497637,0.4645204305751994,-0.04038329506196595,-0.37303855026898963,0.07848138909822504,-0.1272003542735594,0.14928143730555238,0.18758115612372744,-0.06300198001946698,0.10895514441373591,-0.16048124705496478,0.34963044742743843,0.1015862702658413,-0.04190474484050748,-0.40486528172978786,0.48956461837989873,0.005700214772441128,0.9017954472078609,-0.3582993169979425,-0.37067354411396136,0.030161750548465177,0.23893980877374463,0.35835161377297964,0.004213858153253667,-0.38583891682962773,0.043214431320615865,-0.11425455499800358,0.13062588721319343,0.11072766511606255,0.06074111113306406,-0.0030307497991621246,-0.22111877414494827,0.2645205310782801,0.07040426256801209
0.215086078610139,-0.30258325858290375,-0.5423653003300064,0.2158657395184464,-0.25238456089526384,1.0,0.7479991414667522,0.7191895597483218,0.008607464952780877,-0.5604111549115192,-0.5472929034655072,0.5731955030653265,-0.16573461715347945,0.7668931564609507,0.5386414718835664,-0.4313428088181126,0.2320755526573618,-0.7208826878278359,-0.28793248925969345,0.002847478717571312,-0.5380864176135363,-0.5288271388484388,-0.11813649277614637,-0.5288271388484388,0.08660961635326916,-0.06587064864066282,0.8284647221582799,0.7379887735742175,0.5513467636386393,-0.030991745121706826,-0.6187389935676698,-0.584848911751213,0.4213699551493943,-0.24815417646904772,0.7597433634604033,0.5846334677618173,-0.38720228232767173,0.3142379878364469,-0.6778468845301491,-0.2297269679780943,0.1967082036487484,-0.5544582114588843,0.3067619090822237,-0.17720658807803627,-0.4386692982294541,0.15515391371079884,-0.04589717199507376,0.9208236957596279,0.6317741156445418,0.3853373124767238,0.06778607869881949,-0.6514468772725664,-0.5567420042822327,0.33718269963029546,-0.0485682357549108,0.7823399548302494,0.5906195678117337,-0.2936074109632745,0.24166825084670532,-0.7171307946027594,-0.25003823336323105,0.10389622252659797,-0.5815084187829636
0.04212706493798676,-0.10988947763586038,-0.4153195260850317,0.24010503866300423,-0.3128777001167175,0.7479991414667522,1.0,0.6854115369636685,0.03213836552049736,-0.579953006615943,-0.38647340763272425,0.6131163200671402,-0.14868834690639587,0.7481501165780818,0.406102119507231,-0.5762091142693319,0.40081847962089817,-0.38058992639323586,0.0028286401852870126,0.2922739959118315,-0.4625355251206415,-0.5477180268106464,-0.13528517757114844,-0.5477180268106464,0.057592685177570546,-0.22960055740643004,0.6592317285686682,0.9430719232666682,0.6544559983697943,0.0123978205805345,-0.613769688326215,-0.433193815500032,0.4242404811976455,-0.22345209790862314,0.7146754489789452,0.4268666117475804,-0.5433565977338638,0.44502966879730815,-0.34966231761356237,0.08298696459872167,0.33431907117491283,-0.48025250153774296,0.005833779605161704,-0.10578241656382274,-0.4770915940746808,0.08174723415999767,-0.21463673714378181,0.7122334122237084,0.8857971172529128,0.4817178263827385,-0.021170684157933963,-0.6387461962494586,-0.42972571137471927,0.4387811281045691,-0.20356013286530658,0.7054444039924888,0.39449876745828677,-0.5849655825657558,0.30805180139116917,-0.4160292869049619,0.03692697818150172,0.18879811864713292,-0.5263599278622634
0.22567488997133095,-0.34296810882096146,-0.521690887452545,0.14897776134531165,-0.009892861283469381,0.7191895597483218,0.6854115369636685,1.0,0.19601915299418826,-0.28127847412782764,-0.5612581354407701,0.4278388923763007,0.04096363724337399,0.6176862392332412,0.548718418305552,-0.5391673177932095,0.5895748481274409,-0.5967898353343447,-0.1948575000206114,0.29268474582640036,-0.6343726389721812,-0.4967760512141326,-0.22848989650161053,-0.4967760512141326,0.008451705408832652,0.1322179944525686,0.6224008082429962,0.7235285401019357,0.879173080620596,0.2254873933007303,-0.2751153239308937,-0.5292278965895663,0.26186685817330857,-0.020261843201729534,0.6287903902457274,0.5916620755500334,-0.4850251987090646,0.63422213618041,-0.5639775615879529,-0.14292281465510995,0.468367990421434,-0.6721336139174654,0.22910403111247574,-0.26954261407728874,-0.3236274397251068,0.04086461962937423,0.1294668231250086,0.6819624758157212,0.6722108711833321,0.8494152095700769,0.2332271345759295,-0.32861748184631007,-0.5469559825830318,0.31361078085951594,0.1396293351256795,0.6416532915057843,0.5924400872892803,-0.407024167671369,0.6258728544084007,-0.5559497894527958,-0.19594859371806017,0.3784383756983905,-0.7008069602888335
0.0237426311317704,0.011232118436749535,0.09381966755661862,0.1708397837608571,0.3377674263276687,0.008607464952780877,0.03213836552049736,0.19601915299418826,1.0,0.15604021516594954,-0.1780822615384979,-0.16767224296038782,0.3774714130628562,0.08892841563967058,0.23681335764491665,-0.03879109007939103,0.09935197777501288,-0.008795354870861121,0.08055146487147667,0.3425416889322307,-0.18595620752095557,0.04406096627856767,-0.06033755798387923,0.04406096627856767,0.0818331063762978,0.2956899293364709,0.07250524319485316,0.05693234819574208,0.2156898804852398,0.9587872163008034,0.14066543121637767,-0.1890547957516401,-0.22227098344022844,0.2964874276672335,0.11728211370787742,0.2590846886871886,-0.009676386364327653,0.1844134904207793,0.013992280650196054,0.11900402204798398,0.3577347395224845,-0.175853351854162,-0.009767364303177038,-0.14980966586348612,0.11540886384736476,0.11239973754117345,0.25159537671683163,0.02092708096294025,0.02179052816010747,0.1787808412916845,0.8916964404781887,0.1400992226860683,-0.12836361440035218,-0.1643530822583243,0.3528617520608589,0.08818025993536883,0.15120331386828048,-0.08361617436338041,0.04383349025317531,-0.05436641684127874,0.020725869473228603,0.26440850042489505,-0.17894416575193256
0.3180567257350068,0.13668135138567764,0.563605184957675,0.1641967923840038,0.4446048737972091,-0.5604111549115192,-0.579953006615943,-0.28127847412782764,0.15604021516594954,1.0,0.4461554934102035,-0.5827482567257256,0.3814869837451428,-0.6569054334581801,0.020001914354870847,0.7006641026548558,-0.11188751190894526,0.28080555903268817,-0.4214288353258912,-0.28973990368503233,0.09165051817362835,0.6108699321448315,0.053668653100901624,0.6108699321448315,0.1147214557596501,0.34776875021878173,-0.516973642573301,-0.48464645722844374,-0.32185106333022395,0.1607419560421621,0.9358031078366352,0.48072790745702526,-0.4896986282866697,0.32360713474598335,-0.6210962828544897,-0.0130626598070946,0.6933813523139037,-0.10519978671223838,0.2136291092241856,-0.456298267507309,-0.19808558396385414,0.11895137352010163,0.3110513463924996,0.09726668488626658,0.6000910743750133,0.25374709052863686,0.27665822904409154,-0.5913903623301552,-0.6361716890088764,-0.1338158784408171,0.1639606080316324,0.9391449711379972,0.39960464131483353,-0.4617593334252874,0.37219528006770225,-0.6399168618517888,0.05144966706720222,0.5811965620083249,-0.062421859722412654,0.2797441563805858,-0.45622297753413155,-0.22838317614677234,0.1312178312421222
0.03945909073767457,0.6420311435489506,0.6427553274919342,-0.22337012454261207,-0.012991561080292566,-0.5472929034655072,-0.38647340763272425,-0.5612581354407701,-0.1780822615384979,0.4461554934102035,1.0,0.0010131938736563902,0.31721992744741384,-0.5617657031318017,-0.4159568317016304,0.6146202882014903,-0.24694044612874724,0.6533286538316656,0.22818118014450436,-0.4284893394932427,0.5962697790997333,0.5557128252272949,0.4665297077683114,0.5557128252272949,-0.20776603634827806,-0.18999052647477574,-0.505506536822745,-0.5052066468909885,-0.6000701041846421,-0.22787621530594376,0.4600630515416634,0.9529032393613073,0.1777153453716306,0.303103545175748,-0.5475043798174318,-0.44204543604183955,0.5637933882770262,-0.2932491996265474,0.5715559389300554,0.2107481967285524,-0.49756186803800123,0.653212088015503,0.07111394956206417,0.6060118112386691,0.5229985807731617,-0.2628326173045388,-0.1569318131983439,-0.5613994285562184,-0.34437051090362447,-0.5356776240616152,-0.16573759469916635,0.47885201160022034,0.912717283418707,0.19455947722207756,0.20265878491649497,-0.6019196776470043,-0.41795889195670755,0.5719337044849999,-0.2825244065290293,0.5823011709045447,0.21241563898363766,-0.6105729888537519,0.6026961048674859
-0.2627490614697885,-0.04539854720425125,-0.27636892607396224,-0.420920428716535,-0.3347626104770811,0.5731955030653265,0.6131163200671402,0.4278388923763007,-0.16767224296038782,-0.5827482567257256,0.0010131938736563902,1.0,-0.04130896815876985,0.5473540519012061,-0.10400257357322736,-0.5290617846888194,0.20368864985953714,-0.13381415784838832,0.3010185991478701,-0.09140352495116397,0.05088781827209587,-0.2885727362921493,0.11432251933963497,-0.2885727362921493,-0.4105092729746873,-0.2892458123929452,0.44249370237893426,0.49883734000901375,0.40882545687224675,-0.16259306888443195,-0.552244035155921,0.0003103393120662389,0.9367390351263942,-0.01255197004325845,0.5482462941385425,-0.013241796946713626,-0.49999177388265265,0.24639509166128712,-0.036828874149921205,0.36914047963261487,0.0021715094758341467,0.09128339973184633,-0.05869663769052792,0.12481582126937832,-0.15608587579942343,-0.5300356005431022,-0.1728182889763812,0.5267502982930273,0.5921673553063697,0.183471426723581,-0.053638153771509024,-0.5751117260388082,0.059236559655187225,0.9043356722133596,0.006908233465344366,0.5626997104214699,0.015773214365921343,-0.3767908331654888,0.26165678147240545,-0.11461160761857753,0.35935580983377124,-0.06330019876695385,0.02945454106082612
0.30275121446097647,-0.12783725411693087,0.3039417257947375,-0.2727377742238277,0.1737601368393823,-0.16573461715347945,-0.14868834690639587,0.04096363724337399,0.3774714130628562,0.3814869837451428,0.31721992744741384,-0.04130896815876985,1.0,0.008558508616439172,0.1558242765443606,0.23035850017564374,0.23935308763185087,-0.057489972557443925,-0.08641644995231743,-0.13074328897509196,0.11765386838106873,0.1849909292780247,0.03491289809320177,0.1849909292780247,-0.04250595916768567,0.11668109551223409,-0.06848481309513686,-0.2013982370133911,0.059020246778570554,0.3768249544743424,0.3303082734242435,0.34072371712120814,-0.03268582898249892,0.918136072165827,0.014463713419684266,0.1426632869146434,0.2204890798510129,0.29868177097648196,-0.0822298115973079,-0.060833898748965935,-0.09232917467726996,0.10288042504440385,0.17557353480933952,-0.11304005517921603,0.1495385426369717,-0.15293033728588984,-0.023244980788785567,-0.21643095705011528,-0.16778719493220093,0.027581747756802815,0.20981248166009758,0.2600629176336994,0.19713615272757753,0.0012238585141099302,0.8330308100515426,-0.040705714698279015,0.05660373013856329,0.34748517000179785,0.21188200500209528,-0.11382405772754606,-0.13692562839327033,-0.11479264444709729,0.07791143111160752
0.16338744793602336,-0.46462014329046586,-0.45647402042437907,-0.04179919877466536,-0.1549957587137107,0.7668931564609507,0.7481501165780818,0.6176862392332412,0.08892841563967058,-0.6569054334581801,-0.5617657031318017,0.5473540519012061,0.008558508616439172,1.0,0.563208233243336,-0.5860244716548249,0.5005191998858814,-0.6525897968897842,-0.046521269034809264,0.3047546225223232,-0.2926622427608962,-0.5440247977419714,-0.35954916116907837,-0.5440247977419714,-0.0006914510857395392,0.008588922752559357,0.7028625450181584,0.7394197421069536,0.5860675218637016,0.07607998727703533,-0.6860236122507004,-0.546692731176915,0.39308238100452697,-0.007330527773805586,0.9874158469360829,0.613268834631365,-0.5362196554349049,0.5244111841927439,-0.5983113789582475,0.00838800116835785,0.39141860234736736,-0.2974210091145287,0.03921972454746548,-0.4332968769345815,-0.5212331641463402,-0.021223170305396624,-0.03747402456532399,0.7675849475350646,0.6680359144588656,0.4409973287922531,-0.002702783124733539,-0.7057024354560442,-0.5690976326715808,0.36073771524202114,-0.023612943941322913,0.9804940072382818,0.4543546430416311,-0.45234819429242556,0.4274895912053821,-0.6821787457769171,-0.008014116643462021,0.28799625527673955,-0.3199931179733802
0.6379837062755493,-0.32383042516919186,-0.33186695422732676,0.5043614587335862,0.1169014552949419,0.5386414718835664,0.406102119507231,0.548718418305552,0.23681335764491665,0.020001914354870847,-0.4159568317016304,-0.10400257357322736,0.1558242765443606,0.563208233243336,1.0,0.06117441441651707,0.5453913303251492,-0.7201213203806538,-0.6243346399386807,0.07145199876982035,-0.5903742725696344,-0.4050781276001014,-0.37440765976312457,-0.4050781276001014,0.38634054960762626,0.2785820765843217,0.5507259264571924,0.4953279625713043,0.39045669088351326,0.19601902512517774,-0.06838194585019118,-0.4332280690669245,-0.17872773641795203,0.05928259403261438,0.5654691835726171,0.97803878286563,0.10776824356209175,0.5747854410024492,-0.7353012082188743,-0.6064332034139327,0.23222966113740925,-0.5798729495792236,0.5055181233474972,-0.362144275781736,-0.3482952169442347,0.5530930013342611,0.20067641349914658,0.5364952339811352,0.2871892901139237,0.3987104567010795,0.1736805939377913,-0.0896485588438433,-0.5183955203315412,-0.21349044222507252,0.17472198520092846,0.5367291563167236,0.8845833769243208,0.12340027431258734,0.46214540180074887,-0.7495775444462838,-0.6277109065290558,0.15469130537173087,-0.6155342040581674
0.38772570449660637,0.3296711311361104,0.45687270116517004,0.28193831758333154,0.16200129590028095,-0.4313428088181126,-0.5762091142693319,-0.5391673177932095,-0.03879109007939103,0.7006641026548558,0.6146202882014903,-0.5290617846888194,0.23035850017564374,-0.5860244716548249,0.06117441441651707,1.0,-0.2860587397846227,0.2538320220577681,-0.37312805631967977,-0.5529867938797763,0.244549011534499,0.46618277641057604,0.31293916404528305,0.46618277641057604,0.29521225326751055,0.12294589469631181,-0.3430268618953719,-0.543184627703694,-0.6557938626033953,-0.08985013385359239,0.6871617198023908,0.5676162014461678,-0.3454310663502085,0.17788356244912368,-0.5654214686999467,0.006863528954991366,0.9813454275219916,-0.2738294116717792,0.17651531529105408,-0.4429059801875075,-0.5506508047546006,0.28156328868680996,0.4422621651910935,0.30319044069580936,0.4043571200921315,0.3884688827850534,0.10046197912252094,-0.4631628082589842,-0.5980638536238098,-0.5371380122005396,-0.01813814494759006,0.6351540841147363,0.47712462157939634,-0.38343851297262294,0.23921408231096483,-0.5924663013445021,0.039005113184672015,0.8587841621115853,-0.3275412616007319,0.22567815907830763,-0.41670429643570744,-0.5970703076641313,0.2653831618416238
0.3173647894522338,-0.2716578727476823,-0.2535084365440149,-0.02179466843506954,-0.05904527581462793,0.2320755526573618,0.40081847962089817,0.5895748481274409,0.09935197777501288,-0.11188751190894526,-0.24694044612874724,0.20368864985953714,0.23935308763185087,0.5005191998858814,0.5453913303251492,-0.2860587397846227,1.0,-0.334472362141891,-0.13181951898465366,0.28890724155742503,-0.38305797020728194,-0.3425478411284512,-0.43386373048549676,-0.3425478411284512,-0.031287296459889306,0.0049864181619321025,0.30613122745701093,0.4284789507665454,0.5690485609737579,0.1340068332364324,-0.09658739953583197,-0.17152759301237824,0.16565538371994734,0.2624358303833202,0.4825487863934209,0.5306929693731839,-0.2592136572484122,0.9403933995528885,-0.3883867782216448,-0.07159099772254457,0.32654155598397105,-0.3162625955346301,0.16327463048823654,-0.30519026563038687,-0.28552981043615994,-0.004920705651409398,-0.03614089885037746,0.3065595960100873,0.38686519043768225,0.6413405070832366,-0.0037668447120180895,-0.12126732920857453,-0.28293026646978864,0.1996282976708941,0.20972698475886753,0.44118332596882354,0.41679666434545454,-0.191873761221326,0.8864382156393664,-0.33864302944180474,-0.07911430019052822,0.28556195527310263,-0.29879988277301617
-0.4976018822956999,0.6189855982137283,0.6356509949675736,-0.18138237469099414,0.03169327185217737,-0.7208826878278359,-0.38058992639323586,-0.5967898353343447,-0.008795354870861121,0.28080555903268817,0.6533286538316656,-0.13381415784838832,-0.057489972557443925,-0.6525897968897842,-0.7201213203806538,0.2538320220577681,-0.334472362141891,1.0,0.5840275185085914,0.06688856543690325,0.6125385657401741,0.5907815527217148,0.3686183752417894,0.5907815527217148,-0.21925298923531625,-0.19771834817061576,-0.6282500002537483,-0.44181697319519075,-0.4727713005173571,-0.021349118472872564,0.34832776673377713,0.6256306694835758,-0.0385369385561929,-0.013280505537179613,-0.639004659917053,-0.7484056008646662,0.20365089138046366,-0.4307874475845707,0.9252590568647121,0.549631222220294,-0.10114354248204858,0.6214856134014073,-0.5000252676825239,0.47573561008794435,0.5175530713333674,-0.2884266962337116,-0.13592156317156318,-0.6632079653673917,-0.30360354579627524,-0.37512647444435837,-0.04597235734281482,0.39613727973304097,0.6284603382238543,0.06385389748369508,-0.21605567218888877,-0.6718365212785478,-0.7249057732121638,0.07218026388143928,-0.38211148090565017,0.9205461957934876,0.5454744308007817,-0.18721531336331032,0.6270110293414302
-0.6071872715290716,0.3998171928523133,0.1657624073864161,-0.43217835711876956,-0.058287337951499,-0.28793248925969345,0.0028286401852870126,-0.1948575000206114,0.08055146487147667,-0.4214288353258912,0.22818118014450436,0.3010185991478701,-0.08641644995231743,-0.046521269034809264,-0.6243346399386807,-0.37312805631967977,-0.13181951898465366,0.5840275185085914,1.0,0.47085147749376705,0.5981800689323687,0.11501257702243779,0.32492864642905434,0.11501257702243779,-0.3422235981168537,-0.21590403048579052,-0.1857602268705414,-0.12340341043715468,-0.05263123464776309,0.07903666657879528,-0.26747240745906325,0.19023444158471806,0.33286190598454446,-0.03401890253787167,-0.03224147785787895,-0.6133768028902435,-0.4080955144005234,-0.23128733142901534,0.6080363373664733,0.9699832705491218,0.25252744992080134,0.5444983841599407,-0.6977884693148058,0.24652225294602875,0.11308510578516266,-0.6427394159175458,-0.137634196039945,-0.23290319475632307,0.1764913439511673,-0.11488626774585735,0.021239444022288705,-0.25005684045812626,0.2654877494688663,0.40738314907771433,-0.23353355009559865,-0.057616855689217976,-0.6920444197311467,-0.39685389153314554,-0.19989811500427698,0.545591228952219,0.9381702166164793,0.2270798251185705,0.5119433436166346
-0.11955221352566568,-0.045800932121845966,0.023627203047313017,0.19158297226050675,0.23812557642249751,0.002847478717571312,0.2922739959118315,0.29268474582640036,0.3425416889322307,-0.28973990368503233,-0.4284893394932427,-0.09140352495116397,-0.13074328897509196,0.3047546225223232,0.07145199876982035,-0.5529867938797763,0.28890724155742503,0.06688856543690325,0.47085147749376705,1.0,0.003413819114245147,-0.004917254915367121,-0.1923517615028615,-0.004917254915367121,0.15068102261359198,0.198793408520311,0.14188577927806248,0.3108979024183994,0.43616888727055425,0.34005351567866066,-0.21735437156047502,-0.4286320924175739,-0.19139979067786977,-0.17456232986268388,0.3174634622531856,0.056713508088684604,-0.5426361701284046,0.193047215519597,0.04118608329021316,0.4372891960772287,0.8727586577037313,-0.1168116070490033,-0.42800089097222643,-0.3166817199398341,-0.00957034983362183,0.00402386829388243,0.14052087788609194,0.060261930329474404,0.33769732905591976,0.45210608526227647,0.14574381334588568,-0.20709891430815336,-0.3768337474422194,-0.1079712244661885,-0.3132393359000068,0.2797331880334692,-0.10571478729572518,-0.66356280157009,0.15933545480141215,0.01509603454627705,0.3730290556243469,0.8055396123274494,-0.10827706435874032
-0.3211183922396299,0.26249445719077896,0.5531757323490046,-0.47573246192791413,0.15060229731768687,-0.5380864176135363,-0.4625355251206415,-0.6343726389721812,-0.18595620752095557,0.09165051817362835,0.5962697790997333,0.05088781827209587,0.11765386838106873,-0.2926622427608962,-0.5903742725696344,0.244549011534499,-0.38305797020728194,0.6125385657401741,0.5981800689323687,0.003413819114245147,1.0,0.5758111970438051,0.3292576812552104,0.5758111970438051,-0.25387013653149615,0.015568298629042547,-0.4035684563333333,-0.5237388359757599,-0.5150616010314133,-0.19500104430508353,0.16938121704895195,0.5797571105387528,0.1879133106542998,0.15713966552318528,-0.24654877503774206,-0.5745169551514432,0.21930375955133738,-0.45906724675304894,0.6350582169508835,0.5091456564775443,-0.08489691437433948,0.9603575790288146,-0.3653237130941507,0.14460660999798322,0.5252957963775299,-0.5023858206537333,0.04069354493009176,-0.5093815701471958,-0.3900633795791739,-0.5200522441013017,-0.20361673934736862,0.16620537576165734,0.5932002539773162,0.1992808152156137,-0.07197792697314173,-0.27178230417477695,-0.6589148498228443,0.19551996722844825,-0.39208641773869135,0.588857279144872,0.5272614617469271,-0.15738472328132141,0.9098636335113798
0.028258944764038705,0.3472624265092844,0.8722475364009601,-0.02585046549509112,0.39928871098123064,-0.5288271388484388,-0.5477180268106464,-0.4967760512141326,0.04406096627856767,0.6108699321448315,0.5557128252272949,-0.2885727362921493,0.1849909292780247,-0.5440247977419714,-0.4050781276001014,0.46618277641057604,-0.3425478411284512,0.5907815527217148,0.11501257702243779,-0.004917254915367121,0.5758111970438051,1.0,0.25806313882452925,1.0,0.025557291362802416,0.27642580537506106,-0.43127368255868476,-0.522056338398822,-0.425564976737828,0.026704128706829606,0.6233746844003107,0.5761956050822586,-0.1602753208921617,0.13424900078056615,-0.4889178516088921,-0.40703683212589437,0.46054601059862077,-0.41187460668003895,0.4685249892322234,0.04645607804435329,0.02351812126412905,0.5483260120843656,0.006208710853462515,0.20555861358041722,0.9153125746141892,-0.031804357654203176,0.23080862313300496,-0.568687561524332,-0.5818726468499154,-0.361675907449788,0.013029928627026056,0.6059650965348491,0.5856648793388245,-0.19686932807109075,0.08904801745616782,-0.5239543318347484,-0.4229004917757071,0.3368997425432275,-0.36364348666420726,0.5112544816862099,0.043257761500501056,-0.13526816301551886,0.5917477488476864
-0.10244476072119528,0.6452216731771225,0.1135984184441072,0.06805077013548545,-0.30033653260797233,-0.11813649277614637,-0.13528517757114844,-0.22848989650161053,-0.06033755798387923,0.053668653100901624,0.4665297077683114,0.11432251933963497,0.03491289809320177,-0.35954916116907837,-0.37440765976312457,0.31293916404528305,-0.43386373048549676,0.3686183752417894,0.32492864642905434,-0.1923517615028615,0.3292576812552104,0.25806313882452925,1.0,0.25806313882452936,0.3155694410717666,-0.329801210134403,0.09406429693926675,-0.20825991465891347,-0.1934184278551505,-0.050579158147588815,0.20816783251190257,0.42954861559027957,0.27974505464887445,0.014077154228301312,-0.29443932040836984,-0.3786007695900018,0.3047535384692028,-0.3897341282301724,0.3473190309856457,0.2559703626328088,-0.23444885097175136,0.23713409649964048,0.13394272558331335,0.7365714835738719,0.2440585765593557,0.013995517341229856,-0.2686174761001639,-0.157638556429328,-0.01395015622637809,-0.3721243687312937,0.07780650292171477,0.1369243005679199,0.3944733072496483,0.24454788974011726,0.09581320700654765,-0.3387136270094545,-0.32723142002537736,0.2138042821153938,-0.5188790719301115,0.3740009499433726,0.2285604218582859,-0.3020618364022275,0.17508098888711507
0.028258944764038705,0.3472624265092844,0.8722475364009601,-0.02585046549509112,0.39928871098123064,-0.5288271388484388,-0.5477180268106464,-0.4967760512141326,0.04406096627856767,0.6108699321448315,0.5557128252272949,-0.2885727362921493,0.1849909292780247,-0.5440247977419714,-0.4050781276001014,0.46618277641057604,-0.3425478411284512,0.5907815527217148,0.11501257702243779,-0.004917254915367121,0.5758111970438051,1.0,0.25806313882452936,1.0,0.025557291362802416,0.27642580537506106,-0.43127368255868476,-0.522056338398822,-0.425564976737828,0.026704128706829606,0.6233746844003107,0.5761956050822586,-0.1602753208921617,0.13424900078056615,-0.4889178516088921,-0.40703683212589437,0.46054601059862077,-0.41187460668003895,0.4685249892322234,0.04645607804435329,0.02351812126412905,0.5483260120843656,0.006208710853462515,0.20555861358041722,0.9153125746141892,-0.031804357654203176,0.23080862313300496,-0.568687561524332,-0.5818726468499154,-0.361675907449788,0.013029928627026056,0.6059650965348491,0.5856648793388245,-0.19686932807109075,0.08904801745616782,-0.5239543318347484,-0.4229004917757071,0.3368997425432275,-0.36364348666420726,0.5112544816862099,0.043257761500501056,-0.13526816301551886,0.5917477488476864
0.3773973493277879,0.003951342840201711,-0.07146716638969625,0.7120714707611443,0.04932189023725425,0.08660961635326916,0.057592685177570546,0.008451705408832652,0.0818331063762978,0.1147214557596501,-0.20776603634827806,-0.4105092729746873,-0.04250595916768567,-0.0006914510857395392,0.38634054960762626,0.29521225326751055,-0.031287296459889306,-0.21925298923531625,-0.3422235981168537,0.15068102261359198,-0.25387013653149615,0.025557291362802416,0.3155694410717666,0.025557291362802416,1.0,0.16623281516004018,0.42585827424545214,0.1348915092064873,0.14365444725428184,0.08221993654652146,0.20631913605138497,-0.24026679791934047,-0.35628317408189386,-0.1462754777553842,0.03119028491361395,0.3323175447693906,0.34982463555692445,0.025449977403687006,-0.24142707027408986,-0.43789779311875693,0.17499405374466132,-0.3835192900020019,0.40819654766225577,-0.04113876460532714,-0.021456596998012292,0.7759358857118412,0.08848768019780943,0.0317070595363956,0.015914393043805,-0.08590703297183776,0.040351334324465554,0.017338732191198202,-0.31876995750360787,-0.4350052588540754,-0.07311901725015221,-0.016204015090193105,0.2942904686587352,0.12466225944586568,-0.2023154351479821,-0.2367327408741392,-0.4761292399004001,0.09778074768739718,-0.41062574143215635
0.18518179762250833,-0.34854195299013585,0.19312691970885093,0.18967281061505403,0.943997017073011,-0.06587064864066282,-0.22960055740643004,0.1322179944525686,0.2956899293364709,0.34776875021878173,-0.18999052647477574,-0.2892458123929452,0.11668109551223409,0.008588922752559357,0.2785820765843217,0.12294589469631181,0.0049864181619321025,-0.19771834817061576,-0.21590403048579052,0.198793408520311,0.015568298629042547,0.27642580537506106,-0.329801210134403,0.27642580537506106,0.16623281516004018,1.0,-0.03873063907597612,-0.11274426534806388,0.1459114724031987,0.28306044826833227,0.38076020007654166,-0.17667401153184942,-0.32589392500052045,0.06124557331864006,0.043695779177670695,0.33957251969446534,0.17943479102474177,0.03859096360850175,-0.09989377598503502,-0.31558672015575917,0.35812196010923764,-0.03904571688268744,0.1278585830601869,-0.47622289544937035,0.3842943462025945,0.1489616609397747,0.9585576817829474,-0.15560722026531834,-0.27125219579955195,0.14218148945963904,0.2556479825531745,0.2539868687632344,-0.13929214203870036,-0.35480162757977834,0.08321034519708088,0.06968740296205601,0.3174309919006293,0.09401158899528221,0.15389635067905133,-0.1956467611536576,-0.3619607373736294,0.2621424769641977,-0.05868238007035947
0.23634745594048479,-0.20967652688996286,-0.5251165000928584,0.2989149655461897,-0.24502081406056464,0.8284647221582799,0.6592317285686682,0.6224008082429962,0.07250524319485316,-0.516973642573301,-0.505506536822745,0.44249370237893426,-0.06848481309513686,0.7028625450181584,0.5507259264571924,-0.3430268618953719,0.30613122745701093,-0.6282500002537483,-0.1857602268705414,0.14188577927806248,-0.4035684563333333,-0.43127368255868476,0.09406429693926675,-0.43127368255868476,0.42585827424545214,-0.03873063907597612,1.0,0.6968335911118094,0.640888435813772,0.0807345663529391,-0.4686018132322288,-0.5245301768317531,0.38008028341289285,-0.12343421098083797,0.7317574727141319,0.5865156250756579,-0.27405783500818565,0.41948563322751575,-0.5569803506819786,-0.1831155619526339,0.3378919091974648,-0.4913049822285101,0.3655893231442952,-0.18308767254788266,-0.3458368173413919,0.25438132086202353,-0.0384596065195468,0.8098257465766175,0.5713935276901897,0.35117666437748496,0.14386799586523433,-0.5949089627757951,-0.5353789266540272,0.26706703510354635,-0.022450258749193208,0.7132833370042104,0.5153178154562459,-0.22901681829996315,0.22867688470809136,-0.6006294100212406,-0.23183320586231895,0.17352135327977944,-0.5460090502770973
0.030121225801851493,-0.18499419415885085,-0.4964583816577217,0.3238982258475305,-0.2473511969173559,0.7379887735742175,0.9430719232666682,0.7235285401019357,0.05693234819574208,-0.48464645722844374,-0.5052066468909885,0.49883734000901375,-0.2013982370133911,0.7394197421069536,0.4953279625713043,-0.543184627703694,0.4284789507665454,-0.44181697319519075,-0.12340341043715468,0.3108979024183994,-0.5237388359757599,-0.522056338398822,-0.20825991465891347,-0.522056338398822,0.1348915092064873,-0.11274426534806388,0.6968335911118094,1.0,0.7141615111138843,0.09777213047009795,-0.5322065073688289,-0.49316626903729793,0.33211380929837897,-0.21392169789799112,0.7282775946025605,0.5368730234764119,-0.473594163011368,0.48291550002272315,-0.38131121129345386,-0.03629784201977033,0.4009470835254571,-0.5399166359017397,0.047274578451596244,-0.17419360162355826,-0.43936755329333105,0.21469854032713204,-0.10109984743764375,0.7746397664731781,0.8676926848693216,0.600810531062045,0.06558772121283486,-0.5386306588692226,-0.5082133276243337,0.3573808320256802,-0.17068302660088183,0.7341295603177719,0.5197205723082657,-0.537572264419076,0.3902997524302075,-0.41792670154401823,-0.06124220907808937,0.22136797885279016,-0.5605047124335832
0.06598233750339619,-0.4086285375146386,-0.486417713447069,0.07937766367413035,0.016014218914369015,0.5513467636386393,0.6544559983697943,0.879173080620596,0.2156898804852398,-0.32185106333022395,-0.6000701041846421,0.40882545687224675,0.059020246778570554,0.5860675218637016,0.39045669088351326,-0.6557938626033953,0.5690485609737579,-0.4727713005173571,-0.05263123464776309,0.43616888727055425,-0.5150616010314133,-0.425564976737828,-0.1934184278551505,-0.425564976737828,0.14365444725428184,0.1459114724031987,0.640888435813772,0.7141615111138843,1.0,0.29966276435776545,-0.26859251507918475,-0.5286557452065351,0.275891115139992,0.03819668142795462,0.6048590064600435,0.44709511953659536,-0.5792377650066409,0.6464590817825646,-0.38071711978621164,-0.024392509864156867,0.5656814577281993,-0.5968786884208068,0.094753534484013,-0.381085041682589,-0.27989292783488734,-0.011708377610726501,0.12823245035057942,0.5533771340754177,0.6283892209109683,0.8158431217231056,0.23877803903453856,-0.3727710743845689,-0.542368740056884,0.317360892146861,0.06472520876249695,0.6084561604434503,0.39226990273817486,-0.5447732019761551,0.5679489927093192,-0.40928860462366085,-0.09513287862329195,0.5126091159948785,-0.625089279626414
-0.05235852597938425,-0.02146122523848126,-0.016509588052200548,0.12213108855236147,0.2869670361497637,-0.030991745121706826,0.0123978205805345,0.2254873933007303,0.9587872163008034,0.1607419560421621,-0.22787621530594376,-0.16259306888443195,0.3768249544743424,0.07607998727703533,0.19601902512517774,-0.08985013385359239,0.1340068332364324,-0.021349118472872564,0.07903666657879528,0.34005351567866066,-0.19500104430508353,0.026704128706829606,-0.050579158147588815,0.026704128706829606,0.08221993654652146,0.28306044826833227,0.0807345663529391,0.09777213047009795,0.29966276435776545,1.0,0.15669414913200308,-0.17075758752614048,-0.18875426543487514,0.3803441500956348,0.11667603298902064,0.2401317181920187,-0.0347967848438943,0.23337391940317898,0.032044891710881346,0.13466412130926406,0.3531581303115894,-0.18118301283340446,-0.020888652681238205,-0.1422960418417842,0.10359282828952382,0.1142044653803588,0.2414383928481506,0.049550574862159524,0.055410903490799156,0.2831339967946897,0.9140059721329862,0.16665811906226718,-0.13040841730801248,-0.10348980237100083,0.4246729831940935,0.09851969487376656,0.14264294025260177,-0.12319671798687859,0.11676968578847845,-0.0077662602133531196,0.05713249512496778,0.26312609485941346,-0.1573662273377422
0.2905772162955855,0.21013362168699878,0.5402778490402579,0.13334773562883961,0.4645204305751994,-0.6187389935676698,-0.613769688326215,-0.2751153239308937,0.14066543121637767,0.9358031078366352,0.4600630515416634,-0.552244035155921,0.3303082734242435,-0.6860236122507004,-0.06838194585019118,0.6871617198023908,-0.09658739953583197,0.34832776673377713,-0.26747240745906325,-0.21735437156047502,0.16938121704895195,0.6233746844003107,0.20816783251190257,0.6233746844003107,0.20631913605138497,0.38076020007654166,-0.4686018132322288,-0.5322065073688289,-0.26859251507918475,0.15669414913200308,1.0,0.49588332274242747,-0.43294709698943323,0.2845321487218404,-0.6383591243758648,-0.10428910715962919,0.6815609573967341,-0.10576825630665393,0.3058647531210625,-0.3503440772701057,-0.1512318634247459,0.16846691128373284,0.301111010693507,0.16186626863231263,0.6307266257711592,0.21589382522325345,0.32881436744935716,-0.6608940203312599,-0.6285996957015764,-0.1434544005507824,0.1770935877392023,0.9232108468665311,0.42002510460582104,-0.39326710507442664,0.3420426452119921,-0.6659325037381295,-0.06822971919839108,0.5391555075142287,-0.09315719636368627,0.35754074155354526,-0.3621277379714644,-0.19641164767902544,0.166663127802579
0.03487178599804921,0.5799991711883373,0.5771053200697914,-0.30073225779203827,-0.04038329506196595,-0.584848911751213,-0.433193815500032,-0.5292278965895663,-0.1890547957516401,0.48072790745702526,0.9529032393613073,0.0003103393120662389,0.34072371712120814,-0.546692731176915,-0.4332280690669245,0.5676162014461678,-0.17152759301237824,0.6256306694835758,0.19023444158471806,-0.4286320924175739,0.5797571105387528,0.5761956050822586,0.42954861559027957,0.5761956050822586,-0.24026679791934047,-0.17667401153184942,-0.5245301768317531,-0.49316626903729793,-0.5286557452065351,-0.17075758752614048,0.49588332274242747,1.0,0.20467057852564538,0.41484796952491215,-0.5207118286265933,-0.43129363369591894,0.5442119391715082,-0.21363820374287787,0.5560323280446748,0.19947283306153638,-0.48610105776745643,0.6568209911997955,0.10567050892595624,0.6025836307604218,0.5320025685991085,-0.25040787832269057,-0.16031934382569787,-0.529767419707432,-0.3477116522561665,-0.4209339464632324,-0.13522430863204052,0.5453752832891849,0.9298488170556246,0.24280766754842603,0.3066540693439437,-0.566721989662185,-0.42750687806148663,0.5427595963645463,-0.17556993898360065,0.6054389808368994,0.2199556867066034,-0.5965863685152165,0.6455302755184001
