Fp1,Fz,F3,F7,FT9,FC5,FC1,C3,T7,TP9,CP5,CP1,Pz,P3,P7,O1,Oz,P8,TP10,CP6,CP2,C4,T8,FT10,FC6,FC2,F4,F8,Fp2,AF7,AF3,AFz,F1,F5,FT7,FC3,FCz,C1,C5,TP7,CP3,P1,P5,PO7,PO3,POz,PO4,PO8,P6,P2,CPz,CP4,TP8,FC4,FT8,F6,F2,AF4,AF8,O2,P4,C6,C2
1.0,0.6296388188087548,0.6130955981774246,0.8681940331508395,0.4467265480985327,0.6124263692885139,0.30893924309063303,0.6561134455781952,0.3378662729344475,0.39956340951432695,-0.02248931367166388,0.17601150488254785,0.5209785359572211,0.41694240397103544,0.8120275874551455,0.41778262121739307,0.7334057358895998,-0.06433380800496508,-0.17140482785866135,0.5199937020581337,-0.2968605993623132,0.21378613574627306,-0.35150035924779155,0.21378613574627306,0.6375781368602178,0.1924090238714564,0.3537805518382458,0.1897724628497098,0.39352316697263834,0.09811993928919946,0.26616164858664054,-0.2205390269594747,-0.00849651503374682,0.21901473374871558,0.27489755577954206,0.7004066530111217,0.35507297352306066,0.6082437291623234,-0.15970947691296208,-0.4095923489556125,0.3196723193811639,-0.46973399345240496,0.6733886298566174,-0.5445991957439204,0.1443430990117399,0.39075513276096685,0.15183926218710744,0.06732075110294906,0.0003200045194827508,0.2620385045330039,-0.02880500661529531,0.021110428598635503,-0.28285621098418473,-0.12115456514143362,0.30721787712559967,0.24411052708512043,0.7102845746960126,0.23044017787119123,0.6259018287909242,-0.05213889849697407,-0.2165465722899557,0.5223300641342686,-0.3188030412798201
0.6296388188087548,1.0,0.7656976757548241,0.6900811962115648,0.5690121063265862,0.45583548853571837,0.3155207555961411,0.2967984415563442,0.6611261034995809,0.41492035988598847,0.5232144959728876,0.1500282958667467,0.42283885197813903,0.09524715124874515,0.2051995512357557,0.45163888667001106,0.22063388522977617,0.4580617518044759,0.22987739242262292,0.2451546783333592,0.2688502021482122,0.2593814978391638,0.2737863150902567,0.2593814978391638,0.35555575556082825,0.13023929175147214,0.03651619287942798,-0.07524560657451734,0.07320391442308789,0.4349588458292941,0.279049689290367,0.206276580896387,0.2080253191130679,0.2878985606436208,-0.06285595037374296,0.04355719726572641,0.3334645890152273,0.029381776710899563,0.3732106916886436,-0.00048216067262219056,-0.023127931640773473,0.10655967933825976,0.13323761816896715,0.09663409599726455,0.316786101375345,0.11600109611937744,0.15337487786139342,-0.17551876536852684,0.025969982009068304,-0.1640749253307726,0.46087051003892,0.003441849141346441,0.28868479935016356,-0.30012577588427714,0.2090046529939727,-0.1330304588868985,0.048767256142674555,0.14785625666711877,-0.03740595004836929,0.48288701151718333,0.15923344935699704,0.2113099539861715,0.2487273061766625
0.6130955981774246,0.7656976757548241,1.0,0.6717044789604689,0.7020962466816449,0.3449365238233628,0.13279005051302076,0.4042384742141901,0.7113399702049608,0.5288192460805012,0.5202872892503106,0.26610686578777193,0.43501943366165563,0.1050716851023604,0.09606336781157504,0.3970464471595499,0.06501995218698883,0.5853090106166635,0.40429794967860605,0.43460919867160647,0.470478740306668,0.6132649729073517,0.12680240665652945,0.6132649729073517,0.22884668583596351,0.31560575210981046,-0.16836767766629016,-0.027375911917273645,0.18699106665762677,0.4292647797916452,0.4069207811997882,0.2817773891506652,0.23917011188805806,0.3300501321887881,-0.042994979218728614,-0.06482120866729162,0.3094483000299116,-0.13596854260048075,0.5014760034726251,0.1497132041269228,0.18206789221573075,0.2852739120792961,-0.007042264951056905,-0.19723301590748962,0.6949745484631751,0.06820257706280168,0.2589302397844441,-0.4249446784128416,-0.17521065224777616,0.018613930643065484,0.4495239722714819,0.12724179326242005,0.28646068286448156,-0.13370015413013944,0.15820132566489856,-0.08240099245989665,-0.06027927442295729,0.1610823845320429,-0.07719823960146523,0.6215598416909186,0.34769461153998327,0.39788313966499117,0.4416552766733411
0.8681940331508395,0.6900811962115648,0.6717044789604689,1.0,0.40078905767786527,0.4306754524816756,0.14464701068571398,0.5622955355721013,0.3362460862423806,0.542980539159318,0.17507446262301948,0.0012427027797817717,0.5966331836068637,0.18561954569933406,0.6454170396437008,0.5874906596610455,0.5221301847488967,0.15396511302127766,-0.14234186614662075,0.32512224506259196,-0.1298297998390691,0.2668369928738691,-0.15833545843602706,0.2668369928738691,0.6273182112997657,0.047224585131991355,0.17190294446663107,0.041271785357932425,0.20928394599380928,0.1055029039403613,0.40683711884807067,-0.033562688058564105,-0.097419009230661,0.33146778636751856,0.04548778861799576,0.5176857364648944,0.4857412910488618,0.3801000608789919,0.07755405790852433,-0.35301827368341093,0.12921742131115527,-0.2648393595881061,0.5124190913359282,-0.30380384060995697,0.2753789487596313,0.490075939120373,0.016838814336758202,-0.10265038418008916,-0.16707121204388148,0.1964648890691003,-0.0012825444710321033,0.13839865677124252,-0.07583588872265831,-0.30243951429736093,0.4008453716515564,-0.006825327197904943,0.5206325452133461,0.2883078591992843,0.3488756106701043,0.18150699344930188,-0.17999399084460702,0.32815803602570176,-0.13776547544012166
0.4467265480985327,0.5690121063265862,0.7020962466816449,0.40078905767786527,1.0,0.580759083144259,0.534937224627256,0.3806839895894482,0.6538533734651426,0.011189860398678949,0.21422097645312957,0.6322845541112583,-0.17184003040273302,0.5305568302373271,0.042048565605744624,-0.11417353071821863,0.16289082444284333,0.2957781452110163,0.6945821249277748,0.6073654817662197,0.43244387241769827,0.3197349852230919,-0.15756536438045754,0.3197349852230919,-0.050877788280104363,0.7507281665765727,0.14040533251126683,0.36005578652647735,0.27769010443389314,0.3907475419499021,-0.06552057419505004,0.07596448091162658,0.5941621792074537,-0.21095196488056994,0.4478418441864066,-0.09969324684513463,-0.20057918557922996,-0.059487025875419715,0.2338798768621391,0.5231577938733809,0.3615060229041721,0.2891920680049771,-0.22034765327591663,-0.3585189634710299,0.34779994291357086,-0.2450418578516497,0.7890210758052022,-0.012269687669435333,0.3635733582486932,-0.05900728689531336,0.414907410509486,-0.296404922448771,0.036269811598893,0.33648659816164045,-0.4628114659997225,0.3922947414725578,-0.10769401466831267,-0.33319215705613936,0.0904593861231973,0.3157711011826648,0.6726141406078486,0.5946985148782022,0.4240006146208763
0.6124263692885139,0.45583548853571837,0.3449365238233628,0.4306754524816756,0.580759083144259,1.0,0.827848103992337,0.11923775319363657,0.5940031426191658,-0.3170807370510308,-0.16558867242754413,0.6049378108626466,-0.04503083266298724,0.7061707354754829,0.45271674876048124,-0.25567406380183066,0.6401255455625992,-0.24590673293735602,0.061551704873366316,0.3287868368463541,-0.3248463389893229,-0.18255177127321784,-0.28708207511446504,-0.18255177127321784,0.20435799030981408,0.5088893016974195,0.7738347095715175,0.6260874741226214,0.3964594726774046,0.4693362257009343,-0.45676674721525956,-0.34696088491548477,0.5522012708661509,-0.14970178178919838,0.614284054498727,0.3912976580217767,-0.2989974569479102,0.5334495374083181,-0.35534216274690866,-0.11102860626897433,0.21316197235461126,-0.4595583803631376,0.16741704903431304,-0.4582049031994239,-0.22572491638263806,-0.1999290274677367,0.5114466517778268,0.6437168295094328,0.6294677190150577,-0.34321395843852065,0.3771492075965356,-0.6226663925690636,-0.3861090926252046,0.31588418883066927,-0.24968195086584097,0.5700401729446616,0.36727375407363055,-0.4237963276886398,0.49242480533721,-0.2635610806612724,0.019176610366250457,0.36881374731049416,-0.32827617765906836
0.30893924309063303,0.3155207555961411,0.13279005051302076,0.14464701068571398,0.534937224627256,0.827848103992337,1.0,-0.014102865743699136,0.548658298504456,-0.5424292127872397,-0.16937210183019924,0.6673967286658112,-0.2976716436973691,0.6871905494580635,0.21098216153752056,-0.47019009933550243,0.40821572862672995,-0.28374430267021733,0.22399502525259246,0.2074776551291938,-0.23763492680023865,-0.40671307810250823,-0.20300066573879616,-0.40671307810250823,-0.10405659034125563,0.5577254632596744,0.6902999362741581,0.7865418520059954,0.40482059098046597,0.4887271683450435,-0.6394915590177086,-0.2758436385640577,0.730199238240238,-0.30779015197265264,0.6478428847663918,0.19706371220549176,-0.5038391513610794,0.36381612084106285,-0.3797393463956137,0.12010249665577,0.13257424035974402,-0.32687205708950406,-0.07614279240792615,-0.318603792952096,-0.39573428420675094,-0.3945676299221468,0.5870055838318091,0.6446915634223586,0.9064916204851737,-0.4262348427621495,0.4106152728778187,-0.764227191123076,-0.32020975181437783,0.42178585495653814,-0.43393565894915814,0.6230996682611369,0.18572360421345926,-0.6187102446769416,0.3785432855900751,-0.3215844515334419,0.21970250150068935,0.20646938900709844,-0.21116837399754448
0.6561134455781952,0.2967984415563442,0.4042384742141901,0.5622955355721013,0.3806839895894482,0.11923775319363657,-0.014102865743699136,1.0,-0.10497935228518618,0.4772212770104858,-0.09821451237381706,0.08522959462263155,0.1999019349971601,0.31689033833393077,0.589141548194938,0.3768638007486907,0.5193328446436032,-0.04535376933328964,0.11792622605876929,0.736099242390286,-0.020606081571261554,0.33615785032323997,-0.49236070375411994,0.33615785032323997,0.4014678668887108,0.16577541597741158,-0.11820250109536715,-9.374367369578467e-05,0.4221056416556319,-0.37993955160120635,0.47288958723228774,-0.14603990278295956,-0.2368491747869886,-0.08186933267988948,0.24349029651919513,0.4899242366590106,0.3263180776664735,0.329725101094014,-0.082943597677418,-0.03123686488318016,0.5798243269302651,-0.14947540989640506,0.5189740826356575,-0.5308334488095002,0.2477572225418857,0.4317408844465987,0.20140071791750613,-0.24344354583424618,-0.11673246452047395,0.803935310224495,-0.45317665405065904,0.2946954850860574,-0.24487483965605775,-0.04134645342739266,0.03661057103928144,0.21788492088837833,0.5079767125975804,0.3295614239024135,0.5391206120083379,0.030964933006469308,0.08348901013163043,0.6653892521091948,-0.06305507508542207
0.3378662729344475,0.6611261034995809,0.7113399702049608,0.3362460862423806,0.6538533734651426,0.5940031426191658,0.548658298504456,-0.10497935228518618,1.0,0.021650973205913224,0.5776596409242112,0.38464167764647045,0.15964419339907068,0.14067229563747602,-0.15003590714648143,0.01975759101970301,-0.03775634114993306,0.4711994457658737,0.41721443484182236,0.04579894971582688,0.35795106886912076,0.11502438021579824,0.3473863209443766,0.11502438021579824,-0.05096838289720825,0.3440294181865343,0.18726649336120268,0.2715058680824986,-0.035512172082565144,0.8432835985567543,-0.0946510753064117,0.348670160545432,0.5332451108459463,0.2373583649160096,0.018258386633688874,-0.2604440755005182,-0.04108437718047182,-0.11408821034743992,0.3906009509180775,0.20667784577841747,-0.17691723818630956,0.21560400723164466,-0.2965188833309327,0.02538951783960107,0.21819355695964035,-0.287771125679885,0.2854718782090862,0.008324176964546848,0.2933502338578297,-0.545427002872741,0.8703910660897278,-0.3033325806778164,0.3735223756866771,0.027122662258759683,-0.07828816430967883,-0.016693741560147714,-0.2586340571584641,-0.19907931581821248,-0.1904055920340506,0.439881164629242,0.4002941886692092,-0.006728122006552367,0.3868053776047729
0.39956340951432695,0.41492035988598847,0.5288192460805012,0.542980539159318,0.011189860398678949,-0.3170807370510308,-0.5424292127872397,0.4772212770104858,0.021650973205913224,1.0,0.5187395513627295,-0.5322911877515984,0.6684583175900297,-0.5011648594736905,0.16121965843063082,0.8870178080798058,-0.06429821209483663,0.5175910609639632,-0.09603325398690796,0.10910198019844862,0.29503904145547966,0.6261043893797751,0.18209343771868,0.6261043893797751,0.3618320331423581,-0.33128740722784467,-0.4977313733104465,-0.5677010743555744,-0.1368132331633697,-0.11610375033150933,0.9191830182327734,0.38526510275781556,-0.49927042792717663,0.5366772233251138,-0.5767845186710472,0.07334461763427277,0.9066367908117979,-0.1408848482417149,0.5242636643050679,-0.2299274542563095,-0.12274505171059791,0.20595670465380317,0.328004748754177,0.07873024020348464,0.59771401942679,0.6139784393475218,-0.40232826710948844,-0.6905832251647345,-0.6971903241367338,0.45111291236743445,-0.11984237352524837,0.8200886030169537,0.44704457040916223,-0.6436742886127044,0.6089813530711955,-0.5676454918646149,0.10355821764824587,0.7636900736497251,-0.14807108824046483,0.5927091797220647,-0.14580792773927312,0.048238171146756534,0.2568407224390912
-0.02248931367166388,0.5232144959728876,0.5202872892503106,0.17507446262301948,0.21422097645312957,-0.16558867242754413,-0.16937210183019924,-0.09821451237381706,0.5776596409242112,0.5187395513627295,1.0,-0.3757796638707696,0.3412057829406039,-0.6295367085153929,-0.439795487709224,0.5707528528087585,-0.5003969416948301,0.8430040870233192,0.33801469290931246,-0.29317986787776573,0.6731701179497305,0.3155112650970318,0.6536567806395106,0.3155112650970318,-0.01343394356660159,-0.24828205801776304,-0.44644982447415255,-0.37409342311060634,-0.46660772960044444,0.5006202218702639,0.5361980650678578,0.8243873508986597,-0.05086809303106134,0.4465320504974405,-0.7054383454296647,-0.5482213747239412,0.5013233173741662,-0.5441333658269861,0.8467359090293126,0.20795226095456468,-0.5759000357985667,0.6004845662250341,-0.3224717207290946,0.505985431022802,0.3834579012583706,0.01714493109891817,-0.2857209264243033,-0.5745298423215861,-0.30264289372800124,-0.2600808985986668,0.5935158211493126,0.41151678308968875,0.933070640726195,-0.588694880384594,0.23535995684226077,-0.7283105323232526,-0.5305255706654067,0.44006534075050574,-0.6705473440361597,0.855090486651607,0.31291486202771696,-0.3984104647860624,0.6842274379045143
0.17601150488254785,0.1500282958667467,0.26610686578777193,0.0012427027797817717,0.6322845541112583,0.6049378108626466,0.6673967286658112,0.08522959462263155,0.38464167764647045,-0.5322911877515984,-0.3757796638707696,1.0,-0.37487261854996984,0.8494947392655885,0.03978630074987441,-0.7079968857468787,0.30407974572388846,-0.20827223460089783,0.477267323091755,0.5833877845840127,0.019792228102370125,-0.014801553965732933,-0.2899653133559855,-0.014801553965732933,-0.28264881557282595,0.8164563409439324,0.36186891696927526,0.584085622536371,0.5286517237983797,0.2572040550531287,-0.643491823464348,-0.3602030624419511,0.7904926976930953,-0.3614960154469633,0.8289223203901901,0.019282013623560513,-0.7392415599799023,0.1767371818731935,-0.30729440966640437,0.3980341089217233,0.6413958281679167,-0.06199339011089491,-0.26864882686682456,-0.4738404768637506,-0.011143686629028092,-0.5609584946368076,0.817076233940273,0.39927548375267696,0.5860621686457664,-0.22574247125343,0.2623608361011633,-0.7612590637995778,-0.46287789681411506,0.8028930987519876,-0.534924263879844,0.8074131338346343,-0.0006250118762726586,-0.805067016869834,0.3315609598024165,-0.24194308275018267,0.4663884124307132,0.6141858776502085,0.018118743716315847
0.5209785359572211,0.42283885197813903,0.43501943366165563,0.5966331836068637,-0.17184003040273302,-0.04503083266298724,-0.2976716436973691,0.1999019349971601,0.15964419339907068,0.6684583175900297,0.3412057829406039,-0.37487261854996984,1.0,-0.33785841435753017,0.41463813668181565,0.7001998296083721,0.16111127441649276,0.26254260019117726,-0.5099876015817305,-0.0928544221436251,-0.14362513658393516,0.27378718524469753,0.22322275609928702,0.27378718524469753,0.5055253411188443,-0.40278408888132755,-0.15220015919910423,-0.3752054557791056,-0.12438228700139496,0.12407216235796593,0.5984437095549028,0.26288410829464653,-0.37558907770920724,0.8654507725136448,-0.4558732930392241,0.34955027144322814,0.6567942493680401,0.1786403281882477,0.21658438178685602,-0.6838127108144466,-0.21630170736779153,-0.2360698908005687,0.4150662817891732,0.018832732199517477,0.2452779834104532,0.39674597793781835,-0.5608408582722983,-0.42511221901331736,-0.6028404945492114,0.08344316747171207,-0.013524485096632836,0.42793030824611217,0.2000552355961897,-0.5253725106939852,0.9240466354293814,-0.4263816498035645,0.3672268975116082,0.6134413651444969,0.06528829023283853,0.28117015260883765,-0.5427284796987469,-0.1709291562916679,-0.1352103315659469
0.41694240397103544,0.09524715124874515,0.1050716851023604,0.18561954569933406,0.5305568302373271,0.7061707354754829,0.6871905494580635,0.31689033833393077,0.14067229563747602,-0.5011648594736905,-0.6295367085153929,0.8494947392655885,-0.33785841435753017,1.0,0.45195137481741726,-0.5814374290369152,0.6498969317672193,-0.5287756976183866,0.18179748508889595,0.680375225683953,-0.342132557268056,-0.1427600140123066,-0.5630601872978351,-0.1427600140123066,0.06207472781169575,0.7462351461849852,0.5977091374648962,0.6665268396574188,0.5742814573349432,0.042196476406686716,-0.5809143034231512,-0.5782591988645734,0.5484576003917209,-0.4736943101744535,0.9752718971110189,0.44009966023803454,-0.6043051625826567,0.520983117488593,-0.6098950982667081,0.12215562697061556,0.7197096460947993,-0.4096170093732991,0.14458152127774038,-0.648354719305387,-0.20599840067198028,-0.24822877395909151,0.7448549368280134,0.5936629074444693,0.6199040605485329,0.04759315638045207,-0.0559448362601856,-0.6815443088739931,-0.7332121508855538,0.7664261252008197,-0.4656575714614519,0.952066028010145,0.42003848968360474,-0.6698188319551224,0.6852026593930175,-0.543248657471133,0.17616014064021696,0.7157364179770718,-0.3424670130222878
0.8120275874551455,0.2051995512357557,0.09606336781157504,0.6454170396437008,0.042048565605744624,0.45271674876048124,0.21098216153752056,0.589141548194938,-0.15003590714648143,0.16121965843063082,-0.439795487709224,0.03978630074987441,0.41463813668181565,0.45195137481741726,1.0,0.2622069899513607,0.8755840635537948,-0.4994053658578217,-0.5291281487092475,0.37947074366335076,-0.6989175594246572,-0.08994127028627487,-0.5781621538209235,-0.08994127028627487,0.6589359335340572,-0.0015814349579364563,0.47173313556254587,0.23850854988326628,0.4333511282743518,-0.25903095352177036,0.09468980517802641,-0.4681328565846528,-0.1965951837294461,0.09003750544179775,0.37831900362359744,0.9711454207133408,0.23091127485905794,0.8287078718598629,-0.5635300224608065,-0.656857030300481,0.3397538418356301,-0.7881813477569217,0.8235699356031116,-0.6010435106075528,-0.24050950794634499,0.4378454822303424,-0.022451847669371888,0.2737622716831482,0.03816420711030054,0.3889144294003236,-0.4798103522442402,-0.026489277228857272,-0.6190137080967982,-0.05262786130579673,0.3233889019857243,0.3553763046060521,0.9694960882508485,0.21234251858417602,0.8694065426682682,-0.4984012533135692,-0.5510614668425983,0.4066330517112562,-0.7071587387101926
0.41778262121739307,0.45163888667001106,0.3970464471595499,0.5874906596610455,-0.11417353071821863,-0.25567406380183066,-0.47019009933550243,0.3768638007486907,0.01975759101970301,0.8870178080798058,0.5707528528087585,-0.7079968857468787,0.7001998296083721,-0.5814374290369152,0.2622069899513607,1.0,-0.008402292470498222,0.46343309728874404,-0.24325646544484048,-0.11718330601954619,0.1516411270239469,0.3884609375435324,0.20905870072737315,0.3884609375435324,0.5812295395404341,-0.5502061695542578,-0.37384964449657887,-0.5444540993848482,-0.24218815622655132,-0.07221993211647237,0.8810552353916422,0.38854552801428716,-0.5923039061285069,0.5627785681715797,-0.6756465579289367,0.17230409294716134,0.9463403425950533,-0.05470364518175125,0.47846432232791347,-0.36636175417817646,-0.3509017880326887,0.08103511955611582,0.4372284761377389,0.1924413916236542,0.3692110471710566,0.6548973454552282,-0.5810912415354887,-0.5995996690951089,-0.6274413233313881,0.32851334787065506,-0.1141806409438182,0.7669941033743835,0.4716707733525031,-0.8298284248610982,0.6613562129458753,-0.6880226071415936,0.19843701390872942,0.8778017328572227,-0.14179092985486247,0.5221271810359356,-0.28766807778993647,-0.1630222352328022,0.12664099762340641
0.7334057358895998,0.22063388522977617,0.06501995218698883,0.5221301847488967,0.16289082444284333,0.6401255455625992,0.40821572862672995,0.5193328446436032,-0.03775634114993306,-0.06429821209483663,-0.5003969416948301,0.30407974572388846,0.16111127441649276,0.6498969317672193,0.8755840635537948,-0.008402292470498222,1.0,-0.5848576681562206,-0.3196493851203976,0.49167561564772644,-0.6673124355902531,-0.18523034914312,-0.5598169361076692,-0.18523034914312,0.5077361029860682,0.1832825698711276,0.5669531929278206,0.38683153943318305,0.506276383468884,-0.18169305065491978,-0.15928186694835364,-0.5479166606754418,0.025254827507185187,-0.13043899239934129,0.5923580245676858,0.8497362559063714,-0.04335952043066784,0.8932646905939639,-0.6765662017475341,-0.4704595114128432,0.4520592012294809,-0.7809877799253032,0.6766103324308406,-0.6361958054953338,-0.3765016369761299,0.24367807404023253,0.180217139867815,0.5131650958783001,0.27421562877837374,0.23669802518696115,-0.3404825097371171,-0.283779006853023,-0.6732415583383201,0.15106098672305726,0.05434998676595813,0.5538162862935752,0.8374183475407173,-0.05342166250431113,0.890585978654705,-0.5867837500420883,-0.369444621646603,0.5224971075829427,-0.6931371717992363
-0.06433380800496508,0.4580617518044759,0.5853090106166635,0.15396511302127766,0.2957781452110163,-0.24590673293735602,-0.28374430267021733,-0.04535376933328964,0.4711994457658737,0.5175910609639632,0.8430040870233192,-0.20827223460089783,0.26254260019117726,-0.5287756976183866,-0.4994053658578217,0.46343309728874404,-0.5848576681562206,1.0,0.4281435748940765,-0.11203572528226365,0.7862011719061768,0.5869929207464176,0.530495224889392,0.5869929207464176,-0.07983492831740636,-0.04405042662676324,-0.52471297608085,-0.3973826446895693,-0.3048709856442253,0.42377175514471,0.5323797248522619,0.6985203971665302,0.011628246449193766,0.3721661341198463,-0.590128887644431,-0.5759127298539295,0.4206945324201299,-0.6647900956939737,0.9721957653485873,0.35939520235934874,-0.3079114729944613,0.7454634148225413,-0.4024686435392962,0.42161098380896483,0.6741337443426004,-0.025310741411973977,-0.08959734313640075,-0.6458998943850962,-0.3901624661379213,-0.14838087650865864,0.5151697272839992,0.4167347912426247,0.8072979372743456,-0.3947182293203853,0.17456462488632296,-0.6185677919271417,-0.5704982749312267,0.3382856762970143,-0.7006127786552087,0.9368782874020788,0.41253979082405656,-0.16902352986584887,0.7762545111241624
-0.17140482785866135,0.22987739242262292,0.40429794967860605,-0.14234186614662075,0.6945821249277748,0.061551704873366316,0.22399502525259246,0.11792622605876929,0.41721443484182236,-0.09603325398690796,0.33801469290931246,0.477267323091755,-0.5099876015817305,0.18179748508889595,-0.5291281487092475,-0.24325646544484048,-0.3196493851203976,0.4281435748940765,1.0,0.38287580980007996,0.7816139628583473,0.31743222707518737,0.08568900057177935,0.31743222707518737,-0.42629404898983425,0.5368260087080498,-0.31757645131441653,0.1545907011418713,0.09914064667586049,0.24087855216313625,-0.06760583643998179,0.2708341598826069,0.5289632863284391,-0.35998368677271864,0.18662910641663077,-0.6108989815244195,-0.30533530633312816,-0.5008142966496787,0.4284254275972712,0.9411036310905012,0.24260950509027654,0.7168294129106828,-0.5852824869355107,0.027195944614266283,0.3670124866782957,-0.3994956588125719,0.6088478442112022,-0.22872641808951247,0.27414526795295785,-0.07177175997945652,0.3943206688117129,-0.16271431507742348,0.31979591439773186,0.2944315363752981,-0.6668335965979183,0.13382834380687073,-0.6137087285241092,-0.3369893099906069,-0.3498170153453874,0.4500574643965556,0.9813426125377798,0.34660242958109105,0.7642305275193082
0.5199937020581337,0.2451546783333592,0.43460919867160647,0.32512224506259196,0.6073654817662197,0.3287868368463541,0.2074776551291938,0.736099242390286,0.04579894971582688,0.10910198019844862,-0.29317986787776573,0.5833877845840127,-0.0928544221436251,0.680375225683953,0.37947074366335076,-0.11718330601954619,0.49167561564772644,-0.11203572528226365,0.38287580980007996,1.0,0.04906947307544011,0.46455492600346354,-0.4487694183832872,0.46455492600346354,0.18641244739374807,0.663163088060171,0.03632444289878387,0.26198400973926883,0.5795177812478657,-0.14686160116359895,0.07511893603582319,-0.26145538027468973,0.2550100136158511,-0.2863966741177019,0.6377299203872228,0.3148268736753179,-0.13346854119800067,0.28162864498509277,-0.17518295734837264,0.25892821521609305,0.8861990918742098,-0.07344559241453093,0.2633535664207766,-0.6179756274824112,0.2895576587657069,-0.008874570211768457,0.6113176426984571,-0.0020583573850570147,0.11636182066432009,0.5258789461135766,-0.2197642628888545,-0.09420547406230503,-0.3980231217356247,0.48113981702468617,-0.26452952258274304,0.6252323123506498,0.30717027989808693,-0.19653470466523476,0.5111365230792494,-0.0678325726690407,0.35306439459057765,0.9341880679219393,0.007123791488156943
-0.2968605993623132,0.2688502021482122,0.470478740306668,-0.1298297998390691,0.43244387241769827,-0.3248463389893229,-0.23763492680023865,-0.020606081571261554,0.35795106886912076,0.29503904145547966,0.6731701179497305,0.019792228102370125,-0.14362513658393516,-0.342132557268056,-0.6989175594246572,0.1516411270239469,-0.6673124355902531,0.7862011719061768,0.7816139628583473,0.04906947307544011,1.0,0.5119030669729184,0.40025347122389016,0.5119030669729184,-0.40009484709277593,0.13649990777323714,-0.6799247352224593,-0.30405159273465354,-0.287044869929439,0.2240407890857474,0.34056722915056,0.5688722286889559,0.14999171367039502,0.04097563171866184,-0.3632687901386145,-0.7976816419341554,0.09722804509757077,-0.8211984179438667,0.8276788894333814,0.7477003771748544,-0.11756483865221287,0.9665294118974731,-0.6586890185771217,0.3712126434190677,0.649047628582017,-0.23026943454300983,0.19126446304090336,-0.6569009589400527,-0.2184284449143474,-0.0700553875133185,0.42111670710450844,0.2679107942347523,0.6967853702705907,-0.0999280842865103,-0.25395511364800977,-0.3929820682712333,-0.7846119802103321,0.08703650567508012,-0.7269446017428888,0.8110442043582382,0.7637479182434741,-0.007257318527144958,0.9824312945885638
0.21378613574627306,0.2593814978391638,0.6132649729073517,0.2668369928738691,0.3197349852230919,-0.18255177127321784,-0.40671307810250823,0.33615785032323997,0.11502438021579824,0.6261043893797751,0.3155112650970318,-0.014801553965732933,0.27378718524469753,-0.1427600140123066,-0.08994127028627487,0.3884609375435324,-0.18523034914312,0.5869929207464176,0.31743222707518737,0.46455492600346354,0.5119030669729184,1.0,0.08166649125719398,1.0,0.09868767232443944,0.2556499316606551,-0.4460722633184139,-0.22596398893618058,0.201750832055814,0.106760832263888,0.6294210573326202,0.2867064408325878,0.011346201654778586,0.25461002804052585,-0.176472294252242,-0.14999150276127438,0.43165847533858914,-0.34225008308182536,0.5677202229102493,0.24198929963096308,0.30528997685626214,0.4401028408087669,0.0058537529258496255,-0.08384011607496723,0.8527537835330615,0.0853058007370196,0.12141609675828803,-0.5792516308505213,-0.4865454312445178,0.3098437007429781,0.04810432562125395,0.5289954005341595,0.28563829459386597,-0.09219918566609268,0.18170994324620585,-0.19119205485236193,-0.16500412270610318,0.32659693890190683,-0.20541465319829802,0.6248224353514407,0.26880140130135366,0.42272677314072366,0.4589696362236277
-0.35150035924779155,0.2737863150902567,0.12680240665652945,-0.15833545843602706,-0.15756536438045754,-0.28708207511446504,-0.20300066573879616,-0.49236070375411994,0.3473863209443766,0.18209343771868,0.6536567806395106,-0.2899653133559855,0.22322275609928702,-0.5630601872978351,-0.5781621538209235,0.20905870072737315,-0.5598169361076692,0.530495224889392,0.08568900057177935,-0.4487694183832872,0.40025347122389016,0.08166649125719398,1.0,0.08166649125719398,-0.142952944859359,-0.2401378440953688,-0.3604986850049459,-0.3735503731328224,-0.5467944479040481,0.505398818836845,0.1979806560886455,0.570933694896494,-0.034812355550882884,0.43704356802788435,-0.5743362768100886,-0.5847178026227641,0.20842690409484907,-0.5032716526727656,0.5713057116427263,0.09017768125591534,-0.49148009840850576,0.4249697660980857,-0.357147315720544,0.8077122430508343,0.1612231020205953,-0.06243221803824252,-0.33864992636342356,-0.30198064322155616,-0.25261647535244225,-0.4446144471027159,0.5520139241987927,0.2124881962939024,0.6798850008396324,-0.33137692285472137,0.306823012846745,-0.5824762689151549,-0.5781770294118403,0.11254987036968014,-0.6677227324462754,0.5808408318010982,0.09243852839811875,-0.539237289815329,0.4275539753829961
0.21378613574627306,0.2593814978391638,0.6132649729073517,0.2668369928738691,0.3197349852230919,-0.18255177127321784,-0.40671307810250823,0.33615785032323997,0.11502438021579824,0.6261043893797751,0.3155112650970318,-0.014801553965732933,0.27378718524469753,-0.1427600140123066,-0.08994127028627487,0.3884609375435324,-0.18523034914312,0.5869929207464176,0.31743222707518737,0.46455492600346354,0.5119030669729184,1.0,0.08166649125719398,1.0,0.09868767232443944,0.2556499316606551,-0.4460722633184139,-0.22596398893618058,0.201750832055814,0.106760832263888,0.6294210573326202,0.2867064408325878,0.011346201654778586,0.25461002804052585,-0.176472294252242,-0.14999150276127438,0.43165847533858914,-0.34225008308182536,0.5677202229102493,0.24198929963096308,0.30528997685626214,0.4401028408087669,0.0058537529258496255,-0.08384011607496723,0.8527537835330615,0.0853058007370196,0.12141609675828803,-0.5792516308505213,-0.4865454312445178,0.3098437007429781,0.04810432562125395,0.5289954005341595,0.28563829459386597,-0.09219918566609268,0.18170994324620585,-0.19119205485236193,-0.16500412270610318,0.32659693890190683,-0.20541465319829802,0.6248224353514407,0.26880140130135366,0.42272677314072366,0.4589696362236277
0.6375781368602178,0.35555575556082825,0.22884668583596351,0.6273182112997657,-0.050877788280104363,0.20435799030981408,-0.10405659034125563,0.4014678668887108,-0.05096838289720825,0.3618320331423581,-0.01343394356660159,-0.28264881557282595,0.5055253411188443,0.06207472781169575,0.6589359335340572,0.5812295395404341,0.5077361029860682,-0.07983492831740636,-0.42629404898983425,0.18641244739374807,-0.40009484709277593,0.09868767232443944,-0.142952944859359,0.09868767232443944,1.0,-0.22471215273984188,0.1687734549339267,-0.2036393413518005,0.03382617825847584,-0.08998735305852916,0.3884756442317745,-0.058112969338468046,-0.39096838474401885,0.23495124456918673,-0.042769461598496934,0.6048115513674348,0.4842915426615137,0.4333267819483291,-0.11861441630357077,-0.5323899456063451,0.061075686511682506,-0.4630099608970351,0.7589042005689003,-0.21181203958337047,0.023512318510505965,0.5909170374261232,-0.30092152995893195,-0.0459266427263457,-0.2874298574369484,0.33384103490810946,-0.24427726185239845,0.25105884606554907,-0.14763485136047927,-0.3210236681296981,0.46558835761700246,-0.059455982965777504,0.5938593557841467,0.47926990453882823,0.353941331431952,-0.052965805624631705,-0.463133236134909,0.20833896686037237,-0.4263205055427614
0.1924090238714564,0.13023929175147214,0.31560575210981046,0.047224585131991355,0.7507281665765727,0.5088893016974195,0.5577254632596744,0.16577541597741158,0.3440294181865343,-0.33128740722784467,-0.24828205801776304,0.8164563409439324,-0.40278408888132755,0.7462351461849852,-0.0015814349579364563,-0.5502061695542578,0.1832825698711276,-0.04405042662676324,0.5368260087080498,0.663163088060171,0.13649990777323714,0.2556499316606551,-0.2401378440953688,0.2556499316606551,-0.22471215273984188,1.0,0.3330996208023678,0.6041295781653742,0.4428097652604429,0.33995607185584076,-0.3720128325689285,-0.19270150156012,0.7247559446602833,-0.41400843290840844,0.7685752082938117,-0.016045576946406143,-0.5322846747134536,0.04898553719467297,-0.11736607078350107,0.4971287281179171,0.5863207756594265,0.07506157565411556,-0.22178981801758338,-0.45793021977461773,0.18186610955342683,-0.4219159903918344,0.905991952584737,0.31406900568771756,0.5138644460063325,-0.07167217258292191,0.2685556009363407,-0.4839506417867379,-0.29903826700033376,0.7352500910497677,-0.5351839479635423,0.7557778087614402,-0.0406717084781306,-0.6680948821561431,0.24923817452542343,-0.05905438431813937,0.5444802497609834,0.6727983617153169,0.13365702793908768
0.3537805518382458,0.03651619287942798,-0.16836767766629016,0.17190294446663107,0.14040533251126683,0.7738347095715175,0.6902999362741581,-0.11820250109536715,0.18726649336120268,-0.4977313733104465,-0.44644982447415255,0.36186891696927526,-0.15220015919910423,0.5977091374648962,0.47173313556254587,-0.37384964449657887,0.5669531929278206,-0.52471297608085,-0.31757645131441653,0.03632444289878387,-0.6799247352224593,-0.4460722633184139,-0.3604986850049459,-0.4460722633184139,0.1687734549339267,0.3330996208023678,1.0,0.6064415609743472,0.3053964746972801,0.29551993827186057,-0.6045464001513006,-0.48455051407620636,0.36448303983386604,-0.24528798685555597,0.5950775321299395,0.5146094518559416,-0.32798539217929573,0.6686533462257175,-0.5901622369212381,-0.31917570064927997,0.08632389867514234,-0.6830707549884824,0.27578341370554854,-0.3682545770923428,-0.5253135498105088,-0.10139364301635548,0.2964460425501203,0.8732089874308436,0.61152005315012,-0.3186903925054931,0.1308909255822513,-0.5950632268923368,-0.5489646686679164,0.30715323773742215,-0.17611473609309242,0.5816184841393168,0.49161621717671783,-0.46346475023194517,0.5698115939749964,-0.5777135677526251,-0.2972887556482384,0.11341103199082232,-0.6433373110108819
0.1897724628497098,-0.07524560657451734,-0.027375911917273645,0.041271785357932425,0.36005578652647735,0.6260874741226214,0.7865418520059954,-9.374367369578467e-05,0.2715058680824986,-0.5677010743555744,-0.37409342311060634,0.584085622536371,-0.3752054557791056,0.6665268396574188,0.23850854988326628,-0.5444540993848482,0.38683153943318305,-0.3973826446895693,0.1545907011418713,0.26198400973926883,-0.30405159273465354,-0.22596398893618058,-0.3735503731328224,-0.22596398893618058,-0.2036393413518005,0.6041295781653742,0.6064415609743472,1.0,0.5216815310161799,0.339058732268259,-0.5574730376664937,-0.3519752842013159,0.615819718502834,-0.39774583445128225,0.7002239086908358,0.2911261105277663,-0.5208397912395869,0.3794923906332969,-0.4740304303585758,0.12489040400264248,0.25938998201496055,-0.3427409967248398,-0.037286003789245105,-0.45110751155254825,-0.3395602540862723,-0.3866015496403633,0.5439449322469827,0.6348416353193815,0.7972893058076272,-0.24421195699550988,0.15772655005342698,-0.6496198549984962,-0.466742819073188,0.5179917126688447,-0.45580424309707884,0.6749895171200346,0.2656703576412012,-0.5790116804241512,0.46364703529493684,-0.47447144619870957,0.1834918313571206,0.23485320048380362,-0.2697084109170165
0.39352316697263834,0.07320391442308789,0.18699106665762677,0.20928394599380928,0.27769010443389314,0.3964594726774046,0.40482059098046597,0.4221056416556319,-0.035512172082565144,-0.1368132331633697,-0.46660772960044444,0.5286517237983797,-0.12438228700139496,0.5742814573349432,0.4333511282743518,-0.24218815622655132,0.506276383468884,-0.3048709856442253,0.09914064667586049,0.5795177812478657,-0.287044869929439,0.201750832055814,-0.5467944479040481,0.201750832055814,0.03382617825847584,0.4428097652604429,0.3053964746972801,0.5216815310161799,1.0,-0.10665779647853472,-0.20813842005487865,-0.5053487057223691,0.45352337734388576,-0.2991394567430369,0.5869122674027567,0.4503930666848505,-0.2252156163877147,0.41721347279595666,-0.42155740715889595,0.012264846728120936,0.6590608746353904,-0.38925295876739424,0.28121229964442207,-0.6357591046655442,0.04001278570973208,-0.14681696278853493,0.4713865603548689,0.2507963031705495,0.36973772320945464,0.20378762168877798,-0.24619240713145288,-0.3131509396651243,-0.5997207594835172,0.24837543004770993,-0.2227184818997013,0.5414337753617773,0.4183520371142522,-0.23629449051660764,0.5889432152903284,-0.2916834229531308,0.051788180032320136,0.6478282444822283,-0.3440970543915948
0.09811993928919946,0.4349588458292941,0.4292647797916452,0.1055029039403613,0.3907475419499021,0.4693362257009343,0.4887271683450435,-0.37993955160120635,0.8432835985567543,-0.11610375033150933,0.5006202218702639,0.2572040550531287,0.12407216235796593,0.042196476406686716,-0.25903095352177036,-0.07221993211647237,-0.18169305065491978,0.42377175514471,0.24087855216313625,-0.14686160116359895,0.2240407890857474,0.106760832263888,0.505398818836845,0.106760832263888,-0.08998735305852916,0.33995607185584076,0.29551993827186057,0.339058732268259,-0.10665779647853472,1.0,-0.14382401054888416,0.40239282345337596,0.5517887463814659,0.286087484638888,-0.015723101593820163,-0.2885691734923294,-0.06806786216279732,-0.18437992632050904,0.3637705901953042,0.14222334773847206,-0.2976764683949552,0.1595623906422229,-0.33001123230362805,0.23028824783739762,0.11566768516673427,-0.34148949476362034,0.16680341501377063,0.14404843482680604,0.31148307918912455,-0.667333246583485,0.874869368118039,-0.2810409186940711,0.38268437766867264,0.06615888543561148,0.01711928072977823,-0.03630763008318575,-0.3055084543460607,-0.24164614036634377,-0.2805697219928248,0.3835182491032222,0.2471909964232627,-0.21701181719625118,0.2727866823515608
0.26616164858664054,0.279049689290367,0.4069207811997882,0.40683711884807067,-0.06552057419505004,-0.45676674721525956,-0.6394915590177086,0.47288958723228774,-0.0946510753064117,0.9191830182327734,0.5361980650678578,-0.643491823464348,0.5984437095549028,-0.5809143034231512,0.09468980517802641,0.8810552353916422,-0.15928186694835364,0.5323797248522619,-0.06760583643998179,0.07511893603582319,0.34056722915056,0.6294210573326202,0.1979806560886455,0.6294210573326202,0.3884756442317745,-0.3720128325689285,-0.6045464001513006,-0.5574730376664937,-0.20813842005487865,-0.14382401054888416,1.0,0.46723982913407563,-0.5951307509121466,0.4657995708621378,-0.6374381249860404,0.008997553669601928,0.8630268078198374,-0.24347356117074884,0.5602606346208552,-0.15393639245724514,-0.15248704631771956,0.28448234400805283,0.31751515206402936,0.1620767595144785,0.5768809933479273,0.5775421104455113,-0.44957254471583336,-0.7616243223415946,-0.7243307628822319,0.5331431579533977,-0.17989774529888874,0.8909588987909223,0.5070902595212645,-0.6523083654135541,0.5666179526391197,-0.6289719009118797,0.032697475165536685,0.8692547043593631,-0.2185682828549822,0.6074063678676469,-0.10509946576075029,-0.024369050295486003,0.3055258482612712
-0.2205390269594747,0.206276580896387,0.2817773891506652,-0.033562688058564105,0.07596448091162658,-0.34696088491548477,-0.2758436385640577,-0.14603990278295956,0.348670160545432,0.38526510275781556,0.8243873508986597,-0.3602030624419511,0.26288410829464653,-0.5782591988645734,-0.4681328565846528,0.38854552801428716,-0.5479166606754418,0.6985203971665302,0.2708341598826069,-0.26145538027468973,0.5688722286889559,0.2867064408325878,0.570933694896494,0.2867064408325878,-0.058112969338468046,-0.19270150156012,-0.48455051407620636,-0.3519752842013159,-0.5053487057223691,0.40239282345337596,0.46723982913407563,1.0,-0.02776156981998858,0.3976838875118729,-0.6008843928904286,-0.5242440061327657,0.38239852816383174,-0.5697322856506111,0.721665314962715,0.20814221559334767,-0.4898851838359283,0.5594090857661838,-0.3735101884675697,0.4740656418899523,0.24566362331848826,-0.0150503266649906,-0.317730120431196,-0.5661102913011677,-0.34922674405520415,-0.1609521213290806,0.38140364233080964,0.39981900545266574,0.8568912185596822,-0.3398442289895499,0.19540410890830395,-0.6125344936784285,-0.5257392730623769,0.34030952612146526,-0.6461228020366746,0.6860950010115563,0.27765118553100493,-0.40575336003620827,0.6189793805088633
